      0.00000000
      0.00000000
      0.00000000
      0.00000000
      0.00000000
      0.00000000
      0.00000000
      0.00000000
      0.00000000
      0.00000000
      0.00000000
      0.00000000
      0.00000000
      0.00000000
      0.00000000
      0.00000000
      0.00000000
      0.00000000
      0.00000000
      0.00000000
      0.00000000
      0.00000000
      0.00000000
      0.00000000
      0.00000000
      0.00000000
      0.00000000
      0.00000000
      0.00000000
      0.00000000
      0.00000000
      0.00000000
      0.00000000
      0.00000000
      0.00000000
      0.00000000
      0.00000000
      0.00000000
      0.00000000
      0.00000000
      0.00000000
      0.00000000
      0.00000000
      0.00000000
      0.00000000
      0.00000000
      0.00000000
      0.00000000
      0.00000000
      0.00000000
      0.00000000
      0.00000000
      0.00000000
      0.00000000
      0.00000000
      0.00000000
      0.00000000
      0.00000000
      0.00000000
      0.00000000
      0.00000000
      0.00000000
      0.00000000
      0.00000000
      0.00000000
      0.00000000
      0.00000000
      0.00000000
      0.00000000
      0.00000000
      0.00000000
      0.00000000
      0.00000000
      0.00000000
      0.00000000
      0.00000000
      0.00000000
      0.00000000
      0.00000000
      0.00000000
      0.00000000
      0.00000000
      0.00000000
      0.00000000
      0.00000000
      0.00000000
      0.00000000
      0.00000000
      0.00000000
      0.00000000
      0.00000000
      0.00000000
      0.00000000
      0.00000000
      0.00000000
      0.00000000
      0.00000000
      0.00000000
      0.00000000
      0.00000000
      0.00000000
      0.00000000
      0.00000000
      0.00000000
      0.00000000
      0.00000000
      0.00000000
      0.00000000
      0.00000000
      0.00000000
      0.00000000
      0.00000000
      0.00000000
      0.00000000
      0.00000000
      0.00000000
      0.00000000
      0.00000000
      0.00000000
      0.00000000
      0.00000000
      0.00000000
      0.00000000
      0.00000000
      0.00000000
      0.00000000
      0.00000000
      0.00000000
      0.00000000
      0.00000000
      0.00000000
      0.00000000
      0.00000000
      0.00000000
      0.00000000
      0.00000000
      0.00000000
      0.00000000
      0.00000000
      0.00000000
      0.00000000
      0.00000000
      0.00000000
      0.00000000
      0.00000000
      0.00000000
      0.00000001
      0.00000002
      0.00000003
      0.00000002
      0.00000030
      0.00000308
      0.00001520
      0.00004683
      0.00010100
      0.00016516
      0.00021969
      0.00025261
      0.00026464
      0.00026549
      0.00026761
      0.00028053
      0.00030750
      0.00034555
      0.00038851
      0.00043057
      0.00046844
      0.00050165
      0.00053169
      0.00056073
      0.00059056
      0.00062211
      0.00065537
      0.00068977
      0.00072458
      0.00075920
      0.00079331
      0.00082691
      0.00086013
      0.00089320
      0.00092632
      0.00095963
      0.00099325
      0.00102719
      0.00106139
      0.00109564
      0.00112962
      0.00116288
      0.00119509
      0.00122617
      0.00125658
      0.00128735
      0.00131990
      0.00135549
      0.00139447
      0.00143546
      0.00147510
      0.00150858
      0.00153128
      0.00154131
      0.00154227
      0.00154483
      0.00156538
      0.00162030
      0.00171724
      0.00184688
      0.00197978
      0.00206972
      0.00206327
      0.00191752
      0.00163242
      0.00129790
      0.00111594
      0.00131513
      0.00197633
      0.00297699
      0.00411671
      0.00522869
      0.00619212
      0.00691523
      0.00732483
      0.00737185
      0.00720132
      0.00735027
      0.00788761
      0.00832903
      0.00857615
      0.00871857
      0.00879219
      0.00876461
      0.00860210
      0.00846186
      0.00862864
      0.00896292
      0.00920979
      0.00934369
      0.00939379
      0.00935029
      0.00918535
      0.00898353
      0.00901390
      0.00929586
      0.00956377
      0.00971491
      0.00976451
      0.00971625
      0.00955017
      0.00931416
      0.00924386
      0.00945946
      0.00972824
      0.00989059
      0.00994225
      0.00989381
      0.00973059
      0.00947437
      0.00932102
      0.00946171
      0.00971906
      0.00988818
      0.00994172
      0.00989495
      0.00973845
      0.00947295
      0.00924775
      0.00930307
      0.00953764
      0.00970948
      0.00976295
      0.00971789
      0.00957226
      0.00930940
      0.00902187
      0.00897505
      0.00917208
      0.00934251
      0.00939140
      0.00934523
      0.00921593
      0.00897534
      0.00864119
      0.00845834
      0.00858841
      0.00875605
      0.00878996
      0.00871996
      0.00858094
      0.00834084
      0.00790960
      0.00736536
      0.00718844
      0.00735861
      0.00733072
      0.00693977
      0.00623180
      0.00527954
      0.00417361
      0.00303287
      0.00202118
      0.00133860
      0.00111540
      0.00128202
      0.00161373
      0.00190413
      0.00205752
      0.00207039
      0.00198431
      0.00185258
      0.00172202
      0.00162306
      0.00156601
      0.00154399
      0.00154084
      0.00154004
      0.00153057
      0.00150849
      0.00147546
      0.00143602
      0.00139500
      0.00135587
      0.00132008
      0.00128739
      0.00125655
      0.00122613
      0.00119508
      0.00116293
      0.00112970
      0.00109574
      0.00106148
      0.00102727
      0.00099331
      0.00095968
      0.00092635
      0.00089323
      0.00086016
      0.00082694
      0.00079335
      0.00075923
      0.00072461
      0.00068980
      0.00065539
      0.00062212
      0.00059058
      0.00056074
      0.00053171
      0.00050166
      0.00046845
      0.00043058
      0.00038852
      0.00034555
      0.00030750
      0.00028053
      0.00026761
      0.00026549
      0.00026465
      0.00025261
      0.00021969
      0.00016516
      0.00010100
      0.00004683
      0.00001520
      0.00000308
      0.00000030
      0.00000002
      0.00000003
      0.00000002
      0.00000001
      0.00000000
      0.00000000
      0.00000000
      0.00000000
      0.00000000
      0.00000000
      0.00000000
      0.00000000
      0.00000000
      0.00000000
      0.00000000
      0.00000000
      0.00000000
      0.00000000
      0.00000000
      0.00000000
      0.00000000
      0.00000000
      0.00000000
      0.00000000
      0.00000000
      0.00000000
      0.00000000
      0.00000000
      0.00000000
      0.00000000
      0.00000000
      0.00000000
      0.00000000
      0.00000000
      0.00000000
      0.00000000
      0.00000000
      0.00000000
      0.00000000
      0.00000000
      0.00000000
      0.00000000
      0.00000000
      0.00000000
      0.00000000
      0.00000000
      0.00000000
      0.00000000
      0.00000000
      0.00000000
      0.00000000
      0.00000000
      0.00000000
      0.00000000
      0.00000000
      0.00000000
      0.00000000
      0.00000000
      0.00000000
      0.00000000
      0.00000000
      0.00000000
      0.00000000
      0.00000000
      0.00000000
      0.00000000
      0.00000000
      0.00000000
      0.00000000
      0.00000000
      0.00000000
      0.00000000
      0.00000000
      0.00000000
      0.00000000
      0.00000000
      0.00000000
      0.00000000
      0.00000000
      0.00000000
      0.00000000
      0.00000000
      0.00000000
      0.00000000
      0.00000000
      0.00000000
      0.00000000
      0.00000000
      0.00000000
      0.00000000
      0.00000000
      0.00000000
      0.00000000
      0.00000000
      0.00000000
      0.00000000
      0.00000000
      0.00000000
      0.00000000
      0.00000000
      0.00000000
      0.00000000
      0.00000000
      0.00000000
      0.00000000
      0.00000000
      0.00000000
      0.00000000
      0.00000000
      0.00000000
      0.00000000
      0.00000000
      0.00000000
      0.00000000
      0.00000000
      0.00000000
      0.00000000
      0.00000000
      0.00000000
      0.00000000
      0.00000000
      0.00000000
      0.00000000
      0.00000000
      0.00000000
      0.00000000
      0.00000000
      0.00000000
      0.00000000
      0.00000000
      0.00000000
      0.00000000
      0.00000000
      0.00000000
      0.00000000
      0.00000000
      0.00000000
      0.00000000
      0.00000000
      0.00000000
      0.00000000
      0.00000000
      0.00000000
      0.00000000
      0.00000000
      0.00000000
      0.00000000
      0.00000000
      0.00000000
      0.00000000
