      0.00000000
     -2.73039159
     -3.12101659
      2.77154371
      2.38091871
      1.99029370
      1.59966869
      1.20904369
      0.81841868
      0.42779367
      0.03716867
     -0.35345634
     -0.74408135
     -1.13470635
     -1.52533136
     -1.91595637
     -2.30658137
     -2.69720638
     -3.08783139
      2.80472891
      2.41410391
      2.02347890
      1.63285389
      1.24222889
      0.85160388
      0.46097887
      0.07035387
     -0.32027114
     -0.71089615
     -1.10152115
     -1.49214616
     -1.88277117
     -2.27339617
     -2.66402118
     -3.05464619
      2.83791411
      2.44728911
      2.05666410
      1.66603909
      1.27541409
      0.88478908
      0.49416407
      0.10353906
     -0.28708594
     -0.67771095
     -1.06833596
     -1.45896096
     -1.84958597
     -2.24021098
     -2.63083599
     -3.02146099
      2.87109931
      2.48047430
      2.08984929
      1.69922429
      1.30859928
      0.91797427
      0.52734926
      0.13672426
     -0.25390075
     -0.64452576
     -1.03515077
     -1.42577577
     -1.81640078
     -2.20702579
     -2.59765080
     -2.98827580
      2.90428449
      2.51365949
      2.12303448
      1.73240947
      1.34178446
      0.95115946
      0.56053445
      0.16990944
     -0.22071556
     -0.61134057
     -1.00196558
     -1.39259058
     -1.78321559
     -2.17384059
     -2.56446560
     -2.95509060
      2.93746970
      2.54684470
      2.15621970
      1.76559470
      1.37496970
      0.98434470
      0.59371970
      0.20309471
     -0.18753029
     -0.57815528
     -0.96878028
     -1.35940527
     -1.75003027
     -2.14065527
     -2.53128028
     -2.92190530
      2.97065499
      2.58002994
      2.18940489
      1.79877981
      1.40815470
      1.01752957
      0.62690440
      0.23627920
     -0.15434602
     -0.54497128
     -0.93559656
     -1.32622186
     -1.71684716
     -2.10747246
     -2.49809774
     -2.88872298
      3.00383714
      2.61321204
      2.22258704
      1.83196216
      1.44133742
      1.05071286
      0.66008848
      0.26946431
     -0.12115963
     -0.51178334
     -0.90240679
     -1.29302997
     -1.68365288
     -2.07427551
     -2.46489785
     -2.85551989
      3.03704368
      2.64642224
      2.25580113
      1.86518033
      1.47455986
      1.08393974
      0.69331996
      0.30270055
     -0.08791848
     -0.47853712
     -0.86915534
     -1.25977311
     -1.65039043
     -2.04100727
     -2.43162361
     -2.82223945
      3.07033037
      2.67971500
      2.28909945
      1.89848147
      1.50783707
      1.11703887
      0.72570708
      0.33329659
     -0.06004340
     -0.45235814
     -0.84038540
     -1.22210743
     -1.59919691
     -1.97723864
     -2.36337757
     -2.76200438
      3.11295076
      2.70575086
      2.31141405
      1.93456597
      1.56993336
      1.20526726
      0.82634787
      0.42377333
      0.00148468
     -0.42101127
     -0.82199798
     -1.19401734
     -1.54590074
     -1.89565378
     -2.26376324
     -2.66565859
     -3.09907194
      2.74650574
      2.33773737
      1.96912510
      1.62888845
      1.29440564
      0.94010511
      0.54406829
      0.10337466
     -0.34986309
     -0.76967274
     -1.13835697
     -1.46949383
     -1.78936560
     -2.12739670
     -2.51161267
     -2.95353921
      2.86125817
      2.42600237
      2.05229692
      1.72677840
      1.42036345
      1.10110115
      0.73647462
      0.30452226
     -0.17298402
     -0.62610601
     -1.00915699
     -1.33068247
     -1.62045621
     -1.90970384
     -2.22973032
     -2.61046573
     -3.05910366
      2.75855729
      2.34986943
      2.01827113
      1.74149542
      1.49061046
      1.24022344
      0.96750871
      0.65178965
      0.27896938
     -0.14760438
     -0.59572847
     -1.01540002
     -1.37955774
     -1.69538488
     -1.98889348
     -2.29112545
     -2.62962598
     -3.02029505
      2.82733546
      2.38333395
      1.97307019
      1.61127944
      1.28496871
      0.96779155
      0.63132000
      0.25377761
     -0.16893087
     -0.61308545
     -1.03803985
     -1.41954955
     -1.76173651
     -2.08636249
     -2.42079915
     -2.78901042
      3.08195700
      2.64082492
      2.20816920
      1.81402653
      1.46126761
      1.13209624
      0.80028349
      0.44052827
      0.03817022
     -0.39870979
     -0.83658689
     -1.24109130
     -1.60275895
     -1.93540562
     -2.26405665
     -2.61510041
     -3.00702583
      2.84490751
      2.40321595
      1.98895307
      1.61862851
      1.28302261
      0.95857994
      0.61788907
      0.23864993
     -0.18447129
     -0.62864786
     -1.05324114
     -1.43313546
     -1.77120746
     -2.08864552
     -2.41376354
     -2.77325326
      3.10204662
      2.65885841
      2.22177854
      1.82843329
      1.48759065
      1.18422491
      0.89115949
      0.57733998
      0.21619669
     -0.20087592
     -0.64872894
     -1.07750614
     -1.45344839
     -1.77192054
     -2.04643181
     -2.29748325
     -2.54781065
     -2.82262662
      3.13243998
      2.72776352
      2.26363781
      1.81237417
      1.42794476
      1.10543343
      0.81530983
      0.52622834
      0.20700493
     -0.17243418
     -0.62256974
     -1.10061858
     -1.53589277
     -1.90361692
     -2.22445971
     -2.53082262
     -2.85471341
      3.05769699
      2.62530543
      2.15726338
      1.71289466
      1.32579708
      0.98601692
      0.66586736
      0.33588587
     -0.03047268
     -0.44780819
     -0.90029266
     -1.34259374
     -1.74103460
     -2.09702397
     -2.43196805
     -2.77142080
     -3.13825810
      2.73813163
      2.30135155
      1.86698744
      1.46328456
      1.09372749
      0.74345584
      0.39205685
      0.02129373
     -0.37827312
     -0.80007503
     -1.22284856
     -1.62660575
     -2.00659320
     -2.37172719
     -2.73613049
     -3.11223472
      2.77746194
      2.37072529
      1.96234212
      1.56315183
      1.17644189
      0.79810592
      0.42106573
      0.03963266
     -0.34804869
     -0.74011114
     -1.13333389
     -1.52571445
     -1.91704551
     -2.30784564
     -2.69849037
     -3.08910810
      2.80346188
      2.41284665
      2.02223128
      1.63161553
      1.24099930
      0.85038257
      0.45976536
      0.06914769
     -0.32147042
     -0.71208894
     -1.10270786
     -1.49332716
     -1.88394682
     -2.27456684
     -2.66518719
     -3.05580787
      2.83675643
      2.44613511
      2.05551348
      1.66489155
      1.27426932
      0.88364680
      0.49302399
      0.10240090
     -0.28822245
     -0.67884607
     -1.06946993
     -1.46009402
     -1.85071833
     -2.24134283
     -2.63196750
     -3.02259233
      2.86996802
      2.47934296
      2.08871781
      1.69809260
      1.30746735
      0.91684207
      0.52621679
      0.13559151
     -0.25503376
     -0.64565901
     -1.03628423
     -1.42690941
     -1.81753457
     -2.20815969
     -2.59878479
     -2.98940986
      2.90315040
      2.51252537
      2.12190036
      1.73127536
      1.34065036
      0.95002538
      0.55940039
      0.16877541
     -0.22184957
     -0.61247455
     -1.00309953
     -1.39372451
     -1.78434949
     -2.17497447
     -2.56559946
     -2.95622444
      2.93633588
      2.54571089
      2.15508590
      1.76446091
      1.37383593
      0.98321094
      0.59258595
      0.20196096
     -0.18866404
     -0.57928903
     -0.96991402
     -1.36053901
     -1.75116400
     -2.14178899
     -2.53241399
     -2.92303898
      2.96952134
      2.57889634
      2.18827135
      1.79764636
      1.40702136
      1.01639637
      0.62577138
      0.23514639
     -0.15547861
     -0.54610360
     -0.93672859
     -1.32735359
     -1.71797858
     -2.10860357
     -2.49922856
     -2.88985356
      3.00270676
      2.61208176
      2.22145677
      1.83083178
      1.44020679
      1.04958179
      0.65895680
      0.26833181
     -0.12229319
     -0.51291818
     -0.90354317
     -1.29416817
     -1.68479316
     -2.07541815
     -2.46604314
     -2.85666814
      3.03589218
      2.64526718
      2.25464219
      1.86401720
      1.47339220
      1.08276721
      0.69214222
      0.30151722
     -0.08910777
     -0.47973276
     -0.87035775
     -1.26098275
     -1.65160774
     -2.04223273
     -2.43285773
     -2.82348272
      3.06907759
      2.67845260
      2.28782761
      1.89720261
      1.50657762
      1.11595263
      0.72532763
      0.33470264
     -0.05592235
     -0.44654735
     -0.83717234
     -1.22779733
     -1.61842233
     -2.00904732
     -2.39967232
     -2.79029731
      3.10226300
      2.71163801
      2.32101302
      1.93038802
      0.00000000
