      0.00000000
     -1.23073508
     -0.84011008
     -0.44948508
     -0.05886007
      0.33176494
      0.72238994
      1.11301495
      1.50363996
      1.89426496
      2.28488997
      2.67551498
      3.06613998
     -2.82642032
     -2.43579531
     -2.04517030
     -1.65454530
     -1.26392029
     -0.87329529
     -0.48267028
     -0.09204527
      0.29857974
      0.68920474
      1.07982975
      1.47045476
      1.86107976
      2.25170477
      2.64232978
      3.03295478
     -2.85960552
     -2.46898051
     -2.07835550
     -1.68773050
     -1.29710549
     -0.90648048
     -0.51585548
     -0.12523047
      0.26539454
      0.65601954
      1.04664455
      1.43726956
      1.82789457
      2.21851957
      2.60914458
      2.99976959
     -2.89279071
     -2.50216571
     -2.11154070
     -1.72091569
     -1.33029069
     -0.93966568
     -0.54904067
     -0.15841566
      0.23220934
      0.62283435
      1.01345936
      1.40408437
      1.79470937
      2.18533438
      2.57595939
      2.96658440
     -2.92597590
     -2.53535090
     -2.14472589
     -1.75410088
     -1.36347587
     -0.97285087
     -0.58222586
     -0.19160085
      0.19902416
      0.58964916
      0.98027417
      1.37089918
      1.76152419
      2.15214919
      2.54277420
      2.93339921
     -2.95916110
     -2.56853609
     -2.17791108
     -1.78728608
     -1.39666107
     -1.00603607
     -0.61541107
     -0.22478607
      0.16583894
      0.55646394
      0.94708894
      1.33771394
      1.72833893
      2.11896393
      2.50958892
      2.90021392
     -2.99234639
     -2.60172140
     -2.21109640
     -1.82047140
     -1.42984639
     -1.03922137
     -0.64859635
     -0.25797131
      0.13265375
      0.52327883
      0.91390394
      1.30452907
      1.69515424
      2.08577943
      2.47640466
      2.86702992
     -3.02553011
     -2.63490481
     -2.24427951
     -1.85365421
     -1.46302893
     -1.07240369
     -0.68177851
     -0.29115340
      0.09947160
      0.49009648
      0.88072121
      1.27134578
      1.66197016
      2.05259433
      2.44321827
      2.83384197
     -3.05871988
     -2.66809670
     -2.27747379
     -1.88685116
     -1.49622882
     -1.10560678
     -0.71498504
     -0.32436361
      0.06625751
      0.45687831
      0.84749877
      1.23811890
      1.62873868
      2.01935809
      2.40997712
      2.80059575
     -3.09197134
     -2.70135356
     -2.31073624
     -1.92011940
     -1.52950307
     -1.13888722
     -0.74827174
     -0.35765637
      0.03295918
      0.42357717
      0.81422157
      1.20501976
      1.59635155
      1.98876205
      2.38210204
      2.77441678
     -3.12074127
     -2.73901924
     -2.36192976
     -1.98388804
     -1.59774910
     -1.19912229
     -0.79089212
     -0.38369223
      0.01064459
      0.38749267
      0.75212528
      1.11679138
      1.49571077
      1.89828531
      2.32057396
      2.74306990
     -3.13912869
     -2.76710933
     -2.41522593
     -2.06547289
     -1.69736343
     -1.29546808
     -0.86205473
     -0.42444710
     -0.01567874
      0.35293354
      0.69317019
      1.02765299
      1.38195352
      1.77799034
      2.21868397
      2.67192173
      3.09173138
     -2.82276970
     -2.49163284
     -2.17176107
     -1.83372997
     -1.44951401
     -1.00758746
     -0.53919953
     -0.10394373
      0.26976172
      0.59528024
      0.90169518
      1.22095748
      1.58558401
      2.01753638
      2.49504265
      2.94816464
     -2.95196968
     -2.63044420
     -2.34067046
     -2.05142283
     -1.73139635
     -1.35066094
     -0.90202301
     -0.43649866
     -0.02781079
      0.30378751
      0.58056321
      0.83144818
      1.08183520
      1.35454992
      1.67026898
      2.04308926
      2.46966302
      2.91778710
     -2.94572665
     -2.58156893
     -2.26574179
     -1.97223319
     -1.67000122
     -1.33150069
     -0.94083162
     -0.50527682
     -0.06127532
      0.34898845
      0.71077920
      1.03708993
      1.35426709
      1.69073863
      2.06828103
      2.49098951
      2.93514409
     -2.92308683
     -2.54157712
     -2.19939016
     -1.87476418
     -1.54032752
     -1.17211625
     -0.75989836
     -0.31876629
      0.11388944
      0.50803211
      0.86079103
      1.18996240
      1.52177515
      1.88153037
      2.28388842
      2.72076843
     -3.12453978
     -2.72003537
     -2.35836772
     -2.02572105
     -1.69707002
     -1.34602627
     -0.95410084
     -0.52284887
     -0.08115732
      0.33310557
      0.70343013
      1.03903602
      1.36347869
      1.70416956
      2.08340870
      2.50652993
      2.95070649
     -2.90788553
     -2.52799121
     -2.18991921
     -1.87248115
     -1.54736313
     -1.18787341
     -0.77998799
     -0.33679978
      0.10028010
      0.49362535
      0.83446799
      1.13783373
      1.43089915
      1.74471866
      2.10586194
      2.52293456
      2.97078757
     -2.88362053
     -2.50767828
     -2.18920613
     -1.91469486
     -1.66364342
     -1.41331602
     -1.13850005
     -0.81038134
     -0.40570489
      0.05842083
      0.50968447
      0.89411387
      1.21662520
      1.50674881
      1.79583030
      2.11505371
      2.49449281
      2.94462837
     -2.86050809
     -2.42523390
     -2.05750976
     -1.73666696
     -1.43030405
     -1.10641327
     -0.73563835
     -0.30324679
      0.16479526
      0.60916397
      0.99626156
      1.33604171
      1.65619128
      1.98617277
      2.35253132
      2.76986683
     -3.06083401
     -2.61853294
     -2.22009207
     -1.86410270
     -1.52915862
     -1.18970587
     -0.82286857
     -0.41607299
      0.02070709
      0.45507120
      0.85877408
      1.22833114
      1.57860280
      1.93000178
      2.30076491
      2.70033176
      3.12213367
     -2.73827811
     -2.33452092
     -1.95453348
     -1.58939949
     -1.22499618
     -0.84889195
     -0.45540330
     -0.04866666
      0.35971651
      0.75890680
      1.14561675
      1.52395272
      1.90099290
      2.28242598
      2.67010732
      3.06216978
     -2.82779279
     -2.43541222
     -2.04408117
     -1.65328103
     -1.26263630
     -0.87201857
     -0.48140324
     -0.09078801
      0.29982736
      0.69044310
      1.08105933
      1.47167606
      1.86229328
      2.25291095
      2.64352905
      3.03414758
     -2.85841881
     -2.46779951
     -2.07717985
     -1.68655983
     -1.29593948
     -0.90531880
     -0.51469779
     -0.12407648
      0.26654515
      0.65716708
      1.04778931
      1.43841184
      1.82903464
      2.21965773
      2.61028109
      3.00090470
     -2.89165674
     -2.50103265
     -2.11040834
     -1.71978384
     -1.32915917
     -0.93853434
     -0.54790939
     -0.15728433
      0.23334082
      0.62396603
      1.01459128
      1.40521656
      1.79584185
      2.18646713
      2.57709240
      2.96771764
     -2.92484245
     -2.53421726
     -2.14359210
     -1.75296698
     -1.36234188
     -0.97171681
     -0.58109177
     -0.19046674
      0.20015828
      0.59078328
      0.98140827
      1.37203326
      1.76265824
      2.15328322
      2.54390820
      2.93453318
     -2.95802714
     -2.56740216
     -2.17677718
     -1.78615220
     -1.39552721
     -1.00490223
     -0.61427724
     -0.22365225
      0.16697273
      0.55759772
      0.94822271
      1.33884770
      1.72947269
      2.12009768
      2.51072267
      2.90134766
     -2.99121265
     -2.60058766
     -2.20996267
     -1.81933768
     -1.42871268
     -1.03808769
     -0.64746270
     -0.25683771
      0.13378729
      0.52441228
      0.91503727
      1.30566226
      1.69628726
      2.08691225
      2.47753724
      2.86816224
     -3.02439808
     -2.63377308
     -2.24314809
     -1.85252310
     -1.46189811
     -1.07127311
     -0.68064812
     -0.29002313
      0.10060187
      0.49122686
      0.88185185
      1.27247684
      1.66310184
      2.05372683
      2.44435182
      2.83497682
     -3.05758350
     -2.66695851
     -2.27633351
     -1.88570852
     -1.49508353
     -1.10445853
     -0.71383354
     -0.32320855
      0.06741645
      0.45804144
      0.84866643
      1.23929143
      1.62991642
      2.02054141
      2.41116640
      2.80179140
     -3.09076892
     -2.70014392
     -2.30951893
     -1.91889394
     -1.52826894
     -1.13764395
     -0.74701896
     -0.35639396
      0.03423103
      0.42485602
      0.81548102
      1.20610601
      1.59673100
      1.98735600
      2.37798099
      2.76860598
     -3.12395433
     -2.73332934
     -2.34270434
     -1.95207935
     -1.56145436
     -1.17082936
     -0.78020437
     -0.38957937
      0.00104562
      0.39167062
      0.00000000
