      0.00000000
      1.66546120
      2.05577484
      2.44707866
      2.83897102
     -3.05249378
     -2.66161870
     -2.27177742
     -1.88255918
     -1.49318569
     -1.10295338
     -0.71164331
     -0.31966493
      0.07216758
      0.46310988
      0.85292810
      1.24203947
      1.63127736
      2.02141860
      2.41273182
      2.80480313
     -3.08642563
     -2.69540713
     -2.30561261
     -1.91661939
     -1.52753396
     -1.13749784
     -0.74618543
     -0.35401356
      0.03808077
      0.42918583
      0.81895590
      1.20781778
      1.59673087
      1.98664512
      2.37795157
      2.77023249
     -3.12070486
     -2.72950119
     -2.33975647
     -1.95104151
     -1.56232442
     -1.17255232
     -0.78125856
     -0.38885910
      0.00356091
      0.39487737
      0.78459568
      1.17314508
      1.56163761
      1.95124270
      2.34251487
      2.73504346
      3.12765721
     -2.76408190
     -2.37439128
     -1.98603004
     -1.59779702
     -1.20838994
     -0.81715128
     -0.42448169
     -0.03164839
      0.35994809
      0.74960948
      1.13775477
      1.52568474
      1.91485447
      2.30604335
      2.69886720
      3.09195123
     -2.79946206
     -2.40983176
     -2.02193728
     -1.63436554
     -1.24548409
     -0.85436764
     -0.46137486
     -0.06800199
      0.32397715
      0.71357400
      1.10117311
      1.48831506
      1.87684074
      2.26785249
      2.66103001
      3.05473894
     -2.83621992
     -2.44665967
     -2.05941434
     -1.67279724
     -1.28471927
     -0.89385958
     -0.50048132
     -0.10637704
      0.28614876
      0.67566798
      1.06248076
      1.44844279
      1.83594357
      2.22657908
      2.62017175
      3.01474669
     -2.87554449
     -2.48607296
     -2.09980269
     -1.71468090
     -1.32794751
     -0.93765133
     -0.54383941
     -0.14869715
      0.24465921
      0.63407252
      1.01963988
      1.40364512
      1.78931599
      2.17907728
      2.57308785
      2.96892152
     -2.92031279
     -2.53097529
     -2.14635877
     -1.76391013
     -1.37979502
     -0.99092996
     -0.59681328
     -0.20013393
      0.19460634
      0.58383635
      0.96708619
      1.34720891
      1.72885032
      2.11606473
      2.50997398
      2.90765525
     -2.97970259
     -2.59064604
     -2.20955511
     -1.83331603
     -1.45617395
     -1.07252731
     -0.67997646
     -0.28139462
      0.11594576
      0.50462993
      0.88165282
      1.24987435
      1.61636232
      1.98930521
      2.37426443
      2.77026894
     -3.11499125
     -2.72859414
     -2.36422191
     -2.02520891
     -1.70856965
     -1.40772659
     -1.11482773
     -0.82251444
     -0.52536991
     -0.22077658
      0.09114513
      0.40840321
      0.72833502
      1.04863562
      1.36790632
      1.68569401
      2.00219952
      2.31789208
      2.63320514
      2.94838396
     -3.01971531
     -2.70481896
     -2.39026001
     -2.07616780
     -1.76261893
     -1.44963487
     -1.13719886
     -0.82527826
     -0.51384272
     -0.20287424
      0.10763007
      0.41766022
      0.72719792
      1.03622223
      1.34471594
      1.65267222
      1.96010051
      2.26702874
      2.57349910
      2.87955493
     -3.09796510
     -2.79270782
     -2.48793063
     -2.18375258
     -1.88030340
     -1.57766113
     -1.27578110
     -0.97444740
     -0.67328445
     -0.37185704
     -0.06985866
      0.23265918
      0.53511281
      0.83638820
      1.13510867
      1.43016926
      1.72141981
      2.01027025
      2.29990821
      2.59476965
      2.89898382
     -3.06924577
     -2.74724326
     -2.42763094
     -2.12352882
     -1.84764805
     -1.60797865
     -1.40417120
     -1.22408132
     -1.04044737
     -0.80966656
     -0.47606738
      0.00421364
      0.58211400
      1.09173131
      1.45708747
      1.71665691
      1.93118436
      2.15519453
      2.43985311
      2.83516706
     -2.92621605
     -2.37313748
     -1.92127981
     -1.58707443
     -1.32187423
     -1.07272980
     -0.79091029
     -0.42803502
      0.04755100
      0.58861119
      1.07168161
      1.44431075
      1.73745732
      2.00018697
      2.27945808
      2.62217683
      3.06676539
     -2.68928668
     -2.18764592
     -1.78765096
     -1.47492075
     -1.20393221
     -0.92850549
     -0.60250626
     -0.18335108
      0.32970291
      0.84576415
      1.27021960
      1.59995228
      1.87678170
      2.14690109
      2.45641323
      2.85121193
     -2.93444826
     -2.40556162
     -1.95559652
     -1.60853678
     -1.32725915
     -1.06484752
     -0.77441932
     -0.40685589
      0.07099434
      0.61218221
      1.09315912
      1.46121144
      1.74586306
      1.99539144
      2.25846864
      2.58781849
      3.03321496
     -2.69939070
     -2.17253009
     -1.77064411
     -1.48167725
     -1.25602060
     -1.04248218
     -0.78685974
     -0.42848975
      0.07404927
      0.65272689
      1.14061836
      1.48109273
      1.71578887
      1.90067510
      2.08015427
      2.28232329
      2.52002523
      2.79413346
      3.09701470
     -2.86707040
     -2.54494849
     -2.22950159
     -1.92472931
     -1.62946280
     -1.33965722
     -1.05084986
     -0.75976938
     -0.46491385
     -0.16636383
      0.13481010
      0.43723201
      0.73976621
      1.04179969
      1.34325621
      1.64442872
      1.94575035
      2.24760265
      2.55021059
      2.85362693
     -3.12540687
     -2.82064878
     -2.51540473
     -2.20974959
     -1.90370344
     -1.59724396
     -1.29032827
     -0.98291378
     -0.67497169
     -0.36649176
     -0.05748026
      0.25204574
      0.56206519
      0.87255953
      1.18351849
      1.49494481
      1.80685641
      2.11928369
      2.43225936
      2.74580025
      3.05988492
     -2.90874851
     -2.59385880
     -2.27877901
     -1.96360604
     -1.64829843
     -1.33261092
     -1.01611004
     -0.69832661
     -0.37905980
     -0.05876277
      0.26116571
      0.57842070
      0.89033955
      1.19493028
      1.49207256
      1.78438399
      2.07728143
      2.37812351
      2.69476218
      3.03377493
     -2.88503819
     -2.49864111
     -2.10071619
     -1.70471208
     -1.31975338
     -0.94681099
     -0.58032337
     -0.21210202
      0.16492082
      0.55360501
      0.95094534
      1.34952700
      1.74207756
      2.12572387
      2.50286569
      2.87910462
     -3.02298979
     -2.63393323
     -2.23810578
     -1.84042462
     -1.44651558
     -1.05930141
     -0.67766021
     -0.29753761
      0.08571220
      0.47494221
      0.86968247
      1.26636175
      1.66047828
      2.04934314
      2.43345808
      2.81590662
     -3.08266220
     -2.69332469
     -2.29937370
     -1.90354009
     -1.50952964
     -1.11976851
     -0.73409778
     -0.35009264
      0.03547469
      0.42488800
      0.81824437
      1.21338658
      1.60719840
      1.99749446
      2.38422772
      2.76934942
     -3.12756564
     -2.73809410
     -2.34519998
     -1.95062507
     -1.55703249
     -1.16639709
     -0.77889642
     -0.39293446
     -0.00612171
      0.38339752
      0.77592332
      1.17002756
      1.56340576
      1.95426535
      2.34234323
      2.72896027
      3.11620556
     -2.77741949
     -2.38519304
     -1.99148413
     -1.59830667
     -1.20729501
     -0.81876941
     -0.43162752
     -0.04402844
      0.34556841
      0.73754756
      1.13092041
      1.52391314
      1.91502951
      2.30391089
      2.69148257
      3.07937702
     -2.81417798
     -2.42240596
     -2.02932195
     -1.63649814
     -1.24530933
     -0.85613967
     -0.46820974
     -0.08006448
      0.30959692
      0.70119340
      1.09402668
      1.48669624
      1.87793484
      2.26734186
      2.65557483
      3.04393605
     -2.84955864
     -2.45811244
     -2.06549870
     -1.67297015
     -1.28169803
     -0.89209299
     -0.50360050
     -0.11505112
      0.27466718
      0.66598365
      1.05840365
      1.45080308
      1.84209678
      2.23186884
      2.62058589
      3.00930083
     -2.88413976
     -2.49293609
     -2.10068814
     -1.70840724
     -1.31710084
     -0.92718664
     -0.53827358
     -0.14941172
      0.24035835
      0.63146341
      1.02355774
      1.41572958
      1.80704195
      2.19707803
      2.58616342
      2.97515662
     -2.91823417
     -2.52721566
     -2.13525912
     -1.74318783
     -1.35187464
     -0.96173345
     -0.57249558
     -0.18338424
      0.20643398
      0.59737628
      0.98920879
      1.38118715
      1.77249719
      2.16272946
      2.55210292
      2.94132114
     -2.95202288
     -2.56114781
     -2.16942730
     -1.77753496
     -1.38623117
     -0.99591757
      0.00000000
