      0.00000000
     -1.23464410
     -1.61808911
     -2.02496181
     -2.44700323
     -2.86448664
      3.02229360
      2.64915751
      2.28889621
      1.92552782
      1.54390952
      1.13688211
      0.71253261
      0.29210539
     -0.10589755
     -0.47853309
     -0.83665564
     -1.19727093
     -1.57686220
     -1.98396892
     -2.41084210
     -2.83457801
      3.04877625
      2.67665377
      2.32086964
      1.96330651
      1.58603085
      1.17894168
      0.74930003
      0.32182697
     -0.08010258
     -0.45169729
     -0.80491347
     -1.15908075
     -1.53370244
     -1.94064895
     -2.37333870
     -2.80505769
      3.07377824
      2.70272879
      2.35234704
      2.00197434
      1.63040752
      1.22376705
      0.78770766
      0.35113064
     -0.05602571
     -0.42650893
     -0.77374351
     -1.11985397
     -1.48788503
     -1.89400349
     -2.33380460
     -2.77598709
      3.09676102
      2.72686939
      2.38315369
      2.04186069
      1.67795004
      1.27264322
      0.82866725
      0.37995102
     -0.03435727
     -0.40362606
     -0.74337487
     -1.07918236
     -1.43825127
     -1.84235182
     -2.29100920
     -2.74743402
      3.11682217
      2.74821591
      2.41298264
      2.08347626
      1.73015326
      1.32780635
      0.87387439
      0.40822172
     -0.01630155
     -0.38419266
     -0.71422633
     -1.03641988
     -1.38284385
     -1.78266211
     -2.24255954
     -2.71945391
      3.13231795
      2.76521539
      2.44125166
      2.12764842
      1.78962299
      1.39345805
      0.92680664
      0.43592178
     -0.00416140
     -0.37036767
     -0.68712775
     -0.99049425
     -1.31812646
     -1.70895620
     -2.18321153
     -2.69197555
      3.13991610
      2.77477215
      2.46673429
      2.17577965
      1.86126800
      1.47838426
      0.99575672
      0.46335748
     -0.00296753
     -0.36678063
     -0.66398975
     -0.93956765
     -1.23709901
     -1.60779047
     -2.09901169
     -2.66408603
      3.13156527
      2.76954324
      2.48622396
      2.23023660
      1.95539687
      1.60422273
      1.10624396
      0.49311919
     -0.02674030
     -0.38611013
     -0.65078515
     -0.88082762
     -1.12400019
     -1.44203974
     -1.93749452
     -2.62780458
      3.07942474
      2.72460903
      2.48678459
      2.29318541
      2.09705909
      1.83996396
      1.38650490
      0.55693782
     -0.14546272
     -0.48952926
     -0.68327818
     -0.82009479
     -0.93892950
     -1.07208324
     -1.30427790
     -2.27201064
      2.65930228
      2.39112507
      2.29858271
      2.26598950
      2.27431907
      2.32258469
      2.41510527
      2.55775229
      2.75577946
      3.01059155
     -2.96858585
     -2.63465969
     -2.29474184
     -1.96491200
     -1.64888566
     -1.34265730
     -1.04031556
     -0.73721978
     -0.43097242
     -0.12123249
      0.19100690
      0.50428133
      0.81734172
      1.12948670
      1.44055769
      1.75074435
      2.06035787
      2.36966807
      2.67883060
      2.98788492
     -2.98639788
     -2.67773744
     -2.36943223
     -2.06160595
     -1.75437959
     -1.44784514
     -1.14202414
     -0.83682462
     -0.53202257
     -0.22729718
      0.07766294
      0.38299402
      0.68848478
      0.99349028
      1.29703166
      1.59812473
      1.89626948
      2.19193237
      2.48682258
      2.78378012
      3.08608692
     -2.88716490
     -2.57039243
     -2.25220729
     -1.94183588
     -1.64851916
     -1.37727705
     -1.12686356
     -0.88936954
     -0.64881326
     -0.37623403
     -0.02303048
      0.45467569
      0.97703494
      1.37598825
      1.62345369
      1.76291644
      1.82248322
      1.81033456
      1.72070784
      1.53347078
      1.21091745
      0.71509314
      0.10780576
     -0.41473573
     -0.77859634
     -1.03437144
     -1.24644209
     -1.46933691
     -1.75364055
     -2.14895242
     -2.67089321
      3.05910751
      2.60723631
      2.27304900
      2.00786591
      1.75873359
      1.47692290
      1.11405477
      0.63847550
      0.09742213
     -0.38564210
     -0.75826576
     -1.05140721
     -1.31413207
     -1.59339881
     -1.93611367
     -2.38069860
     -2.90782834
      2.87371925
      2.47372677
      2.16099862
      1.89001180
      1.61458641
      1.28858810
      0.86943349
      0.35637970
     -0.15968169
     -0.58413765
     -0.91387121
     -1.19070191
     -1.46082297
     -1.77033713
     -2.16513824
     -2.66266635
      3.09162887
      2.64166019
      2.29459659
      2.01331466
      1.75089830
      1.46046505
      1.09289620
      0.61503973
      0.07384465
     -0.40713944
     -0.77519860
     -1.05985651
     -1.30938912
     -1.57246615
     -1.90181461
     -2.34724074
     -2.89794548
      2.85821361
      2.45629741
      2.16764204
      1.94303652
      1.73187578
      1.48002934
      1.12348951
      0.60898922
      0.00086392
     -0.50399638
     -0.83484754
     -1.02796080
     -1.12192976
     -1.13776184
     -1.08190871
     -0.94702701
     -0.70625440
     -0.31596948
      0.20316865
      0.68668280
      1.04573439
      1.32123059
      1.56267689
      1.79990985
      2.04942822
      2.31950677
      2.61173574
      2.92140143
     -3.04378371
     -2.72677865
     -2.41643841
     -2.11376809
     -1.81660091
     -1.52166873
     -1.22608830
     -0.92808584
     -0.62713427
     -0.32369332
     -0.01873362
      0.28675665
      0.59211121
      0.89709708
      1.20183610
      1.50663479
      1.81181669
      2.11761248
      2.42412115
      2.73132597
      3.03913678
     -2.93575349
     -2.62710008
     -2.31820377
     -2.00915643
     -1.70000223
     -1.39070146
     -1.08109776
     -0.77092056
     -0.45985822
     -0.14772094
      0.16533256
      0.47860062
      0.79083396
      1.10056807
      1.40680993
      1.70990071
      2.01223806
      2.31846268
      2.63448573
      2.96431240
     -2.97895852
     -2.64503619
     -2.34103212
     -2.08622338
     -1.88819889
     -1.74555397
     -1.65303507
     -1.60477086
     -1.59644259
     -1.62903721
     -1.72158181
     -1.98976648
      2.94152094
      1.97381790
      1.74162611
      1.60847242
      1.48963712
      1.35281939
      1.15906837
      0.81499713
      0.11258976
     -0.71697140
     -1.17042533
     -1.42751914
     -1.62364551
     -1.81724551
     -2.05507168
     -2.40989068
     -2.98585052
      2.60702683
      2.11157608
      1.79353818
      1.55036585
      1.32032278
      1.05564631
      0.69627394
      0.17641177
     -0.43671205
     -0.93468781
     -1.28586029
     -1.56069962
     -1.81668743
     -2.10000794
     -2.46203203
     -2.94956808
      2.76854333
      2.27732441
      1.90663451
      1.60910363
      1.33352539
      1.03631523
      0.67250041
      0.20617374
     -0.32622530
     -0.80885103
     -1.19173335
     -1.50624448
     -1.79719938
     -2.10523814
     -2.47038356
     -2.92167861
      2.85274275
      2.37848885
      1.98766041
      1.66002873
      1.35666205
      1.03990119
      0.67369365
      0.23360927
     -0.25727562
     -0.72392585
     -1.12008962
     -1.45811453
     -1.77171789
     -2.09568230
     -2.46278598
     -2.89420047
      2.91209038
      2.45219392
      2.05237671
      1.70595327
      1.38375964
      1.05372537
      0.68583327
      0.26130908
     -0.20434371
     -0.65827487
     -1.06062083
     -1.41394332
     -1.74344974
     -2.07868353
     -2.44729068
     -2.86622062
      2.96053972
      2.51188302
      2.10778333
      1.74871491
      1.41290742
      1.07315814
      0.70388856
      0.28957952
     -0.15913687
     -0.60311227
     -1.00841831
     -1.37232849
     -1.71362147
     -2.05733758
     -2.42722992
     -2.83766780
      3.00333484
      2.56353423
      2.15741647
      1.78938586
      1.44327544
      1.09604050
      0.72555664
      0.31839966
     -0.11817754
     -0.55423651
     -0.96087634
     -1.33244272
     -1.68281536
     -2.03319744
     -2.40424747
     -2.80859742
      3.04286871
      2.61017931
      2.20323338
      1.82861211
      1.47444490
      1.12122844
      0.74963319
      0.34770312
     -0.07977013
     -0.50941148
     -0.91650012
     -1.29377538
     -1.65133842
     -2.00712280
     -2.37924577
     -2.77907731
      3.08037189
      2.65349897
      2.24639274
      1.86680185
      1.50618665
      1.14806389
      0.77542790
      0.37742450
     -0.04300291
     -0.46735219
     -0.87437916
     -1.25599709
     -1.61936538
     -1.97962688
     -2.35276337
     -2.74916886
      3.11653284
      2.69449160
      2.28761931
      1.90417464
      0.00000000
