      0.00000000
      0.00000007
      0.00000028
      0.00000086
      0.00000268
      0.00000743
      0.00001745
      0.00003473
      0.00005966
      0.00008976
      0.00011931
      0.00014040
      0.00014538
      0.00013051
      0.00009946
      0.00006510
      0.00004726
      0.00006579
      0.00013151
      0.00024006
      0.00037275
      0.00050289
      0.00060306
      0.00065009
      0.00062856
      0.00053638
      0.00039299
      0.00024475
      0.00015571
      0.00017877
      0.00032389
      0.00055181
      0.00079865
      0.00100657
      0.00113711
      0.00116745
      0.00108498
      0.00089298
      0.00062918
      0.00038003
      0.00025899
      0.00034063
      0.00060452
      0.00095259
      0.00127812
      0.00151331
      0.00162833
      0.00160871
      0.00144368
      0.00114144
      0.00076603
      0.00045710
      0.00037493
      0.00058177
      0.00098695
      0.00142790
      0.00178174
      0.00199786
      0.00206499
      0.00197340
      0.00170890
      0.00128894
      0.00082129
      0.00051255
      0.00054757
      0.00092351
      0.00145399
      0.00193721
      0.00227088
      0.00243725
      0.00243946
      0.00226272
      0.00188657
      0.00135012
      0.00082753
      0.00059305
      0.00080811
      0.00135504
      0.00196270
      0.00243532
      0.00271700
      0.00282105
      0.00275262
      0.00248301
      0.00198889
      0.00135008
      0.00082581
      0.00073551
      0.00115644
      0.00183717
      0.00246518
      0.00289038
      0.00310837
      0.00315075
      0.00301231
      0.00264652
      0.00203599
      0.00132125
      0.00085189
      0.00095020
      0.00156191
      0.00232192
      0.00292631
      0.00328873
      0.00344627
      0.00343476
      0.00323092
      0.00277109
      0.00205422
      0.00129500
      0.00092283
      0.00121805
      0.00197964
      0.00277060
      0.00332902
      0.00363019
      0.00373842
      0.00368419
      0.00342369
      0.00287906
      0.00207193
      0.00129313
      0.00103258
      0.00150171
      0.00236786
      0.00316053
      0.00367001
      0.00392107
      0.00399389
      0.00391018
      0.00360713
      0.00299465
      0.00211506
      0.00132486
      0.00115842
      0.00176017
      0.00269617
      0.00348222
      0.00395298
      0.00416884
      0.00422025
      0.00412201
      0.00379640
      0.00314056
      0.00220518
      0.00139126
      0.00127294
      0.00195833
      0.00294473
      0.00373294
      0.00418310
      0.00437941
      0.00442213
      0.00432514
      0.00400190
      0.00333436
      0.00236052
      0.00149477
      0.00135587
      0.00207020
      0.00309911
      0.00391060
      0.00436374
      0.00455612
      0.00460083
      0.00451962
      0.00422570
      0.00358467
      0.00259712
      0.00164880
      0.00140426
      0.00207995
      0.00314511
      0.00400898
      0.00449437
      0.00469973
      0.00475487
      0.00469996
      0.00445936
      0.00388665
      0.00292558
      0.00188208
      0.00144216
      0.00198641
      0.00306656
      0.00401404
      0.00456846
      0.00480828
      0.00488147
      0.00485720
      0.00468479
      0.00421843
      0.00334110
      0.00223075
      0.00152743
      0.00181573
      0.00284988
      0.00390175
      0.00457030
      0.00487578
      0.00497786
      0.00498301
      0.00487989
      0.00454279
      0.00381153
      0.00271395
      0.00174388
      0.00164063
      0.00250142
      0.00364131
      0.00447124
      0.00488839
      0.00504056
      0.00507361
      0.00502762
      0.00481827
      0.00427662
      0.00330222
      0.00216172
      0.00158755
      0.00208049
      0.00321221
      0.00422960
      0.00481861
      0.00506072
      0.00512960
      0.00512333
      0.00501629
      0.00466833
      0.00390926
      0.00277423
      0.00179238
      0.00172908
      0.00264421
      0.00380477
      0.00462238
      0.00501637
      0.00514958
      0.00517411
      0.00513286
      0.00494264
      0.00442934
      0.00347088
      0.00229751
      0.00163884
      0.00206520
      0.00319743
      0.00425032
      0.00486781
      0.00512005
      0.00518848
      0.00518465
      0.00509699
      0.00479480
      0.00409756
      0.00298708
      0.00191891
      0.00168838
      0.00250419
      0.00368465
      0.00456755
      0.00501025
      0.00516342
      0.00519229
      0.00515957
      0.00500123
      0.00455174
      0.00366283
      0.00248312
      0.00167807
      0.00192000
      0.00298891
      0.00409217
      0.00478201
      0.00507958
      0.00516422
      0.00516376
      0.00508642
      0.00481839
      0.00418092
      0.00311776
      0.00200601
      0.00162634
      0.00231480
      0.00348065
      0.00441602
      0.00491154
      0.00509308
      0.00512914
      0.00509440
      0.00493768
      0.00450404
      0.00364571
      0.00248705
      0.00165263
      0.00182123
      0.00283763
      0.00393715
      0.00464802
      0.00496579
      0.00505932
      0.00505428
      0.00495920
      0.00466309
      0.00399876
      0.00293635
      0.00187653
      0.00156931
      0.00228067
      0.00341335
      0.00430669
      0.00477825
      0.00495103
      0.00497860
      0.00491845
      0.00470529
      0.00418597
      0.00325741
      0.00214068
      0.00150440
      0.00187434
      0.00292342
      0.00393053
      0.00454295
      0.00480443
      0.00487112
      0.00483446
      0.00466774
      0.00424219
      0.00342950
      0.00233880
      0.00152319
      0.00161231
      0.00252090
      0.00356900
      0.00428521
      0.00462716
      0.00473418
      0.00471573
      0.00457264
      0.00419939
      0.00346624
      0.00242569
      0.00153915
      0.00144855
      0.00222204
      0.00325896
      0.00403217
      0.00443159
      0.00457156
      0.00456589
      0.00443086
      0.00407832
      0.00338783
      0.00239392
      0.00150520
      0.00133625
      0.00201757
      0.00301712
      0.00380291
      0.00422910
      0.00438745
      0.00438625
      0.00424609
      0.00388932
      0.00321033
      0.00225320
      0.00140883
      0.00124790
      0.00188986
      0.00284258
      0.00360402
      0.00402554
      0.00418412
      0.00417615
      0.00401740
      0.00363541
      0.00294486
      0.00202113
      0.00126136
      0.00117709
      0.00182248
      0.00272270
      0.00343026
      0.00381967
      0.00396033
      0.00393243
      0.00374052
      0.00331567
      0.00260134
      0.00172213
      0.00108934
      0.00113061
      0.00180043
      0.00263752
      0.00326790
      0.00360415
      0.00371102
      0.00364915
      0.00340920
      0.00292936
      0.00219434
      0.00138939
      0.00092673
      0.00111688
      0.00180587
      0.00256249
      0.00309874
      0.00336782
      0.00342800
      0.00331839
      0.00301787
      0.00248155
      0.00174929
      0.00106448
      0.00080436
      0.00113460
      0.00181484
      0.00247139
      0.00290377
      0.00309807
      0.00310146
      0.00293257
      0.00256657
      0.00198988
      0.00130533
      0.00078969
      0.00073709
      0.00116633
      0.00179837
      0.00233970
      0.00266605
      0.00278279
      0.00272254
      0.00248935
      0.00206797
      0.00148916
      0.00090952
      0.00059292
      0.00071435
      0.00118060
      0.00172759
      0.00214773
      0.00237223
      0.00241261
      0.00228788
      0.00199855
      0.00155297
      0.00102738
      0.00060020
      0.00047292
      0.00070192
      0.00114145
      0.00157950
      0.00188214
      0.00201375
      0.00198437
      0.00180594
      0.00148793
      0.00106807
      0.00064933
      0.00038758
      0.00039756
      0.00065545
      0.00101915
      0.00133980
      0.00153591
      0.00158854
      0.00150578
      0.00130149
      0.00100059
      0.00065968
      0.00037496
      0.00024781
      0.00031922
      0.00053705
      0.00079549
      0.00100140
      0.00110682
      0.00110183
      0.00099624
      0.00081053
      0.00057857
      0.00035177
      0.00019050
      0.00013852
      0.00019741
      0.00032534
      0.00046257
      0.00056044
      0.00059475
      0.00056355
      0.00047953
      0.00036372
      0.00024121
      0.00013651
      0.00006748
      0.00003989
      0.00004637
      0.00007086
      0.00009617
      0.00011021
      0.00010857
      0.00009346
      0.00007084
      0.00004723
      0.00002746
      0.00001372
      0.00000577
      0.00000200
      0.00000057
      0.00000011
      0.00000000
