      0.00000000
     -1.76445075
     -2.26138435
     -2.78570833
      3.08028786
      2.79350193
      2.59405363
      2.44544254
      2.32575049
      2.22165688
      2.12380743
      2.02382281
      1.91156068
      1.77072164
      1.56863176
      1.23204755
      0.65020358
     -0.01958652
     -0.45078335
     -0.69502990
     -0.85143996
     -0.96689703
     -1.06424049
     -1.15794558
     -1.26104084
     -1.39038115
     -1.57589436
     -1.88269882
     -2.42637047
     -3.11921425
      2.68819253
      2.42228321
      2.25761441
      2.14028370
      2.04384594
      1.95111019
      1.84633519
      1.70924396
      1.50373327
      1.15172233
      0.54367742
     -0.12764310
     -0.54686300
     -0.78331482
     -0.93321438
     -1.04196636
     -1.13373824
     -1.22621366
     -1.33722217
     -1.49149284
     -1.73592482
     -2.16922394
     -2.85100541
      2.83238341
      2.48849453
      2.28874574
      2.15753919
      2.05900653
      1.97143688
      1.87665705
      1.75437532
      1.57358574
      1.27123733
      0.73252531
      0.02605825
     -0.47134106
     -0.74862127
     -0.91617358
     -1.03033975
     -1.12004387
     -1.20558357
     -1.30607732
     -1.44505456
     -1.66243282
     -2.04234015
     -2.68397701
      2.93894866
      2.53959792
      2.31363242
      2.17179436
      2.07159235
      1.98832622
      1.90214870
      1.79253854
      1.63169816
      1.36767849
      0.89549760
      0.19165746
     -0.38001904
     -0.70288348
     -0.89121652
     -1.01323588
     -1.10268486
     -1.18200288
     -1.27121010
     -1.39260874
     -1.57937821
     -1.89808861
     -2.46288397
      3.11250220
      2.63098818
      2.36266067
      2.20150938
      2.09445572
      2.01291291
      1.93550559
      1.84172233
      1.70723265
      1.49265854
      1.11631366
      0.47736288
     -0.19344536
     -0.60383069
     -0.83475188
     -0.97649314
     -1.07246662
     -1.14834413
     -1.22507760
     -1.32376000
     -1.47075027
     -1.71162222
     -2.14061633
     -2.82511732
      2.83534272
      2.47391113
      2.26771398
      2.13943463
      2.05145720
      1.97970462
      1.90335787
      1.80083129
      1.64411870
      1.38267177
      0.91440173
      0.20898956
     -0.37560191
     -0.70751819
     -0.89876045
     -1.01841075
     -1.10087339
     -1.16939530
     -1.24475430
     -1.34879846
     -1.51038035
     -1.78258286
     -2.27057250
     -2.98273347
      2.73444598
      2.41530730
      2.23075724
      2.11544689
      2.03635982
      1.97061016
      1.89746393
      1.79511761
      1.63494934
      1.36454540
      0.87967675
      0.16795613
     -0.40252478
     -0.72472654
     -0.91052026
     -1.02576260
     -1.10361546
     -1.16696404
     -1.23647720
     -1.33362999
     -1.48576497
     -1.74142189
     -2.19944790
     -2.90141412
      2.78287640
      2.44034042
      2.24454180
      2.12455336
      2.04537043
      1.98369423
      1.91890326
      1.83001338
      1.69164859
      1.46149045
      1.05176708
      0.38078154
     -0.26699447
     -0.65130711
     -0.86812401
     -0.99888164
     -1.08285380
     -1.14442552
     -1.20428098
     -1.28291644
     -1.40360390
     -1.60158888
     -1.94851479
     -2.55286320
      3.02983267
      2.57559056
      2.32233360
      2.17266599
      2.07904503
      2.01471997
      1.95865086
      1.89068744
      1.78930342
      1.62562779
      1.34555608
      0.84335644
      0.12666796
     -0.42970746
     -0.74270970
     -0.92300730
     -1.03311945
     -1.10470421
     -1.15985433
     -1.21861768
     -1.30138130
     -1.43232574
     -1.65074499
     -2.03831430
     -2.68924376
      2.92413028
      2.51600808
      2.28713309
      2.15084477
      2.06558717
      2.00662104
      1.95356787
      1.88659387
      1.78433009
      1.61760398
      1.33087431
      0.81718799
      0.09863644
     -0.44698777
     -0.75314448
     -0.92974134
     -1.03727342
     -1.10655395
     -1.15927647
     -1.21520883
     -1.29439284
     -1.42026461
     -1.63011371
     -2.00125129
     -2.63483810
      2.96426767
      2.53764625
      2.29911713
      2.15787640
      2.07028413
      2.01108036
      1.95991228
      1.89715265
      1.80203369
      1.64740121
      1.38355447
      0.90993616
      0.20072709
     -0.38572426
     -0.71936442
     -0.91001799
     -1.02526573
     -1.09848602
     -1.15200288
     -1.20562678
     -1.27917733
     -1.39503716
     -1.58680608
     -1.92265666
     -2.51219841
      3.06298283
      2.59248158
      2.33032872
      2.17650430
      2.08168561
      2.01879683
      1.96703422
      1.90669701
      1.81728306
      1.67308553
      1.42913853
      0.99225622
      0.30136464
     -0.32183637
     -0.68396300
     -0.88928459
     -1.01289896
     -1.09122866
     -1.14755533
     -1.20200022
     -1.27451883
     -1.38734969
     -1.57306423
     -1.89686952
     -2.46938739
      3.10050075
      2.61379556
      2.34256881
      2.18367895
      2.08536891
      2.01961944
      1.96520802
      1.90214183
      1.80953939
      1.66089056
      1.40915265
      0.95770920
      0.25855902
     -0.34918284
     -0.69875348
     -0.89792693
     -1.01885612
     -1.09692165
     -1.15533721
     -1.21447561
     -1.29478471
     -1.41993283
     -1.62697518
     -1.99228115
     -2.61938296
      2.97653319
      2.54496547
      2.30352842
      2.15960661
      2.06839319
      2.00384662
      1.94493580
      1.87125864
      1.76042841
      1.58061439
      1.26931829
      0.71544492
     -0.00093815
     -0.50411734
     -0.78481057
     -0.94945226
     -1.05268685
     -1.12376207
     -1.18453200
     -1.25551152
     -1.35855163
     -1.52290327
     -1.80328795
     -2.30636464
     -3.02243056
      2.70776995
      2.39684634
      2.21650629
      2.10404570
      2.02739245
      1.96392202
      1.89296950
      1.79285027
      1.63533463
      1.36905050
      0.89100732
      0.18134613
     -0.39588437
     -0.72297521
     -0.91177552
     -1.02952092
     -1.10996423
     -1.17620281
     -1.24900405
     -1.35010166
     -1.50779724
     -1.77356022
     -2.25062114
     -2.95960157
      2.74668014
      2.41982563
      2.23079154
      2.11210732
      2.02992172
      1.96112012
      1.88492749
      1.77936821
      1.61504016
      1.33710957
      0.83829592
      0.12434356
     -0.42893401
     -0.74004553
     -0.92165832
     -1.03734981
     -1.11953266
     -1.19087804
     -1.27208388
     -1.38565191
     -1.56338429
     -1.86725022
     -2.40973417
     -3.12425772
      2.65116194
      2.36763169
      2.19919036
      2.08932035
      2.00812906
      1.93372008
      1.84547622
      1.71985097
      1.52069385
      1.17417460
      0.56986209
     -0.12378809
     -0.56883421
     -0.81821957
     -0.97034838
     -1.07307217
     -1.15330843
     -1.23204101
     -1.32996885
     -1.47264569
     -1.70365089
     -2.11382292
     -2.78405349
      2.86247271
      2.48805755
      2.27405426
      2.13875685
      2.04292652
      1.96253524
      1.87745136
      1.76644738
      1.60025234
      1.32313337
      0.82586319
      0.11597504
     -0.42973681
     -0.73619888
     -0.91769122
     -1.03779671
     -1.12835665
     -1.21091127
     -1.30500104
     -1.43327866
     -1.63157365
     -1.97404762
     -2.57277209
      3.02075147
      2.57847479
      2.32995519
      2.17565099
      2.06760924
      1.97974963
      1.89250630
      1.78642984
      1.63591828
      1.39434234
      0.96422393
      0.28256366
     -0.32431453
     -0.67406789
     -0.87743819
     -1.01092823
     -1.11080526
     -1.19888387
     -1.29327819
     -1.41411125
     -1.59209567
     -1.88973236
     -2.42181516
     -3.12558561
      2.65864774
      2.37940984
      2.20859036
      2.08943599
      1.99378930
      1.90299543
      1.79993698
      1.66299614
      1.45424988
      1.09238023
      0.47200172
     -0.18999708
     -0.59697267
     -0.82880738
     -0.97852027
     -1.08936100
     -1.18395676
     -1.27839842
     -1.38881435
     -1.53808165
     -1.77036001
     -2.18030254
     -2.84241988
      2.83059130
      2.47518590
      2.26704103
      2.12673912
      2.01832047
      1.92295497
      1.82742891
      1.71848591
      1.57699819
      1.36593949
      1.00403446
      0.39047773
     -0.25745037
     -0.65809252
     -0.89099814
     -1.04703898
     -1.16777123
     -1.27302693
     -1.37442725
     -1.48096999
     -1.60209208
     -1.75042425
     -1.94521093
     -2.21493837
     -2.58658080
     -3.03604269
      0.00000000
