             NaN
      2.60301406
      3.09994766
     -2.65891367
     -2.24172455
     -1.95493863
     -1.75549032
     -1.60687923
     -1.48718718
     -1.38309357
     -1.28524412
     -1.18525951
     -1.07299737
     -0.93215833
     -0.73006846
     -0.39348424
      0.18835972
      0.85814983
      1.28934665
      1.53359321
      1.69000327
      1.80546034
      1.90280380
      1.99650889
      2.09960414
      2.22894446
      2.41445767
      2.72126212
     -3.01825153
     -2.32540775
     -1.84962922
     -1.58371991
     -1.41905110
     -1.30172040
     -1.20528264
     -1.11254688
     -1.00777188
     -0.87068065
     -0.66516997
     -0.31315902
      0.29488588
      0.96620641
      1.38542630
      1.62187812
      1.77177769
      1.88052967
      1.97230155
      2.06477696
      2.17578548
      2.33005614
      2.57448812
      3.00778725
     -2.59361659
     -1.99382010
     -1.64993122
     -1.45018243
     -1.31897588
     -1.22044323
     -1.13287357
     -1.03809374
     -0.91581201
     -0.73502243
     -0.43267402
      0.10603800
      0.81250506
      1.30990437
      1.58718457
      1.75473688
      1.86890306
      1.95860717
      2.04414687
      2.14464062
      2.28361787
      2.50099612
      2.88090345
     -2.76064499
     -2.10038536
     -1.70103461
     -1.47506912
     -1.33323105
     -1.23302904
     -1.14976292
     -1.06358540
     -0.95397523
     -0.79313485
     -0.52911518
     -0.05693429
      0.64690585
      1.21858235
      1.54144679
      1.72977983
      1.85179918
      1.94124817
      2.02056619
      2.10977341
      2.23117205
      2.41794152
      2.73665192
     -2.98173803
     -2.27393889
     -1.79242487
     -1.52409737
     -1.36294608
     -1.25589242
     -1.17434961
     -1.09694228
     -1.00315903
     -0.86866934
     -0.65409523
     -0.27775035
      0.36120043
      1.03200866
      1.44239400
      1.67331519
      1.81505645
      1.91102992
      1.98690744
      2.06364091
      2.16232331
      2.30931358
      2.55018553
      2.97917964
     -2.61950468
     -1.99677942
     -1.63534782
     -1.42915068
     -1.30087132
     -1.21289390
     -1.14114132
     -1.06479456
     -0.96226798
     -0.80555540
     -0.54410846
     -0.07583843
      0.62957375
      1.21416522
      1.54608150
      1.73732376
      1.85697405
      1.93943670
      2.00795861
      2.08331761
      2.18736177
      2.34894366
      2.62114617
      3.10913580
     -2.46188853
     -1.89588267
     -1.57674399
     -1.39219393
     -1.27688358
     -1.19779651
     -1.13204686
     -1.05890062
     -0.95655430
     -0.79638603
     -0.52598209
     -0.04111345
      0.67060717
      1.24108809
      1.56328984
      1.74908356
      1.86432591
      1.94217876
      2.00552734
      2.07504050
      2.17219330
      2.32432827
      2.57998519
      3.03801121
     -2.54320788
     -1.94431310
     -1.60177712
     -1.40597850
     -1.28599006
     -1.20680712
     -1.14513093
     -1.08033995
     -0.99145007
     -0.85308528
     -0.62292714
     -0.21320377
      0.45778177
      1.10555777
      1.48987042
      1.70668732
      1.83744495
      1.92141711
      1.98298882
      2.04284429
      2.12147975
      2.24216721
      2.44015219
      2.78707810
     -2.89175880
     -2.19126936
     -1.73702725
     -1.48377029
     -1.33410269
     -1.24048173
     -1.17615667
     -1.12008755
     -1.05212413
     -0.95074012
     -0.78706448
     -0.50699278
     -0.00479313
      0.71189534
      1.26827076
      1.58127300
      1.76157061
      1.87168275
      1.94326752
      1.99841764
      2.05718099
      2.13994461
      2.27088904
      2.48930829
      2.87687760
     -2.75537824
     -2.08556697
     -1.67744478
     -1.44856979
     -1.31228147
     -1.22702386
     -1.16805773
     -1.11500457
     -1.04803056
     -0.94576679
     -0.77904068
     -0.49231100
      0.02137532
      0.73992686
      1.28555108
      1.59170778
      1.76830465
      1.87583673
      1.94511726
      1.99783977
      2.05377214
      2.13295614
      2.25882792
      2.46867702
      2.83981460
     -2.80978390
     -2.12570437
     -1.69908295
     -1.46055383
     -1.31931309
     -1.23172082
     -1.17251705
     -1.12134898
     -1.05858935
     -0.96347039
     -0.80883790
     -0.54499117
     -0.07137286
      0.63783622
      1.22428757
      1.55792772
      1.74858130
      1.86382903
      1.93704933
      1.99056619
      2.04419008
      2.11774064
      2.23360046
      2.42536938
      2.76121996
     -2.93242359
     -2.22441953
     -1.75391827
     -1.49176541
     -1.33794099
     -1.24312230
     -1.18023352
     -1.12847091
     -1.06813370
     -0.97871975
     -0.83452222
     -0.59057523
     -0.15369291
      0.53719866
      1.16039967
      1.52252631
      1.72784790
      1.85146226
      1.92979197
      1.98611864
      2.04056352
      2.11308214
      2.22591299
      2.41162754
      2.73543283
     -2.97523461
     -2.26193744
     -1.77523225
     -1.50400550
     -1.34511564
     -1.24680560
     -1.18105614
     -1.12664471
     -1.06357852
     -0.97097608
     -0.82232725
     -0.57058935
     -0.11914590
      0.58000428
      1.18774615
      1.53731678
      1.73649023
      1.85741943
      1.93548496
      1.99390051
      2.05303891
      2.13334802
      2.25849613
      2.46553848
      2.83084446
     -2.82523904
     -2.13796988
     -1.70640217
     -1.46496511
     -1.32104331
     -1.22982989
     -1.16528331
     -1.10637249
     -1.03269533
     -0.92186510
     -0.74205108
     -0.43075498
      0.12311838
      0.83950146
      1.34268064
      1.62337387
      1.78801557
      1.89125016
      1.96232537
      2.02309531
      2.09407483
      2.19711493
      2.36146658
      2.64185126
     -3.13825736
     -2.42219144
     -1.86920664
     -1.55828304
     -1.37794298
     -1.26548239
     -1.18882914
     -1.12535871
     -1.05440619
     -0.95428696
     -0.79677132
     -0.53048720
     -0.05244402
      0.65721718
      1.23444767
      1.56153852
      1.75033883
      1.86808422
      1.94852754
      2.01476612
      2.08756736
      2.18866497
      2.34636054
      2.61212353
      3.08918444
     -2.48502043
     -1.90811684
     -1.58126233
     -1.39222824
     -1.27354401
     -1.19135841
     -1.12255681
     -1.04636419
     -0.94080491
     -0.77647685
     -0.49854627
      0.00026738
      0.71421974
      1.26749732
      1.57860884
      1.76022163
      1.87591311
      1.95809597
      2.02944134
      2.11064719
      2.22421522
      2.40194759
      2.70581353
     -3.03488783
     -2.32036428
     -1.81259864
     -1.52906839
     -1.36062706
     -1.25075704
     -1.16956575
     -1.09515677
     -1.00691292
     -0.88128766
     -0.68213055
     -0.33561130
      0.26870122
      0.96235139
      1.40739751
      1.65678288
      1.80891168
      1.91163547
      1.99187174
      2.07060431
      2.16853216
      2.31120900
      2.54221420
      2.95238623
     -2.66056851
     -2.02390941
     -1.64949424
     -1.43549095
     -1.30019354
     -1.20436321
     -1.12397194
     -1.03888805
     -0.92788407
     -0.76168903
     -0.48457006
      0.01270011
      0.72258827
      1.26830011
      1.57476219
      1.75625453
      1.87636002
      1.96691996
      2.04947458
      2.14356435
      2.27184196
      2.47013696
      2.81261093
     -2.87184991
     -2.18218816
     -1.73991149
     -1.49139188
     -1.33708768
     -1.22904593
     -1.14118632
     -1.05394299
     -0.94786653
     -0.79735497
     -0.55577903
     -0.12566063
      0.55599964
      1.16287784
      1.51263120
      1.71600150
      1.84949153
      1.94936857
      2.03744718
      2.13184149
      2.25267456
      2.43065898
      2.72829567
     -3.02280684
     -2.31903639
     -1.82008444
     -1.54084653
     -1.37002706
     -1.25087268
     -1.15522599
     -1.06443213
     -0.96137367
     -0.82443284
     -0.61568658
     -0.25381693
      0.36656158
      1.02856039
      1.43553597
      1.66737069
      1.81708358
      1.92792431
      2.02252006
      2.11696172
      2.22737766
      2.37664495
      2.60892332
      3.01886584
     -2.60220212
     -1.99202799
     -1.63662259
     -1.42847772
     -1.28817582
     -1.17975717
     -1.08439167
     -0.98886561
     -0.87992261
     -0.73843489
     -0.52737618
     -0.16547115
      0.44808558
      1.09601368
      1.49665583
      1.72956144
      1.88560229
      2.00633454
      2.11159024
      2.21299055
      2.31953330
      2.44065539
      2.58898755
      2.78377423
      3.05350167
     -2.85804120
     -2.40857931
      0.00000000
