             NaN
      1.35350512
      1.74291110
      2.13292303
      2.52391552
      2.91569381
     -2.97558985
     -2.58431334
     -2.19405506
     -1.80461884
     -1.41532789
     -1.02540824
     -0.63443411
     -0.24258715
      0.14943172
      0.54080535
      0.93108266
      1.32044685
      1.70961450
      2.09943012
      2.49038124
      2.88230243
     -3.00873398
     -2.61725069
     -2.22694965
     -1.83766362
     -1.44863303
     -1.05893508
     -0.66801247
     -0.27601072
      0.11628303
      0.50789058
      0.89822093
      1.28742174
      1.67629927
      2.06586353
      2.45675106
      2.84884064
     -3.04188872
     -2.65013968
     -2.25977335
     -1.87066594
     -1.48196031
     -1.09254874
     -0.70170427
     -0.30951842
      0.08312026
      0.47503134
      0.86544177
      1.25444615
      1.64295743
      2.03219348
      2.42298510
      2.81527712
     -3.07506216
     -2.68296414
     -2.29249961
     -1.90360968
     -1.51531988
     -1.12628724
     -0.73556073
     -0.34315079
      0.04993258
      0.44224815
      0.83277934
      1.22154103
      1.60957602
      1.99837066
      2.38901648
      2.78155850
     -3.10826898
     -2.71569753
     -2.32508364
     -1.93646711
     -1.54872857
     -1.16021566
     -0.76967075
     -0.37697932
      0.01669980
      0.40957604
      0.80029351
      1.18874373
      1.57613269
      1.96430745
      2.35472467
      2.74758709
     -3.14153744
     -2.74829259
     -2.35744375
     -1.96918683
     -1.58221678
     -1.19445475
     -0.80420166
     -0.41114087
     -0.01661869
      0.37708030
      0.76809859
      1.15612684
      1.54258497
      1.92983272
      2.31987044
      2.71316513
      3.10825726
     -2.78065653
     -2.38941466
     -2.00166269
     -1.61584554
     -1.22925557
     -0.83950855
     -0.44593295
     -0.05011737
      0.34489778
      0.73644405
      1.12385349
      1.50884252
      1.89456158
      2.28390029
      2.67782023
      3.07458735
     -2.81257701
     -2.42059675
     -2.03362559
     -1.64975268
     -1.26524390
     -0.87651370
     -0.48216341
     -0.08408136
      0.31338246
      0.70602758
      1.09241602
      1.47468982
      1.85738877
      2.24512160
      2.64001191
      3.04005073
     -2.84339608
     -2.44959904
     -2.06401728
     -1.68426997
     -1.30463802
     -0.91884498
     -0.52334855
     -0.12001160
      0.28400548
      0.68035620
      1.06485065
      1.43979846
      1.81267053
      2.19293388
      2.58798507
      2.99837879
     -2.86828789
     -2.46091932
     -2.07456300
     -1.71098273
     -1.36192815
     -1.01252838
     -0.64554928
     -0.24782525
      0.18012578
      0.61823910
      1.03801955
      1.42385952
      1.78075121
      2.12720852
      2.48568458
      2.87383313
     -2.98830036
     -2.55188455
     -2.12924899
     -1.73935555
     -1.38015812
     -1.03422326
     -0.67874576
     -0.29483455
      0.12269575
      0.55828346
      0.98302968
      1.37610917
      1.73746073
      2.08345185
      2.43686529
      2.81740694
     -3.05130829
     -2.61661436
     -2.19008158
     -1.79396152
     -1.43019697
     -1.08354461
     -0.73148917
     -0.35384128
      0.05752351
      0.49075495
      0.91843910
      1.31746063
      1.68420699
      2.03261864
      2.38451150
      2.76001598
     -3.11504408
     -2.68426198
     -2.25656212
     -1.85510645
     -1.48492234
     -1.13365687
     -0.78069555
     -0.40645809
     -0.00139078
      0.42640718
      0.85328091
      1.25654598
      1.62995633
      1.98418260
      2.33850348
      2.71187506
      3.11431281
     -2.74377984
     -2.31777258
     -1.91305343
     -1.53695415
     -1.18030997
     -0.82497830
     -0.45246049
     -0.05226735
      0.37063687
      0.79606448
      1.20211822
      1.58046963
      1.93899950
      2.29495181
      2.66653911
      3.06474426
     -2.79732196
     -2.37221056
     -1.96485318
     -1.58452604
     -1.22447517
     -0.86818314
     -0.49759833
     -0.10122291
      0.31838124
      0.74336911
      1.15203315
      1.53416718
      1.89549512
      2.25192502
      2.62144051
      3.01608021
     -2.84883119
     -2.42381754
     -2.01382032
     -1.62998155
     -1.26755074
     -0.91114496
     -0.54277197
     -0.14981951
      0.26725724
      0.69242709
      1.10380804
      1.48929511
      1.85269413
      2.20892816
      2.57606877
      2.96734497
     -2.89985990
     -2.47440500
     -2.06156098
     -1.67444577
     -1.31019215
     -0.95428219
     -0.58849205
     -0.19891776
      0.21604709
      0.64193000
      1.05635502
      1.44511191
      1.81011321
      2.16552188
      2.52979804
      2.91760217
     -2.95156417
     -2.52507608
     -2.10889533
     -1.71844615
     -1.35281334
     -0.99813733
     -0.63561425
     -0.24970756
      0.16343252
      0.59076810
      1.00896975
      1.40121034
      1.76732831
      2.12094036
      2.48134397
      2.86513213
     -3.00572762
     -2.57720126
     -2.15657607
     -1.76236980
     -1.39594900
     -1.04386225
     -0.68611428
     -0.30481097
      0.10670057
      0.53680433
      0.96037164
      1.35684024
      1.72347759
      2.07364275
      2.42820695
      2.80654261
     -3.06623441
     -2.63453927
     -2.20773117
     -1.80857045
     -1.44128915
     -1.09270318
     -0.74119015
     -0.36608226
      0.04250361
      0.47492526
      0.90455345
      1.30677123
      1.67572826
      2.02402321
      2.37350248
      2.74565190
     -3.13141606
     -2.69940353
     -2.26773077
     -1.86234395
     -1.49083749
     -1.14167016
     -0.79327060
     -0.42368620
     -0.02028087
      0.41074354
      0.84408327
      1.25277386
      1.62738296
      1.97810979
      2.32596019
      2.69316433
      3.09371552
     -2.75960681
     -2.32440091
     -1.91169441
     -1.53294885
     -1.17966572
     -0.83184614
     -0.46730608
     -0.07043465
      0.35816276
      0.79756716
      1.21972978
      1.61024122
      1.97354039
      2.32440380
      2.67915152
      3.05039570
     -2.83976889
     -2.42959768
     -2.01519947
     -1.61004537
     -1.22015596
     -0.84262490
     -0.46929494
     -0.09126535
      0.29735470
      0.69673397
      1.10104618
      1.50199235
      1.89407534
      2.27739704
      2.65664204
      3.03809617
     -2.85668683
     -2.46051594
     -2.06019524
     -1.66160838
     -1.26919533
     -0.88348864
     -0.50132891
     -0.11793170
      0.27057497
      0.66513784
      1.06321932
      1.46031211
      1.85274698
      2.23978798
      2.62373512
      3.00840615
     -2.88613342
     -2.49255617
     -2.09593545
     -1.69988196
     -1.30750179
     -0.91959991
     -0.53442963
     -0.14885049
      0.23992581
      0.63283240
      1.02841651
      1.42370096
      1.81600625
      2.20451081
      2.59057548
      2.97683856
     -2.91745452
     -2.52503416
     -2.13022648
     -1.73553637
     -1.34330917
     -0.95435989
     -0.56761128
     -0.18081256
      0.20818200
      0.60023457
      0.99443817
      1.38865388
      1.78080531
      2.17009499
      2.55738391
      2.94461470
     -2.94948508
     -2.55771930
     -2.16399920
     -1.77017185
     -1.37809218
     -0.98853478
     -0.60080822
     -0.21322068
      0.17594649
      0.56748344
      0.96080785
      1.35431075
      1.74632303
      2.13609542
      2.52418359
      2.91207127
     -2.98187285
     -2.59052182
     -2.19752711
     -1.80429983
     -1.41235072
     -1.02240277
     -0.63401093
     -0.24586673
      0.14344212
      0.53463986
      0.92735574
      1.32034559
      1.71223545
      2.10232872
      2.49097907
      2.87934535
     -3.01446880
     -2.62339895
     -2.23092184
     -1.83813892
     -1.44630473
     -1.05608980
     -0.66721689
     -0.27865622
      0.11077267
      0.50173473
      0.89400526
      1.28660604
      1.67838783
      2.06870551
      2.45777187
      2.84650425
     -3.04719839
     -2.65632787
     -2.26423763
     -1.87179850
     -1.48006616
     -1.08966108
     -0.70042524
     -0.31153999
      0.07799300
      0.46878529
      0.86071703
      1.25301169
      1.64469726
      2.03517711
      2.42456239
      2.81358463
     -3.08002041
     -2.68929526
     -2.29750366
     -1.90533891
     -1.51369768
     -1.12315363
     -0.73363586
     -0.34449019
      0.04513468
      0.43580204
      0.82746909
      1.21951647
      1.61111556
      2.00171486
      2.39135062
      2.78060804
     -3.11291020
     -2.72229266
     -2.33073673
     -1.93879587
     -1.54723690
     -1.15658998
     -0.76684547
      0.00000000
