      0.00000000
      0.00000000
      0.00000000
      0.00000000
      0.00000000
      0.00000000
      0.00000000
      0.00000000
      0.00000000
      0.00000000
      0.00000000
      0.00000000
      0.00000000
      0.00000000
      0.00000000
      0.00000000
      0.00000000
      0.00000000
      0.00000000
      0.00000000
      0.00000000
      0.00000000
      0.00000000
      0.00000000
      0.00000000
      0.00000000
      0.00000000
      0.00000000
      0.00000000
      0.00000000
      0.00000000
      0.00000000
      0.00000000
      0.00000000
      0.00000000
      0.00000000
      0.00000000
      0.00000000
      0.00000000
      0.00000000
      0.00000000
      0.00000000
      0.00000000
      0.00000000
      0.00000000
      0.00000000
      0.00000000
      0.00000000
      0.00000000
      0.00000000
      0.00000000
      0.00000000
      0.00000000
      0.00000000
      0.00000000
      0.00000000
      0.00000000
      0.00000000
      0.00000000
      0.00000000
      0.00000000
      0.00000000
      0.00000000
      0.00000000
      0.00000000
      0.00000000
      0.00000000
      0.00000000
      0.00000000
      0.00000000
      0.00000000
      0.00000000
      0.00000000
      0.00000000
      0.00000000
      0.00000000
      0.00000000
      0.00000000
      0.00000000
      0.00000000
      0.00000000
      0.00000000
      0.00000000
      0.00000000
      0.00000000
      0.00000000
      0.00000000
      0.00000000
      0.00000000
      0.00000000
      0.00000000
      0.00000000
      0.00000000
      0.00000000
      0.00000000
      0.00000000
      0.00000000
      0.00000000
      0.00000000
      0.00000000
      0.00000000
      0.00000000
      0.00000000
      0.00000000
      0.00000000
      0.00000000
      0.00000000
      0.00000000
      0.00000000
      0.00000000
      0.00000000
      0.00000000
      0.00000000
      0.00000000
      0.00000000
      0.00000000
      0.00000000
      0.00000000
      0.00000000
      0.00000000
      0.00000000
      0.00000000
      0.00000000
      0.00000000
      0.00000000
      0.00000000
      0.00000000
      0.00000000
      0.00000000
      0.00000000
      0.00000000
      0.00000000
      0.00000000
      0.00000000
      0.00000000
      0.00000000
      0.00000000
      0.00000000
      0.00000000
      0.00000000
      0.00000000
      0.00000000
      0.00000000
      0.00000000
      0.00000000
      0.00000002
      0.00000008
      0.00000036
      0.00000141
      0.00000520
      0.00001773
      0.00005388
      0.00013927
      0.00029726
      0.00052661
      0.00080146
      0.00109531
      0.00139491
      0.00169617
      0.00199670
      0.00229299
      0.00258138
      0.00285971
      0.00312810
      0.00338835
      0.00364286
      0.00389364
      0.00414181
      0.00438765
      0.00463088
      0.00487104
      0.00510770
      0.00534060
      0.00556969
      0.00579503
      0.00601674
      0.00623495
      0.00644975
      0.00666119
      0.00686930
      0.00707407
      0.00727549
      0.00747355
      0.00766824
      0.00785961
      0.00804770
      0.00823260
      0.00841443
      0.00859330
      0.00876925
      0.00894222
      0.00911195
      0.00927792
      0.00943946
      0.00959588
      0.00974685
      0.00989291
      0.01003600
      0.01017986
      0.01032985
      0.01049189
      0.01067001
      0.01086240
      0.01105624
      0.01122339
      0.01132067
      0.01129881
      0.01111949
      0.01077265
      0.01028503
      0.00971879
      0.00916255
      0.00870999
      0.00841765
      0.00825103
      0.00807037
      0.00782544
      0.00783753
      0.00811004
      0.00829587
      0.00837764
      0.00843653
      0.00848936
      0.00847849
      0.00830056
      0.00803437
      0.00813072
      0.00852820
      0.00880471
      0.00893089
      0.00899402
      0.00901355
      0.00892748
      0.00866789
      0.00846026
      0.00868526
      0.00905019
      0.00925370
      0.00933616
      0.00936578
      0.00933222
      0.00915655
      0.00884767
      0.00878178
      0.00910573
      0.00940028
      0.00952948
      0.00957027
      0.00956195
      0.00946149
      0.00919414
      0.00891148
      0.00902636
      0.00936764
      0.00957248
      0.00963907
      0.00964256
      0.00958777
      0.00940445
      0.00906950
      0.00890715
      0.00916395
      0.00945063
      0.00956903
      0.00958597
      0.00955287
      0.00943946
      0.00916591
      0.00882576
      0.00884057
      0.00914874
      0.00934676
      0.00939366
      0.00937083
      0.00929795
      0.00911391
      0.00876241
      0.00849849
      0.00867056
      0.00894619
      0.00905222
      0.00904214
      0.00898479
      0.00886981
      0.00861383
      0.00821690
      0.00807153
      0.00832358
      0.00852335
      0.00854880
      0.00849948
      0.00843931
      0.00835754
      0.00817507
      0.00788869
      0.00784039
      0.00808868
      0.00828657
      0.00845305
      0.00873509
      0.00917971
      0.00973725
      0.01031494
      0.01082169
      0.01119173
      0.01139434
      0.01143596
      0.01135270
      0.01119370
      0.01100355
      0.01081234
      0.01063456
      0.01047310
      0.01032440
      0.01018264
      0.01004229
      0.00989942
      0.00975183
      0.00959883
      0.00944065
      0.00927795
      0.00911143
      0.00894160
      0.00876879
      0.00859307
      0.00841442
      0.00823273
      0.00804790
      0.00785981
      0.00766842
      0.00747368
      0.00727559
      0.00707415
      0.00686936
      0.00666125
      0.00644980
      0.00623500
      0.00601679
      0.00579507
      0.00556973
      0.00534064
      0.00510773
      0.00487107
      0.00463091
      0.00438767
      0.00414183
      0.00389366
      0.00364288
      0.00338836
      0.00312811
      0.00285972
      0.00258139
      0.00229300
      0.00199670
      0.00169617
      0.00139491
      0.00109532
      0.00080147
      0.00052661
      0.00029726
      0.00013927
      0.00005388
      0.00001773
      0.00000520
      0.00000141
      0.00000036
      0.00000008
      0.00000002
      0.00000000
      0.00000000
      0.00000000
      0.00000000
      0.00000000
      0.00000000
      0.00000000
      0.00000000
      0.00000000
      0.00000000
      0.00000000
      0.00000000
      0.00000000
      0.00000000
      0.00000000
      0.00000000
      0.00000000
      0.00000000
      0.00000000
      0.00000000
      0.00000000
      0.00000000
      0.00000000
      0.00000000
      0.00000000
      0.00000000
      0.00000000
      0.00000000
      0.00000000
      0.00000000
      0.00000000
      0.00000000
      0.00000000
      0.00000000
      0.00000000
      0.00000000
      0.00000000
      0.00000000
      0.00000000
      0.00000000
      0.00000000
      0.00000000
      0.00000000
      0.00000000
      0.00000000
      0.00000000
      0.00000000
      0.00000000
      0.00000000
      0.00000000
      0.00000000
      0.00000000
      0.00000000
      0.00000000
      0.00000000
      0.00000000
      0.00000000
      0.00000000
      0.00000000
      0.00000000
      0.00000000
      0.00000000
      0.00000000
      0.00000000
      0.00000000
      0.00000000
      0.00000000
      0.00000000
      0.00000000
      0.00000000
      0.00000000
      0.00000000
      0.00000000
      0.00000000
      0.00000000
      0.00000000
      0.00000000
      0.00000000
      0.00000000
      0.00000000
      0.00000000
      0.00000000
      0.00000000
      0.00000000
      0.00000000
      0.00000000
      0.00000000
      0.00000000
      0.00000000
      0.00000000
      0.00000000
      0.00000000
      0.00000000
      0.00000000
      0.00000000
      0.00000000
      0.00000000
      0.00000000
      0.00000000
      0.00000000
      0.00000000
      0.00000000
      0.00000000
      0.00000000
      0.00000000
      0.00000000
      0.00000000
      0.00000000
      0.00000000
      0.00000000
      0.00000000
      0.00000000
      0.00000000
      0.00000000
      0.00000000
      0.00000000
      0.00000000
      0.00000000
      0.00000000
      0.00000000
      0.00000000
      0.00000000
      0.00000000
      0.00000000
      0.00000000
      0.00000000
      0.00000000
      0.00000000
      0.00000000
      0.00000000
      0.00000000
      0.00000000
      0.00000000
      0.00000000
      0.00000000
      0.00000000
      0.00000000
      0.00000000
      0.00000000
      0.00000000
      0.00000000
      0.00000000
      0.00000000
      0.00000000
      0.00000000
