      0.00000000
      0.00000000
      0.00000000
      0.00000000
      0.00000000
      0.00000000
      0.00000000
      0.00000000
      0.00000000
      0.00000000
      0.00000000
      0.00000000
      0.00000000
      0.00000000
      0.00000000
      0.00000000
      0.00000000
      0.00000000
      0.00000000
      0.00000000
      0.00000000
      0.00000000
      0.00000000
      0.00000000
      0.00000000
      0.00000000
      0.00000000
      0.00000000
      0.00000000
      0.00000000
      0.00000000
      0.00000000
      0.00000000
      0.00000000
      0.00000000
      0.00000000
      0.00000000
      0.00000000
      0.00000000
      0.00000000
      0.00000000
      0.00000000
      0.00000000
      0.00000000
      0.00000000
      0.00000000
      0.00000000
      0.00000000
      0.00000000
      0.00000000
      0.00000000
      0.00000000
      0.00000000
      0.00000000
      0.00000000
      0.00000000
      0.00000000
      0.00000000
      0.00000000
      0.00000000
      0.00000000
      0.00000000
      0.00000000
      0.00000000
      0.00000000
      0.00000000
      0.00000000
      0.00000000
      0.00000000
      0.00000000
      0.00000000
      0.00000000
      0.00000000
      0.00000000
      0.00000000
      0.00000000
      0.00000000
      0.00000000
      0.00000000
      0.00000000
      0.00000000
      0.00000000
      0.00000000
      0.00000000
      0.00000000
      0.00000000
      0.00000000
      0.00000000
      0.00000000
      0.00000000
      0.00000000
      0.00000000
      0.00000000
      0.00000000
      0.00000000
      0.00000000
      0.00000000
      0.00000000
      0.00000000
      0.00000000
      0.00000000
      0.00000000
      0.00000000
      0.00000000
      0.00000000
      0.00000000
      0.00000000
      0.00000000
      0.00000000
      0.00000000
      0.00000000
      0.00000000
      0.00000000
      0.00000000
      0.00000000
      0.00000000
      0.00000000
      0.00000000
      0.00000000
      0.00000000
      0.00000000
      0.00000000
      0.00000000
      0.00000000
      0.00000000
      0.00000000
      0.00000000
      0.00000000
      0.00000000
      0.00000000
      0.00000000
      0.00000000
      0.00000000
      0.00000000
      0.00000000
      0.00000000
      0.00000000
      0.00000000
      0.00000000
      0.00000000
      0.00000000
      0.00000000
      0.00000000
      0.00000000
      0.00000000
      0.00000000
      0.00000001
      0.00000003
      0.00000004
      0.00000015
      0.00000153
      0.00000927
      0.00003496
      0.00009020
      0.00017146
      0.00025782
      0.00032804
      0.00037397
      0.00040002
      0.00041673
      0.00043492
      0.00046187
      0.00049993
      0.00054731
      0.00060016
      0.00065472
      0.00070847
      0.00076038
      0.00081057
      0.00085970
      0.00090855
      0.00095766
      0.00100732
      0.00105757
      0.00110828
      0.00115929
      0.00121045
      0.00126166
      0.00131286
      0.00136405
      0.00141523
      0.00146643
      0.00151767
      0.00156894
      0.00162022
      0.00167145
      0.00172253
      0.00177333
      0.00182372
      0.00187362
      0.00192310
      0.00197243
      0.00202217
      0.00207313
      0.00212612
      0.00218163
      0.00223922
      0.00229686
      0.00235051
      0.00239414
      0.00242082
      0.00242528
      0.00240833
      0.00238285
      0.00237912
      0.00244486
      0.00263514
      0.00299258
      0.00352827
      0.00421460
      0.00499089
      0.00577457
      0.00647515
      0.00700707
      0.00728267
      0.00720506
      0.00691192
      0.00708527
      0.00767635
      0.00807986
      0.00827268
      0.00838598
      0.00846525
      0.00846643
      0.00829324
      0.00802895
      0.00812718
      0.00852644
      0.00880396
      0.00893059
      0.00899391
      0.00901352
      0.00892746
      0.00866784
      0.00846020
      0.00868523
      0.00905018
      0.00925371
      0.00933618
      0.00936580
      0.00933223
      0.00915655
      0.00884766
      0.00878176
      0.00910572
      0.00940028
      0.00952949
      0.00957028
      0.00956195
      0.00946149
      0.00919414
      0.00891148
      0.00902636
      0.00936764
      0.00957248
      0.00963907
      0.00964256
      0.00958777
      0.00940445
      0.00906951
      0.00890716
      0.00916396
      0.00945063
      0.00956902
      0.00958596
      0.00955286
      0.00943946
      0.00916592
      0.00882579
      0.00884060
      0.00914875
      0.00934675
      0.00939364
      0.00937081
      0.00929793
      0.00911391
      0.00876244
      0.00849854
      0.00867058
      0.00894617
      0.00905215
      0.00904199
      0.00898451
      0.00886921
      0.00861250
      0.00821418
      0.00806715
      0.00831750
      0.00851334
      0.00852882
      0.00845736
      0.00835119
      0.00817478
      0.00780379
      0.00722630
      0.00699902
      0.00727350
      0.00737532
      0.00712345
      0.00660804
      0.00591594
      0.00513143
      0.00434525
      0.00364190
      0.00308509
      0.00270628
      0.00249833
      0.00242114
      0.00241991
      0.00244529
      0.00246481
      0.00246374
      0.00244010
      0.00239867
      0.00234632
      0.00228924
      0.00223177
      0.00217615
      0.00212303
      0.00207202
      0.00202233
      0.00197313
      0.00192385
      0.00187416
      0.00182397
      0.00177333
      0.00172237
      0.00167122
      0.00162000
      0.00156875
      0.00151753
      0.00146633
      0.00141516
      0.00136399
      0.00131281
      0.00126161
      0.00121040
      0.00115924
      0.00110823
      0.00105752
      0.00100728
      0.00095762
      0.00090852
      0.00085968
      0.00081054
      0.00076036
      0.00070845
      0.00065471
      0.00060015
      0.00054729
      0.00049992
      0.00046187
      0.00043492
      0.00041673
      0.00040001
      0.00037397
      0.00032804
      0.00025782
      0.00017146
      0.00009020
      0.00003496
      0.00000927
      0.00000153
      0.00000015
      0.00000004
      0.00000003
      0.00000001
      0.00000000
      0.00000000
      0.00000000
      0.00000000
      0.00000000
      0.00000000
      0.00000000
      0.00000000
      0.00000000
      0.00000000
      0.00000000
      0.00000000
      0.00000000
      0.00000000
      0.00000000
      0.00000000
      0.00000000
      0.00000000
      0.00000000
      0.00000000
      0.00000000
      0.00000000
      0.00000000
      0.00000000
      0.00000000
      0.00000000
      0.00000000
      0.00000000
      0.00000000
      0.00000000
      0.00000000
      0.00000000
      0.00000000
      0.00000000
      0.00000000
      0.00000000
      0.00000000
      0.00000000
      0.00000000
      0.00000000
      0.00000000
      0.00000000
      0.00000000
      0.00000000
      0.00000000
      0.00000000
      0.00000000
      0.00000000
      0.00000000
      0.00000000
      0.00000000
      0.00000000
      0.00000000
      0.00000000
      0.00000000
      0.00000000
      0.00000000
      0.00000000
      0.00000000
      0.00000000
      0.00000000
      0.00000000
      0.00000000
      0.00000000
      0.00000000
      0.00000000
      0.00000000
      0.00000000
      0.00000000
      0.00000000
      0.00000000
      0.00000000
      0.00000000
      0.00000000
      0.00000000
      0.00000000
      0.00000000
      0.00000000
      0.00000000
      0.00000000
      0.00000000
      0.00000000
      0.00000000
      0.00000000
      0.00000000
      0.00000000
      0.00000000
      0.00000000
      0.00000000
      0.00000000
      0.00000000
      0.00000000
      0.00000000
      0.00000000
      0.00000000
      0.00000000
      0.00000000
      0.00000000
      0.00000000
      0.00000000
      0.00000000
      0.00000000
      0.00000000
      0.00000000
      0.00000000
      0.00000000
      0.00000000
      0.00000000
      0.00000000
      0.00000000
      0.00000000
      0.00000000
      0.00000000
      0.00000000
      0.00000000
      0.00000000
      0.00000000
      0.00000000
      0.00000000
      0.00000000
      0.00000000
      0.00000000
      0.00000000
      0.00000000
      0.00000000
      0.00000000
      0.00000000
      0.00000000
      0.00000000
      0.00000000
      0.00000000
      0.00000000
      0.00000000
      0.00000000
      0.00000000
      0.00000000
      0.00000000
      0.00000000
      0.00000000
      0.00000000
      0.00000000
      0.00000000
      0.00000000
      0.00000000
      0.00000000
      0.00000000
