      0.00000000
      0.30305839
     -0.09684057
     -0.51132904
     -0.92587466
     -1.32564431
     -1.70582536
     -2.07286614
     -2.43947491
     -2.81881026
      3.06473596
      2.64872020
      2.23178379
      1.83036365
      1.45018667
      1.08466081
      0.72029990
      0.34284791
     -0.05642886
     -0.47409187
     -0.89369915
     -1.29699741
     -1.67721175
     -2.04108935
     -2.40296393
     -2.77828182
      3.10611348
      2.68667045
      2.26406578
      1.85862169
      1.47832061
      1.11624414
      0.75712998
      0.38423900
     -0.01391031
     -0.43528043
     -0.86126704
     -1.26917558
     -1.64962298
     -2.00972148
     -2.36575718
     -2.73587573
     -3.13319153
      2.72653377
      2.29670693
      1.88594954
      1.50528265
      1.14736877
      0.79478455
      0.42785109
      0.03161381
     -0.39411567
     -0.82833626
     -1.24241369
     -1.62339155
     -1.97887655
     -2.32756650
     -2.69081534
     -3.08565777
      2.76933214
      2.33003918
      1.91205386
      1.53064837
      1.17788476
      0.83362177
      0.47467099
      0.08163901
     -0.34923334
     -0.79444464
     -1.21708590
     -1.59907074
     -1.94875747
     -2.28794323
     -2.64183055
     -3.03249566
      2.81692198
      2.36471812
      1.93644751
      1.55368183
      1.20751138
      0.87420945
      0.52635714
      0.13881983
     -0.29805070
     -0.75863949
     -1.19383936
     -1.57765995
     -1.91976063
     -2.24616018
     -2.58672020
     -2.97006321
      2.87299366
      2.40217275
      1.95825273
      1.57299298
      1.23567444
      0.91749019
      0.58588643
      0.20827687
     -0.23511741
     -0.71868727
     -1.17389345
     -1.56115333
     -1.89274966
     -2.20098428
     -2.52136916
     -2.89094317
      2.94593978
      2.44608483
      1.97572191
      1.58559610
      1.26100034
      0.96507784
      0.65909438
      0.30115501
     -0.14680215
     -0.66808247
     -1.15986633
     -1.55430245
     -1.87009108
     -2.15035016
     -2.43725559
     -2.77761116
      3.05949752
      2.50908926
      1.98466115
      1.58322219
      1.27893363
      1.01937050
      0.75883431
      0.44662205
      0.01230076
     -0.57860648
     -1.15923893
     -1.57361612
     -1.86204066
     -2.09266146
     -2.31444640
     -2.57795165
     -2.97052096
      2.67110046
      1.96886441
      1.52414970
      1.25991832
      1.07399207
      0.91510460
      0.74549351
      0.49807754
     -0.07192279
     -1.23095970
     -1.80231425
     -2.01442173
     -2.11540092
     -2.16044084
     -2.16229635
     -2.12187234
     -2.03667090
     -1.90433046
     -1.72480337
     -1.50221131
     -1.24590348
     -0.96906599
     -0.68460671
     -0.40119016
     -0.12227552
      0.15227137
      0.42405989
      0.69475535
      0.96546963
      1.23667575
      1.50836831
      1.78028733
      2.05210681
      2.32354979
      2.59443251
      2.86466011
      3.13419988
     -2.88013382
     -2.61196118
     -2.34446197
     -2.07763968
     -1.81150730
     -1.54608544
     -1.28139937
     -1.01747498
     -0.75433320
     -0.49198262
     -0.23041121
      0.03042013
      0.29057778
      0.55014376
      0.80918766
      1.06772104
      1.32564152
      1.58268440
      1.83841175
      2.09227406
      2.34377158
      2.59271916
      2.83958661
      3.08585488
     -2.94889848
     -2.69427655
     -2.42892284
     -2.14999171
     -1.86035424
     -1.57227013
     -1.30559627
     -1.07958056
     -0.90612560
     -0.79010436
     -0.73372020
     -0.74128868
     -0.82446896
     -1.00943755
     -1.34476211
     -1.88378894
     -2.54150623
     -3.06498343
      2.88336125
      2.66589101
      2.49696707
      2.32088088
      2.08397064
      1.72554510
      1.19834916
      0.58349210
      0.08302741
     -0.25539237
     -0.48985061
     -0.68343451
     -0.89176045
     -1.17174716
     -1.58491188
     -2.15205476
     -2.73744718
      3.10363687
      2.80270812
      2.58143259
      2.38097028
      2.14632957
      1.81816590
      1.34118295
      0.74576331
      0.21075586
     -0.16940758
     -0.43332695
     -0.64255858
     -0.85310451
     -1.12092365
     -1.50695441
     -2.04610634
     -2.63774403
     -3.10792124
      2.85082793
      2.61607235
      2.41190609
      2.18347839
      1.87243042
      1.42044214
      0.83584257
      0.28207818
     -0.12101416
     -0.39927945
     -0.61357988
     -0.82040087
     -1.07527928
     -1.43933526
     -1.95780694
     -2.55625498
     -3.05106740
      2.88936086
      2.64702802
      2.44514094
      2.22860256
      1.93942066
      1.51531724
      0.94128578
      0.36255298
     -0.06844886
     -0.36052543
     -0.57446925
     -0.76784646
     -0.99592176
     -1.32069981
     -1.80300789
     -2.41343359
     -2.95658646
      2.95173362
      2.70434340
      2.52320702
      2.35413731
      2.14203716
      1.81967345
      1.31440637
      0.66161329
      0.10677535
     -0.24455512
     -0.44092182
     -0.53243751
     -0.54684276
     -0.49674875
     -0.38693831
     -0.21966386
      0.00064176
      0.26295248
      0.54874762
      0.83801574
      1.11759722
      1.38373351
      1.63879599
      1.88720444
      2.13304318
      2.37919576
      2.62726835
      2.87783420
      3.13077892
     -2.89754586
     -2.64131065
     -2.38414878
     -2.12634313
     -1.86801416
     -1.60916365
     -1.34972921
     -1.08963050
     -0.82879901
     -0.56719143
     -0.30479080
     -0.04160088
      0.22236157
      0.48707375
      0.75251185
      1.01865424
      1.28548385
      1.55299018
      1.82117100
      2.09003206
      2.35958220
      2.62982046
      2.90071359
     -3.11101893
     -2.83919043
     -2.56726317
     -2.29556310
     -2.02435011
     -1.75362957
     -1.48292839
     -1.21113467
     -0.93658303
     -0.65766394
     -0.37424305
     -0.08977941
      0.18706247
      0.44337453
      0.66597042
      0.84550078
      0.97784395
      1.06304770
      1.10347372
      1.10162012
      1.05658226
      0.95560587
      0.74350374
      0.17216270
     -0.98688267
     -1.55689383
     -1.80431083
     -1.97392123
     -2.13280737
     -2.31873160
     -2.58295967
     -3.02766942
      2.55328037
      1.91171008
      1.51913781
      1.25563222
      1.03384804
      0.80322879
      0.51480671
      0.10043272
     -0.48019882
     -1.07110963
     -1.50543377
     -1.81764681
     -2.07818256
     -2.33774447
     -2.64203106
     -3.04346763
      2.71529043
      2.16487990
      1.71880085
      1.37844435
      1.09153914
      0.81128105
      0.49549406
      0.10105985
     -0.39072324
     -0.91200511
     -1.35996431
     -1.71790463
     -2.02388802
     -2.31980970
     -2.64440407
     -3.03452830
      2.77829479
      2.27843871
      1.83213464
      1.46255969
      1.14217480
      0.83394086
      0.50234573
      0.11508720
     -0.34011835
     -0.82368905
     -1.26708479
     -1.64469523
     -1.97629909
     -2.29448277
     -2.63180026
     -3.01705883
      2.82220703
      2.35138548
      1.91125579
      1.52791194
      1.18735179
      0.86095272
      0.51885296
      0.13503341
     -0.30016593
     -0.76075522
     -1.19762683
     -1.58516492
     -1.93301740
     -2.26631893
     -2.61248856
     -2.99525331
      2.85966187
      2.40745762
      1.97368902
      1.58302317
      1.22913566
      0.88995025
      0.54026425
      0.15828024
     -0.26436056
     -0.70957217
     -1.14044535
     -1.53347801
     -1.89242900
     -2.23669169
     -2.58945465
     -2.97085940
      2.89434102
      2.45504783
      2.02685170
      1.63200864
      1.26875958
      0.92006987
      0.56458546
      0.18360828
     -0.23046875
     -0.66468952
     -1.09041964
     -1.48665752
     -1.85359119
     -2.20617521
     -2.56408856
     -2.94475483
      2.92767347
      2.49784648
      2.07438591
      1.67706956
      1.30695078
      0.95091525
      0.59081723
      0.21037040
     -0.19753777
     -0.62352450
     -1.04489512
     -1.44304494
     -1.81593615
     -2.17505017
     -2.53712621
     -2.91742676
      2.96031480
      2.53771005
      2.11826657
      1.71947608
      1.34415797
      0.98228350
      0.61840629
      0.23819243
     -0.16510550
     -0.58471284
     -1.00237624
     -1.40165346
     -1.77910567
     -2.14346649
     -2.50899201
     -2.88916854
      2.99259694
      2.57566050
      2.15964438
      1.76000488
      1.38066931
      1.01406061
      0.64702014
      0.26683951
     -0.13292984
     -0.54747547
     -0.96196426
     -1.36186361
      0.00000000
