      0.00000000
      2.98561129
      2.59498630
      2.20436130
      1.81373632
      1.42311133
      1.03248634
      0.64186135
      0.25123637
     -0.13938862
     -0.53001360
     -0.92063859
     -1.31126357
     -1.70188856
     -2.09251354
     -2.48313853
     -2.87376352
      3.01879681
      2.62817182
      2.23754684
      1.84692185
      1.45629687
      1.06567188
      0.67504690
      0.28442191
     -0.10620307
     -0.49682806
     -0.88745304
     -1.27807803
     -1.66870301
     -2.05932800
     -2.44995298
     -2.84057797
      3.05198236
      2.66135737
      2.27073239
      1.88010740
      1.48948242
      1.09885744
      0.70823245
      0.31760747
     -0.07301752
     -0.46364250
     -0.85426748
     -1.24489247
     -1.63551745
     -2.02614243
     -2.41676742
     -2.80739240
      3.08516792
      2.69454294
      2.30391796
      1.91329297
      1.52266799
      1.13204301
      0.74141803
      0.35079304
     -0.03983194
     -0.43045692
     -0.82108190
     -1.21170689
     -1.60233187
     -1.99295685
     -2.38358183
     -2.77420682
      3.11835351
      2.72772853
      2.33710355
      1.94647856
      1.55585358
      1.16522860
      0.77460362
      0.38397864
     -0.00664634
     -0.39727132
     -0.78789631
     -1.17852129
     -1.56914627
     -1.95977125
     -2.35039623
     -2.74102121
     -3.13164619
      2.76091414
      2.37028916
      1.97966418
      1.58903919
      1.19841421
      0.80778923
      0.41716425
      0.02653928
     -0.36408570
     -0.75471068
     -1.14533566
     -1.53596064
     -1.92658562
     -2.31721060
     -2.70783558
     -3.09846056
      2.79409977
      2.40347479
      2.01284981
      1.62222483
      1.23159985
      0.84097488
      0.45034990
      0.05972492
     -0.33090006
     -0.72152504
     -1.11215001
     -1.50277499
     -1.89339997
     -2.28402495
     -2.67464992
     -3.06527490
      2.82728543
      2.43666045
      2.04603547
      1.65541050
      1.26478552
      0.87416055
      0.48353557
      0.09291059
     -0.29771438
     -0.68833936
     -1.07896433
     -1.46958931
     -1.86021428
     -2.25083926
     -2.64146424
     -3.03208921
      2.86047111
      2.46984612
      2.07922113
      1.68859613
      1.29797113
      0.90734612
      0.51672112
      0.12609613
     -0.26452882
     -0.65515371
     -1.04577851
     -1.43640317
     -1.82702763
     -2.21765184
     -2.60827571
     -2.99889921
      2.89366302
      2.50304041
      2.11241866
      1.72179630
      1.33114847
      0.94033401
      0.54891509
      0.15635301
     -0.23630815
     -0.62410391
     -0.99971065
     -1.35984731
     -1.71022807
     -2.06525262
     -2.44355231
     -2.85802924
      2.98384976
      2.55121341
      2.15950304
      1.81217818
      1.49042990
      1.16614246
      0.80739634
      0.38733269
     -0.08629707
     -0.55100088
     -0.94947483
     -1.28037180
     -1.57277687
     -1.86136223
     -2.18372340
     -2.58019323
     -3.06512286
      2.71425933
      2.28895564
      1.95670757
      1.68184981
      1.42531361
      1.14936569
      0.80949732
      0.36035531
     -0.17507206
     -0.66301332
     -1.03106823
     -1.31044447
     -1.54767272
     -1.78080213
     -2.04835201
     -2.40152209
     -2.88984077
      2.83122789
      2.36577547
      2.03629017
      1.79005778
      1.57963464
      1.37003233
      1.12534775
      0.79409440
      0.31581138
     -0.26059280
     -0.73758938
     -1.06035586
     -1.28672723
     -1.46485711
     -1.62342909
     -1.78255358
     -1.96122876
     -2.18152065
     -2.46950137
     -2.84892880
      2.96406681
      2.45959230
      2.01239840
      1.66325671
      1.39527437
      1.16671554
      0.93021144
      0.64144392
      0.26699582
     -0.19686229
     -0.69663576
     -1.14536116
     -1.50334304
     -1.78625702
     -2.03489474
     -2.29658743
     -2.61570206
     -3.02178591
      2.77836798
      2.28781934
      1.86652481
      1.53343004
      1.26223222
      1.00903190
      0.72663384
      0.37403084
     -0.06707736
     -0.56366395
     -1.03308558
     -1.41898428
     -1.72412009
     -1.98412028
     -2.24525003
     -2.55346226
     -2.94332011
      2.86777780
      2.37209140
      1.93439543
      1.58488656
      1.30341686
      1.04818660
      0.77200752
      0.43188852
      0.00392859
     -0.48872905
     -0.96761257
     -1.36778836
     -1.68397233
     -1.94830834
     -2.20613550
     -2.50412570
     -2.87991472
      2.94164119
      2.44366758
      1.99343256
      1.63104852
      1.34246310
      1.08813539
      0.82107440
      0.49652259
      0.08512804
     -0.40068530
     -0.88889293
     -1.30505464
     -1.63293939
     -1.89927367
     -2.14756575
     -2.42521614
     -2.77428091
      3.06882442
      2.57061257
      2.09949402
      1.71508914
      1.41833171
      1.17755314
      0.94899497
      0.68527593
      0.34364308
     -0.09612914
     -0.59922203
     -1.07536475
     -1.46285084
     -1.75734416
     -1.98163266
     -2.16194636
     -2.32063850
     -2.47668279
     -2.64950954
     -2.86597820
      3.11190178
      2.65666391
      2.08044860
      1.58054556
      1.23341726
      0.98202411
      0.77176993
      0.56560614
      0.32959471
      0.01879537
     -0.42291088
     -0.98181467
     -1.49259314
     -1.86463761
     -2.14056282
     -2.37440146
     -2.60597347
     -2.87234814
      3.06425446
      2.59691813
      2.05658992
      1.58452766
      1.22805371
      0.94579291
      0.69106662
      0.42545122
      0.11035053
     -0.29364020
     -0.78918034
     -1.28931325
     -1.70524625
     -2.03815629
     -2.32793992
     -2.61358930
     -2.93058654
      2.97182743
      2.51728663
      2.03592301
      1.59987996
      1.23045040
      0.90421226
      0.58824551
      0.25246656
     -0.12614234
     -0.55191174
     -0.99767650
     -1.42237888
     -1.80792096
     -2.16389128
     -2.51007710
     -2.86411383
      3.04748520
      2.65910409
      2.26240623
      1.86574825
      1.47206925
      1.08046619
      0.68962753
      0.29896815
     -0.09166161
     -0.48228687
     -0.87291107
     -1.26353511
     -1.65415934
     -2.04478384
     -2.43540855
     -2.82603342
      3.06652690
      2.67590185
      2.28527677
      1.89465168
      1.50402659
      1.11340151
      0.72277644
      0.33215138
     -0.05847367
     -0.44909871
     -0.83972374
     -1.23034877
     -1.62097380
     -2.01159882
     -2.40222385
     -2.79284887
      3.09971141
      2.70908638
      2.31846135
      1.92783633
      1.53721130
      1.14658627
      0.75596125
      0.36533622
     -0.02528880
     -0.41591383
     -0.80653886
     -1.19716388
     -1.58778891
     -1.97841393
     -2.36903896
     -2.75966398
      3.13289630
      2.74227128
      2.35164625
      1.96102123
      1.57039620
      1.17977118
      0.78914615
      0.39852113
      0.00789611
     -0.38272892
     -0.77335394
     -1.16397897
     -1.55460399
     -1.94522901
     -2.33585404
     -2.72647906
     -3.11710408
      2.77545620
      2.38483118
      1.99420616
      1.60358114
      1.21295611
      0.82233109
      0.43170607
      0.04108105
     -0.34954398
     -0.74016900
     -1.13079402
     -1.52141904
     -1.91204406
     -2.30266908
     -2.69329411
     -3.08391913
      2.80864116
      2.41801614
      2.02739112
      1.63676610
      1.24614108
      0.85551606
      0.46489104
      0.07426601
     -0.31635901
     -0.70698403
     -1.09760905
     -1.48823407
     -1.87885909
     -2.26948411
     -2.66010913
     -3.05073415
      2.84182614
      2.45120112
      2.06057610
      1.66995108
      1.27932606
      0.88870105
      0.49807603
      0.10745101
     -0.28317401
     -0.67379903
     -1.06442405
     -1.45504907
     -1.84567409
     -2.23629911
     -2.62692412
     -3.01754914
      2.87501115
      2.48438613
      2.09376111
      1.70313609
      1.31251107
      0.92188606
      0.53126104
      0.14063602
     -0.24998900
     -0.64061401
     -1.03123903
     -1.42186405
     -1.81248907
     -2.20311408
     -2.59373910
     -2.98436412
      2.90819617
      2.51757115
      2.12694614
      1.73632112
      1.34569610
      0.95507109
      0.56444607
      0.17382105
     -0.21680396
     -0.60742898
     -0.99805400
     -1.38867901
     -1.77930403
     -2.16992905
     -2.56055406
     -2.95117908
      2.94138121
      2.55075620
      2.16013118
      1.76950617
      1.37888115
      0.98825613
      0.59763112
      0.20700611
     -0.18361891
     -0.57424392
     -0.96486892
      0.00000000
