             NaN
     -1.62272587
     -1.22585148
     -0.83871166
     -0.45933737
     -0.08154923
      0.30174262
      0.69492937
      1.09686879
      1.50087113
      1.89874653
      2.28616857
      2.66498676
      3.04167166
     -2.85930820
     -2.46657903
     -2.06414495
     -1.65897225
     -1.26000519
     -0.87224300
     -0.49401622
     -0.11854493
      0.26243780
      0.65461657
      1.05755880
      1.46402061
      1.86422006
      2.25239072
      2.62998558
      3.00411511
     -2.89947010
     -2.50795369
     -2.10449197
     -1.69660357
     -1.29500554
     -0.90634468
     -0.52942819
     -0.15679050
      0.22123725
      0.61195421
      1.01594247
      1.42541762
      1.82861303
      2.21786372
      2.59404882
      2.96501746
     -2.94194021
     -2.55219348
     -2.14767962
     -1.73642993
     -1.33139607
     -0.94143141
     -0.56603758
     -0.19694897
      0.17720154
      0.56576136
      0.97078561
      1.38403118
      1.79120035
      2.18203740
      2.55657364
      2.92352893
     -2.98792465
     -2.60083216
     -2.19533746
     -1.77983421
     -1.37015804
     -0.97824112
     -0.60463353
     -0.24011831
      0.12876701
      0.51402155
      0.91990432
      1.33797511
      1.75063232
      2.14390841
      2.51651570
      2.87821596
     -3.03947457
     -2.65655885
     -2.25044309
     -1.82943956
     -1.41318440
     -1.01816193
     -0.64661858
     -0.28819595
      0.07320332
      0.45308674
      0.85915457
      1.28351465
      1.70418901
      2.10151251
      2.47195406
      2.82652214
     -3.10029153
     -2.72442680
     -2.31891051
     -1.89072166
     -1.46450678
     -1.06405706
     -0.69469216
     -0.34470500
      0.00537726
      0.37577606
      0.77982984
      1.21231689
      1.64564752
      2.05050992
      2.41896773
      2.76345369
      3.10549158
     -2.81496364
     -2.41406342
     -1.97698430
     -1.53425739
     -1.12285255
     -0.75479636
     -0.41697154
     -0.08549793
      0.26605950
      0.66052956
      1.10176708
      1.55727154
      1.97904001
      2.34803368
      2.67779773
      2.99495483
     -2.95372568
     -2.57243602
     -2.13005982
     -1.65687579
     -1.21707985
     -0.84346747
     -0.52311862
     -0.22608060
      0.08084665
      0.43387367
      0.86471615
      1.36030252
      1.83608748
      2.22624898
      2.53790554
      2.80570600
      3.06474360
     -2.93067865
     -2.56522538
     -2.07577262
     -1.51753965
     -1.05205633
     -0.72670420
     -0.49833886
     -0.32864099
     -0.19714054
     -0.09410918
     -0.01471878
      0.04437530
      0.08666942
      0.11605886
      0.13630645
      0.15048330
      0.16076717
      0.16855526
      0.17469545
      0.17969644
      0.18387164
      0.18742384
      0.19049152
      0.19317371
      0.19554375
      0.19765739
      0.19955788
      0.20127930
      0.20284888
      0.20428867
      0.20561668
      0.20684777
      0.20799434
      0.20906680
      0.21007393
      0.21102323
      0.21192112
      0.21277312
      0.21358402
      0.21435799
      0.21509868
      0.21580927
      0.21649260
      0.21715115
      0.21778715
      0.21840255
      0.21899913
      0.21957845
      0.22014195
      0.22069090
      0.22122645
      0.22174964
      0.22226143
      0.22276266
      0.22325414
      0.22373657
      0.22421060
      0.22467683
      0.22513582
      0.22558807
      0.22603403
      0.22647414
      0.22690880
      0.22733836
      0.22776316
      0.22818352
      0.22859972
      0.22901202
      0.22942069
      0.22982595
      0.23022802
      0.23062709
      0.23102335
      0.23141699
      0.23180815
      0.23219701
      0.23258368
      0.23296832
      0.23335105
      0.23373198
      0.23411122
      0.23448888
      0.23486506
      0.23523984
      0.23561332
      0.23598557
      0.23635667
      0.23672670
      0.23709572
      0.23746379
      0.23783098
      0.23819735
      0.23856295
      0.23892784
      0.23929206
      0.23965566
      0.24001869
      0.24038118
      0.24074319
      0.24110475
      0.24146590
      0.24182668
      0.24218712
      0.24254725
      0.24290711
      0.24326674
      0.24362616
      0.24398540
      0.24434450
      0.24470348
      0.24506237
      0.24542121
      0.24578002
      0.24613882
      0.24649766
      0.24685655
      0.24721553
      0.24757463
      0.24793387
      0.24829329
      0.24865292
      0.24901278
      0.24937291
      0.24973335
      0.25009413
      0.25045528
      0.25081684
      0.25117885
      0.25154134
      0.25190437
      0.25226797
      0.25263219
      0.25299708
      0.25336268
      0.25372905
      0.25409624
      0.25446432
      0.25483333
      0.25520336
      0.25557446
      0.25594671
      0.25632019
      0.25669497
      0.25707115
      0.25744881
      0.25782805
      0.25820898
      0.25859171
      0.25897635
      0.25936303
      0.25975188
      0.26014304
      0.26053668
      0.26093294
      0.26133202
      0.26173408
      0.26213934
      0.26254801
      0.26296032
      0.26337651
      0.26379687
      0.26422167
      0.26465123
      0.26508589
      0.26552600
      0.26597196
      0.26642421
      0.26688320
      0.26734943
      0.26782347
      0.26830589
      0.26879737
      0.26929860
      0.26981039
      0.27033358
      0.27086913
      0.27141808
      0.27198158
      0.27256091
      0.27315748
      0.27377288
      0.27440888
      0.27506743
      0.27575076
      0.27646135
      0.27720204
      0.27797601
      0.27878691
      0.27963891
      0.28053680
      0.28148610
      0.28249323
      0.28356569
      0.28471226
      0.28594335
      0.28727136
      0.28871115
      0.29028073
      0.29200215
      0.29390264
      0.29601628
      0.29838632
      0.30106851
      0.30413619
      0.30768839
      0.31186359
      0.31686458
      0.32300477
      0.33079287
      0.34107674
      0.35525359
      0.37550117
      0.40489062
      0.44718473
      0.50627881
      0.58566921
      0.68870057
      0.82020102
      0.98989889
      1.21826423
      1.54361637
      2.00909968
      2.56733265
      3.05678541
     -2.86094663
     -2.57318357
     -2.31414597
     -2.04634551
     -1.73468895
     -1.34452745
     -0.86874249
     -0.37315612
      0.05768636
      0.41071338
      0.71764063
      1.01467865
      1.33502750
      1.70863988
      2.14843582
      2.62161985
      3.06399606
     -2.83789959
     -2.50339480
     -2.18623770
     -1.85647365
     -1.48747998
     -1.06571151
     -0.61020704
     -0.16896953
      0.22550053
      0.57705796
      0.90853157
      1.24635639
      1.61441258
      2.02581742
      2.46854433
      2.90562345
     -2.97666164
     -2.61393155
     -2.27189366
     -1.92740770
     -1.55894989
     -1.15408749
     -0.72075686
     -0.28826981
      0.11578398
      0.48618277
      0.83626503
      1.18625220
      1.55561709
      1.95606682
      2.38228169
      2.81047054
     -3.06719847
     -2.69133375
     -2.33496211
     -1.98039403
     -1.60995248
     -1.21262898
     -0.79195462
     -0.36759454
      0.03847329
      0.41835671
      0.77975598
      1.13817862
      1.50972196
      1.90474443
      2.32099959
      2.74200312
     -3.13506642
     -2.75215070
     -2.38665593
     -2.02495567
     -1.65234837
     -1.25907229
     -0.84641508
     -0.42834429
     -0.02246152
      0.36279302
      0.73167834
      1.09619356
      1.46980115
      1.86171807
      2.27139425
      2.68689749
      3.09239219
     -2.80370063
     -2.43196889
     -2.06501360
     -1.69047737
     -1.29964032
     -0.89247115
     -0.47922558
     -0.07420133
      0.31435849
      0.68850900
      1.05759761
      1.43299144
      1.82295610
      2.22798996
      2.63923965
      3.04375351
     -2.84968507
     -2.47345743
     -2.10248878
     -1.72630368
     -1.33705300
     -0.93385758
     -0.52438244
     -0.12039417
      0.27032278
      0.64835053
      1.02098822
      1.39790471
      1.78656557
      2.18816360
      2.59605200
      2.99951372
     -2.89215517
     -2.51255508
     -2.13842555
     -1.76083069
     -1.37266003
     -0.97246058
     -0.56599877
     -0.16305654
      0.22912223
      0.61010496
      0.98557625
      1.36380303
      1.75156522
      2.15053229
      2.55570498
      2.95813906
     -2.93231708
     -2.55011163
     -2.17342673
     -1.79460853
     -1.40718650
     -1.00931110
     -0.60530875
     -0.20336934
      0.18981741
      0.57310926
      0.95089740
      1.33027169
      1.71741151
      2.11428591
      0.00000000
