      0.00000000
     -1.06687358
     -1.46374924
     -1.85088820
     -2.23026001
     -2.60804534
     -2.99133551
      2.89866261
      2.49672080
      2.09271559
      1.69483870
      1.30741747
      0.92860189
      0.55192002
      0.16971650
     -0.22301300
     -0.62544958
     -1.03062541
     -1.42959419
     -1.81735564
     -2.19557968
     -2.57104768
     -2.95202823
      2.93897812
      2.53603328
      2.12956804
      1.72936661
      1.34119661
      0.96360462
      0.58947867
      0.20988105
     -0.18163540
     -0.58509983
     -0.99299198
     -1.39459231
     -1.78325260
     -2.16016607
     -2.53279987
     -2.91082481
      2.98164369
      2.57765260
      2.16817335
      1.76497529
      1.37572506
      0.99954314
      0.62857872
      0.25235427
     -0.13739208
     -0.54190887
     -0.95316307
     -1.35820000
     -1.74816434
     -2.12355481
     -2.49263882
     -2.86678569
      3.02784044
      2.62281316
      2.20956261
      1.80238990
      1.41155300
      1.03702031
      0.67007006
      0.29834245
     -0.08874905
     -0.49424687
     -0.90975562
     -1.31943590
     -1.71135289
     -2.08495674
     -2.44946643
     -2.81834703
      3.07958513
      2.67369918
      2.25562228
      1.84296027
      1.44968384
      1.07708052
      0.71538634
      0.34989696
     -0.03301684
     -0.43913581
     -0.86014614
     -1.27640695
     -1.67143013
     -2.04296926
     -2.40138517
     -2.76277824
      3.14052624
      2.73445524
      2.31008754
      1.88940649
      1.49208181
      1.12164472
      0.76708409
      0.41071963
      0.03485836
     -0.37066093
     -0.79885833
     -1.22508127
     -1.62553284
     -1.99489302
     -2.34487186
     -2.69494578
     -3.06533996
      2.81378896
      2.38129228
      1.94795180
      1.54308658
      1.17463372
      0.83015709
      0.48812899
      0.12540508
     -0.27549694
     -0.71258686
     -1.15532609
     -1.56673523
     -1.93478632
     -2.27260062
     -2.60406263
     -2.95561171
      2.93310330
      2.49185392
      2.03633361
      1.61455836
      1.24556972
      0.91581759
      0.59867437
      0.26418101
     -0.11710585
     -0.55949419
     -1.03269929
     -1.47250664
     -1.84611476
     -2.16645009
     -2.46347133
     -2.77038277
     -3.12340106
      2.72893287
      2.23331806
      1.75751116
      1.36735066
      1.05570922
      0.78792910
      0.52891317
      0.24116971
     -0.12427618
     -0.61375641
     -1.17204274
     -1.63754515
     -1.96288326
     -2.19122435
     -2.36089563
     -2.49236782
     -2.59536775
     -2.67472124
     -2.73377035
     -2.77600883
     -2.80532980
     -2.82549470
     -2.83957401
     -2.84974544
     -2.85740652
     -2.86340561
     -2.86825200
     -2.87225967
     -2.87563199
     -2.87850798
     -2.88098721
     -2.88314350
     -2.88503308
     -2.88669963
     -2.88817766
     -2.88949478
     -2.89067339
     -2.89173184
     -2.89268533
     -2.89354653
     -2.89432614
     -2.89503321
     -2.89567548
     -2.89625960
     -2.89679132
     -2.89727562
     -2.89771688
     -2.89811893
     -2.89848514
     -2.89881849
     -2.89912166
     -2.89939699
     -2.89964662
     -2.89987245
     -2.90007618
     -2.90025937
     -2.90042343
     -2.90056962
     -2.90069911
     -2.90081295
     -2.90091213
     -2.90099752
     -2.90106995
     -2.90113016
     -2.90117887
     -2.90121670
     -2.90124425
     -2.90126209
     -2.90127072
     -2.90127063
     -2.90126227
     -2.90124604
     -2.90122235
     -2.90119157
     -2.90115404
     -2.90111008
     -2.90106001
     -2.90100411
     -2.90094265
     -2.90087590
     -2.90080411
     -2.90072749
     -2.90064629
     -2.90056070
     -2.90047093
     -2.90037717
     -2.90027961
     -2.90017841
     -2.90007376
     -2.89996580
     -2.89985470
     -2.89974060
     -2.89962365
     -2.89950398
     -2.89938174
     -2.89925704
     -2.89913002
     -2.89900080
     -2.89886949
     -2.89873622
     -2.89860108
     -2.89846419
     -2.89832566
     -2.89818559
     -2.89804408
     -2.89790122
     -2.89775713
     -2.89761189
     -2.89746560
     -2.89731835
     -2.89717023
     -2.89702133
     -2.89687174
     -2.89672155
     -2.89657085
     -2.89641972
     -2.89626824
     -2.89611652
     -2.89596462
     -2.89581264
     -2.89566066
     -2.89550876
     -2.89535703
     -2.89520556
     -2.89505443
     -2.89490373
     -2.89475354
     -2.89460395
     -2.89445505
     -2.89430693
     -2.89415968
     -2.89401338
     -2.89386814
     -2.89372405
     -2.89358120
     -2.89343969
     -2.89329962
     -2.89316109
     -2.89302420
     -2.89288906
     -2.89275578
     -2.89262447
     -2.89249525
     -2.89236823
     -2.89224354
     -2.89212129
     -2.89200163
     -2.89188468
     -2.89177058
     -2.89165948
     -2.89155152
     -2.89144686
     -2.89134567
     -2.89124810
     -2.89115434
     -2.89106458
     -2.89097899
     -2.89089778
     -2.89082117
     -2.89074937
     -2.89068262
     -2.89062117
     -2.89056527
     -2.89051519
     -2.89047124
     -2.89043370
     -2.89040292
     -2.89037923
     -2.89036301
     -2.89035464
     -2.89035455
     -2.89036318
     -2.89038102
     -2.89040858
     -2.89044641
     -2.89049511
     -2.89055533
     -2.89062776
     -2.89071315
     -2.89081232
     -2.89092617
     -2.89105566
     -2.89120185
     -2.89136590
     -2.89154910
     -2.89175283
     -2.89197865
     -2.89222828
     -2.89250362
     -2.89280678
     -2.89314014
     -2.89350635
     -2.89390839
     -2.89434966
     -2.89483396
     -2.89536567
     -2.89594979
     -2.89659206
     -2.89729913
     -2.89807874
     -2.89893995
     -2.89989344
     -2.90095189
     -2.90213050
     -2.90344762
     -2.90492564
     -2.90659220
     -2.90848178
     -2.91063807
     -2.91311729
     -2.91599329
     -2.91936561
     -2.92337327
     -2.92821966
     -2.93421875
     -2.94187984
     -2.95205127
     -2.96613057
     -2.98629547
     -3.01561645
     -3.05785492
     -3.11690403
      3.08692778
      2.98392785
      2.85245566
      2.68278438
      2.45444329
      2.12910519
      1.66360278
      1.10531644
      0.61583621
      0.25039032
     -0.03735314
     -0.29636907
     -0.56414919
     -0.87579063
     -1.26595113
     -1.74175803
     -2.23737284
     -2.66822422
     -3.02124251
      2.95503136
      2.65801012
      2.33767479
      1.96406667
      1.52425932
      1.05105422
      0.60866589
      0.22737902
     -0.10711434
     -0.42425755
     -0.75400969
     -1.12299833
     -1.54477358
     -2.00029389
     -2.44154327
     -2.83601357
      3.09562266
      2.76416065
      2.42634635
      2.05829526
      1.64688612
      1.20414689
      0.76705697
      0.36615495
      0.00343104
     -0.33859706
     -0.68307368
     -1.05152655
     -1.45639176
     -1.88973225
     -2.32222892
     -2.72628531
     -3.09667949
      2.83643189
      2.48645305
      2.11709288
      1.71664130
      1.29041836
      0.86222096
      0.45670167
      0.08084040
     -0.27552406
     -0.63008469
     -1.00052178
     -1.39784646
     -1.81852751
     -2.24289521
     -2.64896621
     -3.02884703
      2.89294520
      2.53452929
      2.16299016
      1.76796698
      1.35170617
      0.93069584
      0.52457687
      0.14166307
     -0.22382631
     -0.58552049
     -0.95812381
     -1.35140024
     -1.76406225
     -2.18213915
     -2.58802510
     -2.97327824
      2.94102646
      2.57651677
      2.20291292
      1.81099593
      1.40131565
      0.98580690
      0.58030908
      0.19321758
     -0.17851003
     -0.54546028
     -0.91999297
     -1.31082987
     -1.71800258
     -2.13125313
     -2.53628041
     -2.92483958
      2.98419885
      2.61511484
      2.23972437
      1.84976003
      1.44472310
      1.03346890
      0.62895211
      0.23920576
     -0.13701869
     -0.50798310
     -0.88416502
     -1.27341526
     -1.67661332
     -2.08609257
     -2.49008366
     -2.88080046
      3.02435990
      2.65172610
      2.27481263
      1.88615234
      1.48455201
      1.07665987
      0.67319543
      0.28167898
     -0.09791864
     -0.47204459
     -0.84963657
     -1.23780657
     -1.63800801
     -2.04447325
     -2.44741809
     -2.83959705
      3.06260771
      2.68713971
      2.30891567
      1.92115422
      1.52218544
      1.11700961
      0.71457303
      0.32184354
     -0.06035999
     -0.43704185
     -0.81585744
     -1.20327867
     -1.60115556
     -2.00516077
     -2.40710258
     -2.80028977
      3.09960537
      2.72182005
      2.34244824
      1.95530927
      1.55843362
      0.00000000
