      0.00000000
      0.00000000
      0.00000000
      0.00000000
      0.00000000
      0.00000000
      0.00000000
      0.00000000
      0.00000000
      0.00000000
      0.00000000
      0.00000000
      0.00000000
      0.00000000
      0.00000000
      0.00000000
      0.00000000
      0.00000000
      0.00000000
      0.00000000
      0.00000000
      0.00000000
      0.00000000
      0.00000000
      0.00000000
      0.00000000
      0.00000000
      0.00000000
      0.00000000
      0.00000000
      0.00000000
      0.00000000
      0.00000000
      0.00000000
      0.00000000
      0.00000000
      0.00000000
      0.00000000
      0.00000000
      0.00000000
      0.00000000
      0.00000000
      0.00000000
      0.00000000
      0.00000000
      0.00000000
      0.00000000
      0.00000000
      0.00000000
      0.00000000
      0.00000000
      0.00000000
      0.00000000
      0.00000000
      0.00000000
      0.00000000
      0.00000000
      0.00000000
      0.00000000
      0.00000000
      0.00000000
      0.00000000
      0.00000000
      0.00000000
      0.00000000
      0.00000000
      0.00000000
      0.00000000
      0.00000000
      0.00000000
      0.00000000
      0.00000000
      0.00000000
      0.00000000
      0.00000000
      0.00000000
      0.00000000
      0.00000000
      0.00000000
      0.00000000
      0.00000000
      0.00000000
      0.00000000
      0.00000000
      0.00000000
      0.00000000
      0.00000001
      0.00000003
      0.00000005
      0.00000005
      0.00000008
      0.00000056
      0.00000282
      0.00000920
      0.00002181
      0.00004026
      0.00006090
      0.00007871
      0.00009049
      0.00009635
      0.00009922
      0.00010293
      0.00011026
      0.00012192
      0.00013663
      0.00015224
      0.00016691
      0.00017980
      0.00019109
      0.00020153
      0.00021199
      0.00022304
      0.00023481
      0.00024711
      0.00025962
      0.00027203
      0.00028418
      0.00029608
      0.00030781
      0.00031950
      0.00033123
      0.00034304
      0.00035491
      0.00036680
      0.00037867
      0.00039050
      0.00040227
      0.00041399
      0.00042568
      0.00043734
      0.00044899
      0.00046061
      0.00047221
      0.00048378
      0.00049532
      0.00050682
      0.00051828
      0.00052970
      0.00054108
      0.00055242
      0.00056373
      0.00057499
      0.00058621
      0.00059739
      0.00060852
      0.00061961
      0.00063065
      0.00064164
      0.00065258
      0.00066346
      0.00067430
      0.00068508
      0.00069581
      0.00070649
      0.00071710
      0.00072766
      0.00073816
      0.00074860
      0.00075898
      0.00076930
      0.00077955
      0.00078974
      0.00079986
      0.00080992
      0.00081991
      0.00082983
      0.00083968
      0.00084945
      0.00085916
      0.00086879
      0.00087835
      0.00088783
      0.00089724
      0.00090656
      0.00091581
      0.00092498
      0.00093407
      0.00094308
      0.00095200
      0.00096084
      0.00096959
      0.00097826
      0.00098684
      0.00099533
      0.00100374
      0.00101205
      0.00102027
      0.00102840
      0.00103644
      0.00104438
      0.00105223
      0.00105998
      0.00106764
      0.00107519
      0.00108265
      0.00109001
      0.00109727
      0.00110443
      0.00111148
      0.00111844
      0.00112528
      0.00113203
      0.00113866
      0.00114520
      0.00115162
      0.00115794
      0.00116414
      0.00117024
      0.00117623
      0.00118210
      0.00118786
      0.00119352
      0.00119905
      0.00120448
      0.00120979
      0.00121498
      0.00122006
      0.00122502
      0.00122986
      0.00123459
      0.00123919
      0.00124368
      0.00124805
      0.00125230
      0.00125642
      0.00126043
      0.00126431
      0.00126807
      0.00127171
      0.00127523
      0.00127862
      0.00128189
      0.00128503
      0.00128804
      0.00129094
      0.00129370
      0.00129634
      0.00129885
      0.00130124
      0.00130350
      0.00130563
      0.00130763
      0.00130951
      0.00131126
      0.00131288
      0.00131437
      0.00131573
      0.00131696
      0.00131806
      0.00131904
      0.00131988
      0.00132059
      0.00132118
      0.00132163
      0.00132196
      0.00132215
      0.00132222
      0.00132215
      0.00132196
      0.00132163
      0.00132118
      0.00132059
      0.00131988
      0.00131904
      0.00131806
      0.00131696
      0.00131573
      0.00131437
      0.00131288
      0.00131126
      0.00130951
      0.00130763
      0.00130563
      0.00130350
      0.00130124
      0.00129885
      0.00129634
      0.00129370
      0.00129094
      0.00128804
      0.00128503
      0.00128189
      0.00127862
      0.00127523
      0.00127171
      0.00126807
      0.00126431
      0.00126043
      0.00125642
      0.00125230
      0.00124805
      0.00124368
      0.00123919
      0.00123459
      0.00122986
      0.00122502
      0.00122006
      0.00121498
      0.00120979
      0.00120448
      0.00119905
      0.00119352
      0.00118786
      0.00118210
      0.00117623
      0.00117024
      0.00116414
      0.00115794
      0.00115162
      0.00114520
      0.00113866
      0.00113203
      0.00112528
      0.00111844
      0.00111148
      0.00110443
      0.00109727
      0.00109001
      0.00108265
      0.00107519
      0.00106764
      0.00105998
      0.00105223
      0.00104438
      0.00103644
      0.00102840
      0.00102027
      0.00101205
      0.00100374
      0.00099533
      0.00098684
      0.00097826
      0.00096959
      0.00096084
      0.00095200
      0.00094308
      0.00093407
      0.00092498
      0.00091581
      0.00090656
      0.00089724
      0.00088783
      0.00087835
      0.00086879
      0.00085916
      0.00084945
      0.00083968
      0.00082983
      0.00081991
      0.00080992
      0.00079986
      0.00078974
      0.00077955
      0.00076930
      0.00075898
      0.00074860
      0.00073816
      0.00072766
      0.00071710
      0.00070649
      0.00069581
      0.00068508
      0.00067430
      0.00066346
      0.00065258
      0.00064164
      0.00063065
      0.00061961
      0.00060852
      0.00059739
      0.00058621
      0.00057499
      0.00056373
      0.00055242
      0.00054108
      0.00052970
      0.00051828
      0.00050682
      0.00049532
      0.00048378
      0.00047221
      0.00046061
      0.00044899
      0.00043734
      0.00042568
      0.00041399
      0.00040227
      0.00039050
      0.00037867
      0.00036680
      0.00035491
      0.00034304
      0.00033123
      0.00031950
      0.00030781
      0.00029608
      0.00028418
      0.00027203
      0.00025962
      0.00024711
      0.00023481
      0.00022304
      0.00021199
      0.00020153
      0.00019109
      0.00017980
      0.00016691
      0.00015224
      0.00013663
      0.00012192
      0.00011026
      0.00010293
      0.00009922
      0.00009635
      0.00009049
      0.00007871
      0.00006090
      0.00004026
      0.00002181
      0.00000920
      0.00000282
      0.00000056
      0.00000008
      0.00000005
      0.00000005
      0.00000003
      0.00000001
      0.00000000
      0.00000000
      0.00000000
      0.00000000
      0.00000000
      0.00000000
      0.00000000
      0.00000000
      0.00000000
      0.00000000
      0.00000000
      0.00000000
      0.00000000
      0.00000000
      0.00000000
      0.00000000
      0.00000000
      0.00000000
      0.00000000
      0.00000000
      0.00000000
      0.00000000
      0.00000000
      0.00000000
      0.00000000
      0.00000000
      0.00000000
      0.00000000
      0.00000000
      0.00000000
      0.00000000
      0.00000000
      0.00000000
      0.00000000
      0.00000000
      0.00000000
      0.00000000
      0.00000000
      0.00000000
      0.00000000
      0.00000000
      0.00000000
      0.00000000
      0.00000000
      0.00000000
      0.00000000
      0.00000000
      0.00000000
      0.00000000
      0.00000000
      0.00000000
      0.00000000
      0.00000000
      0.00000000
      0.00000000
      0.00000000
      0.00000000
      0.00000000
      0.00000000
      0.00000000
      0.00000000
      0.00000000
      0.00000000
      0.00000000
      0.00000000
      0.00000000
      0.00000000
      0.00000000
      0.00000000
      0.00000000
      0.00000000
      0.00000000
      0.00000000
      0.00000000
      0.00000000
      0.00000000
      0.00000000
      0.00000000
      0.00000000
      0.00000000
      0.00000000
      0.00000000
      0.00000000
      0.00000000
      0.00000000
      0.00000000
