      0.00000000
      0.00000000
      0.00000000
      0.00000000
      0.00000000
      0.00000000
      0.00000000
      0.00000000
      0.00000000
      0.00000000
      0.00000000
      0.00000000
      0.00000000
      0.00000000
      0.00000000
      0.00000000
      0.00000000
      0.00000000
      0.00000000
      0.00000000
      0.00000000
      0.00000000
      0.00000000
      0.00000000
      0.00000000
      0.00000000
      0.00000000
      0.00000000
      0.00000000
      0.00000000
      0.00000000
      0.00000000
      0.00000000
      0.00000000
      0.00000000
      0.00000000
      0.00000000
      0.00000000
      0.00000000
      0.00000000
      0.00000000
      0.00000000
      0.00000000
      0.00000000
      0.00000000
      0.00000000
      0.00000000
      0.00000000
      0.00000000
      0.00000000
      0.00000000
      0.00000000
      0.00000000
      0.00000000
      0.00000000
      0.00000000
      0.00000000
      0.00000000
      0.00000000
      0.00000000
      0.00000000
      0.00000000
      0.00000000
      0.00000000
      0.00000000
      0.00000000
      0.00000000
      0.00000000
      0.00000000
      0.00000000
      0.00000000
      0.00000000
      0.00000000
      0.00000000
      0.00000000
      0.00000000
      0.00000000
      0.00000000
      0.00000000
      0.00000000
      0.00000000
      0.00000000
      0.00000000
      0.00000000
      0.00000002
      0.00000006
      0.00000019
      0.00000058
      0.00000159
      0.00000409
      0.00000987
      0.00002237
      0.00004729
      0.00009182
      0.00016169
      0.00025743
      0.00037342
      0.00050124
      0.00063379
      0.00076700
      0.00089918
      0.00102975
      0.00115835
      0.00128476
      0.00140900
      0.00153144
      0.00165265
      0.00177310
      0.00189301
      0.00201230
      0.00213074
      0.00224808
      0.00236422
      0.00247917
      0.00259308
      0.00270608
      0.00281829
      0.00292973
      0.00304039
      0.00315019
      0.00325911
      0.00336710
      0.00347417
      0.00358034
      0.00368564
      0.00379009
      0.00389369
      0.00399645
      0.00409835
      0.00419940
      0.00429959
      0.00439891
      0.00449738
      0.00459499
      0.00469175
      0.00478767
      0.00488273
      0.00497696
      0.00507034
      0.00516287
      0.00525456
      0.00534541
      0.00543542
      0.00552458
      0.00561291
      0.00570041
      0.00578706
      0.00587289
      0.00595787
      0.00604203
      0.00612536
      0.00620785
      0.00628952
      0.00637036
      0.00645037
      0.00652956
      0.00660792
      0.00668546
      0.00676218
      0.00683808
      0.00691316
      0.00698742
      0.00706086
      0.00713348
      0.00720529
      0.00727629
      0.00734647
      0.00741584
      0.00748439
      0.00755214
      0.00761908
      0.00768521
      0.00775054
      0.00781506
      0.00787877
      0.00794168
      0.00800379
      0.00806509
      0.00812560
      0.00818530
      0.00824421
      0.00830232
      0.00835963
      0.00841615
      0.00847187
      0.00852680
      0.00858093
      0.00863428
      0.00868683
      0.00873859
      0.00878957
      0.00883975
      0.00888915
      0.00893777
      0.00898559
      0.00903264
      0.00907889
      0.00912437
      0.00916907
      0.00921298
      0.00925611
      0.00929847
      0.00934004
      0.00938084
      0.00942086
      0.00946010
      0.00949857
      0.00953627
      0.00957319
      0.00960933
      0.00964471
      0.00967931
      0.00971314
      0.00974620
      0.00977849
      0.00981002
      0.00984077
      0.00987076
      0.00989998
      0.00992843
      0.00995612
      0.00998304
      0.01000919
      0.01003458
      0.01005921
      0.01008308
      0.01010618
      0.01012852
      0.01015010
      0.01017091
      0.01019097
      0.01021027
      0.01022880
      0.01024658
      0.01026359
      0.01027985
      0.01029535
      0.01031009
      0.01032407
      0.01033730
      0.01034977
      0.01036148
      0.01037243
      0.01038263
      0.01039207
      0.01040076
      0.01040869
      0.01041586
      0.01042228
      0.01042794
      0.01043285
      0.01043700
      0.01044040
      0.01044304
      0.01044493
      0.01044606
      0.01044644
      0.01044606
      0.01044493
      0.01044304
      0.01044040
      0.01043700
      0.01043285
      0.01042794
      0.01042228
      0.01041586
      0.01040869
      0.01040076
      0.01039207
      0.01038263
      0.01037243
      0.01036148
      0.01034977
      0.01033730
      0.01032407
      0.01031009
      0.01029535
      0.01027985
      0.01026359
      0.01024658
      0.01022880
      0.01021027
      0.01019097
      0.01017091
      0.01015010
      0.01012852
      0.01010618
      0.01008308
      0.01005921
      0.01003458
      0.01000919
      0.00998304
      0.00995612
      0.00992843
      0.00989998
      0.00987076
      0.00984077
      0.00981002
      0.00977849
      0.00974620
      0.00971314
      0.00967931
      0.00964471
      0.00960933
      0.00957319
      0.00953627
      0.00949857
      0.00946010
      0.00942086
      0.00938084
      0.00934004
      0.00929847
      0.00925611
      0.00921298
      0.00916907
      0.00912437
      0.00907889
      0.00903264
      0.00898559
      0.00893777
      0.00888915
      0.00883975
      0.00878957
      0.00873859
      0.00868683
      0.00863428
      0.00858093
      0.00852680
      0.00847187
      0.00841615
      0.00835963
      0.00830232
      0.00824421
      0.00818530
      0.00812560
      0.00806509
      0.00800379
      0.00794168
      0.00787877
      0.00781506
      0.00775054
      0.00768521
      0.00761908
      0.00755214
      0.00748439
      0.00741584
      0.00734647
      0.00727629
      0.00720529
      0.00713348
      0.00706086
      0.00698742
      0.00691316
      0.00683808
      0.00676218
      0.00668546
      0.00660792
      0.00652956
      0.00645037
      0.00637036
      0.00628952
      0.00620785
      0.00612536
      0.00604203
      0.00595787
      0.00587289
      0.00578706
      0.00570041
      0.00561291
      0.00552458
      0.00543542
      0.00534541
      0.00525456
      0.00516287
      0.00507034
      0.00497696
      0.00488273
      0.00478767
      0.00469175
      0.00459499
      0.00449738
      0.00439891
      0.00429959
      0.00419940
      0.00409835
      0.00399645
      0.00389369
      0.00379009
      0.00368564
      0.00358034
      0.00347417
      0.00336710
      0.00325911
      0.00315019
      0.00304039
      0.00292973
      0.00281829
      0.00270608
      0.00259308
      0.00247917
      0.00236422
      0.00224808
      0.00213074
      0.00201230
      0.00189301
      0.00177310
      0.00165265
      0.00153144
      0.00140900
      0.00128476
      0.00115835
      0.00102975
      0.00089918
      0.00076700
      0.00063379
      0.00050124
      0.00037342
      0.00025743
      0.00016169
      0.00009182
      0.00004729
      0.00002237
      0.00000987
      0.00000409
      0.00000159
      0.00000058
      0.00000019
      0.00000006
      0.00000002
      0.00000000
      0.00000000
      0.00000000
      0.00000000
      0.00000000
      0.00000000
      0.00000000
      0.00000000
      0.00000000
      0.00000000
      0.00000000
      0.00000000
      0.00000000
      0.00000000
      0.00000000
      0.00000000
      0.00000000
      0.00000000
      0.00000000
      0.00000000
      0.00000000
      0.00000000
      0.00000000
      0.00000000
      0.00000000
      0.00000000
      0.00000000
      0.00000000
      0.00000000
      0.00000000
      0.00000000
      0.00000000
      0.00000000
      0.00000000
      0.00000000
      0.00000000
      0.00000000
      0.00000000
      0.00000000
      0.00000000
      0.00000000
      0.00000000
      0.00000000
      0.00000000
      0.00000000
      0.00000000
      0.00000000
      0.00000000
      0.00000000
      0.00000000
      0.00000000
      0.00000000
      0.00000000
      0.00000000
      0.00000000
      0.00000000
      0.00000000
      0.00000000
      0.00000000
      0.00000000
      0.00000000
      0.00000000
      0.00000000
      0.00000000
      0.00000000
      0.00000000
      0.00000000
      0.00000000
      0.00000000
      0.00000000
      0.00000000
      0.00000000
      0.00000000
      0.00000000
      0.00000000
      0.00000000
      0.00000000
      0.00000000
      0.00000000
      0.00000000
      0.00000000
      0.00000000
      0.00000000
      0.00000000
