      0.00000000
      1.25846616
      1.64944424
      2.03830016
      2.42546877
      2.81240866
     -3.08245776
     -2.69191426
     -2.29958590
     -1.90699328
     -1.51585812
     -1.12707801
     -0.74020429
     -0.35370457
      0.03418323
      0.42445982
      0.81675046
      1.20946134
      1.60069630
      1.98938737
      2.37591764
      2.76189394
     -3.13393165
     -2.74400312
     -2.35179308
     -1.95896870
     -1.56762588
     -1.17903825
     -0.79291240
     -0.40756692
     -0.02086474
      0.36860205
      0.76066504
      1.15358764
      1.54504434
      1.93350954
      2.31915245
      2.70372484
      3.08959188
     -2.80475223
     -2.41294131
     -2.01995520
     -1.62838416
     -1.24006779
     -0.85501213
     -0.47140742
     -0.08662782
      0.30134270
      0.69273021
      1.08570779
      1.47738014
      1.86550823
      2.24983249
      2.63219227
      3.01550961
     -2.88096055
     -2.49028952
     -2.09746863
     -1.70574097
     -1.31786632
     -0.93448382
     -0.55378590
     -0.17252167
      0.21229345
      0.60171122
      0.99405739
      1.38570815
      1.77320520
      2.15531332
      2.53367265
      2.91187133
     -2.98958453
     -2.60250869
     -2.21138812
     -1.82020416
     -1.43337733
     -1.05314518
     -0.67836098
     -0.30519920
      0.07092619
      0.45306016
      0.84083770
      1.23018932
      1.61538110
      1.99231391
      2.36071142
      2.72401075
      3.08759621
     -2.82681960
     -2.45095358
     -2.07076870
     -1.69321512
     -1.32624635
     -0.97510221
     -0.64067559
     -0.32022286
     -0.00898689
      0.29831099
      0.60632940
      0.91828860
      1.23555813
      1.55776928
      1.88340872
      2.21063166
      2.53795022
      2.86456918
     -3.09283123
     -2.76760894
     -2.44256758
     -2.11742463
     -1.79207730
     -1.46657772
     -1.14105650
     -0.81564558
     -0.49043097
     -0.16544161
      0.15933585
      0.48393254
      0.80837636
      1.13268118
      1.45684598
      1.78086027
      2.10471114
      2.42838847
      2.75188711
      3.07520641
     -2.88483703
     -2.56187012
     -2.23907652
     -1.91645588
     -1.59400881
     -1.27173641
     -0.94963961
     -0.62771894
     -0.30597442
      0.01559431
      0.33698779
      0.65820658
      0.97925119
      1.30012206
      1.62081959
      1.94134420
      2.26169636
      2.58187664
      2.90188565
     -3.06146124
     -2.74179269
     -2.42229328
     -2.10296225
     -1.78379882
     -1.46480221
     -1.14597159
     -0.82730612
     -0.50880493
     -0.19046712
      0.12770823
      0.44572207
      0.76357535
      1.08126907
      1.39880421
      1.71618181
      2.03340290
      2.35046853
      2.66737979
      2.98413777
     -2.98244173
     -2.66598696
     -2.34968208
     -2.03352593
     -1.71751734
     -1.40165510
     -1.08593801
     -0.77036483
     -0.45493433
     -0.13964525
      0.17550370
      0.49051378
      0.80538632
      1.12012262
      1.43472402
      1.74919186
      2.06352751
      2.37773234
      2.69180773
      3.00575510
     -2.96360946
     -2.64991390
     -2.33634208
     -2.02289255
     -1.70956384
     -1.39635447
     -1.08326296
     -0.77028778
     -0.45742743
     -0.14468038
      0.16795492
      0.48048003
      0.79289649
      1.10520590
      1.41740983
      1.72950990
      2.04150770
      2.35340487
      2.66520302
      2.97690381
     -2.99467642
     -2.68316540
     -2.37174675
     -2.06041881
     -1.74917986
     -1.43802822
     -1.12696216
     -0.81597998
     -0.50507994
     -0.19426030
      0.11648069
      0.42714477
      0.73773372
      1.04824930
      1.35869330
      1.66906750
      1.97937369
      2.28961369
      2.59978930
      2.90990233
     -3.06323069
     -2.75323733
     -2.44330105
     -2.13342001
     -1.82359236
     -1.51381625
     -1.20408982
     -0.89441120
     -0.58477853
     -0.27518991
      0.03435652
      0.34386265
      0.65333037
      0.96276158
      1.27215818
      1.58152206
      1.89085513
      2.20015930
      2.50943648
      2.81868859
      3.12791755
     -2.84606004
     -2.53687162
     -2.22770060
     -1.91854503
     -1.60940299
     -1.30027256
     -0.99115179
     -0.68203876
     -0.37293153
     -0.06382817
      0.24527325
      0.55437468
      0.86347804
      1.17258527
      1.48169830
      1.79081907
      2.09994950
      2.40909154
      2.71824711
      3.02741813
     -2.94657876
     -2.63737104
     -2.32814208
     -2.01888997
     -1.70961279
     -1.40030862
     -1.09097555
     -0.78161167
     -0.47221507
     -0.16278387
      0.14668386
      0.45618999
      0.76573642
      1.07532503
      1.38495771
      1.69463633
      2.00436276
      2.31413887
      2.62396652
      2.93384756
     -3.03940147
     -2.72940811
     -2.41935582
     -2.10924279
     -1.79906718
     -1.48882719
     -1.17852099
     -0.86814679
     -0.55770279
     -0.24718721
      0.06340174
      0.37406582
      0.68480681
      0.99562645
      1.30652649
      1.61750867
      1.92857473
      2.23972637
      2.55096531
      2.86229326
     -3.10947340
     -2.79796238
     -2.48635730
     -2.17465651
     -1.86285836
     -1.55096119
     -1.23896339
     -0.92686333
     -0.61465939
     -0.30234998
      0.01006648
      0.32259159
      0.63522689
      0.94797394
      1.26083429
      1.57380947
      1.88690098
      2.20011035
      2.51343906
      2.82688859
      3.14046041
     -2.82902934
     -2.51520859
     -2.20126122
     -1.88718583
     -1.57298100
     -1.25864535
     -0.94417751
     -0.62957611
     -0.31483981
      0.00003273
      0.31504281
      0.63019175
      0.94548084
      1.26091134
      1.57648452
      1.89220161
      2.20806385
      2.52407244
      2.84022859
     -3.12665184
     -2.81019707
     -2.49359126
     -2.17683328
     -1.85992202
     -1.54285639
     -1.22563530
     -0.90825770
     -0.59072256
     -0.27302884
      0.04482444
      0.36283828
      0.68101363
      0.99935144
      1.31785263
      1.63651810
      1.95534872
      2.27434533
      2.59350876
      2.91283979
     -3.05084611
     -2.73117756
     -2.41133914
     -2.09133013
     -1.77114985
     -1.45079769
     -1.13027308
     -0.80957555
     -0.48870468
     -0.16766007
      0.15355872
      0.47495220
      0.79652093
      1.11826545
      1.44018612
      1.76228292
      2.08455532
      2.40700239
      2.72962303
      3.05241663
     -2.90780177
     -2.58465990
     -2.26134060
     -1.93784196
     -1.61416463
     -1.29031376
     -0.96629947
     -0.64213467
     -0.31782985
      0.00661397
      0.33121066
      0.65598812
      0.98097748
      1.30619209
      1.63160301
      1.95712423
      2.28262381
      2.60797114
      2.93311409
     -3.02502986
     -2.69980757
     -2.37402267
     -2.04740371
     -1.72008515
     -1.39286221
     -1.06722277
     -0.74501162
     -0.42774209
     -0.11578289
      0.19223552
      0.49953340
      0.81076937
      1.13122210
      1.46564872
      1.81679286
      2.18376162
      2.56131521
      2.94150009
     -2.96581920
     -2.59704970
     -2.23346424
     -1.87016491
     -1.50176740
     -1.12483459
     -0.73964281
     -0.35029119
      0.03748635
      0.41962032
      0.79574571
      1.16890749
      1.54369169
      1.92392384
      2.31075067
      2.70193463
      3.09305520
     -2.80305426
     -2.42132483
     -2.04312614
     -1.66476682
     -1.28265869
     -0.89516164
     -0.50351088
     -0.11116471
      0.27825306
      0.66306818
      1.04433241
      1.42503033
      1.80841283
      2.19628748
      2.58801514
      2.98083603
     -2.91167825
     -2.52496310
     -2.14164577
     -1.75928598
     -1.37496172
     -0.98683363
     -0.59516129
     -0.20218370
      0.18920381
      0.57717433
      0.96195392
      1.34555863
      1.73061430
      2.11893067
      2.51050171
      2.90348782
     -2.98788657
     -2.59904538
     -2.21317833
     -1.82860594
     -1.44296303
     -1.05449783
     -0.66304113
     -0.27011853
      0.12194446
      0.51141125
      0.89811343
      1.28345891
      1.66958476
      2.05817238
      2.44951521
      2.84233959
     -3.04863568
     -2.65870715
     -2.27134743
     -1.88537113
     -1.49884086
     -1.11014979
     -0.71891483
     -0.32620395
      0.06608669
      0.45636328
      0.84425108
      1.23075080
      1.61762452
      2.00640463
      2.39753979
      2.79013241
     -3.10072454
     -2.71018103
     -2.32186215
     -1.93492226
     -1.54775365
     -1.15889773
     -0.76791965
      0.00000000
