      0.00000000
      1.41931890
      0.99253489
      0.72082604
      0.51219482
      0.31100762
      0.06525232
     -0.31751505
     -0.97861912
     -1.70951835
     -2.15605074
     -2.42196245
     -2.61977392
     -2.80685796
     -3.03343193
      2.89161007
      2.22620591
      1.43691792
      0.97510721
      0.71594044
      0.52997868
      0.35807387
      0.15243304
     -0.17603644
     -0.83699558
     -1.70037470
     -2.18138132
     -2.43254331
     -2.60534537
     -2.76079598
     -2.94358117
      3.04644167
      2.40451592
      1.44510310
      0.93923381
      0.69792735
      0.53998373
      0.40252185
      0.24470443
     -0.00709090
     -0.60649704
     -1.69252601
     -2.23199249
     -2.46059177
     -2.60140536
     -2.71898966
     -2.84951217
     -3.05377896
      2.70788785
      1.45470268
      0.86690446
      0.65571680
      0.53520904
      0.43990603
      0.33926417
      0.18825264
     -0.20954826
     -1.67394215
     -2.33878198
     -2.52399980
     -2.61946375
     -2.68926832
     -2.75709358
     -2.85029124
     -3.08304432
      1.51598154
      0.69916837
      0.55786575
      0.49523141
      0.45558112
      0.42407660
      0.39126984
      0.33195284
     -1.03911571
     -2.63410831
     -2.68508055
     -2.70004331
     -2.70190642
     -2.69244315
     -2.66491299
     -2.58685749
     -2.08192184
      0.05852400
      0.25507369
      0.32361960
      0.37494857
      0.43287808
      0.51775945
      0.67461815
      1.06814715
      2.10686078
      2.84219100
      3.10911874
     -3.02902134
     -2.91541075
     -2.80221256
     -2.67320167
     -2.51685466
     -2.32381888
     -2.08732533
     -1.80600815
     -1.48779127
     -1.14983907
     -0.81070750
     -0.48110327
     -0.16211135
      0.15056238
      0.46211811
      0.77623474
      1.09435865
      1.41603446
      1.73977410
      2.06400030
      2.38767537
      2.71046723
      3.03256690
     -2.92880518
     -2.60691553
     -2.28476021
     -1.96233278
     -1.63974477
     -1.31714139
     -0.99463795
     -0.67229280
     -0.35011249
     -0.02807391
      0.29385188
      0.61568367
      0.93742488
      1.25906643
      1.58059345
      1.90199165
      2.22325104
      2.54436679
      2.86533787
     -3.09702025
     -2.77633624
     -2.45579562
     -2.13539975
     -1.81515063
     -1.49505040
     -1.17510082
     -0.85530312
     -0.53565801
     -0.21616580
      0.10317335
      0.42235934
      0.74139207
      1.06027140
      1.37899722
      1.69756951
      2.01598834
      2.33425389
      2.65236643
      2.97032631
     -2.99505135
     -2.67739549
     -2.35989091
     -2.04253708
     -1.72533341
     -1.40827927
     -1.09137399
     -0.77461687
     -0.45800714
     -0.14154403
      0.17477331
      0.49094571
      0.80697408
      1.12285932
      1.43860238
      1.75420424
      2.06966589
      2.38498838
      2.70017274
      3.01522006
     -2.95305387
     -2.63827731
     -2.32363441
     -2.00912402
     -1.69474493
     -1.38049593
     -1.06637580
     -0.75238329
     -0.43851712
     -0.12477600
      0.18884138
      0.50233633
      0.81571020
      1.12896436
      1.44210017
      1.75511903
      2.06802236
      2.38081157
      2.69348810
      3.00605341
     -2.96467633
     -2.65232903
     -2.34008850
     -2.02795322
     -1.71592167
     -1.40399230
     -1.09216357
     -0.78043392
     -0.46880175
     -0.15726549
      0.15417648
      0.46552576
      0.77678399
      1.08795279
      1.39903382
      1.71002874
      2.02093922
      2.33176693
      2.64251357
      2.95318084
     -3.01941485
     -2.70890118
     -2.39846172
     -2.08809473
     -1.77779847
     -1.46757117
     -1.15741108
     -0.84731643
     -0.53728542
     -0.22731628
      0.08259279
      0.39244359
      0.70223794
      1.01197765
      1.32166454
      1.63130045
      1.94088720
      2.25042665
      2.55992064
      2.86937102
     -3.10440566
     -2.79503692
     -2.48570620
     -2.17641163
     -1.86715132
     -1.55792340
     -1.24872599
     -0.93955719
     -0.63041511
     -0.32129786
     -0.01220354
      0.29686976
      0.60592393
      0.91496088
      1.22398252
      1.53299076
      1.84198751
      2.15097468
      2.45995420
      2.76892796
      3.07789789
     -2.89631940
     -2.58735138
     -2.27838145
     -1.96940769
     -1.66042818
     -1.35144100
     -1.04244425
     -0.73343601
     -0.42441437
     -0.11537742
      0.19367675
      0.50275005
      0.81184437
      1.12096162
      1.43010370
      1.73927250
      2.04846991
      2.35769783
      2.66695814
      2.97625271
     -2.99760187
     -2.68823313
     -2.37882451
     -2.06937413
     -1.75988014
     -1.45034069
     -1.14075394
     -0.83111803
     -0.52143114
     -0.21169143
      0.09810292
      0.40795372
      0.71786279
      1.02783193
      1.33786294
      1.64795759
      1.95811768
      2.26834498
      2.57864124
      2.88900823
     -3.08373762
     -2.77322395
     -2.46263433
     -2.15196706
     -1.84122042
     -1.53039271
     -1.21948223
     -0.90848731
     -0.59740628
     -0.28623748
      0.02502075
      0.33637003
      0.64781199
      0.95934826
      1.27098043
      1.58271008
      1.89453881
      2.20646817
      2.51849973
      2.83063501
     -3.14030977
     -2.82796247
     -2.51550690
     -2.20294159
     -1.89026506
     -1.57747585
     -1.26457252
     -0.95155366
     -0.63841785
     -0.32516369
     -0.01178982
      0.30170513
      0.61532251
      0.92906362
      1.24292980
      1.55692231
      1.87104244
      2.18529144
      2.49967053
      2.81418092
      3.12882382
     -2.83958492
     -2.52467355
     -2.20962623
     -1.89444187
     -1.57911938
     -1.26365773
     -0.94805587
     -0.63231281
     -0.31642757
     -0.00039920
      0.31577320
      0.63209054
      0.94855365
      1.26516338
      1.58192050
      1.89882577
      2.21587991
      2.53308359
      2.85043742
     -3.11524331
     -2.79758745
     -2.47977980
     -2.16181992
     -1.84370738
     -1.52544184
     -1.20702300
     -0.88845071
     -0.56972489
     -0.25084556
      0.06818716
      0.38737316
      0.70671231
      1.02620452
      1.34584963
      1.66564733
      1.98559691
      2.30569714
      2.62594626
      2.94634213
     -3.01630256
     -2.69561854
     -2.37479136
     -2.05382028
     -1.73270453
     -1.41144514
     -1.09004694
     -0.76851992
     -0.44687837
     -0.12513717
      0.19669463
      0.51862042
      0.84065900
      1.16283931
      1.48518446
      1.80768790
      2.13029127
      2.45287929
      2.77530672
      3.09746204
     -2.86383362
     -2.54202039
     -2.21992072
     -1.89712886
     -1.57345379
     -1.24922759
     -0.92548795
     -0.60381214
     -0.28568823
      0.02842839
      0.33998413
      0.65265786
      0.97164978
      1.30125401
      1.64038558
      1.97833778
      2.29655466
      2.57787183
      2.81436539
      3.00740117
     -3.11943713
     -2.99042624
     -2.87722805
     -2.76361745
     -2.61857223
     -2.35164449
     -1.61631427
     -0.57760064
     -0.18407164
     -0.02721294
      0.05766843
      0.11559794
      0.16692691
      0.23547282
      0.43202251
      2.57246835
      3.07740400
     -3.12772581
     -3.10019565
     -3.09073238
     -3.09259549
     -3.10755824
      3.12465482
      1.52966222
      0.15859367
      0.09927667
      0.06646991
      0.03496539
     -0.00468491
     -0.06731924
     -0.20862186
     -1.02543503
     -2.70959448
     -2.94234756
     -3.03554522
     -3.10337048
      3.11001026
      3.01454631
      2.82932849
      2.16448866
      0.70009477
      0.30229387
      0.15128234
      0.05064048
     -0.04466253
     -0.16517029
     -0.37635795
     -0.96415618
     -2.21734134
     -2.73885984
     -2.94312663
     -3.07364914
      3.09195187
      2.95113828
      2.72253900
      2.18307252
      1.09704355
      0.49763741
      0.24584208
      0.08802466
     -0.04943722
     -0.20738084
     -0.44868730
     -0.95455659
     -1.91396941
     -2.55589516
     -2.84905762
     -3.03184282
      3.09589188
      2.92308982
      2.67192783
      2.19092121
      1.32754209
      0.66658295
      0.33811347
      0.13247264
     -0.03943217
     -0.22539393
     -0.48456070
     -0.94637141
     -1.73565940
     -2.40106356
     -2.75920687
     -2.98578084
      3.11032043
      2.91250896
      2.64659725
      2.20006486
      1.46916563
      0.80806156
      0.42529419
      0.17953889
     -0.02164831
     -0.23027953
     -0.50198838
     -0.92877239
      0.00000000
