             NaN
     -2.41764100
     -2.08480362
     -1.83556734
     -1.64863997
     -1.49962489
     -1.37007294
     -1.24535516
     -1.11030148
     -0.94238726
     -0.69706057
     -0.28055761
      0.37414138
      0.97259466
      1.32450001
      1.53256330
      1.67409490
      1.78418205
      1.88062684
      1.97525175
      2.07930838
      2.20826166
      2.39071806
      2.69017314
     -3.05935084
     -2.36342942
     -1.87970951
     -1.61083160
     -1.44513343
     -1.32730338
     -1.23111623
     -1.14049533
     -1.04157372
     -0.91734923
     -0.73888675
     -0.44392788
      0.08460684
      0.78694059
      1.28221359
      1.55679068
      1.72393117
      1.84055764
      1.93423518
      2.02262649
      2.12148676
      2.25019286
      2.44172477
      2.76704111
     -2.93937062
     -2.24420845
     -1.79007544
     -1.53762590
     -1.38173732
     -1.27218255
     -1.18321055
     -1.09680493
     -0.99579802
     -0.85821561
     -0.64526372
     -0.27313489
      0.36320385
      1.02724507
      1.42800308
      1.65357618
      1.79562287
      1.89684521
      1.98097115
      2.06623768
      2.17113679
      2.32049418
      2.56024220
      2.98806799
     -2.61031587
     -1.99652081
     -1.64509266
     -1.44362301
     -1.31450640
     -1.22112902
     -1.14123883
     -1.05628284
     -0.94650422
     -0.78412845
     -0.51550226
     -0.03168385
      0.67918185
      1.23900364
      1.55158345
      1.73398053
      1.85233172
      1.93900070
      2.01535691
      2.10033007
      2.21477888
      2.38915000
      2.68411480
     -3.06857719
     -2.35149229
     -1.83574895
     -1.55004186
     -1.38121591
     -1.27103422
     -1.18978139
     -1.11653025
     -1.03200986
     -0.91458462
     -0.73196990
     -0.41878514
      0.14123919
      0.85588415
      1.34506076
      1.61578874
      1.77664174
      1.88145555
      1.95856885
      2.02874986
      2.11149485
      2.22873556
      2.41319239
      2.73120693
     -2.98449607
     -2.27024672
     -1.78613313
     -1.51820774
     -1.35935451
     -1.25678784
     -1.18246555
     -1.11558441
     -1.03656852
     -0.92373239
     -0.74561960
     -0.43949945
      0.10947848
      0.82865310
      1.33292909
      1.61207638
      1.77600316
      1.88014284
      1.95338042
      2.01672093
      2.08965003
      2.19306267
      2.35542486
      2.63089492
      3.12807331
     -2.43547982
     -1.87608325
     -1.56357139
     -1.38355108
     -1.27399351
     -1.20732398
     -1.16897065
     -1.14951357
     -1.14205265
     -1.14141869
     -1.14395959
     -1.14737640
     -1.15045410
     -1.15272549
     -1.15415688
     -1.15491204
     -1.15520534
     -1.15522719
     -1.15511722
     -1.15496358
     -1.15481364
     -1.15468715
     -1.15458778
     -1.15451151
     -1.15445181
     -1.15440247
     -1.15435873
     -1.15431745
     -1.15427684
     -1.15423609
     -1.15419497
     -1.15415354
     -1.15411197
     -1.15407044
     -1.15402910
     -1.15398804
     -1.15394733
     -1.15390697
     -1.15386699
     -1.15382735
     -1.15378806
     -1.15374910
     -1.15371046
     -1.15367212
     -1.15363408
     -1.15359633
     -1.15355886
     -1.15352167
     -1.15348474
     -1.15344807
     -1.15341166
     -1.15337550
     -1.15333958
     -1.15330390
     -1.15326845
     -1.15323322
     -1.15319822
     -1.15316343
     -1.15312884
     -1.15309446
     -1.15306028
     -1.15302630
     -1.15299250
     -1.15295888
     -1.15292545
     -1.15289219
     -1.15285909
     -1.15282616
     -1.15279340
     -1.15276078
     -1.15272832
     -1.15269601
     -1.15266384
     -1.15263181
     -1.15259991
     -1.15256814
     -1.15253650
     -1.15250498
     -1.15247358
     -1.15244230
     -1.15241113
     -1.15238006
     -1.15234910
     -1.15231824
     -1.15228747
     -1.15225679
     -1.15222621
     -1.15219571
     -1.15216529
     -1.15213495
     -1.15210469
     -1.15207450
     -1.15204437
     -1.15201431
     -1.15198431
     -1.15195437
     -1.15192448
     -1.15189465
     -1.15186486
     -1.15183512
     -1.15180542
     -1.15177576
     -1.15174613
     -1.15171653
     -1.15168696
     -1.15165742
     -1.15162790
     -1.15159840
     -1.15156892
     -1.15153944
     -1.15150998
     -1.15148052
     -1.15145107
     -1.15142162
     -1.15139216
     -1.15136269
     -1.15133322
     -1.15130374
     -1.15127423
     -1.15124471
     -1.15121517
     -1.15118560
     -1.15115601
     -1.15112638
     -1.15109671
     -1.15106701
     -1.15103727
     -1.15100748
     -1.15097764
     -1.15094775
     -1.15091781
     -1.15088781
     -1.15085774
     -1.15082761
     -1.15079742
     -1.15076715
     -1.15073681
     -1.15070638
     -1.15067588
     -1.15064529
     -1.15061461
     -1.15058384
     -1.15055297
     -1.15052200
     -1.15049092
     -1.15045974
     -1.15042845
     -1.15039704
     -1.15036551
     -1.15033386
     -1.15030208
     -1.15027017
     -1.15023813
     -1.15020594
     -1.15017361
     -1.15014114
     -1.15010851
     -1.15007572
     -1.15004277
     -1.15000966
     -1.14997637
     -1.14994292
     -1.14990928
     -1.14987545
     -1.14984144
     -1.14980724
     -1.14977283
     -1.14973822
     -1.14970340
     -1.14966836
     -1.14963311
     -1.14959763
     -1.14956191
     -1.14952596
     -1.14948977
     -1.14945333
     -1.14941663
     -1.14937967
     -1.14934245
     -1.14930495
     -1.14926717
     -1.14922911
     -1.14919075
     -1.14915208
     -1.14911310
     -1.14907379
     -1.14903415
     -1.14899414
     -1.14895379
     -1.14891307
     -1.14887204
     -1.14883074
     -1.14878930
     -1.14874786
     -1.14870661
     -1.14866571
     -1.14862517
     -1.14858465
     -1.14854312
     -1.14849853
     -1.14844736
     -1.14838446
     -1.14830338
     -1.14819790
     -1.14806527
     -1.14791216
     -1.14776386
     -1.14767640
     -1.14774966
     -1.14813628
     -1.14903630
     -1.15066088
     -1.15314238
     -1.15636663
     -1.15971512
     -1.16173804
     -1.15982586
     -1.14996641
     -1.12659344
     -1.08229911
     -1.00675510
     -0.88325155
     -0.67850552
     -0.31673072
      0.31049757
      1.00169603
      1.43246132
      1.67246986
      1.81679936
      1.91053664
      1.97926393
      2.04320632
      2.12194134
      2.23753858
      2.42295643
      2.74530471
     -2.96333170
     -2.24983875
     -1.77056137
     -1.50482629
     -1.34682779
     -1.24465438
     -1.17051109
     -1.10364085
     -1.02445537
     -0.91118396
     -0.73201958
     -0.42312900
      0.13091677
      0.84816997
      1.34559571
      1.62139675
      1.78505690
      1.89141099
      1.96917137
      2.03921649
      2.12103802
      2.23642380
      2.41760525
      2.72969912
     -2.99439450
     -2.27952945
     -1.78929399
     -1.51739570
     -1.35498587
     -1.24801305
     -1.16813235
     -1.09474958
     -1.00854790
     -0.88739003
     -0.69714847
     -0.36734445
      0.21806813
      0.92300307
      1.38500656
      1.64185806
      1.79764282
      1.90260355
      1.98364143
      2.06070005
      2.15288158
      2.28311478
      2.48911233
      2.85069517
     -2.80615010
     -2.12623509
     -1.70715446
     -1.47204851
     -1.32601476
     -1.22441671
     -1.14245652
     -1.06109283
     -0.96138967
     -0.81899505
     -0.59054778
     -0.18348087
      0.48677883
      1.12121946
      1.49088465
      1.70219234
      1.83766828
      1.93583706
      2.01914317
      2.10559992
      2.21412827
      2.37131115
      2.62843539
      3.09181587
     -2.49020631
     -1.91756654
     -1.59550615
     -1.40622347
     -1.28017700
     -1.18449639
     -1.09906874
     -1.00695617
     -0.88907808
     -0.71589704
     -0.42656076
      0.09501063
      0.80237241
      1.31087455
      1.59371952
      1.76549791
      1.88464624
      1.97935379
      2.06752197
      2.16490267
      2.29060637
      2.47687168
      2.79289128
     -2.92650139
     -2.23194412
     -1.77083553
     -1.51316614
     -1.35187811
     -1.23588126
     -1.14041978
     -1.04978954
     -0.95003388
     -0.82351316
     -0.63921865
     -0.32951979
      0.22328147
      0.91488922
      1.38031084
      1.64148524
      1.80653301
      1.92719625
      2.02749295
      2.12129072
      2.21959811
      2.33511506
      2.48848801
      2.72237747
      3.12856451
     -2.50483970
     -1.89903812
     -1.53755509
     -1.31877981
     -1.16328369
     -1.03434045
     -0.91250511
     -0.78378679
     -0.63388054
     -0.44417607
     -0.19003046
      0.14875314
      0.00000000
