      0.00000000
     -3.02685478
      2.92349315
      2.67425687
      2.48732950
      2.33831442
      2.20876248
      2.08404469
      1.94899101
      1.78107680
      1.53575012
      1.11924715
      0.46454814
     -0.13390515
     -0.48581050
     -0.69387379
     -0.83540538
     -0.94549252
     -1.04193732
     -1.13656222
     -1.24061885
     -1.36957212
     -1.55202852
     -1.85148360
     -2.38514493
     -3.08106637
      2.71839901
      2.44952110
      2.28382294
      2.16599290
      2.06980575
      1.97918485
      1.88026324
      1.75603875
      1.57757628
      1.28261741
      0.75408268
      0.05174890
     -0.44352410
     -0.71810118
     -0.88524167
     -1.00186813
     -1.09554567
     -1.18393698
     -1.28279725
     -1.41150335
     -1.60303525
     -1.92835159
     -2.50512518
      3.08289793
      2.62876492
      2.37631539
      2.22042681
      2.11087204
      2.02190004
      1.93549442
      1.83448752
      1.69690510
      1.48395322
      1.11182439
      0.47548563
     -0.18855561
     -0.58931362
     -0.81488671
     -0.95693340
     -1.05815574
     -1.14228168
     -1.22754821
     -1.33244731
     -1.48180470
     -1.72155273
     -2.14937852
     -2.83417998
      2.83521026
      2.48378210
      2.28231246
      2.15319585
      2.05981847
      1.97992828
      1.89497229
      1.78519367
      1.62281790
      1.35419172
      0.87037330
      0.15950758
     -0.40031421
     -0.71289402
     -0.89529110
     -1.01364229
     -1.10031127
     -1.17666749
     -1.26164064
     -1.37608945
     -1.55046057
     -1.84542537
     -2.37591870
     -3.09300361
      2.67443835
      2.38873126
      2.21990531
      2.10972362
      2.02847079
      1.95521965
      1.87069926
      1.75327402
      1.57065930
      1.25747455
      0.69745020
     -0.01719478
     -0.50637139
     -0.77709937
     -0.93795237
     -1.04276618
     -1.11987948
     -1.19006049
     -1.27280548
     -1.39004619
     -1.57450302
     -1.89251756
     -2.45999987
      3.10893607
      2.62482247
      2.35689709
      2.19804386
      2.09547719
      2.02115489
      1.95427375
      1.87525786
      1.76242173
      1.58430894
      1.27818879
      0.72921085
      0.01003621
     -0.49423979
     -0.77338708
     -0.93731385
     -1.04145354
     -1.11469111
     -1.17803163
     -1.25096072
     -1.35437336
     -1.51673554
     -1.79220559
     -2.28938400
     -3.00901625
      2.71477246
      2.40226060
      2.22224030
      2.11268274
      2.04601323
      2.00765994
      1.98820290
      1.98074204
      1.98010816
      1.98264917
      1.98606611
      1.98914394
      1.99141548
      1.99284704
      1.99360237
      1.99389584
      1.99391786
      1.99380806
      1.99365460
      1.99350482
      1.99337849
      1.99327928
      1.99320315
      1.99314359
      1.99309438
      1.99305075
      1.99300958
      1.99296906
      1.99292840
      1.99288735
      1.99284597
      1.99280444
      1.99276295
      1.99272163
      1.99268059
      1.99263988
      1.99259952
      1.99255952
      1.99251987
      1.99248055
      1.99244155
      1.99240287
      1.99236448
      1.99232639
      1.99228859
      1.99225106
      1.99221381
      1.99217682
      1.99214009
      1.99210362
      1.99206739
      1.99203141
      1.99199566
      1.99196015
      1.99192487
      1.99188980
      1.99185495
      1.99182031
      1.99178588
      1.99175164
      1.99171761
      1.99168376
      1.99165010
      1.99161661
      1.99158331
      1.99155017
      1.99151721
      1.99148440
      1.99145176
      1.99141926
      1.99138692
      1.99135472
      1.99132266
      1.99129073
      1.99125894
      1.99122728
      1.99119574
      1.99116432
      1.99113302
      1.99110183
      1.99107075
      1.99103977
      1.99100890
      1.99097812
      1.99094743
      1.99091684
      1.99088633
      1.99085590
      1.99082555
      1.99079528
      1.99076508
      1.99073495
      1.99070488
      1.99067488
      1.99064493
      1.99061504
      1.99058520
      1.99055541
      1.99052566
      1.99049596
      1.99046629
      1.99043666
      1.99040706
      1.99037749
      1.99034795
      1.99031843
      1.99028892
      1.99025944
      1.99022996
      1.99020050
      1.99017104
      1.99014158
      1.99011213
      1.99008267
      1.99005321
      1.99002373
      1.98999425
      1.98996474
      1.98993522
      1.98990568
      1.98987611
      1.98984651
      1.98981688
      1.98978722
      1.98975752
      1.98972777
      1.98969798
      1.98966814
      1.98963826
      1.98960831
      1.98957831
      1.98954825
      1.98951812
      1.98948792
      1.98945765
      1.98942731
      1.98939689
      1.98936638
      1.98933579
      1.98930511
      1.98927434
      1.98924347
      1.98921250
      1.98918143
      1.98915024
      1.98911895
      1.98908754
      1.98905601
      1.98902436
      1.98899258
      1.98896067
      1.98892863
      1.98889644
      1.98886411
      1.98883163
      1.98879900
      1.98876622
      1.98873327
      1.98870016
      1.98866687
      1.98863341
      1.98859977
      1.98856595
      1.98853194
      1.98849773
      1.98846332
      1.98842871
      1.98839389
      1.98835886
      1.98832360
      1.98828812
      1.98825240
      1.98821645
      1.98818026
      1.98814382
      1.98810712
      1.98807016
      1.98803294
      1.98799544
      1.98795766
      1.98791959
      1.98788123
      1.98784257
      1.98780359
      1.98776428
      1.98772463
      1.98768463
      1.98764427
      1.98760356
      1.98756253
      1.98752123
      1.98747978
      1.98743834
      1.98739710
      1.98735620
      1.98731566
      1.98727513
      1.98723361
      1.98718903
      1.98713786
      1.98707495
      1.98699388
      1.98688840
      1.98675576
      1.98660266
      1.98645436
      1.98636691
      1.98644016
      1.98682679
      1.98772681
      1.98935139
      1.99183289
      1.99505713
      1.99840563
      2.00042855
      1.99851637
      1.98865692
      1.96528395
      1.92098962
      1.84544561
      1.72194206
      1.51719604
      1.15542124
      0.52819294
     -0.16300552
     -0.59377081
     -0.83377935
     -0.97810884
     -1.07184613
     -1.14057342
     -1.20451581
     -1.28325083
     -1.39884807
     -1.58426592
     -1.90661420
     -2.48116309
      3.08852926
      2.60925188
      2.34351680
      2.18551830
      2.08334489
      2.00920160
      1.94233136
      1.86314588
      1.74987447
      1.57071009
      1.26181951
      0.70777374
     -0.00947946
     -0.50690520
     -0.78270624
     -0.94636639
     -1.05272048
     -1.13048086
     -1.20052598
     -1.28234751
     -1.39773329
     -1.57891474
     -1.89100861
     -2.45010030
      3.11821996
      2.62798450
      2.35608621
      2.19367639
      2.08670356
      2.00682286
      1.93344009
      1.84723841
      1.72608054
      1.53583898
      1.20603496
      0.62062238
     -0.08431256
     -0.54631605
     -0.80316755
     -0.95895231
     -1.06391304
     -1.14495092
     -1.22200954
     -1.31419107
     -1.44442427
     -1.65042182
     -2.01200466
     -2.63834469
      2.96492560
      2.54584497
      2.31073902
      2.16470527
      2.06310722
      1.98114703
      1.89978334
      1.80008018
      1.65768556
      1.42923829
      1.02217138
      0.35191168
     -0.28252895
     -0.65219414
     -0.86350183
     -0.99897777
     -1.09714655
     -1.18045266
     -1.26690941
     -1.37543776
     -1.53262064
     -1.78974488
     -2.25312536
     -2.95428849
      2.75625705
      2.43419666
      2.24491398
      2.11886751
      2.02318690
      1.93775925
      1.84564668
      1.72776859
      1.55458755
      1.26525127
      0.74367988
      0.03631810
     -0.47218404
     -0.75502901
     -0.92680740
     -1.04595573
     -1.14066328
     -1.22883146
     -1.32621216
     -1.45191586
     -1.63818117
     -1.95420077
     -2.51799341
      3.07063462
      2.60952604
      2.35185665
      2.19056862
      2.07457176
      1.97911029
      1.88848005
      1.78872439
      1.66220367
      1.47790916
      1.16821030
      0.61540904
     -0.07619871
     -0.54162033
     -0.80279473
     -0.96784250
     -1.08850574
     -1.18880244
     -1.28260021
     -1.38090760
     -1.49642455
     -1.64979750
     -1.88368696
     -2.28987400
     -2.93965510
      2.73772863
      2.37624560
      2.15747032
      2.00197420
      1.87303096
      1.75119562
      1.62247730
      1.47257105
      1.28286657
      1.02872097
      0.68993737
      0.00000000
