      0.00000000
      0.00000000
      0.00000000
      0.00000000
      0.00000000
      0.00000000
      0.00000000
      0.00000000
      0.00000000
      0.00000000
      0.00000000
      0.00000000
      0.00000000
      0.00000000
      0.00000000
      0.00000000
      0.00000000
      0.00000000
      0.00000000
      0.00000000
      0.00000000
      0.00000000
      0.00000000
      0.00000000
      0.00000000
      0.00000000
      0.00000000
      0.00000000
      0.00000000
      0.00000000
      0.00000000
      0.00000000
      0.00000000
      0.00000000
      0.00000000
      0.00000000
      0.00000000
      0.00000000
      0.00000000
      0.00000000
      0.00000000
      0.00000000
      0.00000000
      0.00000000
      0.00000000
      0.00000000
      0.00000000
      0.00000000
      0.00000000
      0.00000000
      0.00000000
      0.00000000
      0.00000000
      0.00000000
      0.00000000
      0.00000000
      0.00000000
      0.00000000
      0.00000000
      0.00000000
      0.00000000
      0.00000000
      0.00000000
      0.00000000
      0.00000000
      0.00000000
      0.00000000
      0.00000000
      0.00000000
      0.00000000
      0.00000000
      0.00000000
      0.00000000
      0.00000000
      0.00000000
      0.00000000
      0.00000000
      0.00000000
      0.00000000
      0.00000000
      0.00000000
      0.00000000
      0.00000000
      0.00000000
      0.00000000
      0.00000000
      0.00000000
      0.00000000
      0.00000000
      0.00000000
      0.00000000
      0.00000000
      0.00000000
      0.00000000
      0.00000000
      0.00000000
      0.00000000
      0.00000000
      0.00000000
      0.00000000
      0.00000000
      0.00000000
      0.00000000
      0.00000000
      0.00000000
      0.00000000
      0.00000000
      0.00000000
      0.00000000
      0.00000000
      0.00000000
      0.00000000
      0.00000000
      0.00000000
      0.00000000
      0.00000000
      0.00000000
      0.00000000
      0.00000000
      0.00000000
      0.00000000
      0.00000000
      0.00000000
      0.00000000
      0.00000000
      0.00000000
      0.00000000
      0.00000000
      0.00000000
      0.00000000
      0.00000000
      0.00000000
      0.00000000
      0.00000000
      0.00000000
      0.00000000
      0.00000000
      0.00000000
      0.00000000
      0.00000000
      0.00000000
      0.00000000
      0.00000000
      0.00000000
      0.00000000
      0.00000000
      0.00000001
      0.00000007
      0.00000045
      0.00000231
      0.00000954
      0.00003167
      0.00008424
      0.00018074
      0.00032020
      0.00048678
      0.00066263
      0.00083739
      0.00100799
      0.00117469
      0.00133840
      0.00149980
      0.00165921
      0.00181678
      0.00197258
      0.00212663
      0.00227895
      0.00242956
      0.00257845
      0.00272564
      0.00287113
      0.00301493
      0.00315704
      0.00329745
      0.00343618
      0.00357322
      0.00370857
      0.00384224
      0.00397423
      0.00410453
      0.00423314
      0.00436008
      0.00448533
      0.00460890
      0.00473078
      0.00485099
      0.00496951
      0.00508635
      0.00520151
      0.00531499
      0.00542678
      0.00553690
      0.00564533
      0.00575208
      0.00585715
      0.00596054
      0.00606225
      0.00616227
      0.00626062
      0.00635728
      0.00645227
      0.00654557
      0.00663719
      0.00672713
      0.00681539
      0.00690196
      0.00698686
      0.00707007
      0.00715161
      0.00723146
      0.00730963
      0.00738612
      0.00746093
      0.00753406
      0.00760551
      0.00767528
      0.00774336
      0.00780976
      0.00787449
      0.00793753
      0.00799890
      0.00805859
      0.00811660
      0.00817292
      0.00822754
      0.00828045
      0.00833164
      0.00838115
      0.00842911
      0.00847569
      0.00852116
      0.00856573
      0.00860933
      0.00865143
      0.00869076
      0.00872541
      0.00875347
      0.00877457
      0.00879258
      0.00881909
      0.00887596
      0.00899249
      0.00919300
      0.00947914
      0.00981884
      0.01014479
      0.01035136
      0.01027435
      0.00962410
      0.00832928
      0.00861449
      0.01004141
      0.01080919
      0.01111439
      0.01114212
      0.01090311
      0.01024130
      0.00890099
      0.00825644
      0.00951070
      0.01030201
      0.01046307
      0.01030237
      0.00999751
      0.00966019
      0.00936257
      0.00914366
      0.00901046
      0.00894493
      0.00891899
      0.00890831
      0.00889792
      0.00888130
      0.00885729
      0.00882732
      0.00879347
      0.00875747
      0.00872034
      0.00868245
      0.00864372
      0.00860389
      0.00856270
      0.00851993
      0.00847548
      0.00842930
      0.00838141
      0.00833181
      0.00828052
      0.00822755
      0.00817290
      0.00811658
      0.00805858
      0.00799890
      0.00793754
      0.00787450
      0.00780977
      0.00774337
      0.00767528
      0.00760552
      0.00753407
      0.00746094
      0.00738613
      0.00730964
      0.00723147
      0.00715161
      0.00707008
      0.00698687
      0.00690197
      0.00681539
      0.00672713
      0.00663719
      0.00654557
      0.00645227
      0.00635729
      0.00626062
      0.00616228
      0.00606225
      0.00596054
      0.00585716
      0.00575208
      0.00564533
      0.00553690
      0.00542679
      0.00531499
      0.00520151
      0.00508635
      0.00496951
      0.00485099
      0.00473079
      0.00460890
      0.00448533
      0.00436008
      0.00423315
      0.00410453
      0.00397423
      0.00384224
      0.00370857
      0.00357322
      0.00343618
      0.00329745
      0.00315704
      0.00301493
      0.00287113
      0.00272564
      0.00257845
      0.00242956
      0.00227896
      0.00212663
      0.00197258
      0.00181678
      0.00165921
      0.00149980
      0.00133840
      0.00117469
      0.00100799
      0.00083739
      0.00066263
      0.00048678
      0.00032020
      0.00018074
      0.00008424
      0.00003167
      0.00000954
      0.00000231
      0.00000045
      0.00000007
      0.00000001
      0.00000000
      0.00000000
      0.00000000
      0.00000000
      0.00000000
      0.00000000
      0.00000000
      0.00000000
      0.00000000
      0.00000000
      0.00000000
      0.00000000
      0.00000000
      0.00000000
      0.00000000
      0.00000000
      0.00000000
      0.00000000
      0.00000000
      0.00000000
      0.00000000
      0.00000000
      0.00000000
      0.00000000
      0.00000000
      0.00000000
      0.00000000
      0.00000000
      0.00000000
      0.00000000
      0.00000000
      0.00000000
      0.00000000
      0.00000000
      0.00000000
      0.00000000
      0.00000000
      0.00000000
      0.00000000
      0.00000000
      0.00000000
      0.00000000
      0.00000000
      0.00000000
      0.00000000
      0.00000000
      0.00000000
      0.00000000
      0.00000000
      0.00000000
      0.00000000
      0.00000000
      0.00000000
      0.00000000
      0.00000000
      0.00000000
      0.00000000
      0.00000000
      0.00000000
      0.00000000
      0.00000000
      0.00000000
      0.00000000
      0.00000000
      0.00000000
      0.00000000
      0.00000000
      0.00000000
      0.00000000
      0.00000000
      0.00000000
      0.00000000
      0.00000000
      0.00000000
      0.00000000
      0.00000000
      0.00000000
      0.00000000
      0.00000000
      0.00000000
      0.00000000
      0.00000000
      0.00000000
      0.00000000
      0.00000000
      0.00000000
      0.00000000
      0.00000000
      0.00000000
      0.00000000
      0.00000000
      0.00000000
      0.00000000
      0.00000000
      0.00000000
      0.00000000
      0.00000000
      0.00000000
      0.00000000
      0.00000000
      0.00000000
      0.00000000
      0.00000000
      0.00000000
      0.00000000
      0.00000000
      0.00000000
      0.00000000
      0.00000000
      0.00000000
      0.00000000
      0.00000000
      0.00000000
      0.00000000
      0.00000000
      0.00000000
      0.00000000
      0.00000000
      0.00000000
      0.00000000
      0.00000000
      0.00000000
      0.00000000
      0.00000000
      0.00000000
      0.00000000
      0.00000000
      0.00000000
      0.00000000
      0.00000000
      0.00000000
      0.00000000
      0.00000000
      0.00000000
      0.00000000
      0.00000000
      0.00000000
      0.00000000
      0.00000000
      0.00000000
      0.00000000
      0.00000000
      0.00000000
      0.00000000
      0.00000000
      0.00000000
