      0.00000000
      3.01006921
      2.59593268
      2.18365736
      1.78695828
      1.40914559
      1.04295805
      0.67567297
      0.29477289
     -0.10609664
     -0.52169333
     -0.93628810
     -1.33461431
     -1.71241431
     -2.07702652
     -2.44190437
     -2.82067435
      3.06226832
      2.64522447
      2.22804507
      1.82781732
      1.44992480
      1.08698789
      0.72478201
      0.34848691
     -0.05086664
     -0.46937483
     -0.88944002
     -1.29190276
     -1.67002999
     -2.03119206
     -2.39042609
     -2.76383454
      3.12122763
      2.70127616
      2.27798387
      1.87287600
      1.49432007
      1.13502667
      0.77910449
      0.40907790
      0.01263279
     -0.40867942
     -0.83558352
     -1.24384769
     -1.62310015
     -1.98044580
     -2.33267099
     -2.69871613
     -3.09289162
      2.76780137
      2.33685752
      1.92479102
      1.54446730
      1.18911836
      0.84102457
      0.47969105
      0.08857333
     -0.33476217
     -0.77020839
     -1.18690498
     -1.56883231
     -1.92219181
     -2.26566934
     -2.62139831
     -3.00840057
      2.85119271
      2.41077479
      1.98837393
      1.60407374
      1.25259523
      0.91426349
      0.56523237
      0.18377345
     -0.23908749
     -0.68488263
     -1.11439521
     -1.50220152
     -1.85208750
     -2.18472050
     -2.52572018
     -2.89970167
      2.96298817
      2.51163760
      2.07316392
      1.68014416
      1.33123966
      1.00482763
      0.67346630
      0.30957836
     -0.10587371
     -0.56236430
     -1.01219669
     -1.41306972
     -1.76219489
     -2.08201956
     -2.40186051
     -2.75215087
      3.12497007
      2.66515647
      2.20102997
      1.78810285
      1.43642962
      1.12311922
      0.81686749
      0.48474880
      0.09498618
     -0.36318534
     -0.84450237
     -1.27634959
     -1.63516439
     -1.94313596
     -2.23386779
     -2.54217807
     -2.90510688
      2.93320685
      2.43464976
      1.97263742
      1.59715121
      1.29056187
      1.01619091
      0.73776659
      0.41619125
      0.00877620
     -0.49354118
     -1.00166527
     -1.41518903
     -1.73207216
     -1.99316358
     -2.23743558
     -2.50183380
     -2.83208288
      3.00232564
      2.45099681
      1.94961185
      1.58425014
      1.31885712
      1.10420727
      0.90447014
      0.68716281
      0.40723661
     -0.00874914
     -0.59885323
     -1.16520834
     -1.54005743
     -1.77535548
     -1.93648400
     -2.05753659
     -2.15526809
     -2.23833810
     -2.31131169
     -2.37631574
     -2.43381331
     -2.48325761
     -2.52389269
     -2.55550282
     -2.57879527
     -2.59526305
     -2.60669193
     -2.61468567
     -2.62044053
     -2.62474750
     -2.62809602
     -2.63078353
     -2.63299441
     -2.63484802
     -2.63642544
     -2.63778420
     -2.63896651
     -2.64000416
     -2.64092165
     -2.64173814
     -2.64246887
     -2.64312611
     -2.64371984
     -2.64425832
     -2.64474836
     -2.64519570
     -2.64560519
     -2.64598092
     -2.64632644
     -2.64664477
     -2.64693854
     -2.64721004
     -2.64746127
     -2.64769400
     -2.64790976
     -2.64810995
     -2.64829579
     -2.64846836
     -2.64862864
     -2.64877753
     -2.64891581
     -2.64904420
     -2.64916335
     -2.64927385
     -2.64937624
     -2.64947103
     -2.64955865
     -2.64963953
     -2.64971404
     -2.64978255
     -2.64984538
     -2.64990283
     -2.64995518
     -2.65000270
     -2.65004563
     -2.65008420
     -2.65011861
     -2.65014908
     -2.65017579
     -2.65019892
     -2.65021865
     -2.65023513
     -2.65024849
     -2.65025883
     -2.65026620
     -2.65027066
     -2.65027227
     -2.65027127
     -2.65026819
     -2.65026385
     -2.65025912
     -2.65025403
     -2.65024629
     -2.65022926
     -2.65019055
     -2.65011313
     -2.64998152
     -2.64979472
     -2.64958471
     -2.64943281
     -2.64946797
     -2.64982423
     -2.65053539
     -2.65135935
     -2.65155901
     -2.64973105
     -2.64388384
     -2.63210407
     -2.61412083
     -2.59340824
     -2.57812801
     -2.57913762
     -2.60640771
     -2.66779195
     -2.77245570
     -2.94161993
      3.04329475
      2.44467947
      1.56269573
      1.03774788
      0.76458613
      0.58304210
      0.42580725
      0.25072345
     -0.00193064
     -0.47218180
     -1.32150745
     -1.98518990
     -2.31708335
     -2.50151928
     -2.61549971
     -2.68440612
     -2.71842106
     -2.72492116
     -2.71280291
     -2.69245750
     -2.67280061
     -2.65866409
     -2.65082963
     -2.64780781
     -2.64756156
     -2.64843414
     -2.64941259
     -2.65004936
     -2.65027004
     -2.65018400
     -2.64994679
     -2.64968428
     -2.64946768
     -2.64931965
     -2.64923272
     -2.64918746
     -2.64916463
     -2.64915069
     -2.64913849
     -2.64912563
     -2.64911229
     -2.64909953
     -2.64908839
     -2.64907948
     -2.64907307
     -2.64906923
     -2.64906795
     -2.64906923
     -2.64907312
     -2.64907972
     -2.64908915
     -2.64910154
     -2.64911704
     -2.64913581
     -2.64915801
     -2.64918380
     -2.64921336
     -2.64924688
     -2.64928456
     -2.64932662
     -2.64937327
     -2.64942477
     -2.64948139
     -2.64954339
     -2.64961109
     -2.64968481
     -2.64976490
     -2.64985175
     -2.64994578
     -2.65004743
     -2.65015721
     -2.65027564
     -2.65040333
     -2.65054092
     -2.65068914
     -2.65084877
     -2.65102071
     -2.65120591
     -2.65140549
     -2.65162067
     -2.65185282
     -2.65210349
     -2.65237445
     -2.65266769
     -2.65298551
     -2.65333054
     -2.65370580
     -2.65411482
     -2.65456172
     -2.65505134
     -2.65558941
     -2.65618275
     -2.65683962
     -2.65756999
     -2.65838614
     -2.65930331
     -2.66034067
     -2.66152269
     -2.66288118
     -2.66445836
     -2.66631174
     -2.66852241
     -2.67120972
     -2.67455807
     -2.67886488
     -2.68461960
     -2.69261322
     -2.70404200
     -2.72050970
     -2.74380208
     -2.77541215
     -2.81604718
     -2.86549145
     -2.92298898
     -2.98799301
     -3.06096657
      3.13914875
      3.04141727
      2.92036471
      2.75923621
      2.52393819
      2.14908910
      1.58273396
      0.99262981
      0.57664406
      0.29671788
      0.07941058
     -0.12032652
     -0.33497635
     -0.60036935
     -0.96573105
     -1.46711603
     -2.01844490
     -2.46722170
     -2.79747076
     -3.06186897
      2.97704437
      2.71595296
      2.39906985
      1.98554610
      1.47742197
      0.97510457
      0.56768952
      0.24611419
     -0.03231011
     -0.30668105
     -0.61327037
     -0.98875657
     -1.45076893
     -1.94932605
     -2.39419763
     -2.75712643
     -3.06543669
      2.92701680
      2.61904525
      2.26023045
      1.82838323
      1.34706618
      0.88889465
      0.49913203
      0.16701335
     -0.13923837
     -0.45254875
     -0.80422197
     -1.21714909
     -1.68127561
     -2.14108922
     -2.54715359
     -2.89744394
      3.06590043
      2.74607577
      2.39695061
      1.99607758
      1.54624518
      1.08975457
      0.67430250
      0.31041457
     -0.02094675
     -0.34735877
     -0.69626325
     -1.08928302
     -1.52775670
     -1.97910729
     -2.39960276
     -2.77358425
     -3.11458392
      2.83596840
      2.48608243
      2.09827613
      1.66876354
      1.22296838
      0.80010744
      0.41864853
      0.06961741
     -0.26871432
     -0.62019282
     -1.00449301
     -1.42689387
     -1.86731180
     -2.29090384
     -2.67790610
     -3.03363506
      2.90607273
      2.55271324
      2.17078591
      1.75408931
      1.31864308
      0.89530758
      0.50418986
      0.14285635
     -0.20523743
     -0.56058637
     -0.94091008
     -1.35297658
     -1.78392045
     -2.20641276
     -2.60058826
     -2.96663339
      2.96432674
      2.60698109
      2.22772864
      1.81946446
      1.39256036
      0.97124815
      0.57480303
      0.20477645
     -0.15114573
     -0.51043912
     -0.88899505
     -1.29410291
     -1.71739521
     -2.13734669
     -2.53546982
     -2.90887828
      3.01507301
      2.65391094
      2.27578372
      1.87332098
      1.45325578
      1.03474759
      0.63539404
      0.25909894
     -0.10310694
     -0.46604384
     -0.84393636
     -1.24416411
     -1.66134351
     -2.07838736
     -2.47863001
     -2.85739998
      3.06090748
      2.69629528
      2.31849528
      1.92016907
      1.50557430
      1.08997760
      0.68910807
      0.30820800
     -0.05907708
     -0.42526462
     -0.80307730
     -1.19977639
     -1.61205171
     -2.02618825
      0.00000000
