      0.00000000
      0.10633778
     -0.28428722
     -0.67491222
     -1.06553722
     -1.45616222
     -1.84678722
     -2.23741222
     -2.62803722
     -3.01866222
      2.87389809
      2.48327309
      2.09264809
      1.70202309
      1.31139809
      0.92077309
      0.53014809
      0.13952309
     -0.25110191
     -0.64172691
     -1.03235191
     -1.42297691
     -1.81360191
     -2.20422691
     -2.59485191
     -2.98547691
      2.90708340
      2.51645840
      2.12583340
      1.73520840
      1.34458340
      0.95395840
      0.56333340
      0.17270840
     -0.21791660
     -0.60854160
     -0.99916660
     -1.38979160
     -1.78041660
     -2.17104160
     -2.56166660
     -2.95229160
      2.94026870
      2.54964370
      2.15901870
      1.76839370
      1.37776870
      0.98714370
      0.59651870
      0.20589370
     -0.18473130
     -0.57535630
     -0.96598130
     -1.35660630
     -1.74723130
     -2.13785630
     -2.52848130
     -2.91910630
      2.97345401
      2.58282901
      2.19220401
      1.80157901
      1.41095401
      1.02032901
      0.62970401
      0.23907901
     -0.15154599
     -0.54217099
     -0.93279599
     -1.32342099
     -1.71404599
     -2.10467099
     -2.49529599
     -2.88592099
      3.00663932
      2.61601432
      2.22538932
      1.83476432
      1.44413932
      1.05351432
      0.66288932
      0.27226432
     -0.11836068
     -0.50898568
     -0.89961068
     -1.29023568
     -1.68086068
     -2.07148568
     -2.46211068
     -2.85273568
      3.03982463
      2.64919963
      2.25857463
      1.86794963
      1.47732463
      1.08669963
      0.69607463
      0.30544963
     -0.08517536
     -0.47580036
     -0.86642536
     -1.25705036
     -1.64767536
     -2.03830036
     -2.42892536
     -2.81955036
      3.07300994
      2.68238493
      2.29175992
      1.90113490
      1.51050987
      1.11988483
      0.72925979
      0.33863474
     -0.05199031
     -0.44261537
     -0.83324044
     -1.22386550
     -1.61449056
     -2.00511561
     -2.39574065
     -2.78636567
      3.10619465
      2.71556969
      2.32494478
      1.93431993
      1.54369514
      1.15307043
      0.76244581
      0.37182129
     -0.01880311
     -0.40942738
     -0.80005149
     -1.19067543
     -1.58129917
     -1.97192269
     -2.36254596
     -2.75316896
      3.13939365
      2.74877130
      2.35814932
      1.96752775
      1.57690663
      1.18628600
      0.79566590
      0.40504636
      0.01442743
     -0.37619075
     -0.76680698
     -1.15741415
     -1.54799185
     -1.93855565
     -2.32944010
     -2.72173303
     -3.11666392
      2.77025617
      2.37829837
      1.99716028
      1.62774874
      1.26232390
      0.88675251
      0.48713775
      0.06127067
     -0.37171346
     -0.78181838
     -1.15339304
     -1.49337693
     -1.82263685
     -2.16822207
     -2.55760019
     -3.00237736
      2.81215647
      2.37985638
      2.01235456
      1.69582438
      1.40048414
      1.09267460
      0.73502635
      0.29618100
     -0.20402612
     -0.67478584
     -1.05625313
     -1.36226072
     -1.62984142
     -1.89544823
     -2.19807181
     -2.58447045
     -3.08132471
      2.67241863
      2.23677884
      1.91224767
      1.65530993
      1.42441030
      1.18382405
      0.89185224
      0.49194982
     -0.04371409
     -0.59047373
     -1.00278032
     -1.29298265
     -1.51730309
     -1.71698898
     -1.92430561
     -2.17708071
     -2.53439450
     -3.05769411
      2.63359281
      2.18422414
      1.88767103
      1.67500852
      1.49934527
      1.33090721
      1.14234587
      0.89374742
      0.51384844
     -0.06149761
     -0.66092140
     -1.06743836
     -1.32272160
     -1.50278452
     -1.64948611
     -1.78704497
     -1.93571880
     -2.12299827
     -2.40121524
     -2.86655805
      2.76273326
      2.23057618
      1.91534910
      1.71873702
      1.57740221
      1.46101848
      1.35246062
      1.23796817
      1.10023032
      0.90772124
      0.59098347
      0.03469033
     -0.64065627
     -1.08562656
     -1.33314668
     -1.49021794
     -1.61044900
     -1.72179049
     -1.84277102
     -1.98942317
     -2.18023260
     -2.44168132
     -2.81133088
      2.96794480
      2.39649494
      1.91938565
      1.56906133
      1.30047039
      1.06062151
      0.79963406
      0.46529457
      0.00910407
     -0.55485644
     -1.07600400
     -1.46518068
     -1.73998762
     -1.93861719
     -2.08910907
     -2.21059356
     -2.31874018
     -2.43056662
     -2.57042109
     -2.78321729
      3.11898752
      2.47403248
      1.85094177
      1.48929834
      1.28077943
      1.13989215
      1.02906628
      0.92975972
      0.82970466
      0.71668051
      0.57250663
      0.36157780
      0.00720576
     -0.58486377
     -1.22299979
     -1.63166245
     -1.87452227
     -2.04149274
     -2.17651748
     -2.30288031
     -2.43827991
     -2.60438437
     -2.83938422
      3.06580645
      2.47814774
      1.87390126
      1.47259090
      1.21882182
      1.03372473
      0.87463429
      0.71513714
      0.52984084
      0.28078303
     -0.09754825
     -0.65735937
     -1.24353195
     -1.66024408
     -1.93806241
     -2.14858947
     -2.33626778
     -2.53215526
     -2.76969091
     -3.09857359
      2.70631053
      2.12792977
      1.64143827
      1.29982242
      1.04452430
      0.82345969
      0.59965519
      0.33722548
     -0.00986394
     -0.48337741
     -1.03036882
     -1.50222715
     -1.85485683
     -2.13299943
     -2.38368725
     -2.64463156
     -2.95350971
      2.93308421
      2.44094663
      1.93520240
      1.51073654
      1.17218157
      0.88045902
      0.59658824
      0.28566710
     -0.08478964
     -0.52964604
     -1.01139081
     -1.45738151
     -1.83709359
     -2.16904472
     -2.48518788
     -2.81568047
      3.09814866
      2.68031966
      2.23383567
      1.79942161
      1.40207489
      1.03723609
      0.68574833
      0.32784643
     -0.04965241
     -0.44854264
     -0.85869520
     -1.26616996
     -1.66391192
     -2.05394463
     -2.44166374
     -2.83035543
      3.06286346
      2.67234839
      2.28172504
      1.89110049
      1.50048018
      1.10986046
      0.71924027
      0.32861947
     -0.06200189
     -0.45262379
     -0.84324616
     -1.23386898
     -1.62449221
     -2.01511579
     -2.40573969
     -2.79636387
      3.09619701
      2.70557237
      2.31494755
      1.92432259
      1.53369751
      1.14307234
      0.75244711
      0.36182183
     -0.02880348
     -0.41942880
     -0.81005411
     -1.20067941
     -1.59130469
     -1.98192994
     -2.37255515
     -2.76318033
      3.12937982
      2.73875471
      2.34812962
      1.95750456
      1.56687952
      1.17625450
      0.78562949
      0.39500449
      0.00437950
     -0.38624549
     -0.77687047
     -1.16749546
     -1.55812044
     -1.94874543
     -2.33937042
     -2.72999541
     -3.12062040
      2.77193991
      2.38131492
      1.99068992
      1.60006492
      1.20943992
      0.81881493
      0.42818993
      0.03756493
     -0.35306007
     -0.74368507
     -1.13431007
     -1.52493507
     -1.91556007
     -2.30618507
     -2.69681007
     -3.08743507
      2.80512523
      2.41450023
      2.02387523
      1.63325023
      1.24262523
      0.85200023
      0.46137523
      0.07075023
     -0.31987477
     -0.71049977
     -1.10112477
     -1.49174977
     -1.88237477
     -2.27299977
     -2.66362477
     -3.05424977
      2.83831054
      2.44768554
      2.05706054
      1.66643554
      1.27581054
      0.88518554
      0.49456054
      0.10393554
     -0.28668946
     -0.67731446
     -1.06793946
     -1.45856446
     -1.84918946
     -2.23981446
     -2.63043946
     -3.02106446
      2.87149585
      2.48087085
      2.09024585
      1.69962085
      1.30899585
      0.91837085
      0.52774585
      0.13712085
     -0.25350415
     -0.64412915
     -1.03475415
     -1.42537915
     -1.81600415
     -2.20662915
     -2.59725415
     -2.98787915
      2.90468115
      2.51405615
      2.12343115
      1.73280615
      1.34218115
      0.95155615
      0.56093115
      0.17030615
     -0.22031885
     -0.61094385
     -1.00156885
     -1.39219385
     -1.78281885
     -2.17344385
     -2.56406885
     -2.95469385
      2.93786646
      2.54724146
      2.15661646
      1.76599146
      1.37536646
      0.98474146
      0.59411646
      0.20349146
     -0.18713354
     -0.57775854
     -0.96838354
     -1.35900854
     -1.74963354
     -2.14025854
     -2.53088354
     -2.92150854
      2.97105177
      2.58042677
      2.18980177
      1.79917677
      1.40855177
      1.01792677
      0.00000000
