             NaN
      1.10383964
      1.51797550
      1.93025022
      2.32694921
      2.70476237
      3.07095071
     -2.84494873
     -2.46404824
     -2.06317892
     -1.64758292
     -1.23298883
     -0.83466277
     -0.45686229
     -0.09224922
      0.27262948
      0.65139993
      1.05164240
      1.46868551
      1.88586415
      2.28609170
      2.66398470
      3.02692252
     -2.89405598
     -2.51776031
     -2.11840690
     -1.69989949
     -1.27983515
     -0.87737267
     -0.49924496
     -0.13808193
      0.22115312
      0.59456223
      0.99268527
      1.41263592
      1.83592727
      2.24103479
      2.61959121
      2.97888562
     -2.94837639
     -2.57834904
     -2.18190395
     -1.76059259
     -1.33368956
     -0.92542582
     -0.54617290
     -0.18882617
      0.16340024
      0.52944626
      0.92362182
      1.34611325
      1.77705591
      2.18912186
      2.56944603
      2.92479611
     -3.01029407
     -2.64895953
     -2.25784162
     -1.83450702
     -1.39906215
     -0.98236625
     -0.60043849
     -0.24707779
      0.09640120
      0.45213135
      0.83913394
      1.26272509
      1.70314150
      2.12554149
      2.50984204
      2.86132181
     -3.08353015
     -2.73449765
     -2.35303823
     -1.93017811
     -1.48438466
     -1.05487319
     -0.66706660
     -0.31717930
      0.01545545
      0.35645671
      0.73043896
      1.15093372
      1.60228241
      2.04075467
      2.43377458
      2.78268045
      3.10909439
     -2.84272776
     -2.47883875
     -2.06338718
     -1.60689864
     -1.15706807
     -0.75619512
     -0.40706855
     -0.08724181
      0.23260124
      0.58289306
      0.98895729
      1.44876875
      1.91289290
      2.32581958
      2.67749417
      2.99080679
     -2.98612438
     -2.65400377
     -2.26424070
     -1.80607118
     -1.32475718
     -0.89291104
     -0.53409502
     -0.22612108
      0.06461346
      0.37292620
      0.73585629
      1.18072647
      1.67927985
      2.14129001
      2.51677702
      2.82336881
      3.09774276
     -2.90701522
     -2.58543753
     -2.17802241
     -1.67570879
     -1.16758882
     -0.75406539
     -0.43717995
     -0.17608530
      0.06819016
      0.33259175
      0.66284319
      1.11161873
      1.66294145
      2.16432266
      2.52968563
      2.79508191
      3.00973550
     -3.07370878
     -2.85639744
     -2.57646762
     -2.16048152
     -1.57038548
     -1.00403733
     -0.62918706
     -0.39388525
     -0.23275275
     -0.11169634
     -0.01396111
      0.06911269
      0.14209025
      0.20709866
      0.26460117
      0.31405132
      0.35469348
      0.38631236
      0.40961558
      0.42609652
      0.43754115
      0.44555339
      0.45132954
      0.45566062
      0.45903610
      0.46175338
      0.46399686
      0.46588589
      0.46750153
      0.46890131
      0.47012742
      0.47121165
      0.47217849
      0.47304707
      0.47383263
      0.47454743
      0.47520144
      0.47580287
      0.47635855
      0.47687420
      0.47735462
      0.47780393
      0.47822563
      0.47862272
      0.47899782
      0.47935319
      0.47969082
      0.48001244
      0.48031958
      0.48061359
      0.48089568
      0.48116691
      0.48142823
      0.48168050
      0.48192449
      0.48216089
      0.48239032
      0.48261333
      0.48283046
      0.48304215
      0.48324882
      0.48345088
      0.48364865
      0.48384247
      0.48403263
      0.48421940
      0.48440303
      0.48458374
      0.48476175
      0.48493723
      0.48511039
      0.48528137
      0.48545033
      0.48561741
      0.48578275
      0.48594647
      0.48610865
      0.48626935
      0.48642861
      0.48658640
      0.48674278
      0.48689794
      0.48705235
      0.48720681
      0.48736213
      0.48751831
      0.48767302
      0.48781958
      0.48794555
      0.48803390
      0.48806905
      0.48804995
      0.48800847
      0.48802580
      0.48823072
      0.48875722
      0.48963916
      0.49063479
      0.49100774
      0.48935567
      0.48368775
      0.47209038
      0.45428987
      0.43375425
      0.41863749
      0.41979175
      0.44718737
      0.50868130
      0.61344291
      0.78269603
      1.08105092
      1.67978612
      2.56196711
      3.08701944
     -2.92292241
     -2.74129531
     -2.58397644
     -2.40880921
     -2.15607315
     -1.68572595
     -0.83621675
     -0.17240060
      0.15957873
      0.34410306
      0.45818040
      0.52719484
      0.56133275
      0.56797452
      0.55601765
      0.53584952
      0.51637843
      0.50242923
      0.49477967
      0.49193924
      0.49187146
      0.49292064
      0.49407471
      0.49488670
      0.49528241
      0.49537121
      0.49530850
      0.49521996
      0.49517668
      0.49520120
      0.49528595
      0.49541148
      0.49555850
      0.49571343
      0.49586908
      0.49602301
      0.49617537
      0.49632717
      0.49647938
      0.49663260
      0.49678705
      0.49694275
      0.49709964
      0.49725769
      0.49741691
      0.49757735
      0.49773910
      0.49790224
      0.49806689
      0.49823315
      0.49840117
      0.49857105
      0.49874294
      0.49891699
      0.49909337
      0.49927225
      0.49945382
      0.49963830
      0.49982590
      0.50001689
      0.50021152
      0.50041010
      0.50061293
      0.50082038
      0.50103283
      0.50125069
      0.50147444
      0.50170458
      0.50194168
      0.50218635
      0.50243929
      0.50270127
      0.50297314
      0.50325585
      0.50355047
      0.50385820
      0.50418040
      0.50451859
      0.50487450
      0.50525013
      0.50564773
      0.50606991
      0.50651970
      0.50700059
      0.50751667
      0.50807278
      0.50867462
      0.50932902
      0.51004419
      0.51083010
      0.51169903
      0.51266618
      0.51375072
      0.51497711
      0.51637715
      0.51799304
      0.51988230
      0.52212599
      0.52484346
      0.52821912
      0.53255036
      0.53832664
      0.54633900
      0.55778374
      0.57426476
      0.59756805
      0.62918698
      0.66982919
      0.71927938
      0.77678193
      0.84179036
      0.91476795
      0.99784177
      1.09557703
      1.21663346
      1.37776598
      1.61306782
      1.98791810
      2.55426620
     -3.13882312
     -2.72283702
     -2.44290717
     -2.22559581
     -2.02585475
     -1.81120114
     -1.54580483
     -1.18044186
     -0.67906068
     -0.12773800
      0.32103754
      0.65128899
      0.91569061
      1.15996609
      1.42106075
      1.73794621
      2.15146965
      2.65958959
     -3.12128213
     -2.71386701
     -2.39228930
     -2.11386195
     -1.83948798
     -1.53289618
     -1.15740916
     -0.69539902
     -0.19684567
      0.24802451
      0.61095461
      0.91926737
      1.21000192
      1.51797587
      1.87679190
      2.30863803
      2.78995202
     -3.03506378
     -2.64530071
     -2.31318009
     -2.00692594
     -1.69361330
     -1.34193870
     -0.92901203
     -0.46488789
     -0.00507644
      0.40098779
      0.75127962
      1.07112268
      1.39094944
      1.74007601
      2.14094896
      2.59077952
      3.04726805
     -2.82046569
     -2.45657668
     -2.12521351
     -1.79879955
     -1.44989368
     -1.05687377
     -0.61840152
     -0.16705284
      0.25344191
      0.62742417
      0.96842544
      1.30106020
      1.65094751
      2.03875410
      2.46826557
      2.91405901
     -2.94626619
     -2.56480676
     -2.21577425
     -1.87744090
     -1.52596112
     -1.14166056
     -0.71926058
     -0.27884418
      0.14474696
      0.53174955
      0.88747971
      1.23095871
      1.58431942
      1.96624718
      2.38294308
      2.81838794
     -3.04146277
     -2.65034486
     -2.28901032
     -1.94091518
     -1.58556509
     -1.20524092
     -0.79317497
     -0.36223233
      0.06025910
      0.45443466
      0.82048068
      1.17270710
      1.53005384
      1.90930677
      2.31757051
      2.74447353
     -3.11740043
     -2.72095533
     -2.35092799
     -1.99500468
     -1.63571026
     -1.25715384
     -0.85204632
     -0.42875498
     -0.00880433
      0.38931871
      0.76272783
      1.12196288
      1.48312592
      1.86125363
      2.26371611
      2.68378044
      3.10228785
     -2.78154405
     -2.40524838
     -2.04304156
     -1.68010374
     -1.30221074
     -0.90198319
     -0.48480455
     -0.06776145
      0.33248102
      0.71125147
      1.07613019
      1.44074326
      1.81854374
      2.21686980
      2.63146389
      3.04705988
     -2.83525611
     -2.45435562
     -2.08706975
     -1.72088140
     -1.34306823
     -0.94636925
     -0.53409453
     -0.11995867
      0.00000000
