      0.00000000
      2.21577989
      2.60640489
      2.99702989
     -2.89553042
     -2.50490542
     -2.11428042
     -1.72365542
     -1.33303042
     -0.94240542
     -0.55178042
     -0.16115542
      0.22946958
      0.62009458
      1.01071958
      1.40134458
      1.79196958
      2.18259458
      2.57321958
      2.96384458
     -2.92871572
     -2.53809072
     -2.14746572
     -1.75684072
     -1.36621572
     -0.97559072
     -0.58496572
     -0.19434072
      0.19628428
      0.58690928
      0.97753428
      1.36815928
      1.75878428
      2.14940928
      2.54003428
      2.93065928
     -2.96190103
     -2.57127603
     -2.18065103
     -1.79002603
     -1.39940103
     -1.00877603
     -0.61815103
     -0.22752603
      0.16309897
      0.55372397
      0.94434897
      1.33497397
      1.72559897
      2.11622397
      2.50684897
      2.89747397
     -2.99508634
     -2.60446134
     -2.21383634
     -1.82321134
     -1.43258634
     -1.04196134
     -0.65133634
     -0.26071134
      0.12991366
      0.52053866
      0.91116366
      1.30178866
      1.69241366
      2.08303866
      2.47366366
      2.86428866
     -3.02827165
     -2.63764665
     -2.24702165
     -1.85639665
     -1.46577165
     -1.07514665
     -0.68452165
     -0.29389665
      0.09672835
      0.48735335
      0.87797835
      1.26860335
      1.65922835
      2.04985335
      2.44047835
      2.83110335
     -3.06145695
     -2.67083195
     -2.28020695
     -1.88958195
     -1.49895695
     -1.10833195
     -0.71770695
     -0.32708195
      0.06354304
      0.45416804
      0.84479304
      1.23541804
      1.62604304
      2.01666804
      2.40729304
      2.79791804
     -3.09464227
     -2.70401728
     -2.31339228
     -1.92276728
     -1.53214228
     -1.14151727
     -0.75089227
     -0.36026726
      0.03035776
      0.42098278
      0.81160780
      1.20223284
      1.59285788
      1.98348293
      2.37410799
      2.76473305
     -3.12782720
     -2.73720213
     -2.34657707
     -1.95595202
     -1.56532698
     -1.17470196
     -0.78407697
     -0.39345202
     -0.00282711
      0.38779774
      0.77842253
      1.16904724
      1.55967187
      1.95029639
      2.34092079
      2.73154505
      3.12216916
     -2.77039221
     -2.37976846
     -1.98914494
     -1.59852167
     -1.20789867
     -0.81727598
     -0.42665363
     -0.03603165
      0.35458992
      0.74521104
      1.13583167
      1.52645178
      1.91707131
      2.30769024
      2.69830842
      3.08892465
     -2.80365348
     -2.41307578
     -2.02251199
     -1.63162753
     -1.23933460
     -0.84440371
     -0.44813850
     -0.05618070
      0.32495739
      0.69436893
      1.05979377
      1.43536517
      1.83497993
      2.26084700
      2.69383113
      3.10393606
     -2.80767460
     -2.46769071
     -2.13843079
     -1.79284557
     -1.40346744
     -0.95869027
     -0.49003879
     -0.05773871
      0.30976312
      0.62629329
      0.92163353
      1.22944308
      1.58709132
      2.02593667
      2.52614379
      2.99690352
     -2.90481450
     -2.59880691
     -2.33122621
     -2.06561941
     -1.76299582
     -1.37659718
     -0.87974292
     -0.35030095
      0.08533883
      0.40987000
      0.66680774
      0.89770737
      1.13829362
      1.43026543
      1.83016785
      2.36583177
      2.91259141
     -2.95828731
     -2.66808498
     -2.44376454
     -2.24407866
     -2.03676202
     -1.78398693
     -1.42667313
     -0.90337353
     -0.31147514
      0.13789353
      0.43444665
      0.64710915
      0.82277240
      0.99121047
      1.17977180
      1.42837026
      1.80826923
      2.38361529
      2.98303907
     -2.89362927
     -2.63834603
     -2.45828311
     -2.31158152
     -2.17402267
     -2.02534884
     -1.83806936
     -1.55985239
     -1.09450958
     -0.44061559
      0.09154149
      0.40676857
      0.60338065
      0.74471547
      0.86109920
      0.96965706
      1.08414950
      1.22188735
      1.41439643
      1.73113421
      2.28742734
      2.96277394
     -2.87544108
     -2.62792096
     -2.47084969
     -2.35061864
     -2.23927714
     -2.11829662
     -1.97164447
     -1.78083504
     -1.51938632
     -1.14973676
     -0.64582713
     -0.07437726
      0.40273202
      0.75305634
      1.02164728
      1.26149617
      1.52248362
      1.85682311
      2.31301361
      2.87697411
     -2.88506363
     -2.49588695
     -2.22108001
     -2.02245045
     -1.87195856
     -1.75047407
     -1.64232745
     -1.53050101
     -1.39064654
     -1.17785035
     -0.79686984
     -0.15191481
      0.47117591
      0.83281933
      1.04133824
      1.18222553
      1.29305139
      1.39235796
      1.49241301
      1.60543716
      1.74961105
      1.96053987
      2.31491192
      2.90698145
     -2.73806784
     -2.32940519
     -2.08654536
     -1.91957489
     -1.78455015
     -1.65818732
     -1.52278773
     -1.35668327
     -1.12168342
     -0.74368877
     -0.15603007
      0.44821642
      0.84952677
      1.10329586
      1.28839295
      1.44748338
      1.60698053
      1.79227683
      2.04133464
      2.41966592
      2.97947704
     -2.71753568
     -2.30082356
     -2.02300522
     -1.81247817
     -1.62479985
     -1.42891237
     -1.19137672
     -0.86249405
     -0.38419286
      0.19418790
      0.68067940
      1.02229526
      1.27759337
      1.49865798
      1.72246248
      1.98489219
      2.33198162
      2.80549508
     -2.93069881
     -2.45884048
     -2.10621080
     -1.82806821
     -1.57738039
     -1.31643607
     -1.00755793
     -0.61096654
     -0.11882896
      0.38691527
      0.81138113
      1.14993610
      1.44165865
      1.72552944
      2.03645057
      2.40690731
      2.85176371
     -2.94967682
     -2.50368612
     -2.12397405
     -1.79202291
     -1.47587976
     -1.14538716
     -0.77603099
     -0.35820199
      0.08828200
      0.52269606
      0.92004278
      1.28488159
      1.63636934
      1.99427124
      2.37177009
      2.77066031
     -3.10237243
     -2.69489768
     -2.29715572
     -1.90712300
     -1.51940390
     -1.13071221
     -0.74074578
     -0.35023072
      0.04039263
      0.43101718
      0.82163749
      1.21225721
      1.60287741
      1.99349820
      2.38411957
      2.77474146
     -3.11782147
     -2.72719865
     -2.33657543
     -1.94595185
     -1.55532794
     -1.16470376
     -0.77407933
     -0.38345469
      0.00717012
      0.39779508
      0.78842016
      1.17904533
      1.56967057
      1.96029585
      2.35092115
      2.74154647
      3.13217178
     -2.76038822
     -2.36976295
     -1.97913770
     -1.58851248
     -1.19788730
     -0.80726215
     -0.41663703
     -0.02601195
      0.36461312
      0.75523816
      1.14586318
      1.53648819
      1.92711318
      2.31773818
      2.70836316
      3.09898815
     -2.79357218
     -2.40294719
     -2.01232220
     -1.62169722
     -1.23107223
     -0.84044723
     -0.44982224
     -0.05919724
      0.33142775
      0.72205275
      1.11267775
      1.50330275
      1.89392775
      2.28455275
      2.67517775
      3.06580275
     -2.82675756
     -2.43613256
     -2.04550756
     -1.65488256
     -1.26425756
     -0.87363256
     -0.48300756
     -0.09238256
      0.29824244
      0.68886744
      1.07949244
      1.47011744
      1.86074244
      2.25136744
      2.64199244
      3.03261744
     -2.85994287
     -2.46931787
     -2.07869287
     -1.68806787
     -1.29744287
     -0.90681787
     -0.51619287
     -0.12556787
      0.26505713
      0.65568213
      1.04630713
      1.43693213
      1.82755713
      2.21818213
      2.60880713
      2.99943213
     -2.89312817
     -2.50250317
     -2.11187817
     -1.72125317
     -1.33062817
     -0.94000317
     -0.54937817
     -0.15875317
      0.23187183
      0.62249683
      1.01312183
      1.40374683
      1.79437183
      2.18499683
      2.57562183
      2.96624683
     -2.92631348
     -2.53568848
     -2.14506348
     -1.75443848
     -1.36381348
     -0.97318848
     -0.58256348
     -0.19193848
      0.19868652
      0.58931152
      0.97993652
      1.37056152
      1.76118652
      2.15181152
      2.54243652
      2.93306152
     -2.95949879
     -2.56887379
     -2.17824879
     -1.78762379
     -1.39699879
     -1.00637379
     -0.61574879
     -0.22512379
      0.16550121
      0.55612621
      0.94675121
      1.33737621
      1.72800121
      2.11862621
      2.50925121
      2.89987621
     -2.99268409
     -2.60205909
     -2.21143409
     -1.82080909
     -1.43018409
     -1.03955909
     -0.64893409
     -0.25830909
      0.13231591
      0.52294091
      0.91356591
      1.30419091
      0.00000000
