      0.00000000
      0.00000000
      0.00000000
      0.00000000
      0.00000000
      0.00000000
      0.00000000
      0.00000000
      0.00000000
      0.00000000
      0.00000000
      0.00000000
      0.00000000
      0.00000000
      0.00000000
      0.00000000
      0.00000000
      0.00000000
      0.00000000
      0.00000000
      0.00000000
      0.00000000
      0.00000000
      0.00000000
      0.00000000
      0.00000000
      0.00000000
      0.00000000
      0.00000000
      0.00000000
      0.00000000
      0.00000000
      0.00000000
      0.00000000
      0.00000000
      0.00000000
      0.00000000
      0.00000000
      0.00000000
      0.00000000
      0.00000000
      0.00000000
      0.00000000
      0.00000000
      0.00000000
      0.00000000
      0.00000000
      0.00000000
      0.00000000
      0.00000000
      0.00000000
      0.00000000
      0.00000000
      0.00000000
      0.00000000
      0.00000000
      0.00000000
      0.00000000
      0.00000000
      0.00000000
      0.00000000
      0.00000000
      0.00000000
      0.00000000
      0.00000000
      0.00000000
      0.00000000
      0.00000000
      0.00000000
      0.00000000
      0.00000000
      0.00000000
      0.00000000
      0.00000000
      0.00000000
      0.00000000
      0.00000000
      0.00000000
      0.00000000
      0.00000000
      0.00000000
      0.00000000
      0.00000000
      0.00000000
      0.00000000
      0.00000000
      0.00000000
      0.00000000
      0.00000000
      0.00000000
      0.00000000
      0.00000000
      0.00000000
      0.00000000
      0.00000000
      0.00000000
      0.00000000
      0.00000000
      0.00000000
      0.00000000
      0.00000000
      0.00000000
      0.00000000
      0.00000000
      0.00000000
      0.00000000
      0.00000000
      0.00000000
      0.00000000
      0.00000000
      0.00000000
      0.00000000
      0.00000000
      0.00000000
      0.00000000
      0.00000000
      0.00000000
      0.00000000
      0.00000000
      0.00000000
      0.00000000
      0.00000000
      0.00000000
      0.00000000
      0.00000000
      0.00000000
      0.00000000
      0.00000000
      0.00000000
      0.00000000
      0.00000000
      0.00000000
      0.00000000
      0.00000000
      0.00000000
      0.00000000
      0.00000000
      0.00000000
      0.00000000
      0.00000000
      0.00000000
      0.00000000
      0.00000000
      0.00000000
      0.00000000
      0.00000000
      0.00000000
      0.00000000
      0.00000000
      0.00000000
      0.00000000
      0.00000000
      0.00000000
      0.00000000
      0.00000000
      0.00000000
      0.00000000
      0.00000000
      0.00000000
      0.00000000
      0.00000000
      0.00000001
      0.00000005
      0.00000019
      0.00000079
      0.00000390
      0.00001712
      0.00005947
      0.00015925
      0.00033333
      0.00056685
      0.00082491
      0.00108024
      0.00132330
      0.00155549
      0.00178083
      0.00200220
      0.00222091
      0.00243725
      0.00265118
      0.00286257
      0.00307132
      0.00327737
      0.00348068
      0.00368125
      0.00387907
      0.00407413
      0.00426642
      0.00445596
      0.00464274
      0.00482675
      0.00500800
      0.00518648
      0.00536219
      0.00553514
      0.00570533
      0.00587275
      0.00603740
      0.00619928
      0.00635840
      0.00651475
      0.00666834
      0.00681916
      0.00696721
      0.00711249
      0.00725501
      0.00739476
      0.00753174
      0.00766596
      0.00779741
      0.00792609
      0.00805200
      0.00817515
      0.00829553
      0.00841314
      0.00852799
      0.00864006
      0.00874937
      0.00885592
      0.00895969
      0.00906070
      0.00915894
      0.00925442
      0.00934712
      0.00943706
      0.00952423
      0.00960864
      0.00969028
      0.00976915
      0.00984525
      0.00991858
      0.00998915
      0.01005695
      0.01012199
      0.01018425
      0.01024375
      0.01030048
      0.01035445
      0.01040564
      0.01045407
      0.01049974
      0.01054265
      0.01058280
      0.01062021
      0.01065493
      0.01068704
      0.01071674
      0.01074446
      0.01077117
      0.01079894
      0.01083197
      0.01087765
      0.01094473
      0.01102518
      0.01102347
      0.01062217
      0.00964665
      0.00963280
      0.01060719
      0.01101471
      0.01101646
      0.01093333
      0.01086308
      0.01081431
      0.01077835
      0.01074772
      0.01071820
      0.01068769
      0.01065522
      0.01062034
      0.01058285
      0.01054267
      0.01049975
      0.01045408
      0.01040564
      0.01035445
      0.01030048
      0.01024375
      0.01018425
      0.01012199
      0.01005695
      0.00998915
      0.00991858
      0.00984525
      0.00976915
      0.00969028
      0.00960864
      0.00952423
      0.00943706
      0.00934712
      0.00925442
      0.00915894
      0.00906070
      0.00895969
      0.00885592
      0.00874937
      0.00864006
      0.00852799
      0.00841314
      0.00829553
      0.00817515
      0.00805200
      0.00792609
      0.00779741
      0.00766596
      0.00753174
      0.00739476
      0.00725501
      0.00711249
      0.00696721
      0.00681916
      0.00666834
      0.00651475
      0.00635840
      0.00619928
      0.00603740
      0.00587275
      0.00570533
      0.00553514
      0.00536219
      0.00518648
      0.00500800
      0.00482675
      0.00464274
      0.00445596
      0.00426642
      0.00407413
      0.00387907
      0.00368125
      0.00348068
      0.00327737
      0.00307132
      0.00286257
      0.00265118
      0.00243725
      0.00222091
      0.00200220
      0.00178083
      0.00155549
      0.00132330
      0.00108024
      0.00082491
      0.00056686
      0.00033334
      0.00015926
      0.00005948
      0.00001712
      0.00000390
      0.00000080
      0.00000019
      0.00000005
      0.00000001
      0.00000000
      0.00000000
      0.00000000
      0.00000000
      0.00000000
      0.00000000
      0.00000000
      0.00000000
      0.00000000
      0.00000000
      0.00000000
      0.00000000
      0.00000000
      0.00000000
      0.00000000
      0.00000000
      0.00000000
      0.00000000
      0.00000000
      0.00000000
      0.00000000
      0.00000000
      0.00000000
      0.00000000
      0.00000000
      0.00000000
      0.00000000
      0.00000000
      0.00000000
      0.00000000
      0.00000000
      0.00000000
      0.00000000
      0.00000000
      0.00000000
      0.00000000
      0.00000000
      0.00000000
      0.00000000
      0.00000000
      0.00000000
      0.00000000
      0.00000000
      0.00000000
      0.00000000
      0.00000000
      0.00000000
      0.00000000
      0.00000000
      0.00000000
      0.00000000
      0.00000000
      0.00000000
      0.00000000
      0.00000000
      0.00000000
      0.00000000
      0.00000000
      0.00000000
      0.00000000
      0.00000000
      0.00000000
      0.00000000
      0.00000000
      0.00000000
      0.00000000
      0.00000000
      0.00000000
      0.00000000
      0.00000000
      0.00000000
      0.00000000
      0.00000000
      0.00000000
      0.00000000
      0.00000000
      0.00000000
      0.00000000
      0.00000000
      0.00000000
      0.00000000
      0.00000000
      0.00000000
      0.00000000
      0.00000000
      0.00000000
      0.00000000
      0.00000000
      0.00000000
      0.00000000
      0.00000000
      0.00000000
      0.00000000
      0.00000000
      0.00000000
      0.00000000
      0.00000000
      0.00000000
      0.00000000
      0.00000000
      0.00000000
      0.00000000
      0.00000000
      0.00000000
      0.00000000
      0.00000000
      0.00000000
      0.00000000
      0.00000000
      0.00000000
      0.00000000
      0.00000000
      0.00000000
      0.00000000
      0.00000000
      0.00000000
      0.00000000
      0.00000000
      0.00000000
      0.00000000
      0.00000000
      0.00000000
      0.00000000
      0.00000000
      0.00000000
      0.00000000
      0.00000000
      0.00000000
      0.00000000
      0.00000000
      0.00000000
      0.00000000
      0.00000000
      0.00000000
      0.00000000
      0.00000000
      0.00000000
      0.00000000
      0.00000000
      0.00000000
      0.00000000
      0.00000000
      0.00000000
      0.00000000
      0.00000000
      0.00000000
      0.00000000
      0.00000000
      0.00000000
      0.00000000
      0.00000000
      0.00000000
      0.00000000
      0.00000000
      0.00000000
      0.00000000
      0.00000000
      0.00000000
      0.00000000
      0.00000000
      0.00000000
