             NaN
      2.95932099
     -2.92396573
     -2.52946005
     -2.14267802
     -1.76144639
     -1.38055722
     -0.99452737
     -0.60052334
     -0.20028798
      0.20048296
      0.59564027
      0.98248853
      1.36316659
      1.74317393
      2.12846141
      2.52229677
      2.92307367
     -2.95840802
     -2.56251533
     -2.17557234
     -1.79548933
     -1.41645459
     -1.03200632
     -0.63838945
     -0.23703808
      0.16569627
      0.56242107
      0.94949286
      1.32893474
      1.70689360
      2.09039043
      2.48372831
      2.88568853
     -2.99361994
     -2.59595054
     -2.20870894
     -1.82995960
     -1.45319493
     -1.07078054
     -0.67779578
     -0.27519123
      0.12995618
      0.52870211
      0.91616342
      1.29416264
      1.66959665
      2.05077430
      2.44331425
      2.84659878
     -3.03002065
     -2.63004188
     -2.24229934
     -1.86511493
     -1.49117030
     -1.11141295
     -0.71943271
     -0.31543381
      0.09272256
      0.49412164
      0.88222245
      1.25851932
      1.63078826
      2.00890435
      2.40017890
      2.80492260
     -3.06831402
     -2.66526669
     -2.27670931
     -1.90138180
     -1.53100940
     -1.15480404
     -0.76442362
     -0.35891313
      0.05306666
      0.45804375
      0.84718564
      1.22145209
      1.58966320
      1.96362449
      2.35286329
      2.75914632
     -3.10974321
     -2.70248263
     -2.31258606
     -1.93948262
     -1.57375386
     -1.20245555
     -0.81468964
     -0.40765805
      0.00929606
      0.41929308
      0.81017620
      1.18200518
      1.54485729
      1.91295708
      2.29879729
      2.70649975
      3.12652544
     -2.74333393
     -2.35113978
     -1.98070271
     -1.62121792
     -1.25701451
     -0.87373394
     -0.46553570
     -0.04194029
      0.37550844
      0.76948228
      1.13841361
      1.49391203
      1.85328970
      2.23309807
      2.64143705
      3.06919411
     -2.79132564
     -2.39486850
     -2.02752915
     -1.67680922
     -1.32352663
     -0.94854810
     -0.54076658
     -0.10817702
      0.32126389
      0.72131369
      1.08706087
      1.43197554
      1.77737659
      2.14542330
      2.55126453
      2.98933725
     -2.85532347
     -2.44981671
     -2.08542841
     -1.74766060
     -1.41274799
     -1.05505015
     -0.65398468
     -0.21019153
      0.24098235
      0.65536015
      1.01925958
      1.34814580
      1.66859495
      2.01004143
      2.40014962
      2.84797873
     -2.96573098
     -2.53542309
     -2.16923047
     -1.85127430
     -1.55167846
     -1.23749487
     -0.87311548
     -0.43133307
      0.06423426
      0.52798582
      0.90641243
      1.21244579
      1.48034071
      1.74455035
      2.04323940
      2.42608233
      2.93137837
     -2.79977682
     -2.35399454
     -2.04280346
     -1.82278754
     -1.65952382
     -1.53489196
     -1.43981222
     -1.36891974
     -1.31778312
     -1.28197024
     -1.25723280
     -1.23999563
     -1.22762250
     -1.21836535
     -1.21114377
     -1.20530949
     -1.20046935
     -1.19637458
     -1.19285865
     -1.18980387
     -1.18712348
     -1.18475156
     -1.18263694
     -1.18073918
     -1.17902592
     -1.17747094
     -1.17605277
     -1.17475365
     -1.17355878
     -1.17245569
     -1.17143385
     -1.17048426
     -1.16959918
     -1.16877197
     -1.16799684
     -1.16726875
     -1.16658328
     -1.16593654
     -1.16532511
     -1.16474592
     -1.16419628
     -1.16367375
     -1.16317618
     -1.16270160
     -1.16224827
     -1.16181458
     -1.16139911
     -1.16100054
     -1.16061768
     -1.16024944
     -1.15989483
     -1.15955293
     -1.15922290
     -1.15890397
     -1.15859542
     -1.15829661
     -1.15800691
     -1.15772576
     -1.15745264
     -1.15718705
     -1.15692853
     -1.15667667
     -1.15643105
     -1.15619131
     -1.15595709
     -1.15572806
     -1.15550391
     -1.15528434
     -1.15506908
     -1.15485785
     -1.15465040
     -1.15444649
     -1.15424587
     -1.15404825
     -1.15385332
     -1.15366059
     -1.15346924
     -1.15327768
     -1.15308251
     -1.15287636
     -1.15264278
     -1.15234497
     -1.15190019
     -1.15112245
     -1.14959382
     -1.14637788
     -1.13938937
     -1.12404172
     -1.09047469
     -1.01827523
     -0.86729044
     -0.56268100
      0.01327559
      0.81634494
      1.39695338
      1.70459644
      1.85718929
      1.93020181
      1.96416280
      1.97969515
      1.98676867
      1.99002362
      1.99157046
      1.99235714
      1.99280680
      1.99310777
      1.99334384
      1.99355228
      1.99374973
      1.99394369
      1.99413758
      1.99433303
      1.99453087
      1.99473160
      1.99493555
      1.99514302
      1.99535425
      1.99556952
      1.99578909
      1.99601324
      1.99624227
      1.99647649
      1.99671624
      1.99696185
      1.99721372
      1.99747223
      1.99773782
      1.99801095
      1.99829209
      1.99858179
      1.99888061
      1.99918915
      1.99950808
      1.99983811
      2.00018001
      2.00053462
      2.00090286
      2.00128572
      2.00168429
      2.00209977
      2.00253345
      2.00298678
      2.00346136
      2.00395893
      2.00448146
      2.00503110
      2.00561029
      2.00622173
      2.00686847
      2.00755394
      2.00828203
      2.00905716
      2.00988437
      2.01076944
      2.01171904
      2.01274088
      2.01384396
      2.01503883
      2.01633795
      2.01775612
      2.01931110
      2.02102436
      2.02292212
      2.02503675
      2.02740866
      2.03008905
      2.03314384
      2.03665977
      2.04075453
      2.04559468
      2.05142895
      2.05865051
      2.06790758
      2.08028052
      2.09751722
      2.12225369
      2.15806478
      2.20919837
      2.28008610
      2.37515866
      2.49977952
      2.66302539
      2.88301015
     -3.08903987
     -2.64333876
     -2.09135291
     -1.58602156
     -1.20313171
     -0.90441837
     -0.64020746
     -0.37233382
     -0.06634874
      0.31200095
      0.77567738
      1.27123449
      1.71306435
      2.07748973
      2.39169217
      2.69127578
      3.00918662
     -2.90788346
     -2.47766007
     -2.00821809
     -1.56035308
     -1.17019012
     -0.82871178
     -0.50826652
     -0.17942275
      0.18439863
      0.59868676
      1.04981348
      1.49363140
      1.89475431
      2.25249324
      2.58740932
      2.92513782
     -2.99373729
     -2.58832333
     -2.14985472
     -1.71176657
     -1.30586819
     -0.93777394
     -0.59236307
     -0.24748435
      0.11818539
      0.51814062
      0.94751949
      1.38011673
      1.78795361
      2.16298404
      2.51628190
      2.86696933
     -3.04895274
     -2.65259088
     -2.22999162
     -1.80223336
     -1.39384164
     -1.01397852
     -0.65458097
     -0.29911153
      0.06974555
      0.46362424
      0.88100369
      1.30459480
      1.71284275
      2.09617973
      2.46040692
      2.81986623
     -3.09295395
     -2.70085414
     -2.28759952
     -1.86758281
     -1.45983391
     -1.07393650
     -0.70580968
     -0.34297963
      0.02878006
      0.41957020
      0.82949463
      1.24643573
      1.65351039
      2.04133357
      2.41266160
      2.77837164
     -3.13177661
     -2.74197123
     -2.33478393
     -1.92050465
     -1.51418197
     -1.12488638
     -0.75089317
     -0.38269757
     -0.00849441
      0.38055841
      0.78546201
      1.19742226
      1.60296899
      1.99340529
      2.36964433
      2.74000427
      3.11527170
     -2.77944290
     -2.37646891
     -1.96654242
     -1.56176585
     -1.17043669
     -0.79228555
     -0.42002618
     -0.04378613
      0.34423060
      0.74555679
      1.15368861
      1.55771707
      1.94975038
      2.32954380
      2.70348157
      3.08061245
     -2.81491170
     -2.41500512
     -2.00846589
     -1.60515502
     -1.21256376
     -0.83134933
     -0.45591964
     -0.07797070
      0.30941202
      0.70808662
      1.11320555
      1.51583328
      1.90886743
      2.29131904
      2.66808173
      3.04678400
     -2.84923546
     -2.45163640
     -2.04778968
     -1.64580932
     -1.25242412
     -0.86888985
     -0.49093080
     -0.11153287
      0.27546600
      0.67212155
      1.07482433
      1.47619290
      1.86985495
      2.25434067
      2.63337759
      3.01341967
     -2.88289276
     -2.48706815
     -2.08539740
     -1.68460612
     -1.29072778
     -0.90540301
     -0.52539169
     -0.14475167
      0.24202925
      0.63711972
      1.03785663
      1.43810366
      1.83214844
      2.21821526
      2.59911006
      2.98030644
     -2.91616147
     -2.52172137
     -2.12185779
      0.00000000
