      0.00000000
     -2.11903581
     -2.51893439
     -2.91344007
      2.98296321
      2.60173157
      2.22084241
      1.83481255
      1.44080852
      1.04057316
      0.63980222
      0.24464491
     -0.14220335
     -0.52288140
     -0.90288874
     -1.28817622
     -1.68201159
     -2.08278849
     -2.48449211
     -2.88038479
      3.01585753
      2.63577452
      2.25673977
      1.87229150
      1.47867463
      1.07732327
      0.67458891
      0.27786411
     -0.10920767
     -0.48864956
     -0.86660842
     -1.25010525
     -1.64344312
     -2.04540335
     -2.44928018
     -2.84694958
      3.04899412
      2.67024478
      2.29348011
      1.91106573
      1.51808096
      1.11547641
      0.71032900
      0.31158307
     -0.07587824
     -0.45387746
     -0.82931146
     -1.21048911
     -1.60302906
     -2.00631360
     -2.41287947
     -2.81285824
      3.08258453
      2.70540011
      2.33145549
      1.95169814
      1.55971789
      1.15571900
      0.74756262
      0.34616355
     -0.04193727
     -0.41823413
     -0.79050308
     -1.16861917
     -1.55989372
     -1.96463741
     -2.37458611
     -2.77763343
      3.11699449
      2.74166698
      2.37129459
      1.99508922
      1.60470880
      1.19919832
      0.78721852
      0.38224143
     -0.00690046
     -0.38116691
     -0.74937802
     -1.12333931
     -1.51257810
     -1.91886114
     -2.33315692
     -2.74041749
     -3.13031407
      2.77976780
      2.41403905
      2.04274074
      1.65497483
      1.24794323
      0.83098912
      0.42099211
      0.03010898
     -0.34172000
     -0.70457211
     -1.07267190
     -1.45851211
     -1.86621457
     -2.28624025
     -2.69956619
     -3.09176034
      2.82098790
      2.46150310
      2.09729969
      1.71401913
      1.30582089
      0.88222548
      0.46477674
      0.07080290
     -0.29812843
     -0.65362684
     -1.01300451
     -1.39281289
     -1.80115186
     -2.22890893
     -2.65157449
     -3.04803162
      2.86781433
      2.51709441
      2.16381181
      1.78883328
      1.38105176
      0.94846220
      0.51902129
      0.11897150
     -0.24677568
     -0.59169036
     -0.93709140
     -1.30513812
     -1.71097934
     -2.14905207
     -2.58757665
     -2.99308342
      2.92571359
      2.58794578
      2.25303317
      1.89533534
      1.49426986
      1.05047672
      0.59930283
      0.18492503
     -0.17897440
     -0.50786061
     -0.82830977
     -1.16975625
     -1.55986443
     -2.00769355
     -2.47716914
     -2.90747703
      3.00951565
      2.69155948
      2.39196365
      2.07778006
      1.71340067
      1.27161825
      0.77605092
      0.31229937
     -0.06612725
     -0.37216061
     -0.64005553
     -0.90426517
     -1.20295421
     -1.58579715
     -2.09109319
     -2.64312330
     -3.08890559
      2.88308864
      2.66307272
      2.49980901
      2.37517714
      2.28009740
      2.20920493
      2.15806830
      2.12225542
      2.09751799
      2.08028082
      2.06790768
      2.05865053
      2.05142896
      2.04559468
      2.04075453
      2.03665977
      2.03314384
      2.03008905
      2.02740866
      2.02503675
      2.02292212
      2.02102436
      2.01931110
      2.01775612
      2.01633795
      2.01503883
      2.01384396
      2.01274088
      2.01171904
      2.01076944
      2.00988437
      2.00905716
      2.00828203
      2.00755394
      2.00686847
      2.00622173
      2.00561029
      2.00503110
      2.00448146
      2.00395893
      2.00346136
      2.00298678
      2.00253345
      2.00209977
      2.00168429
      2.00128572
      2.00090286
      2.00053462
      2.00018001
      1.99983811
      1.99950808
      1.99918915
      1.99888061
      1.99858179
      1.99829209
      1.99801095
      1.99773782
      1.99747223
      1.99721372
      1.99696185
      1.99671624
      1.99647649
      1.99624227
      1.99601324
      1.99578909
      1.99556952
      1.99535426
      1.99514303
      1.99493559
      1.99473168
      1.99453105
      1.99433344
      1.99413850
      1.99394577
      1.99375443
      1.99356286
      1.99336769
      1.99316154
      1.99292796
      1.99263015
      1.99218538
      1.99140763
      1.98987900
      1.98666306
      1.97967456
      1.96432691
      1.93075987
      1.85856042
      1.70757563
      1.40296619
      0.82700959
      0.02394025
     -0.55666819
     -0.86431126
     -1.01690411
     -1.08991662
     -1.12387761
     -1.13940997
     -1.14648349
     -1.14973844
     -1.15128528
     -1.15207196
     -1.15252161
     -1.15282259
     -1.15305866
     -1.15326709
     -1.15346455
     -1.15365851
     -1.15385240
     -1.15404784
     -1.15424569
     -1.15444641
     -1.15465037
     -1.15485783
     -1.15506907
     -1.15528434
     -1.15550391
     -1.15572806
     -1.15595709
     -1.15619131
     -1.15643105
     -1.15667667
     -1.15692853
     -1.15718705
     -1.15745264
     -1.15772576
     -1.15800691
     -1.15829661
     -1.15859542
     -1.15890397
     -1.15922290
     -1.15955293
     -1.15989483
     -1.16024944
     -1.16061768
     -1.16100054
     -1.16139911
     -1.16181458
     -1.16224827
     -1.16270160
     -1.16317618
     -1.16367375
     -1.16419628
     -1.16474592
     -1.16532511
     -1.16593654
     -1.16658328
     -1.16726875
     -1.16799684
     -1.16877197
     -1.16959918
     -1.17048426
     -1.17143385
     -1.17245569
     -1.17355878
     -1.17475365
     -1.17605277
     -1.17747094
     -1.17902592
     -1.18073918
     -1.18263694
     -1.18475156
     -1.18712348
     -1.18980387
     -1.19285865
     -1.19637458
     -1.20046935
     -1.20530950
     -1.21114377
     -1.21836532
     -1.22762239
     -1.23999533
     -1.25723203
     -1.28196850
     -1.31777959
     -1.36891319
     -1.43980092
     -1.53487348
     -1.65949434
     -1.82274021
     -2.04272496
     -2.35386026
     -2.79956137
      2.93163809
      2.42630674
      2.04341689
      1.74470356
      1.48049264
      1.21261900
      0.90663393
      0.52828423
      0.06460780
     -0.43094930
     -0.87277917
     -1.23720455
     -1.55140698
     -1.85099060
     -2.16890144
     -2.53501667
     -2.96524006
      2.84850327
      2.40063827
      2.01047530
      1.66899697
      1.34855170
      1.01970793
      0.65588655
      0.24159842
     -0.20952829
     -0.65334621
     -1.05446912
     -1.41220806
     -1.74712414
     -2.08485263
     -2.44916284
     -2.85457679
      2.99013991
      2.55205175
      2.14615337
      1.77805912
      1.43264825
      1.08776954
      0.72209979
      0.32214457
     -0.10723430
     -0.53983155
     -0.94766842
     -1.32269886
     -1.67599672
     -2.02668415
     -2.39394739
     -2.79030924
      3.07027680
      2.64251855
      2.23412682
      1.85426370
      1.49486615
      1.13939672
      0.77053964
      0.37666095
     -0.04071850
     -0.46430962
     -0.87255757
     -1.25589455
     -1.62012173
     -1.97958105
     -2.34994617
     -2.74204598
      3.12788470
      2.70786800
      2.30011909
      1.91422169
      1.54609486
      1.18326481
      0.81150512
      0.42071498
      0.01079056
     -0.40615054
     -0.81322520
     -1.20104839
     -1.57237642
     -1.93808646
     -2.31112351
     -2.70092889
     -3.10811619
      2.76078984
      2.35446715
      1.96517156
      1.59117835
      1.22298276
      0.84877959
      0.45972677
      0.05482317
     -0.35713708
     -0.76268381
     -1.15312011
     -1.52935915
     -1.89971909
     -2.27498651
     -2.66345722
     -3.06643122
      2.80682761
      2.40205104
      2.01072187
      1.63257074
      1.26031136
      0.88407131
      0.49605459
      0.09472839
     -0.31340343
     -0.71743189
     -1.10946520
     -1.48925862
     -1.86319638
     -2.24032727
     -2.62798843
     -3.02789500
      2.84875107
      2.44544020
      2.05284894
      1.67163451
      1.29620483
      0.91825588
      0.53087316
      0.13219856
     -0.27292036
     -0.67554810
     -1.06858224
     -1.45103386
     -1.82779655
     -2.20649882
     -2.59366466
     -2.99126373
      2.88807487
      2.48609450
      2.09270930
      1.70917503
      1.33121598
      0.95181805
      0.56481919
      0.16816363
     -0.23453915
     -0.63590772
     -1.02956977
     -1.41405549
     -1.79309241
     -2.17313448
     -2.56000736
     -2.95583198
      2.92568259
      2.52489130
      2.13101297
      1.74568820
      1.36567687
      0.98503685
      0.59825594
      0.20316546
     -0.19757145
     -0.59781848
     -0.99186326
     -1.37793008
     -1.75882487
     -2.14002126
     -2.52673865
     -2.92117875
      2.96214298
      0.00000000
