      0.00000000
     -2.50069809
     -2.10663738
     -1.71124219
     -1.31736556
     -0.92692096
     -0.53979290
     -0.15399132
      0.23319284
      0.62369462
      1.01756099
      1.41285556
      1.80678353
      2.19738676
      2.58467373
      2.97053335
     -2.92555024
     -2.53522894
     -2.14153858
     -1.74631403
     -1.35231686
     -0.96156156
     -0.57414444
     -0.18826346
      0.19872977
      0.58886862
      0.98240553
      1.37759307
      1.77168205
      2.16258663
      2.55010518
      2.93596654
     -2.96036674
     -2.57041805
     -2.17701379
     -1.78182710
     -1.38761791
     -0.99656254
     -0.60897171
     -0.22317654
      0.16349321
      0.55323700
      0.94652744
      1.34175349
      1.73611843
      2.12733120
      2.51496430
      2.90063943
     -2.99611012
     -2.60659480
     -2.21340178
     -1.81809107
     -1.42352595
     -1.03214295
     -0.64449894
     -0.25900714
      0.12712929
      0.51638114
      0.90948981
      1.30493675
      1.69975761
      2.09133149
      2.47895325
      2.86418626
     -3.03324502
     -2.64430677
     -2.25127433
     -1.85563212
     -1.46048588
     -1.06869044
     -0.68112638
     -0.29624344
      0.08902174
      0.47757567
      0.87053234
      1.26643754
      1.66199663
      2.05405738
      2.44152548
      2.82594634
     -3.07260052
     -2.68453036
     -2.29166136
     -1.89541580
     -1.49933353
     -1.10694623
     -0.71961579
     -0.33579695
      0.04803343
      0.43547880
      0.82822781
      1.22490110
      1.62164670
      2.01444582
      2.40159261
      2.78463061
     -3.11577632
     -2.72915950
     -2.33659776
     -1.93940053
     -1.54181147
     -1.14848084
     -0.76156918
     -0.37954783
      0.00183956
      0.38732388
      0.77956837
      1.17738938
      1.57605776
      1.97009195
      2.35670989
      2.73738988
      3.11689274
     -2.78241671
     -2.39073977
     -1.99220843
     -1.59214389
     -1.19714796
     -0.81089067
     -0.43202637
     -0.05517528
      0.32629180
      0.71689662
      1.11615656
      1.51805480
      1.91442689
      2.30025153
      2.67654922
      3.04943901
     -2.85618226
     -2.46777162
     -2.06803216
     -1.66369610
     -1.26521355
     -0.87987130
     -0.50747471
     -0.14112026
      0.22925381
      0.61248903
      1.01129060
      1.41870313
      1.82077586
      2.20576105
      2.57138029
      2.92472124
     -3.00501395
     -2.63823563
     -2.24952469
     -1.84205770
     -1.43388947
     -1.04836566
     -0.69941758
     -0.38780844
     -0.10664053
      0.15348906
      0.40215085
      0.64793349
      0.89737863
      1.15419650
      1.41925612
      1.69132914
      1.96815566
      2.24739340
      2.52720979
      2.80648518
      3.08473251
     -2.92130150
     -2.64511647
     -2.36973088
     -2.09502479
     -1.82094794
     -1.54750712
     -1.27474118
     -1.00269795
     -0.73141942
     -0.46093549
     -0.19126393
      0.07758655
      0.34561256
      0.61281294
      0.87918695
      1.14473347
      1.40945094
      1.67333769
      1.93639230
      2.19861387
      2.46000213
      2.72055754
      2.98028117
     -3.04401064
     -2.78594516
     -2.52870515
     -2.27228765
     -2.01668939
     -1.76190669
     -1.50793554
     -1.25477158
     -1.00241010
     -0.75084603
     -0.50007396
     -0.25008814
     -0.00088250
      0.24754941
      0.49521432
      0.74211932
      0.98827181
      1.23367952
      1.47835050
      1.72229313
      1.96551609
      2.20802841
      2.44983939
      2.69095869
      2.93139626
     -3.11202295
     -2.87291775
     -2.63446256
     -2.39664621
     -2.15945720
     -1.92288376
     -1.68691381
     -1.45153498
     -1.21673460
     -0.98249973
     -0.74881714
     -0.51567334
     -0.28305454
     -0.05094671
      0.18066447
      0.41179354
      0.64245534
      0.87266491
      1.10243755
      1.33178881
      1.56073442
      1.78929038
      2.01747286
      2.24529827
      2.47278318
      2.69994439
      2.92679884
     -3.12982164
     -2.90352915
     -2.67749155
     -2.45169124
     -2.22611051
     -2.00073150
     -1.77553625
     -1.55050669
     -1.32562465
     -1.10087187
     -0.87623004
     -0.65168075
     -0.42720557
     -0.20278600
      0.02159647
      0.24596038
      0.47032430
      0.69470677
      0.91912634
      1.14360152
      1.36815080
      1.59279264
      1.81754541
      2.04242746
      2.26745702
      2.49265227
      2.71803128
      2.94361201
     -3.11377299
     -2.88773539
     -2.66144290
     -2.43487807
     -2.20802362
     -1.98086242
     -1.75337750
     -1.52555210
     -1.29736961
     -1.06881365
     -0.83986804
     -0.61051679
     -0.38074414
     -0.15053457
      0.08012722
      0.31125630
      0.54286747
      0.77497531
      1.00759410
      1.24073791
      1.47442049
      1.70865536
      1.94345574
      2.17883458
      2.41480453
      2.65137797
      2.88856697
      3.12638333
     -2.91834679
     -2.67924159
     -2.43947549
     -2.19903793
     -1.95791863
     -1.71610764
     -1.47359533
     -1.23037236
     -0.98642973
     -0.74175875
     -0.49635104
     -0.25019855
     -0.00329356
      0.24437136
      0.49280326
      0.74200891
      0.99199473
      1.24276679
      1.49433087
      1.74669235
      1.99985631
      2.25382745
      2.50861015
      2.76420842
      3.02062591
     -3.00531938
     -2.74725390
     -2.48836041
     -2.22863678
     -1.96808137
     -1.70669310
     -1.44447154
     -1.18141692
     -0.91753017
     -0.65281270
     -0.38726619
     -0.12089217
      0.14630821
      0.41433421
      0.68318470
      0.95285626
      1.22334019
      1.49461872
      1.76666195
      2.03942789
      2.31286870
      2.58694556
      2.86165165
      3.13703724
     -2.86996304
     -2.59281174
     -2.31456441
     -2.03528902
     -1.75547264
     -1.47623489
     -1.19940837
     -0.92733536
     -0.66227574
     -0.40545787
     -0.15601272
      0.08976991
      0.33843170
      0.59856130
      0.87972921
      1.19133834
      1.54028642
      1.92581024
      2.33397847
      2.74144546
      3.13015640
     -2.78625059
     -2.43280047
     -2.07945953
     -1.71384028
     -1.32885509
     -0.92678236
     -0.51936983
     -0.12056826
      0.26266696
      0.63304102
      0.99939547
      1.37179206
      1.75713432
      2.15561687
      2.55995293
      2.95969239
     -2.93508228
     -2.55751825
     -2.18462845
     -1.80833076
     -1.42250613
     -1.02613404
     -0.62423579
     -0.22497585
      0.16562896
      0.54709605
      0.92394714
      1.30281144
      1.68906873
      2.08406465
      2.48412920
      2.88266054
     -3.00884783
     -2.62497198
     -2.24546912
     -1.86478913
     -1.47817119
     -1.08413699
     -0.68546862
     -0.28764760
      0.10459689
      0.49008121
      0.87146859
      1.25348995
      1.64040161
      2.03373224
      2.43132129
      2.82851853
     -3.06210504
     -2.67548822
     -2.29270984
     -1.90967184
     -1.52252505
     -1.12972594
     -0.73298034
     -0.33630704
      0.05644197
      0.44388733
      0.82771771
      1.21153655
      1.59886699
      1.99125429
      2.38733657
      2.78358213
     -3.10673418
     -2.71866402
     -2.33402557
     -1.94960471
     -1.56213661
     -1.17007587
     -0.77451677
     -0.37861157
      0.01434509
      0.40289903
      0.78816420
      1.17304715
      1.56061121
      1.95240665
      2.34755289
      2.74319509
      3.13622754
     -2.75801952
     -2.37226550
     -1.98703249
     -1.59941073
     -1.20783684
     -0.81301598
     -0.41756904
     -0.02446037
      0.36479148
      0.75092791
      1.13641971
      1.52406372
      1.91544672
      2.31001183
      2.70532255
      3.09851557
     -2.79515442
     -2.40871866
     -2.02304353
     -1.63541043
     -1.24419766
     -0.84983272
     -0.45460667
     -0.06131624
      0.32842756
      0.71509730
      1.10089247
      1.48848331
      1.87953868
      2.27374787
      2.66893456
      3.06233881
     -2.83089780
     -2.44404577
     -2.05818442
     -1.67066586
     -1.27976128
     -0.88567231
     -0.49048476
     -0.09694785
      0.29319100
      0.68018423
      1.06606520
      1.45348233
      1.84423763
      2.23823479
      2.63345935
      3.02714971
     -2.86571430
     -2.47861259
     -2.09275296
     -1.70546600
     -1.31486277
     -0.92093479
     -0.52564022
     -0.13177385
      0.25872793
      0.64591208
      1.03171366
      1.41884173
      1.80928632
      2.20316296
      2.59855814
      2.99261885
      0.00000000
