      0.00000000
      0.00000000
      0.00000000
      0.00000000
      0.00000000
      0.00000000
      0.00000000
      0.00000000
      0.00000000
      0.00000000
      0.00000000
      0.00000000
      0.00000000
      0.00000000
      0.00000000
      0.00000000
      0.00000000
      0.00000000
      0.00000000
      0.00000000
      0.00000000
      0.00000000
      0.00000000
      0.00000000
      0.00000000
      0.00000000
      0.00000000
      0.00000000
      0.00000000
      0.00000000
      0.00000000
      0.00000000
      0.00000000
      0.00000000
      0.00000000
      0.00000000
      0.00000000
      0.00000000
      0.00000000
      0.00000000
      0.00000000
      0.00000000
      0.00000000
      0.00000000
      0.00000000
      0.00000000
      0.00000000
      0.00000000
      0.00000000
      0.00000000
      0.00000000
      0.00000000
      0.00000000
      0.00000000
      0.00000000
      0.00000000
      0.00000000
      0.00000000
      0.00000000
      0.00000000
      0.00000000
      0.00000000
      0.00000000
      0.00000000
      0.00000000
      0.00000000
      0.00000000
      0.00000000
      0.00000000
      0.00000000
      0.00000000
      0.00000000
      0.00000000
      0.00000000
      0.00000000
      0.00000000
      0.00000000
      0.00000000
      0.00000000
      0.00000000
      0.00000000
      0.00000000
      0.00000000
      0.00000000
      0.00000000
      0.00000000
      0.00000000
      0.00000000
      0.00000000
      0.00000000
      0.00000000
      0.00000000
      0.00000000
      0.00000000
      0.00000000
      0.00000000
      0.00000000
      0.00000000
      0.00000000
      0.00000000
      0.00000000
      0.00000000
      0.00000000
      0.00000000
      0.00000000
      0.00000000
      0.00000000
      0.00000000
      0.00000000
      0.00000000
      0.00000000
      0.00000000
      0.00000000
      0.00000000
      0.00000000
      0.00000000
      0.00000000
      0.00000000
      0.00000000
      0.00000000
      0.00000000
      0.00000000
      0.00000000
      0.00000000
      0.00000000
      0.00000000
      0.00000000
      0.00000000
      0.00000000
      0.00000000
      0.00000000
      0.00000000
      0.00000000
      0.00000000
      0.00000000
      0.00000000
      0.00000000
      0.00000000
      0.00000000
      0.00000000
      0.00000000
      0.00000000
      0.00000000
      0.00000000
      0.00000000
      0.00000001
      0.00000007
      0.00000032
      0.00000132
      0.00000486
      0.00001618
      0.00004802
      0.00012359
      0.00026863
      0.00049043
      0.00076892
      0.00107497
      0.00138997
      0.00170685
      0.00202253
      0.00233336
      0.00263526
      0.00292585
      0.00320569
      0.00347773
      0.00374554
      0.00401174
      0.00427728
      0.00454164
      0.00480354
      0.00506171
      0.00531540
      0.00556446
      0.00580924
      0.00605027
      0.00628801
      0.00652276
      0.00675457
      0.00698334
      0.00720891
      0.00743112
      0.00764984
      0.00786498
      0.00807652
      0.00828453
      0.00848919
      0.00869081
      0.00888972
      0.00908621
      0.00928028
      0.00947153
      0.00965905
      0.00984164
      0.01001830
      0.01018888
      0.01035468
      0.01051872
      0.01068512
      0.01085766
      0.01103757
      0.01122122
      0.01139893
      0.01155646
      0.01168009
      0.01176420
      0.01181833
      0.01186966
      0.01195966
      0.01213452
      0.01242804
      0.01283282
      0.01326272
      0.01354043
      0.01347315
      0.01299454
      0.01220887
      0.01129312
      0.01040828
      0.00967763
      0.00917073
      0.00886640
      0.00864424
      0.00842120
      0.00835862
      0.00850793
      0.00865236
      0.00873642
      0.00879684
      0.00882996
      0.00878198
      0.00860953
      0.00846902
      0.00863872
      0.00897007
      0.00921222
      0.00934280
      0.00939086
      0.00934569
      0.00917906
      0.00897778
      0.00901216
      0.00929543
      0.00956104
      0.00970958
      0.00975768
      0.00970890
      0.00954244
      0.00930626
      0.00923753
      0.00945458
      0.00972240
      0.00988295
      0.00993365
      0.00988549
      0.00972307
      0.00946699
      0.00931329
      0.00945426
      0.00971153
      0.00987987
      0.00993310
      0.00988725
      0.00973257
      0.00946815
      0.00924159
      0.00929519
      0.00952985
      0.00970209
      0.00975607
      0.00971246
      0.00956943
      0.00930902
      0.00902043
      0.00896951
      0.00916572
      0.00933780
      0.00938835
      0.00934420
      0.00921820
      0.00898238
      0.00865152
      0.00846594
      0.00859577
      0.00877288
      0.00882663
      0.00879603
      0.00873679
      0.00865556
      0.00851591
      0.00836286
      0.00841213
      0.00863183
      0.00885266
      0.00914850
      0.00964285
      0.01036222
      0.01124072
      0.01215731
      0.01295305
      0.01345062
      0.01353916
      0.01327551
      0.01284896
      0.01244018
      0.01214017
      0.01195955
      0.01186594
      0.01181337
      0.01175990
      0.01167748
      0.01155571
      0.01139953
      0.01122240
      0.01103867
      0.01085831
      0.01068523
      0.01051843
      0.01035421
      0.01018840
      0.01001795
      0.00984145
      0.00965899
      0.00947154
      0.00928030
      0.00908620
      0.00888968
      0.00869073
      0.00848911
      0.00828444
      0.00807644
      0.00786492
      0.00764979
      0.00743108
      0.00720888
      0.00698330
      0.00675453
      0.00652273
      0.00628798
      0.00605024
      0.00580921
      0.00556444
      0.00531538
      0.00506170
      0.00480352
      0.00454163
      0.00427727
      0.00401173
      0.00374553
      0.00347772
      0.00320569
      0.00292584
      0.00263525
      0.00233335
      0.00202253
      0.00170685
      0.00138997
      0.00107497
      0.00076891
      0.00049043
      0.00026863
      0.00012359
      0.00004802
      0.00001618
      0.00000486
      0.00000132
      0.00000032
      0.00000007
      0.00000001
      0.00000000
      0.00000000
      0.00000000
      0.00000000
      0.00000000
      0.00000000
      0.00000000
      0.00000000
      0.00000000
      0.00000000
      0.00000000
      0.00000000
      0.00000000
      0.00000000
      0.00000000
      0.00000000
      0.00000000
      0.00000000
      0.00000000
      0.00000000
      0.00000000
      0.00000000
      0.00000000
      0.00000000
      0.00000000
      0.00000000
      0.00000000
      0.00000000
      0.00000000
      0.00000000
      0.00000000
      0.00000000
      0.00000000
      0.00000000
      0.00000000
      0.00000000
      0.00000000
      0.00000000
      0.00000000
      0.00000000
      0.00000000
      0.00000000
      0.00000000
      0.00000000
      0.00000000
      0.00000000
      0.00000000
      0.00000000
      0.00000000
      0.00000000
      0.00000000
      0.00000000
      0.00000000
      0.00000000
      0.00000000
      0.00000000
      0.00000000
      0.00000000
      0.00000000
      0.00000000
      0.00000000
      0.00000000
      0.00000000
      0.00000000
      0.00000000
      0.00000000
      0.00000000
      0.00000000
      0.00000000
      0.00000000
      0.00000000
      0.00000000
      0.00000000
      0.00000000
      0.00000000
      0.00000000
      0.00000000
      0.00000000
      0.00000000
      0.00000000
      0.00000000
      0.00000000
      0.00000000
      0.00000000
      0.00000000
      0.00000000
      0.00000000
      0.00000000
      0.00000000
      0.00000000
      0.00000000
      0.00000000
      0.00000000
      0.00000000
      0.00000000
      0.00000000
      0.00000000
      0.00000000
      0.00000000
      0.00000000
      0.00000000
      0.00000000
      0.00000000
      0.00000000
      0.00000000
      0.00000000
      0.00000000
      0.00000000
      0.00000000
      0.00000000
      0.00000000
      0.00000000
      0.00000000
      0.00000000
      0.00000000
      0.00000000
      0.00000000
      0.00000000
      0.00000000
      0.00000000
      0.00000000
      0.00000000
      0.00000000
      0.00000000
      0.00000000
      0.00000000
      0.00000000
      0.00000000
      0.00000000
      0.00000000
      0.00000000
      0.00000000
      0.00000000
      0.00000000
      0.00000000
      0.00000000
      0.00000000
      0.00000000
      0.00000000
      0.00000000
      0.00000000
      0.00000000
      0.00000000
      0.00000000
      0.00000000
