      0.00000000
      0.00000000
      0.00000000
      0.00000000
      0.00000000
      0.00000000
      0.00000000
      0.00000000
      0.00000000
      0.00000000
      0.00000000
      0.00000000
      0.00000000
      0.00000000
      0.00000000
      0.00000000
      0.00000000
      0.00000000
      0.00000000
      0.00000000
      0.00000000
      0.00000000
      0.00000000
      0.00000000
      0.00000000
      0.00000000
      0.00000000
      0.00000000
      0.00000000
      0.00000000
      0.00000000
      0.00000000
      0.00000000
      0.00000000
      0.00000000
      0.00000000
      0.00000000
      0.00000000
      0.00000000
      0.00000000
      0.00000000
      0.00000000
      0.00000000
      0.00000000
      0.00000000
      0.00000000
      0.00000000
      0.00000000
      0.00000000
      0.00000000
      0.00000000
      0.00000000
      0.00000000
      0.00000000
      0.00000000
      0.00000000
      0.00000000
      0.00000000
      0.00000000
      0.00000000
      0.00000000
      0.00000000
      0.00000000
      0.00000000
      0.00000000
      0.00000000
      0.00000000
      0.00000000
      0.00000000
      0.00000000
      0.00000000
      0.00000000
      0.00000000
      0.00000000
      0.00000000
      0.00000000
      0.00000000
      0.00000000
      0.00000000
      0.00000000
      0.00000000
      0.00000000
      0.00000000
      0.00000000
      0.00000000
      0.00000000
      0.00000000
      0.00000000
      0.00000000
      0.00000000
      0.00000000
      0.00000000
      0.00000000
      0.00000000
      0.00000000
      0.00000000
      0.00000000
      0.00000000
      0.00000000
      0.00000000
      0.00000000
      0.00000000
      0.00000000
      0.00000000
      0.00000000
      0.00000000
      0.00000000
      0.00000000
      0.00000000
      0.00000000
      0.00000000
      0.00000000
      0.00000000
      0.00000000
      0.00000000
      0.00000000
      0.00000000
      0.00000000
      0.00000000
      0.00000000
      0.00000000
      0.00000000
      0.00000000
      0.00000000
      0.00000000
      0.00000000
      0.00000000
      0.00000000
      0.00000000
      0.00000000
      0.00000000
      0.00000000
      0.00000000
      0.00000000
      0.00000000
      0.00000000
      0.00000000
      0.00000000
      0.00000000
      0.00000000
      0.00000000
      0.00000000
      0.00000000
      0.00000000
      0.00000000
      0.00000000
      0.00000001
      0.00000002
      0.00000003
      0.00000002
      0.00000030
      0.00000312
      0.00001535
      0.00004715
      0.00010146
      0.00016563
      0.00022005
      0.00025281
      0.00026473
      0.00026555
      0.00026772
      0.00028075
      0.00030781
      0.00034593
      0.00038891
      0.00043096
      0.00046880
      0.00050199
      0.00053203
      0.00056108
      0.00059093
      0.00062249
      0.00065577
      0.00069019
      0.00072501
      0.00075963
      0.00079375
      0.00082735
      0.00086058
      0.00089366
      0.00092679
      0.00096012
      0.00099375
      0.00102771
      0.00106192
      0.00109619
      0.00113016
      0.00116341
      0.00119560
      0.00122667
      0.00125709
      0.00128790
      0.00132053
      0.00135623
      0.00139531
      0.00143633
      0.00147588
      0.00150914
      0.00153151
      0.00154122
      0.00154205
      0.00154488
      0.00156618
      0.00162224
      0.00172035
      0.00185064
      0.00198314
      0.00207123
      0.00206146
      0.00191151
      0.00162311
      0.00128928
      0.00111475
      0.00132665
      0.00200008
      0.00300804
      0.00414991
      0.00526023
      0.00621917
      0.00693578
      0.00733767
      0.00737798
      0.00721061
      0.00737260
      0.00790924
      0.00834214
      0.00858360
      0.00872300
      0.00879422
      0.00876351
      0.00859842
      0.00846173
      0.00863455
      0.00896809
      0.00921135
      0.00934242
      0.00939069
      0.00934561
      0.00917904
      0.00897779
      0.00901218
      0.00929544
      0.00956103
      0.00970957
      0.00975767
      0.00970890
      0.00954244
      0.00930627
      0.00923755
      0.00945459
      0.00972240
      0.00988294
      0.00993365
      0.00988548
      0.00972306
      0.00946699
      0.00931329
      0.00945426
      0.00971153
      0.00987987
      0.00993311
      0.00988725
      0.00973257
      0.00946815
      0.00924158
      0.00929518
      0.00952985
      0.00970209
      0.00975608
      0.00971248
      0.00956944
      0.00930900
      0.00902039
      0.00896946
      0.00916568
      0.00933775
      0.00938824
      0.00934389
      0.00921739
      0.00898043
      0.00864732
      0.00845858
      0.00858469
      0.00875477
      0.00879188
      0.00872432
      0.00858826
      0.00835369
      0.00793103
      0.00738834
      0.00719843
      0.00736458
      0.00734321
      0.00696004
      0.00625869
      0.00531105
      0.00420695
      0.00306427
      0.00204553
      0.00135086
      0.00111477
      0.00127359
      0.00160429
      0.00189788
      0.00205549
      0.00207177
      0.00198761
      0.00185636
      0.00172519
      0.00162507
      0.00156687
      0.00154406
      0.00154062
      0.00153993
      0.00153078
      0.00150903
      0.00147623
      0.00143689
      0.00139584
      0.00135662
      0.00132072
      0.00128794
      0.00125706
      0.00122663
      0.00119560
      0.00116346
      0.00113024
      0.00109629
      0.00106202
      0.00102779
      0.00099381
      0.00096016
      0.00092682
      0.00089369
      0.00086062
      0.00082739
      0.00079379
      0.00075966
      0.00072504
      0.00069022
      0.00065580
      0.00062251
      0.00059095
      0.00056109
      0.00053204
      0.00050200
      0.00046881
      0.00043097
      0.00038892
      0.00034593
      0.00030782
      0.00028075
      0.00026773
      0.00026556
      0.00026474
      0.00025282
      0.00022005
      0.00016563
      0.00010146
      0.00004715
      0.00001535
      0.00000312
      0.00000030
      0.00000002
      0.00000003
      0.00000002
      0.00000001
      0.00000000
      0.00000000
      0.00000000
      0.00000000
      0.00000000
      0.00000000
      0.00000000
      0.00000000
      0.00000000
      0.00000000
      0.00000000
      0.00000000
      0.00000000
      0.00000000
      0.00000000
      0.00000000
      0.00000000
      0.00000000
      0.00000000
      0.00000000
      0.00000000
      0.00000000
      0.00000000
      0.00000000
      0.00000000
      0.00000000
      0.00000000
      0.00000000
      0.00000000
      0.00000000
      0.00000000
      0.00000000
      0.00000000
      0.00000000
      0.00000000
      0.00000000
      0.00000000
      0.00000000
      0.00000000
      0.00000000
      0.00000000
      0.00000000
      0.00000000
      0.00000000
      0.00000000
      0.00000000
      0.00000000
      0.00000000
      0.00000000
      0.00000000
      0.00000000
      0.00000000
      0.00000000
      0.00000000
      0.00000000
      0.00000000
      0.00000000
      0.00000000
      0.00000000
      0.00000000
      0.00000000
      0.00000000
      0.00000000
      0.00000000
      0.00000000
      0.00000000
      0.00000000
      0.00000000
      0.00000000
      0.00000000
      0.00000000
      0.00000000
      0.00000000
      0.00000000
      0.00000000
      0.00000000
      0.00000000
      0.00000000
      0.00000000
      0.00000000
      0.00000000
      0.00000000
      0.00000000
      0.00000000
      0.00000000
      0.00000000
      0.00000000
      0.00000000
      0.00000000
      0.00000000
      0.00000000
      0.00000000
      0.00000000
      0.00000000
      0.00000000
      0.00000000
      0.00000000
      0.00000000
      0.00000000
      0.00000000
      0.00000000
      0.00000000
      0.00000000
      0.00000000
      0.00000000
      0.00000000
      0.00000000
      0.00000000
      0.00000000
      0.00000000
      0.00000000
      0.00000000
      0.00000000
      0.00000000
      0.00000000
      0.00000000
      0.00000000
      0.00000000
      0.00000000
      0.00000000
      0.00000000
      0.00000000
      0.00000000
      0.00000000
      0.00000000
      0.00000000
      0.00000000
      0.00000000
      0.00000000
      0.00000000
      0.00000000
      0.00000000
      0.00000000
      0.00000000
      0.00000000
      0.00000000
      0.00000000
      0.00000000
      0.00000000
      0.00000000
      0.00000000
      0.00000000
      0.00000000
      0.00000000
      0.00000000
      0.00000000
