             NaN
      1.67500365
      2.06532446
      2.45663476
      2.84852907
     -3.04293958
     -2.65207198
     -2.26223748
     -1.87302140
     -1.48364411
     -1.09340411
     -0.70208688
     -0.31010611
      0.08172250
      0.47265680
      0.86246753
      1.25157626
      1.64081800
      2.03096746
      2.42228858
      2.81436278
     -3.07686992
     -2.68585999
     -2.29607374
     -1.90708369
     -1.51799440
     -1.12794947
     -0.73662834
     -0.34445299
      0.04763738
      0.43873323
      0.82849415
      1.21735225
      1.60626921
      1.99619290
      2.38750900
      2.77979407
     -3.11114725
     -2.71995349
     -2.33021890
     -1.94150843
     -1.55278750
     -1.16300524
     -0.77170078
     -0.37929641
      0.01311964
      0.40442542
      0.79413248
      1.18267657
      1.57117290
      1.96078892
      2.35207298
      2.74460739
      3.13721722
     -2.75453343
     -2.36485534
     -1.97650036
     -1.58826364
     -1.19884477
     -0.80759286
     -0.41491640
     -0.02208692
      0.36949705
      0.75914446
      1.14728234
      1.53521587
      1.92439837
      2.31560205
      2.70843403
      3.10151438
     -2.78991251
     -2.40029790
     -2.01241218
     -1.62483710
     -1.23594180
     -0.84480872
     -0.45180631
     -0.05843690
      0.33352741
      0.72310656
      1.11069527
      1.49784024
      1.88638100
      2.27741154
      2.67060051
      3.06430633
     -2.82666881
     -2.43712866
     -2.04989573
     -1.66327609
     -1.27518164
     -0.88430058
     -0.49090859
     -0.09680693
      0.29570092
      0.68519712
      1.07199499
      1.45795885
      1.84547772
      2.23613774
      2.62974701
      3.02432009
     -2.86599102
     -2.47654614
     -2.09029402
     -1.70517145
     -1.31841815
     -0.92809354
     -0.53426126
     -0.13911971
      0.25421435
      0.64359637
      1.02914127
      1.41314565
      1.79883853
      2.18863321
      2.58266920
      2.97850402
     -2.91075549
     -2.52145541
     -2.13686737
     -1.75442226
     -1.37028285
     -0.98137790
     -0.58722862
     -0.19054499
      0.20416655
      0.59335062
      0.97656303
      1.35667742
      1.73834528
      2.12560832
      2.51956106
      2.91725242
     -2.97013833
     -2.58114045
     -2.20010180
     -1.82388089
     -1.44671206
     -1.06300502
     -0.67039253
     -0.27178786
      0.12551571
      0.51411973
      0.89106032
      1.25923709
      1.62573934
      1.99875232
      2.38380495
      2.77986804
     -3.10542249
     -2.71915253
     -2.35496280
     -2.01613464
     -1.69964591
     -1.39890153
     -1.10604634
     -0.81373020
     -0.51655374
     -0.21191996
      0.10003379
      0.41730651
      0.73723493
      1.05751923
      1.37676761
      1.69453269
      2.01101835
      2.32669429
      2.64199292
      2.95715800
     -3.01095555
     -2.69607460
     -2.38153221
     -2.06745741
     -1.75392637
     -1.44096023
     -1.12854204
     -0.81663912
     -0.50522116
     -0.19427030
      0.11621618
      0.42622813
      0.73574711
      1.04475215
      1.35322613
      1.66116254
      1.96857126
      2.27548070
      2.58193331
      2.88797220
     -3.08956479
     -2.78432591
     -2.47957008
     -2.17541731
     -1.87199687
     -1.56938439
     -1.26753093
     -0.96621559
     -0.66505921
     -0.36362706
     -0.06161921
      0.24089995
      0.54333077
      0.84454635
      1.14316823
      1.43810735
      1.72924889
      2.01805207
      2.30775266
      2.60280821
      2.90731273
     -3.06063951
     -2.73853487
     -2.41914543
     -2.11565337
     -1.84071011
     -1.60213577
     -1.39931314
     -1.21972432
     -1.03565548
     -0.80308863
     -0.46621292
      0.01777828
      0.59614589
      1.10234753
      1.46429637
      1.72193023
      1.93588901
      2.16047628
      2.44683066
      2.84478214
     -2.91455117
     -2.36248740
     -1.91333414
     -1.58134235
     -1.31748026
     -1.06888491
     -0.78677870
     -0.42269813
      0.05453983
      0.59608252
      1.07794157
      1.44895405
      1.74073059
      2.00246755
      2.28125270
      2.62416647
      3.06962210
     -2.68557843
     -2.18402633
     -1.78483635
     -1.47314887
     -1.20321804
     -0.92868631
     -0.60322462
     -0.18406465
      0.32956274
      0.84622944
      1.27074327
      1.59997777
      1.87593192
      2.14499418
      2.45344541
      2.84739629
     -2.93842066
     -2.40870782
     -1.95782964
     -1.61051841
     -1.32968687
     -1.06824638
     -0.77918177
     -0.41325194
      0.06331107
      0.60488215
      1.08752018
      1.45684375
      1.74184206
      1.99086553
      2.25263984
      2.57980094
      3.02245417
     -2.71133646
     -2.18251416
     -1.77793532
     -1.48719346
     -1.26089093
     -1.04785648
     -0.79410132
     -0.43909448
      0.05992128
      0.63880957
      1.13037511
      1.47421334
      1.71078475
      1.89616995
      2.07518322
      2.27637806
      2.51297838
      2.78613183
      3.08838086
     -2.87594772
     -2.55373702
     -2.23801658
     -1.93295010
     -1.63748212
     -1.34760684
     -1.05884213
     -0.76786902
     -0.47313569
     -0.17468626
      0.12642563
      0.42882307
      0.73135784
      1.03340085
      1.33486269
      1.63602933
      1.93733318
      2.23915922
      2.54173740
      2.84512486
     -3.13393442
     -2.82919787
     -2.52397231
     -2.21833414
     -1.91230488
     -1.60586307
     -1.29896610
     -0.99157114
     -0.68364891
     -0.37518871
     -0.06619650
      0.24331078
      0.55331203
      0.86378854
      1.17472989
      1.48613864
      1.79803257
      2.11044204
      2.42339980
      2.73692285
      3.05099013
     -2.91765987
     -2.60278556
     -2.28772004
     -1.97256081
     -1.65726762
     -1.34159673
     -1.02511571
     -0.70735488
     -0.38811038
     -0.06782967
      0.25209543
      0.56936506
      0.88131594
      1.18594713
      1.48312134
      1.77543562
      2.06828939
      2.36903279
      2.68552093
      3.02434884
     -2.89464678
     -2.50837686
     -2.11048227
     -1.71441958
     -1.32936747
     -0.95635498
     -0.58985309
     -0.22167651
      0.15526404
      0.54386808
      0.94117161
      1.33977609
      1.73238829
      2.11609500
      2.49326357
      2.86948433
     -3.03266236
     -2.64366447
     -2.24786993
     -1.85017868
     -1.45622615
     -1.06896335
     -0.68729569
     -0.30718142
      0.07603095
      0.46521502
      0.85992656
      1.25661011
      1.65075924
      2.03966399
      2.42380323
      2.80624823
     -3.09234907
     -2.70304898
     -2.30912318
     -1.91328842
     -1.51925255
     -1.12945803
     -0.74376529
     -0.35976100
      0.02578386
      0.41516589
      0.80849995
      1.20364146
      1.59747364
      1.98779811
      2.37455129
      2.75967378
     -3.13725944
     -2.74781456
     -2.35494036
     -1.96036731
     -1.56675813
     -1.17609821
     -0.78857946
     -0.40261567
     -0.01581782
      0.37367837
      0.76618623
      1.16028786
      1.55367978
      1.94456074
      2.33265510
      2.71927468
      3.10650758
     -2.78713758
     -2.39492741
     -2.00122161
     -1.60803270
     -1.21700224
     -0.82846157
     -0.44131666
     -0.05372797
      0.33585118
      0.72781548
      1.12118488
      1.51418724
      1.90532024
      2.29421547
      2.68179049
      3.06967619
     -2.82389451
     -2.43213608
     -2.03905575
     -1.64622382
     -1.25502020
     -0.86583777
     -0.47790428
     -0.08976643
      0.29988097
      0.69146495
      1.08429442
      1.47697084
      1.86822269
      2.25764150
      2.64587818
      3.03423313
     -2.85927409
     -2.46783942
     -2.07522960
     -1.68269523
     -1.29141122
     -0.90179526
     -0.51329897
     -0.12475490
      0.26495215
      0.65625794
      1.04867398
      1.44107832
      1.83238273
      2.22216494
      2.61088583
      2.99959628
     -2.89385444
     -2.50266068
     -2.11041670
     -1.71813165
     -1.32681560
     -0.93689195
     -0.54797503
     -0.15911695
      0.23064397
      0.62173983
      1.01383019
      1.40600551
      1.79732661
      2.18737149
      2.57646075
      2.96545078
     -2.92794828
     -2.53693835
     -2.14498575
     -1.75291157
     -1.36159048
     -0.97144106
     -0.58219936
     -0.19309064
      0.19672009
      0.58765439
      0.97948299
      1.37146375
      1.76278094
      2.15302090
      2.54239816
      2.93161423
     -2.96173659
     -2.57086899
     -2.17915233
     -1.78725804
     -1.39594776
     -1.00562698
      0.00000000
