      0.00000000
     -1.19689042
     -0.80626542
     -0.41564042
     -0.02501541
      0.36560960
      0.75623460
      1.14685961
      1.53748462
      1.92810962
      2.31873463
      2.70935964
      3.09998464
     -2.79257566
     -2.40195065
     -2.01132564
     -1.62070064
     -1.23007563
     -0.83945062
     -0.44882562
     -0.05820061
      0.33242440
      0.72304940
      1.11367441
      1.50429942
      1.89492442
      2.28554943
      2.67617444
      3.06679945
     -2.82576086
     -2.43513585
     -2.04451084
     -1.65388583
     -1.26326083
     -0.87263582
     -0.48201081
     -0.09138581
      0.29923920
      0.68986421
      1.08048922
      1.47111422
      1.86173923
      2.25236424
      2.64298924
      3.03361425
     -2.85894605
     -2.46832104
     -2.07769603
     -1.68707103
     -1.29644602
     -0.90582101
     -0.51519600
     -0.12457100
      0.26605401
      0.65667902
      1.04730403
      1.43792903
      1.82855404
      2.21917905
      2.60980406
      3.00042906
     -2.89213124
     -2.50150623
     -2.11088122
     -1.72025621
     -1.32963120
     -0.93900620
     -0.54838119
     -0.15775618
      0.23286883
      0.62349383
      1.01411884
      1.40474385
      1.79536886
      2.18599386
      2.57661887
      2.96724388
     -2.92531642
     -2.53469142
     -2.14406641
     -1.75344140
     -1.36281640
     -0.97219139
     -0.58156639
     -0.19094139
      0.19968362
      0.59030862
      0.98093362
      1.37155862
      1.76218362
      2.15280862
      2.54343362
      2.93405861
     -2.95850170
     -2.56787670
     -2.17725170
     -1.78662670
     -1.39600170
     -1.00537669
     -0.61475168
     -0.22412665
      0.16649840
      0.55712346
      0.94774854
      1.33837365
      1.72899878
      2.11962395
      2.51024915
      2.90087438
     -2.99168567
     -2.60106040
     -2.21043510
     -1.81980981
     -1.42918452
     -1.03855926
     -0.64793405
     -0.25730890
      0.13331616
      0.52394110
      0.91456591
      1.30519056
      1.69581503
      2.08643929
      2.47706333
      2.86768712
     -3.02487465
     -2.63425138
     -2.24362840
     -1.85300571
     -1.46238332
     -1.07176124
     -0.68113948
     -0.29051803
      0.10010309
      0.49072389
      0.88134434
      1.27196445
      1.66258419
      2.05320357
      2.44382257
      2.83444116
     -3.05812598
     -2.66750825
     -2.27689098
     -1.88627420
     -1.49565792
     -1.10504214
     -0.71442674
     -0.32381149
      0.06680382
      0.45742163
      0.84806794
      1.23887656
      1.63023290
      2.02265323
      2.41588057
      2.80781556
     -3.08801256
     -2.70704285
     -2.33042415
     -1.95224543
     -1.56528278
     -1.16549851
     -0.75653743
     -0.34969337
      0.04327136
      0.41847490
      0.78204248
      1.14681730
      1.52719007
      1.93201177
      2.35589969
      2.77798490
     -3.10643833
     -2.73705436
     -2.38692951
     -2.03730254
     -1.66739849
     -1.26233107
     -0.82636491
     -0.38908775
      0.01667729
      0.38172490
      0.71950510
      1.05346503
      1.40957468
      1.80943226
      2.25374347
      2.70708868
      3.12336398
     -2.79551468
     -2.46752992
     -2.14873938
     -1.80926459
     -1.42105476
     -0.97450972
     -0.50509080
     -0.07348199
      0.29519974
      0.61687424
      0.92148498
      1.24139272
      1.60943372
      2.04645206
      2.52633706
      2.97642311
     -2.92903686
     -2.61202136
     -2.32504027
     -2.03667872
     -1.71532613
     -1.33093568
     -0.87827605
     -0.41254014
     -0.00764092
      0.31942526
      0.59255928
      0.84088534
      1.08970184
      1.36181399
      1.67794232
      2.05210252
      2.48039484
      2.92948250
     -2.93449637
     -2.57176046
     -2.25759020
     -1.96541045
     -1.66379656
     -1.32499180
     -0.93318315
     -0.49629010
     -0.05176207
      0.35785913
      0.71825599
      1.04300486
      1.35895092
      1.69490143
      2.07281271
      2.49654379
      2.94159948
     -2.91659191
     -2.53595224
     -2.19514784
     -1.87192808
     -1.53847120
     -1.17047779
     -0.75766283
     -0.31557461
      0.11760341
      0.51141288
      0.86311605
      1.19090697
      1.52147177
      1.88053320
      2.28301345
      2.72069542
     -3.12378653
     -2.71910899
     -2.35809003
     -2.02666914
     -1.69940481
     -1.34945073
     -0.95791078
     -0.52618089
     -0.08353404
      0.33136817
      0.70152708
      1.03619020
      1.35923757
      1.69852709
      2.07684968
      2.49995221
      2.94499922
     -2.91254627
     -2.53222954
     -2.19462808
     -1.87839105
     -1.55483312
     -1.19676833
     -0.78958678
     -0.34593531
      0.09247208
      0.48699993
      0.82820672
      1.13100588
      1.42277342
      1.73493782
      2.09462317
      2.51115681
      2.95990290
     -2.89278858
     -2.51545834
     -2.19651620
     -1.92255109
     -1.67301884
     -1.42519895
     -1.15397348
     -0.83037112
     -0.42960893
      0.03446683
      0.48965989
      0.87784859
      1.20181596
      1.49115985
      1.77754046
      2.09232692
      2.46642305
      2.91329818
     -2.88972138
     -2.44938491
     -2.07810640
     -1.75647913
     -1.45180599
     -1.13167070
     -0.76590546
     -0.33732304
      0.13148825
      0.58040098
      0.97159837
      1.31296016
      1.63214668
      1.95906547
      2.32107149
      2.73475906
     -3.09605267
     -2.65024006
     -2.24791578
     -1.88999750
     -1.55546519
     -1.21838623
     -0.85508790
     -0.45137491
     -0.01508878
      0.42172484
      0.82862619
      1.20006904
      1.55030860
      1.90001832
      2.26816693
      2.66545587
      3.08673850
     -2.77215261
     -2.36614425
     -1.98464504
     -1.61933409
     -1.25594497
     -0.88146943
     -0.48938084
     -0.08305593
      0.32601455
      0.72635773
      1.11391850
      1.49242855
      1.86902764
      2.24972185
      2.63673034
      3.02840175
     -2.86168398
     -2.46929921
     -2.07794549
     -1.68713534
     -1.29648876
     -0.90587120
     -0.51525612
     -0.12464101
      0.26597429
      0.65658997
      1.04720615
      1.43782283
      1.82843999
      2.21905762
      2.60967569
      3.00029418
     -2.89227224
     -2.50165297
     -2.11103333
     -1.72041334
     -1.32979299
     -0.93917231
     -0.54855129
     -0.15792995
      0.23269171
      0.62331368
      1.01393597
      1.40455856
      1.79518144
      2.18580461
      2.57642806
      2.96705177
     -2.92550957
     -2.53488538
     -2.14426098
     -1.75363639
     -1.36301164
     -0.97238674
     -0.58176172
     -0.19113661
      0.19948857
      0.59011380
      0.98073907
      1.37136434
      1.76198962
      2.15261489
      2.54324013
      2.93386535
     -2.95869477
     -2.56806962
     -2.17744449
     -1.78681939
     -1.39619432
     -1.00556927
     -0.61494424
     -0.22431923
      0.16630577
      0.55693077
      0.94755576
      1.33818074
      1.72880572
      2.11943070
      2.51005568
      2.90068066
     -2.99187966
     -2.60125468
     -2.21062970
     -1.82000471
     -1.42937973
     -1.03875474
     -0.64812975
     -0.25750476
      0.13312022
      0.52374521
      0.91437020
      1.30499519
      1.69562018
      2.08624517
      2.47687017
      2.86749516
     -3.02506516
     -2.63444017
     -2.24381518
     -1.85319018
     -1.46256519
     -1.07194020
     -0.68131521
     -0.29069021
      0.09993478
      0.49055977
      0.88118476
      1.27180976
      1.66243475
      2.05305974
      2.44368474
      2.83430973
     -3.05825059
     -2.66762559
     -2.27700060
     -1.88637561
     -1.49575062
     -1.10512562
     -0.71450063
     -0.32387564
      0.06674936
      0.45737435
      0.84799934
      1.23862433
      1.62924933
      2.01987432
      2.41049931
      2.80112430
     -3.09143601
     -2.70081102
     -2.31018602
     -1.91956103
     -1.52893604
     -1.13831105
     -0.74768605
     -0.35706106
      0.03356393
      0.42418893
      0.81481392
      1.20543891
      1.59606390
      1.98668890
      2.37731389
      2.76793888
     -3.12462143
     -2.73399644
     -2.34337144
     -1.95274645
     -1.56212146
     -1.17149647
     -0.78087147
     -0.39024648
      0.00037851
      0.39100351
      0.78162850
      1.17225349
      1.56287849
      1.95350348
      2.34412847
      2.73475347
      3.12537846
     -2.76718185
     -2.37655686
     -1.98593187
     -1.59530687
     -1.20468188
     -0.81405689
     -0.42343189
     -0.03280690
      0.35781810
      0.00000000
