      0.00000000
     -2.76423943
      3.12832087
      2.73769587
      2.34707086
      1.95644586
      1.56582085
      1.17519584
      0.78457084
      0.39394583
      0.00332082
     -0.38730418
     -0.77792919
     -1.16855420
     -1.55917920
     -1.94980421
     -2.34042922
     -2.73105423
     -3.12167923
      2.77088107
      2.38025606
      1.98963105
      1.59900605
      1.20838104
      0.81775603
      0.42713103
      0.03650602
     -0.35411899
     -0.74474399
     -1.13536900
     -1.52599401
     -1.91661901
     -2.30724402
     -2.69786903
     -3.08849404
      2.80406626
      2.41344126
      2.02281625
      1.63219124
      1.24156624
      0.85094123
      0.46031622
      0.06969121
     -0.32093379
     -0.71155880
     -1.10218381
     -1.49280881
     -1.88343382
     -2.27405883
     -2.66468384
     -3.05530884
      2.83725146
      2.44662645
      2.05600144
      1.66537643
      1.27475143
      0.88412642
      0.49350141
      0.10287640
     -0.28774860
     -0.67837361
     -1.06899862
     -1.45962363
     -1.85024864
     -2.24087364
     -2.63149865
     -3.02212366
      2.87043664
      2.47981163
      2.08918662
      1.69856162
      1.30793661
      0.91731160
      0.52668659
      0.13606159
     -0.25456342
     -0.64518843
     -1.03581343
     -1.42643844
     -1.81706345
     -2.20768845
     -2.59831346
     -2.98893846
      2.90362184
      2.51299684
      2.12237183
      1.73174683
      1.34112183
      0.95049683
      0.55987183
      0.16924683
     -0.22137817
     -0.61200316
     -1.00262816
     -1.39325316
     -1.78387815
     -2.17450315
     -2.56512816
     -2.95575316
      2.93680713
      2.54618210
      2.15555706
      1.76493200
      1.37430691
      0.98368180
      0.59305667
      0.20243150
     -0.18819370
     -0.57881893
     -0.96944418
     -1.36006946
     -1.75069475
     -2.14132005
     -2.53194533
     -2.92257059
      2.96998950
      2.57936435
      2.18873929
      1.79811435
      1.40748954
      1.01686489
      0.62624042
      0.23561616
     -0.15500788
     -0.54563167
     -0.93625521
     -1.32687847
     -1.71750146
     -2.10812414
     -2.49874653
     -2.88936861
      3.00319493
      2.61257348
      2.22195236
      1.83133156
      1.44071111
      1.05009101
      0.65947126
      0.26885188
     -0.12176711
     -0.51238571
     -0.90300388
     -1.29362161
     -1.68423888
     -2.07485566
     -2.46547193
     -2.85608772
      3.03648219
      2.64586694
      2.25525164
      1.86463382
      1.47398751
      1.08317889
      0.69182255
      0.29940222
     -0.09382512
     -0.48576010
     -0.87311729
     -1.25408700
     -1.63070570
     -2.00888442
     -2.39584708
     -2.79563135
      3.07859288
      2.67174882
      2.27878409
      1.90358055
      1.54001297
      1.17523815
      0.79486538
      0.39004368
     -0.03384424
     -0.45592945
     -0.85469153
     -1.22407550
     -1.57420035
     -1.92382732
     -2.29373136
     -2.69879879
     -3.13476495
      2.71114320
      2.30537816
      1.94033055
      1.60255035
      1.26859042
      0.91248077
      0.51262319
      0.06831198
     -0.38503323
     -0.80130853
     -1.16561518
     -1.49359994
     -1.81239047
     -2.15186526
     -2.54007510
     -2.98662013
      2.82714625
      2.39553744
      2.02685571
      1.70518121
      1.40057047
      1.08066273
      0.71262173
      0.27560339
     -0.20428160
     -0.65436766
     -1.03209300
     -1.34910850
     -1.63608958
     -1.92445113
     -2.24580372
     -2.63019418
     -3.08285380
      2.73459559
      2.32969637
      2.00263019
      1.72949617
      1.48117011
      1.23235362
      0.96024147
      0.64411313
      0.26995293
     -0.15833939
     -0.60742705
     -1.02663348
     -1.38936940
     -1.70353966
     -1.99571941
     -2.29733330
     -2.63613806
     -3.02794671
      2.81834555
      2.37381752
      1.96419633
      1.60379946
      1.27905059
      0.96310453
      0.62715402
      0.24924274
     -0.17448834
     -0.61954403
     -1.04453795
     -1.42517762
     -1.76598201
     -2.08920178
     -2.42265865
     -2.79065207
      3.07971828
      2.63763006
      2.20445205
      1.81064257
      1.45893940
      1.13114848
      0.80058369
      0.44152225
      0.03904201
     -0.39863997
     -0.83734333
     -1.24202087
     -1.60303983
     -1.93446072
     -2.26172504
     -2.61167913
     -3.00321907
      2.84823634
      2.40558949
      1.99068728
      1.62052837
      1.28586525
      0.96281788
      0.62352836
      0.24520577
     -0.17789676
     -0.62294377
     -1.04858359
     -1.42890031
     -1.76650177
     -2.08273881
     -2.40629673
     -2.76436153
      3.11164223
      2.66799076
      2.22958337
      1.83505552
      1.49384873
      1.19104957
      0.89928203
      0.58711763
      0.22743228
     -0.18910136
     -0.63784744
     -1.06834127
     -1.44567152
     -1.76461366
     -2.03857877
     -2.28811102
     -2.53593090
     -2.80715637
     -3.13075873
      2.75166438
      2.28758862
      1.83239557
      1.44420686
      1.12023949
      0.83089560
      0.54451499
      0.22972853
     -0.14436760
     -0.59124273
     -1.07140848
     -1.51174494
     -1.88302346
     -2.20465073
     -2.50932386
     -2.82945915
      3.08796091
      2.65937850
      2.19056720
      1.74165447
      1.35045708
      1.00909529
      0.68990877
      0.36298998
      0.00098397
     -0.41270361
     -0.86507718
     -1.31088980
     -1.71321407
     -2.07113236
     -2.40566467
     -2.74274363
     -3.10604196
      2.77343036
      2.33714423
      1.90033061
      1.49342926
      1.12198642
      0.77174685
      0.42203713
      0.05388852
     -0.34340042
     -0.76468305
     -1.18897725
     -1.59498560
     -1.97648482
     -2.34179577
     -2.70518488
     -3.07966043
      2.81143629
      2.40511138
      1.99604090
      1.59569772
      1.20813695
      0.82962690
      0.45302781
      0.07233360
     -0.31467489
     -0.70634630
     -1.09944587
     -1.49183065
     -1.88318437
     -2.27399452
     -2.66464109
     -3.05525866
      2.83731157
      2.44669646
      2.05608116
      1.66546548
      1.27484930
      0.88423262
      0.49361546
      0.10299783
     -0.28762024
     -0.67823873
     -1.06885761
     -1.45947688
     -1.85009652
     -2.24071652
     -2.63133686
     -3.02195755
      2.87060675
      2.47998541
      2.08936375
      1.69874177
      1.30811948
      0.91749690
      0.52687401
      0.13625084
     -0.25437261
     -0.64499632
     -1.03562028
     -1.42624447
     -1.81686887
     -2.20749346
     -2.59811822
     -2.98874312
      2.90381717
      2.51319206
      2.12256688
      1.73194165
      1.34131638
      0.95069111
      0.56006583
      0.16944057
     -0.22118468
     -0.61180989
     -1.00243508
     -1.39306024
     -1.78368536
     -2.17431046
     -2.56493553
     -2.95556058
      2.93699970
      2.54637468
      2.15574968
      1.76512468
      1.37449969
      0.98387471
      0.59324973
      0.20262475
     -0.18800023
     -0.57862521
     -0.96925019
     -1.35987518
     -1.75050016
     -2.14112515
     -2.53175013
     -2.92237512
      2.97018520
      2.57956022
      2.18893523
      1.79831024
      1.40768525
      1.01706026
      0.62643527
      0.23581028
     -0.15481471
     -0.54543971
     -0.93606470
     -1.32668969
     -1.71731468
     -2.10793967
     -2.49856467
     -2.88918966
      3.00337066
      2.61274566
      2.22212067
      1.83149568
      1.44087069
      1.05024569
      0.65962070
      0.26899571
     -0.12162928
     -0.51225428
     -0.90287927
     -1.29350426
     -1.68412926
     -2.07475425
     -2.46537924
     -2.85600423
      3.03655608
      2.64593109
      2.25530610
      1.86468110
      1.47405611
      1.08343112
      0.69280613
      0.30218113
     -0.08844386
     -0.47906885
     -0.86969385
     -1.26031884
     -1.65094383
     -2.04156882
     -2.43219382
     -2.82281881
      3.06974150
      2.67911651
      2.28849152
      1.89786653
      1.50724153
      1.11661654
      0.72599155
      0.33536655
     -0.05525844
     -0.44588343
     -0.83650843
     -1.22713342
     -1.61775841
     -2.00838340
     -2.39900840
     -2.78963339
      3.10292692
      2.71230193
      2.32167694
      1.93105194
      1.54042695
      1.14980196
      0.75917696
      0.36855197
     -0.02207302
     -0.41269802
     -0.80332301
     -1.19394800
     -1.58457300
     -1.97519799
     -2.36582298
     -2.75644798
      3.13611234
      2.74548734
      2.35486235
      1.96423735
      0.00000000
