      0.00000000
     -1.23061653
     -1.61422481
     -2.02125362
     -2.44333492
     -2.86070776
      3.02625216
      2.65325486
      2.29302704
      1.92957259
      1.54778037
      1.14058008
      0.71617918
      0.29586640
     -0.10194234
     -0.47442471
     -0.83250552
     -1.19320734
     -1.57298348
     -1.98028171
     -2.40721975
     -2.83083727
      3.05272740
      2.68077412
      2.32504098
      1.96739120
      1.58991905
      1.18261755
      0.75289528
      0.32554463
     -0.07615630
     -0.44756388
     -0.80071867
     -1.15497232
     -1.52980285
     -1.93698499
     -2.36977395
     -2.80136647
      3.07771867
      2.70687652
      2.35656787
      2.00610958
      1.63432084
      1.22741856
      0.79123789
      0.35479136
     -0.05209228
     -0.42234539
     -0.76949363
     -1.11568826
     -1.48395509
     -1.89036490
     -2.33031375
     -2.77236186
      3.10068608
      2.73105054
      2.38743619
      2.04606121
      1.68190021
      1.27626854
      0.83211277
      0.38353453
     -0.03044231
     -0.39942512
     -0.73905546
     -1.07494176
     -1.43427627
     -1.83873984
     -2.28761637
     -2.74390021
      3.12072489
      2.75243934
      2.41734419
      2.08776345
      1.73415905
      1.33140540
      0.87720521
      0.41169541
     -0.01241380
     -0.37994332
     -0.70981617
     -1.03207800
     -1.37879940
     -1.77907470
     -2.23930269
     -2.71605433
      3.13618717
      2.76949503
      2.44571862
      2.13205533
      1.79371669
      1.39703669
      0.92997380
      0.43922786
     -0.00031542
     -0.36605185
     -0.68259347
     -0.98600889
     -1.31396882
     -1.70538045
     -2.18015511
     -2.68879105
     -3.13945292
      2.77913220
      2.47134984
      2.18036133
      1.86551053
      1.48196878
      0.99867364
      0.46637753
      0.00080986
     -0.36236487
     -0.65927391
     -0.93486504
     -1.23274053
     -1.60417367
     -2.09627395
     -2.66130105
      3.13528991
      2.77403202
      2.49106722
      2.23509541
      1.95991961
      1.60792104
      1.10874984
      0.49553905
     -0.02309106
     -0.38152022
     -0.64577329
     -0.87575891
     -1.11923313
     -1.43814954
     -1.93527062
     -2.62603653
      3.08295703
      2.72935155
      2.49203379
      2.29855336
      2.10221490
      1.84431639
      1.38857599
      0.55716609
     -0.14213388
     -0.48451498
     -0.67765516
     -0.81425452
     -0.93308962
     -1.06655416
     -1.30033896
     -2.27996313
      2.66261768
      2.39691993
      2.30495168
      2.27266030
      2.28125310
      2.32980379
      2.42265018
      2.56566541
      2.76408753
      3.01927446
     -2.95963051
     -2.62560260
     -2.28573460
     -1.95601724
     -1.64008988
     -1.33391795
     -1.03159344
     -0.72849134
     -0.42223060
     -0.11248222
      0.19975512
      0.51301718
      0.82605849
      1.13818186
      1.44923181
      1.75939939
      2.06899586
      2.37829056
      2.68743848
      2.99647853
     -2.97781878
     -2.66917388
     -2.36088620
     -2.05308035
     -1.74587757
     -1.43936886
     -1.13357325
     -0.82839508
     -0.52360674
     -0.21888580
      0.08607680
      0.39140990
      0.69689075
      1.00186272
      1.30534120
      1.60634809
      1.90440379
      2.20000660
      2.49490090
      2.79195218
      3.09443938
     -2.87859897
     -2.56169252
     -2.24358600
     -1.93357241
     -1.64083333
     -1.37023605
     -1.12035649
     -0.88309379
     -0.64219230
     -0.36821108
     -0.01197217
      0.46909724
      0.99028196
      1.38483576
      1.62870013
      1.76562147
      1.82309973
      1.80888611
      1.71688102
      1.52656487
      1.19992142
      0.70003745
      0.09297531
     -0.42533376
     -0.78565564
     -1.03960409
     -1.25120769
     -1.47473424
     -1.76075507
     -2.15870858
     -2.68269452
      3.04832756
      2.59916295
      2.26718900
      2.00334357
      1.75476009
      1.47266258
      1.10858911
      0.63135789
      0.08982202
     -0.39203087
     -0.76303789
     -1.05480933
     -1.31654151
     -1.59532232
     -1.93823221
     -2.38368423
     -2.91166553
      2.86997071
      2.47078319
      2.15909776
      1.88916863
      1.61463822
      1.28917745
      0.87001803
      0.35639083
     -0.16027603
     -0.58479038
     -0.91402577
     -1.18998120
     -1.45904513
     -1.76749838
     -2.16145168
     -2.65882304
      3.09464598
      2.64376421
      2.29644914
      2.01561329
      1.75416807
      1.46509841
      1.09916316
      0.62259393
      0.08101567
     -0.40162955
     -0.77095996
     -1.05596463
     -1.30499253
     -1.56676710
     -1.89392705
     -2.33660779
     -2.88612091
      2.86808155
      2.46346889
      2.17301804
      1.94771329
      1.73695556
      1.48686272
      1.13379475
      0.62361071
      0.01602651
     -0.49282314
     -0.82783996
     -1.02410039
     -1.12048900
     -1.13840656
     -1.08464365
     -0.95227874
     -0.71505500
     -0.32920411
      0.18846801
      0.67524319
      1.03742667
      1.31440439
      1.55623868
      1.79326166
      2.04225478
      2.31168742
      2.60332894
      2.91262160
     -3.05265620
     -2.73552450
     -2.42497083
     -2.12211577
     -1.82484950
     -1.52990895
     -1.23438625
     -0.93647243
     -0.63560804
     -0.33223158
     -0.02730689
      0.27817257
      0.58352894
      0.88851759
      1.19325269
      1.49803816
      1.80319902
      2.10896954
      2.41545239
      2.72263347
      3.03042370
     -2.94448420
     -2.63584635
     -2.32696453
     -2.01793139
     -1.70879175
     -1.39950644
     -1.08991977
     -0.77976167
     -0.46872037
     -0.15660471
      0.15642971
      0.46968540
      0.78191669
      1.09165926
      1.39791451
      1.70101161
      2.00333173
      2.30949991
      2.62542399
      2.95513817
     -2.98818258
     -2.65415851
     -2.34988200
     -2.09469842
     -1.89627899
     -1.75326586
     -1.66042114
     -1.61187186
     -1.60328036
     -1.63557314
     -1.72754362
     -1.99324873
      2.94930623
      1.96971193
      1.73593004
      1.60246557
      1.48362988
      1.34702941
      1.15388714
      0.81150138
      0.11219455
     -0.71920952
     -1.17494475
     -1.43284193
     -1.62918043
     -1.82266167
     -2.05998115
     -2.41358991
     -2.98778552
      2.60463594
      2.10751888
      1.78860415
      1.54513017
      1.31514396
      1.05088945
      0.69245776
      0.17382496
     -0.43938491
     -0.93855311
     -1.29055000
     -1.56572540
     -1.82169765
     -2.10466368
     -2.46592361
     -2.95252002
      2.76563861
      2.27354064
      1.90210907
      1.60423405
      1.32864260
      1.03173251
      0.66855607
      0.20298673
     -0.32930919
     -0.81260253
     -1.19614285
     -1.51099314
     -1.80198188
     -2.10976514
     -2.47436679
     -2.92503006
      2.84951935
      2.37474613
      1.98333580
      1.65537640
      1.35196081
      1.03541841
      0.66968072
      0.23013624
     -0.26060975
     -0.72767146
     -1.12435030
     -1.46268840
     -1.77635181
     -2.10012890
     -2.46682215
     -2.89776701
      2.90866657
      2.44843955
      2.04816530
      1.70144442
      1.37918252
      1.04930908
      0.68177857
      0.25766843
     -0.20784150
     -0.66204089
     -1.06479359
     -1.41839747
     -1.74797825
     -2.08307392
     -2.45136035
     -2.86992139
      2.95697993
      2.50810407
      2.10364136
      1.74430734
      1.40842104
      1.06879024
      0.69980665
      0.28582906
     -0.16274935
     -0.60690456
     -1.01253545
     -1.37669597
     -1.71807093
     -2.06168569
     -2.43132193
     -2.84145999
      2.99967704
      2.55972867
      2.15331957
      1.78505320
      1.43885861
      1.09171000
      0.72145625
      0.31457198
     -0.12187473
     -0.55805499
     -0.96495663
     -1.33674493
     -1.68720315
     -2.03751213
     -2.40835486
     -2.81245560
      3.03913699
      2.60634838
      2.19916683
      1.82433672
      1.47008314
      1.11692808
      0.74551997
      0.34381850
     -0.08353234
     -0.51325431
     -0.92055528
     -1.29802703
     -1.65567673
     -2.01141011
     -2.38336388
     -2.78298501
      3.07658258
      2.64964480
      2.24234705
      1.86257130
      1.50186957
      1.14378855
      0.77130574
      0.37349653
     -0.04681644
     -0.47121713
     -0.87841697
     -1.26020883
     -1.62366317
     -1.98389118
     -2.35688889
     -2.75311471
      3.11269756
      2.69061645
      2.28358804
      1.89998011
      0.00000000
