      0.00000000
      0.00000000
      0.00000000
      0.00000000
      0.00000000
      0.00000000
      0.00000000
      0.00000000
      0.00000000
      0.00000000
      0.00000000
      0.00000000
      0.00000000
      0.00000000
      0.00000000
      0.00000000
      0.00000001
      0.00000006
      0.00000060
      0.00000511
      0.00003436
      0.00016031
      0.00045675
      0.00081234
      0.00106154
      0.00117690
      0.00119630
      0.00116395
      0.00113815
      0.00117172
      0.00125656
      0.00134203
      0.00139592
      0.00141103
      0.00138712
      0.00133547
      0.00129866
      0.00132685
      0.00141161
      0.00149887
      0.00155420
      0.00157045
      0.00154712
      0.00149360
      0.00145141
      0.00147463
      0.00155890
      0.00164834
      0.00170586
      0.00172402
      0.00170223
      0.00164776
      0.00159999
      0.00161662
      0.00169913
      0.00179076
      0.00185099
      0.00187165
      0.00185217
      0.00179768
      0.00174445
      0.00175309
      0.00183252
      0.00192619
      0.00198960
      0.00201325
      0.00199670
      0.00194311
      0.00188483
      0.00188438
      0.00195927
      0.00205470
      0.00212167
      0.00214869
      0.00213558
      0.00208378
      0.00202114
      0.00201078
      0.00207963
      0.00217632
      0.00224714
      0.00227790
      0.00226862
      0.00221942
      0.00215334
      0.00213263
      0.00219387
      0.00229111
      0.00236599
      0.00240079
      0.00239563
      0.00234978
      0.00228135
      0.00225020
      0.00230227
      0.00239911
      0.00247816
      0.00251729
      0.00251648
      0.00247459
      0.00240503
      0.00236375
      0.00240516
      0.00250042
      0.00258360
      0.00262734
      0.00263106
      0.00259364
      0.00252416
      0.00247345
      0.00250291
      0.00259515
      0.00268227
      0.00273088
      0.00273926
      0.00270669
      0.00263852
      0.00257942
      0.00259589
      0.00268346
      0.00277414
      0.00282784
      0.00284102
      0.00281357
      0.00274783
      0.00268168
      0.00268446
      0.00276557
      0.00285918
      0.00291818
      0.00293629
      0.00291413
      0.00285181
      0.00278016
      0.00276898
      0.00284174
      0.00293741
      0.00300183
      0.00302501
      0.00300823
      0.00295017
      0.00287473
      0.00284975
      0.00291228
      0.00300885
      0.00307874
      0.00310716
      0.00309579
      0.00304266
      0.00296514
      0.00292704
      0.00297755
      0.00307359
      0.00314886
      0.00318269
      0.00317675
      0.00312903
      0.00305113
      0.00300099
      0.00303795
      0.00313175
      0.00321213
      0.00325158
      0.00325105
      0.00320908
      0.00313236
      0.00307169
      0.00309387
      0.00318349
      0.00326852
      0.00331378
      0.00331868
      0.00328263
      0.00320849
      0.00313908
      0.00314573
      0.00322907
      0.00331803
      0.00336925
      0.00337961
      0.00334955
      0.00327917
      0.00320303
      0.00319390
      0.00326876
      0.00336065
      0.00341796
      0.00343384
      0.00340977
      0.00334408
      0.00326330
      0.00323870
      0.00330293
      0.00339645
      0.00345984
      0.00348137
      0.00346321
      0.00340292
      0.00331958
      0.00328035
      0.00333197
      0.00342551
      0.00349487
      0.00352217
      0.00350985
      0.00345543
      0.00337151
      0.00331900
      0.00335630
      0.00344797
      0.00352299
      0.00355625
      0.00354967
      0.00350142
      0.00341867
      0.00335466
      0.00337636
      0.00346404
      0.00354420
      0.00358357
      0.00358269
      0.00354073
      0.00346068
      0.00338724
      0.00339257
      0.00347398
      0.00355848
      0.00360411
      0.00360891
      0.00357325
      0.00349714
      0.00341652
      0.00340530
      0.00347812
      0.00356588
      0.00361785
      0.00362835
      0.00359891
      0.00352770
      0.00344219
      0.00341485
      0.00347683
      0.00356644
      0.00362474
      0.00364102
      0.00361767
      0.00355207
      0.00346389
      0.00342142
      0.00347052
      0.00356030
      0.00362475
      0.00364694
      0.00362955
      0.00356998
      0.00348120
      0.00342511
      0.00345963
      0.00354761
      0.00361787
      0.00364610
      0.00363454
      0.00358125
      0.00349368
      0.00342587
      0.00344459
      0.00352859
      0.00360409
      0.00363850
      0.00363267
      0.00358574
      0.00350090
      0.00342357
      0.00342579
      0.00350354
      0.00358342
      0.00362412
      0.00362398
      0.00358336
      0.00350248
      0.00341793
      0.00340359
      0.00347278
      0.00355592
      0.00360295
      0.00360850
      0.00357408
      0.00349807
      0.00340861
      0.00337823
      0.00343669
      0.00352168
      0.00357496
      0.00358625
      0.00355787
      0.00348737
      0.00339521
      0.00334987
      0.00339566
      0.00348082
      0.00354016
      0.00355727
      0.00353474
      0.00347015
      0.00337731
      0.00331855
      0.00335010
      0.00343353
      0.00349854
      0.00352155
      0.00350474
      0.00344626
      0.00335446
      0.00328418
      0.00330041
      0.00338004
      0.00345011
      0.00347912
      0.00346791
      0.00341556
      0.00332626
      0.00324657
      0.00324693
      0.00332062
      0.00339492
      0.00342998
      0.00342428
      0.00337800
      0.00329233
      0.00320544
      0.00318994
      0.00325560
      0.00333304
      0.00337413
      0.00337390
      0.00333355
      0.00325235
      0.00316045
      0.00312963
      0.00318532
      0.00326457
      0.00331158
      0.00331681
      0.00328220
      0.00320605
      0.00311118
      0.00306609
      0.00311012
      0.00318968
      0.00324235
      0.00325305
      0.00322400
      0.00315325
      0.00305724
      0.00299930
      0.00303036
      0.00310853
      0.00316646
      0.00318266
      0.00315898
      0.00309378
      0.00299822
      0.00292915
      0.00294634
      0.00302136
      0.00308396
      0.00310566
      0.00308719
      0.00302756
      0.00293374
      0.00285543
      0.00285834
      0.00292842
      0.00299493
      0.00302209
      0.00300868
      0.00295453
      0.00286347
      0.00277786
      0.00276653
      0.00282999
      0.00289946
      0.00293197
      0.00292352
      0.00287468
      0.00278713
      0.00269610
      0.00267104
      0.00272635
      0.00279770
      0.00283536
      0.00283175
      0.00278802
      0.00270447
      0.00260980
      0.00257190
      0.00261778
      0.00268979
      0.00273231
      0.00273344
      0.00269458
      0.00261532
      0.00251856
      0.00246903
      0.00250455
      0.00257593
      0.00262288
      0.00262863
      0.00259440
      0.00251956
      0.00242204
      0.00236230
      0.00238687
      0.00245634
      0.00250718
      0.00251740
      0.00248754
      0.00241707
      0.00231990
      0.00225150
      0.00226493
      0.00233125
      0.00238531
      0.00239980
      0.00237404
      0.00230782
      0.00221183
      0.00213634
      0.00213883
      0.00220090
      0.00225743
      0.00227589
      0.00225397
      0.00219176
      0.00209756
      0.00201653
      0.00200864
      0.00206555
      0.00212369
      0.00214578
      0.00212738
      0.00206887
      0.00197686
      0.00189174
      0.00187435
      0.00192544
      0.00198431
      0.00200954
      0.00199431
      0.00193915
      0.00184951
      0.00176163
      0.00173590
      0.00178081
      0.00183950
      0.00186729
      0.00185483
      0.00180257
      0.00171535
      0.00162590
      0.00159318
      0.00163187
      0.00168951
      0.00171916
      0.00170894
      0.00165909
      0.00157419
      0.00148423
      0.00144609
      0.00147884
      0.00153461
      0.00156529
      0.00155668
      0.00150865
      0.00142586
      0.00133636
      0.00129453
      0.00132195
      0.00137509
      0.00140579
      0.00139796
      0.00135096
      0.00126974
      0.00118093
      0.00113537
      0.00115310
      0.00118875
      0.00118131
      0.00108474
      0.00085881
      0.00051331
      0.00019565
      0.00004513
      0.00000706
      0.00000086
      0.00000009
      0.00000001
      0.00000000
      0.00000000
      0.00000000
      0.00000000
      0.00000000
      0.00000000
      0.00000000
      0.00000000
      0.00000000
      0.00000000
      0.00000000
      0.00000000
      0.00000000
      0.00000000
      0.00000000
      0.00000000
