      0.00000000
     -1.51525354
     -1.12462853
     -0.73400350
     -0.34337847
      0.04724658
      0.43787165
      0.82849673
      1.21912183
      1.60974695
      2.00037209
      2.39099725
      2.78162243
     -3.11093767
     -2.72031243
     -2.32968716
     -1.93906186
     -1.54843649
     -1.15781082
     -0.76718400
     -0.37657336
      0.01371779
      0.40178093
      0.78322236
      1.15509126
      1.51939313
      1.88270772
      2.25346210
      2.63729725
      3.03277730
     -2.85115632
     -2.45722067
     -2.07384323
     -1.70004732
     -1.32926183
     -0.95237480
     -0.56284945
     -0.16158896
      0.24341604
      0.64253898
      1.02994291
      1.40628077
      1.77822274
      2.15542513
      2.54531066
      2.94766422
     -2.92872986
     -2.52770104
     -2.13893928
     -1.76225147
     -1.39106846
     -1.01537796
     -0.62690995
     -0.22503575
      0.18232898
      0.58443295
      0.97402943
      1.35071875
      1.72081468
      2.09454573
      2.48099411
      2.88179167
     -2.99384402
     -2.59077837
     -2.20024412
     -1.82335746
     -1.45419596
     -1.08244067
     -0.69825183
     -0.29885973
      0.10868144
      0.51275032
      0.90446146
      1.28187061
      1.65038212
      2.02028273
      2.40209028
      2.79980960
     -3.07602498
     -2.67092009
     -2.27779856
     -1.89953076
     -1.53135154
     -1.16312837
     -0.78376761
     -0.38797559
      0.01896903
      0.42509208
      0.81981502
      1.19925803
      1.56743039
      1.93418917
      2.31108344
      2.70470360
      3.11098766
     -2.76513264
     -2.36866834
     -1.98776112
     -1.61926941
     -1.25373175
     -0.87927652
     -0.48805402
     -0.08271774
      0.32515564
      0.72344810
      1.10607778
      1.47521239
      1.83979916
      2.21189217
      2.60052100
      3.00459869
     -2.87009252
     -2.46993904
     -2.08536222
     -1.71526715
     -1.35133784
     -0.98148033
     -0.59560111
     -0.19310574
      0.21577167
      0.61776463
      1.00447648
      1.37583963
      1.73942367
      2.10722069
      2.49024319
      2.89083124
     -2.98337532
     -2.57961895
     -2.19062437
     -1.81769984
     -1.45413518
     -1.08817864
     -0.70806459
     -0.30969789
      0.09906200
      0.50445165
      0.89583302
      1.27059316
      1.63447273
      1.99884899
      2.37606240
      2.77191728
     -3.10307794
     -2.69623794
     -2.30241253
     -1.92556652
     -1.56103488
     -1.19794428
     -0.82356258
     -0.43047426
     -0.02322676
      0.38483002
      0.78110721
      1.16026039
      1.52577851
      1.88790608
      2.25958515
      2.64969912
      3.05561957
     -2.81857308
     -2.41988794
     -2.03824021
     -1.67140953
     -1.30990112
     -0.94073868
     -0.55375048
     -0.14954182
      0.26006289
      0.66105938
      1.04535047
      1.41380591
      1.77505347
      2.14193699
      2.52571156
      2.92783578
     -2.94549376
     -2.54233550
     -2.15529510
     -1.78492209
     -1.42356924
     -1.05868176
     -0.67814074
     -0.27844863
      0.13126715
      0.53638552
      0.92623463
      1.29879333
      1.66061903
      2.02383107
      2.40118808
      2.79813826
     -3.07588387
     -2.66905711
     -2.27638945
     -1.90140680
     -1.53874537
     -1.17685837
     -0.80256773
     -0.40861941
     -0.00043314
      0.40780352
      0.80324786
      1.18085787
      1.54470741
      1.90564149
      2.27704748
      2.66779432
      3.07457883
     -2.79930077
     -2.40117453
     -2.02077322
     -1.65539939
     -1.29503220
     -0.92627132
     -0.53885727
     -0.13388783
      0.27610950
      0.67676982
      1.06008270
      1.42729546
      1.78748810
      2.15389341
      2.53791670
      2.94068215
     -2.93222125
     -2.52922661
     -2.14292906
     -1.77358950
     -1.41317970
     -1.04879926
     -0.66814950
     -0.26793974
      0.14219840
      0.54727794
      0.93658336
      1.30830601
      1.66931761
      2.03203578
      2.40940309
      2.80675500
     -3.06687607
     -2.66000711
     -2.26772237
     -1.89339649
     -1.53141148
     -1.16997023
     -0.79572466
     -0.40147234
      0.00705675
      0.41537815
      0.81055900
      1.18764845
      1.55082585
      1.91078361
      2.28125676
      2.67522116
      3.07386751
     -2.83347139
     -2.47188374
     -2.11071136
     -1.73803973
     -1.34756537
     -0.94172267
     -0.53172066
     -0.13256991
      0.24676985
      0.61040984
      0.97095218
      1.34115160
      1.72861785
      2.13249566
      2.54283455
      2.94468623
     -2.95580899
     -2.59029906
     -2.23015284
     -1.86221083
     -1.47775924
     -1.07612066
     -0.66588090
     -0.26165759
      0.12443723
      0.49216689
      0.85230722
      1.21826401
      1.59974794
      1.99892073
      2.40864145
      2.81486334
     -3.07884320
     -2.70858043
     -2.34805130
     -1.98377801
     -1.60516612
     -1.20863510
     -0.79982831
     -0.39201208
      0.00075486
      0.37381853
      0.73512888
      1.09804497
      1.47392595
      1.86769151
      2.27522209
      2.68421007
      3.08009782
     -2.82700923
     -2.46453478
     -2.10263025
     -1.72929735
     -1.33836814
     -0.93243706
     -0.52270586
     -0.12392975
      0.25531548
      0.61931963
      0.98057211
      1.35157707
      1.73965120
      2.14370357
      2.55375508
      2.95513128
     -2.94555609
     -2.57968190
     -2.21871380
     -1.84978408
     -1.46453327
     -1.06259088
     -0.65262593
     -0.24898249
      0.13678442
      0.50483565
      0.86588930
      1.23302399
      1.61553119
      2.01518289
      2.42467957
      2.83022529
     -3.06397743
     -2.69348335
     -2.33197812
     -1.96633592
     -1.58644805
     -1.18921569
     -0.78053612
     -0.37347239
      0.01860586
      0.39176028
      0.75407267
      1.11854190
      1.49597532
      1.89071205
      2.29826487
      2.70645564
      3.10144844
     -2.80575905
     -2.44230103
     -2.07867379
     -1.70349384
     -1.31127746
     -0.90511683
     -0.49618494
     -0.09851152
      0.28039384
      0.64531196
      1.00843410
      1.38159278
      1.77131403
      2.17586498
      2.58516777
      2.98524526
     -2.91606426
     -2.54940225
     -2.18644801
     -1.81505220
     -1.42775349
     -1.02497915
     -0.61565062
     -0.21347657
      0.17135127
      0.54000399
      0.90312220
      1.27303465
      1.65802772
      2.05891060
      2.46795275
      2.87189715
     -3.02358536
     -2.65273762
     -2.28913446
     -1.92040975
     -1.53756471
     -1.13863543
     -0.73015206
     -0.32477001
      0.06567700
      0.43887709
      0.80326985
      1.17111365
      1.55200518
      1.94897123
      2.35666852
      2.76316081
     -3.12701043
     -2.75135065
     -2.38588516
     -2.01860885
     -1.63944326
     -1.24439838
     -0.83766498
     -0.43037377
     -0.03500700
      0.34316865
      0.70996384
      1.07698843
      1.45468503
      1.84790135
      2.25354596
      2.66135070
      3.05882918
     -2.84365857
     -2.47530680
     -2.10821947
     -1.73170873
     -1.34017911
     -0.93569248
     -0.52762494
     -0.12829094
      0.25488755
      0.62498997
      0.99245013
      1.36808170
      1.75811442
      2.16143166
      2.56955320
      2.97048259
     -2.92712638
     -2.55511404
     -2.18697819
     -1.81189839
     -1.42312701
     -1.02093274
     -0.61291990
     -0.21065068
      0.17720207
      0.55124486
      0.92034578
      1.29521481
      1.68299776
      2.08416500
      2.49194604
      2.89530037
     -2.99792380
     -2.62178703
     -2.25146945
     -1.87648600
     -1.48941711
     -1.08917326
     -0.68175359
     -0.27761744
      0.11417765
      0.49233654
      0.86398831
      1.23927973
      1.62577085
      2.02503954
      2.43177749
      2.83613662
     -3.05404122
     -2.67435661
     -2.30173146
     -1.92647960
     -1.54105335
     -1.14352736
     -0.73861086
     -0.33554753
      0.05689667
      0.43624643
      0.80790921
      1.18094619
      1.56268913
      1.95526116
      2.35446794
      2.75161851
      3.13819278
     -2.77182219
     -2.40746890
     -2.04362984
     -1.67315516
     -1.29314475
     -0.90582564
     -0.51569702
     -0.12510169
      0.26552400
      0.65614894
      1.04677361
      1.43739830
      1.82802303
      2.21864779
      2.60927258
      2.99989740
     -2.89266307
     -2.50203821
     -2.11141333
     -1.72078843
     -1.33016351
     -0.93953857
     -0.54891362
     -0.15828866
      0.23233631
      0.62296130
      0.00000000
