      0.00000000
      2.35636841
      2.77184401
     -3.06753220
     -2.62997165
     -2.22749582
     -1.85090677
     -1.48226607
     -1.10857725
     -0.72185639
     -0.32080023
      0.08796594
      0.49340813
      0.88722225
      1.26838522
      1.64252820
      2.01868799
      2.40558184
      2.80758743
     -3.06205404
     -2.64899357
     -2.25276194
     -1.88775731
     -1.55787986
     -1.25139421
     -0.94463688
     -0.60646992
     -0.20770089
      0.25668653
      0.74246777
      1.18412660
      1.55668645
      1.87919552
      2.18831336
      2.52355989
      2.91789187
     -2.90455958
     -2.41937886
     -1.97557415
     -1.60071223
     -1.27750094
     -0.96980710
     -0.63804982
     -0.24862619
      0.20792508
      0.69281682
      1.14003730
      1.51861453
      1.84348796
      2.15006101
      2.47796355
      2.86160736
     -2.97010717
     -2.48563725
     -2.03412883
     -1.65064279
     -1.32320193
     -1.01736346
     -0.69349063
     -0.31628807
      0.12923181
      0.61286862
      1.06920326
      1.45861581
      1.78950439
      2.09508322
      2.41492376
      2.78521133
     -3.05923444
     -2.57707671
     -2.11567902
     -1.71947316
     -1.38426669
     -1.07838590
     -0.76242504
     -0.39935335
      0.03183875
      0.51168186
      0.97809597
      1.38181736
      1.72220466
      2.02902904
      2.34140218
      2.69711881
      3.12008211
     -2.68655221
     -2.21543973
     -1.80363067
     -1.45721142
     -1.14873083
     -0.83952880
     -0.49115437
     -0.07699372
      0.39519549
      0.87042882
      1.29073457
      1.64401521
      1.95492525
      2.26148372
      2.60267140
      3.00758091
     -2.80888775
     -2.33035455
     -1.90132378
     -1.54038802
     -1.22622600
     -0.92168545
     -0.58739633
     -0.19204815
      0.26809409
      0.74888579
      1.18666966
      1.55600119
      1.87427488
      2.17750894
      2.50531023
      2.89093264
     -2.93973079
     -2.45791069
     -2.01156483
     -1.63317047
     -1.30990122
     -1.00718815
     -0.68535207
     -0.30947171
      0.13448128
      0.61595161
      1.07043325
      1.45846068
      1.78761963
      2.09065990
      2.40715448
      2.77342253
     -3.07519545
     -2.59555248
     -2.13360647
     -1.73549813
     -1.39956034
     -1.09529310
     -0.78342602
     -0.42650031
     -0.00197774
      0.47431515
      0.94280726
      1.35129472
      1.69487863
      2.00131302
      2.30934615
      2.65733119
      3.07132472
     -2.74042877
     -2.26654669
     -1.84755943
     -1.49550271
     -1.18593193
     -0.88087020
     -0.54130291
     -0.13813938
      0.32698772
      0.80488723
      1.23429045
      1.59558531
      1.90927894
      2.21229046
      2.54407241
      2.93628918
     -2.88939940
     -2.40903693
     -1.96953015
     -1.59831617
     -1.27950846
     -0.97757749
     -0.65285119
     -0.27151923
      0.17718199
      0.65831760
      1.10736825
      1.48907300
      1.81397732
      2.11583599
      2.43432133
      2.80499880
     -3.03925302
     -2.55911310
     -2.10133627
     -1.70870524
     -1.37674506
     -1.07392176
     -0.76078965
     -0.40038153
      0.02802607
      0.50538503
      0.97081219
      1.37464091
      1.71457665
      2.01942029
      2.32814847
      2.67881159
      3.09615949
     -2.71418543
     -2.24242930
     -1.82732354
     -1.47855024
     -1.17062206
     -0.86529794
     -0.52373271
     -0.11775372
      0.34893896
      0.82548412
      1.25172782
      1.61012285
      1.92219740
      2.22515738
      2.55837794
      2.95289536
     -2.87121246
     -2.39159555
     -1.95459391
     -1.58589301
     -1.26862423
     -0.96695855
     -0.64123948
     -0.25807406
      0.19212452
      0.67297246
      1.12009510
      1.49966208
      1.82314645
      2.12460785
      2.44374327
      2.81584998
     -3.02704643
     -2.54686821
     -2.09052535
     -1.69968133
     -1.36900022
     -1.06664243
     -0.75311227
     -0.39160812
      0.03798921
      0.51560507
      0.98000830
      1.38236517
      1.72116876
      2.02552477
      2.33447560
      2.68597462
      3.10435100
     -2.70559760
     -2.23453467
     -1.82062951
     -1.47285003
     -1.16540265
     -0.85996964
     -0.51775852
     -0.11088688
      0.35629171
      0.83240569
      1.25767142
      1.61518926
      1.92680222
      2.22980326
      2.56354307
      2.95885661
     -2.86469747
     -2.38530237
     -1.94910503
     -1.58119748
     -1.26437464
     -0.96270581
     -0.63654049
     -0.25262888
      0.19819409
      0.67899744
      1.12544539
      1.50426151
      1.82729701
      2.12873733
      2.44828775
      2.82113887
     -3.02103999
     -2.54073820
     -2.08497389
     -1.69488471
     -1.36468800
     -1.06237804
     -0.74843586
     -0.38614406
      0.04430033
      0.52222251
      0.98612622
      1.38767686
      1.72591545
      2.03017822
      2.33955176
      2.69191968
      3.11131693
     -2.69810612
     -2.22745919
     -1.81445481
     -1.46737652
     -1.16010226
     -0.85423765
     -0.51104818
     -0.10293524
      0.36504283
      0.84085443
      1.26509191
      1.62170885
      1.93301895
      2.23644273
      2.57128641
      2.96810580
     -2.85430706
     -2.37504286
     -1.94001726
     -1.57327832
     -1.25695263
     -0.95490414
     -0.62750705
     -0.24178747
      0.21059362
      0.69152305
      1.13666348
      1.51397519
      1.83624096
      2.13796690
      2.45886437
      2.83385355
     -3.00627364
     -2.52547831
     -2.07111927
     -1.68293310
     -1.35386926
     -1.05143570
     -0.73605973
     -0.37128387
      0.06177867
      0.54069247
      1.00316699
      1.40236506
      1.73900678
      2.04314606
      2.35399479
      2.70919499
      3.13184165
     -2.67594739
     -2.20664024
     -1.79646965
     -1.45156060
     -1.14475917
     -0.83744074
     -0.49108353
     -0.07903648
      0.39136872
      0.86608402
      1.28700234
      1.64076536
      1.95113410
      2.25590939
      2.59422775
      2.99570582
     -2.82333677
     -2.34473220
     -1.91347937
     -1.55039068
     -1.23561063
     -0.93241272
     -0.60127901
     -0.21015097
      0.24668667
      0.72762089
      1.16861070
      1.54137039
      1.86133459
      2.16388854
      2.48872258
      2.86988003
     -2.96457274
     -2.48285263
     -2.03289545
     -1.65025562
     -1.32441573
     -1.02161534
     -0.70218243
     -0.33048341
      0.10958859
      0.59062217
      1.04862608
      1.44121144
      1.77352703
      2.07741090
      2.39233917
      2.75519809
     -3.09689420
     -2.61789730
     -2.15288865
     -1.75044049
     -1.41115087
     -1.10541032
     -0.79410634
     -0.43938764
     -0.01736994
      0.45840581
      0.92929342
      1.34137331
      1.68802367
      1.99631963
      2.30485045
      2.65218811
      3.06523680
     -2.74637851
     -2.27077770
     -1.84944069
     -1.49516395
     -1.18369926
     -0.87713194
     -0.53637655
     -0.13200967
      0.33459427
      0.81375049
      1.24383689
      1.60587602
      1.92102601
      2.22638634
      2.56138078
      2.95751209
     -2.86455590
     -2.38294451
     -1.94473325
     -1.57493294
     -1.25568965
     -0.95084406
     -0.62078096
     -0.23229982
      0.22305825
      0.70613105
      1.15174765
      1.52916422
      1.85278777
      2.15773591
      2.48369448
      2.86523383
     -2.96837355
     -2.48468027
     -2.03244653
     -1.64770802
     -1.31955152
     -1.01396855
     -0.69129799
     -0.31587940
      0.12815205
      0.61182069
      1.06984368
      1.46145471
      1.79414813
      2.10080421
      2.42099040
      2.79121993
     -3.05298554
     -2.56975123
     -2.10677762
     -1.70890600
     -1.37183632
     -1.06376982
     -0.74527261
     -0.37917926
      0.05552125
      0.53818497
      1.00528469
      1.40863030
      1.74973302
      2.05944359
      2.37705534
      2.74021639
     -3.11146313
     -2.62919359
     -2.15876356
     -1.75092706
     -1.40633701
     -1.09484736
     -0.77727706
     -0.41564263
      0.01412959
      0.49663032
      0.96997153
      1.38173049
      1.72932665
      2.03977176
      2.34480881
      2.66976425
      3.02875027
     -2.86263743
     -2.45124395
     -2.03669732
     -1.63216707
     -1.24279155
     -0.86534741
     -0.49155636
     -0.11214784
      0.27937244
      0.68329969
      1.09239463
      1.49551714
      1.88478537
      2.26004922
      2.62830668
      3.00205127
     -2.88363189
     -2.44997341
     -2.00492803
     -1.58559425
      0.00000000
