      0.00000000
     -1.51531597
     -1.93079158
     -2.37460068
     -2.81216122
      3.06854825
      2.69195920
      2.32331850
      1.94962969
      1.56290883
      1.16185266
      0.75308650
      0.34764430
     -0.04616982
     -0.42733278
     -0.80147577
     -1.17763556
     -1.56452941
     -1.96653500
     -2.38007883
     -2.79313930
      3.09381437
      2.72880974
      2.39893229
      2.09244665
      1.78568932
      1.44752235
      1.04875332
      0.58436591
      0.09858466
     -0.34307416
     -0.71563402
     -1.03814308
     -1.34726093
     -1.68250746
     -2.07683943
     -2.53757329
     -3.02275401
      2.81662658
      2.44176467
      2.11855337
      1.81085954
      1.47910225
      1.08967863
      0.63312735
      0.14823561
     -0.29898487
     -0.67756210
     -1.00243553
     -1.30900858
     -1.63691112
     -2.02055492
     -2.47202571
     -2.95649562
      2.87518126
      2.49169522
      2.16425437
      1.85841590
      1.53454306
      1.15734050
      0.71182063
      0.22818382
     -0.22815083
     -0.61756337
     -0.94845196
     -1.25403079
     -1.57387132
     -1.94415889
     -2.38289843
     -2.86505616
      2.95673145
      2.56052560
      2.22531913
      1.91943834
      1.60347748
      1.24040579
      0.80921369
      0.32937058
     -0.13704353
     -0.54076492
     -0.88115223
     -1.18797660
     -1.50034974
     -1.85606637
     -2.27902967
     -2.75558065
      3.05649217
      2.64468311
      2.29826386
      1.98978327
      1.68058124
      1.33220681
      0.91804616
      0.44585695
     -0.02937637
     -0.44968213
     -0.80296276
     -1.11387281
     -1.42043128
     -1.76161896
     -2.16652846
     -2.63324512
     -3.11177832
      2.74237622
      2.38144046
      2.06727845
      1.76273789
      1.42844877
      1.03310060
      0.57295835
      0.09216666
     -0.34561722
     -0.71494875
     -1.03322243
     -1.33645650
     -1.66425778
     -2.04988019
     -2.50240207
     -2.98422217
      2.85261728
      2.47422292
      2.15095367
      1.84824060
      1.52640452
      1.15052416
      0.70657117
      0.22510083
     -0.22938080
     -0.61740823
     -0.94656718
     -1.24960745
     -1.56610203
     -1.93237008
     -2.36693740
     -2.84658037
      2.97465892
      2.57655058
      2.24061279
      1.93634555
      1.62447847
      1.26755277
      0.84303019
      0.36673731
     -0.10175480
     -0.51024227
     -0.85382617
     -1.16026056
     -1.46829369
     -1.81627874
     -2.23027227
     -2.70170408
      3.10759915
      2.68861189
      2.33655516
      2.02698439
      1.72192266
      1.38235537
      0.97919184
      0.51406474
      0.03616523
     -0.39323799
     -0.75453285
     -1.06822648
     -1.37123800
     -1.70301995
     -2.09523672
     -2.55273344
     -3.03309592
      2.81058262
      2.43936863
      2.12056093
      1.81862995
      1.49390365
      1.11257169
      0.66387047
      0.18273487
     -0.26631578
     -0.64802053
     -0.97292486
     -1.27478352
     -1.59326886
     -1.96394634
     -2.40287982
     -2.88301974
      2.94238874
      2.54975771
      2.21779752
      1.91497423
      1.60184212
      1.24143400
      0.81302640
      0.33566744
     -0.12975972
     -0.53358844
     -0.87352418
     -1.17836782
     -1.48709600
     -1.83775911
     -2.25510702
     -2.72794741
      3.08348178
      2.66837601
      2.31960271
      2.01167453
      1.70635041
      1.36478519
      0.95880620
      0.49211352
      0.01556836
     -0.41067535
     -0.76907037
     -1.08114492
     -1.38410490
     -1.71732546
     -2.11184288
     -2.57092037
     -3.05053727
      2.79564639
      2.42694549
      2.10967671
      1.80801103
      1.48229196
      1.09912654
      0.64892796
      0.16808002
     -0.27904261
     -0.65860960
     -0.98209397
     -1.28355536
     -1.60269078
     -1.97479749
     -2.41508639
     -2.89526461
      2.93157784
      2.54073382
      2.21005271
      1.90769492
      1.59416476
      1.23266060
      0.80306327
      0.32544741
     -0.13895581
     -0.54131269
     -0.88011627
     -1.18447228
     -1.49342311
     -1.84492213
     -2.26329851
     -2.73653521
      3.07558717
      2.66168200
      2.31390252
      2.00645514
      1.70102213
      1.35881102
      0.95193938
      0.48476078
      0.00864680
     -0.41661892
     -0.77413677
     -1.08574972
     -1.38875076
     -1.72249057
     -2.11780411
     -2.57743534
     -3.05683044
      2.79015753
      2.42224998
      2.10542714
      1.80375831
      1.47759299
      1.09368139
      0.64285841
      0.16205506
     -0.28439288
     -0.66320901
     -0.98624450
     -1.28768482
     -1.60723525
     -1.98008637
     -2.42109281
     -2.90139461
      2.92602639
      2.53593722
      2.20574050
      1.90343055
      1.58948836
      1.22719657
      0.79675218
      0.31882999
     -0.14507371
     -0.54662435
     -0.88486294
     -1.18912571
     -1.49849925
     -1.85086717
     -2.27026441
     -2.74402667
      3.06851170
      2.65550732
      2.30842904
      2.00115478
      1.69529016
      1.35210069
      0.94398776
      0.47600968
      0.00019809
     -0.42403940
     -0.78065633
     -1.09196643
     -1.39539021
     -1.73023390
     -2.12705328
     -2.58782573
     -3.06708993
      2.78106978
      2.41433084
      2.09800514
      1.79595666
      1.46855957
      1.08283999
      0.63045889
      0.14952947
     -0.29561096
     -0.67292267
     -0.99518844
     -1.29691437
     -1.61781185
     -1.99280103
     -2.43585915
     -2.91665447
      2.91217179
      2.52398562
      2.19492179
      1.89248822
      1.57711226
      1.21233639
      0.77927385
      0.30036006
     -0.16211446
     -0.56131253
     -0.89795425
     -1.20209353
     -1.51294226
     -1.86814246
     -2.29078912
     -2.76618538
      3.04769277
      2.63752218
      2.29261313
      1.98581170
      1.67849327
      1.33213606
      0.92008901
      0.44968381
     -0.02503149
     -0.44594980
     -0.79971283
     -1.11008157
     -1.41485686
     -1.75317521
     -2.15465329
     -2.61879601
     -3.09740057
      2.75453191
      2.39144322
      2.07666317
      1.77346525
      1.44233154
      1.05120350
      0.59436586
      0.11343164
     -0.32755816
     -0.70031785
     -1.02028205
     -1.32283600
     -1.64767005
     -2.02882749
     -2.47756003
     -2.95928014
      2.87394799
      2.49130816
      2.16546827
      1.86266788
      1.54323497
      1.17153595
      0.73146395
      0.25043037
     -0.20757354
     -0.60015890
     -0.93247449
     -1.23635836
     -1.55128663
     -1.91414555
     -2.34523856
     -2.82423547
      2.99394119
      2.59149304
      2.25220341
      1.94646286
      1.63515889
      1.28044018
      0.85842249
      0.38264673
     -0.08824088
     -0.50032076
     -0.84697112
     -1.15526708
     -1.46379790
     -1.81113557
     -2.22418426
     -2.69575425
      3.11183024
      2.69049324
      2.33621649
      2.02475180
      1.71818449
      1.37742909
      0.97306222
      0.50645828
      0.02730206
     -0.40278434
     -0.76482347
     -1.07997346
     -1.38533379
     -1.72032823
     -2.11645954
     -2.57757686
     -3.05918825
      2.78578580
      2.41598549
      2.09674220
      1.79189661
      1.46183351
      1.07335237
      0.61799430
      0.13492150
     -0.31069510
     -0.68811166
     -1.01173522
     -1.31668335
     -1.64264192
     -2.02418128
     -2.47375920
     -2.95745249
      2.87349908
      2.48876057
      2.16060407
      1.85502110
      1.53235055
      1.15693196
      0.71290050
      0.22923186
     -0.22879112
     -0.62040216
     -0.95309558
     -1.25975166
     -1.57993784
     -1.95016738
     -2.38914722
     -2.87238152
      2.94783017
      2.54995855
      2.21288888
      1.90482237
      1.58632516
      1.22023181
      0.78553131
      0.30286759
     -0.16423214
     -0.56757775
     -0.90868047
     -1.21839103
     -1.53600278
     -1.89916384
     -2.33066962
     -2.81293916
      2.99981611
      2.59197962
      2.24738957
      1.93589992
      1.61832962
      1.25669519
      0.82692297
      0.34442224
     -0.12891897
     -0.54067793
     -0.88827409
     -1.19871920
     -1.50375625
     -1.82871169
     -2.18769772
     -2.57949532
     -2.99088880
      2.87774988
      2.47321963
      2.08384411
      1.70639997
      1.33260892
      0.95320039
      0.56168011
      0.15775287
     -0.25134207
     -0.65446458
     -1.04373282
     -1.41899667
     -1.78725413
     -2.16099872
     -2.55850086
     -2.99215934
      2.84598058
      2.42664681
      0.00000000
