      0.00000000
      0.00000000
      0.00000000
      0.00000000
      0.00000000
      0.00000000
      0.00000000
      0.00000000
      0.00000000
      0.00000000
      0.00000000
      0.00000000
      0.00000000
      0.00000000
      0.00000000
      0.00000000
      0.00000000
      0.00000000
      0.00000000
      0.00000000
      0.00000000
      0.00000000
      0.00000000
      0.00000000
      0.00000000
      0.00000000
      0.00000000
      0.00000000
      0.00000000
      0.00000000
      0.00000000
      0.00000000
      0.00000000
      0.00000000
      0.00000000
      0.00000000
      0.00000000
      0.00000000
      0.00000000
      0.00000000
      0.00000000
      0.00000000
      0.00000000
      0.00000000
      0.00000000
      0.00000000
      0.00000000
      0.00000000
      0.00000000
      0.00000000
      0.00000000
      0.00000000
      0.00000000
      0.00000000
      0.00000000
      0.00000000
      0.00000000
      0.00000000
      0.00000000
      0.00000000
      0.00000000
      0.00000000
      0.00000000
      0.00000000
      0.00000000
      0.00000000
      0.00000000
      0.00000000
      0.00000000
      0.00000000
      0.00000000
      0.00000000
      0.00000000
      0.00000000
      0.00000000
      0.00000000
      0.00000000
      0.00000000
      0.00000000
      0.00000000
      0.00000000
      0.00000000
      0.00000000
      0.00000000
      0.00000000
      0.00000000
      0.00000000
      0.00000000
      0.00000000
      0.00000000
      0.00000000
      0.00000000
      0.00000000
      0.00000000
      0.00000000
      0.00000000
      0.00000001
      0.00000003
      0.00000008
      0.00000017
      0.00000034
      0.00000081
      0.00000273
      0.00000944
      0.00002750
      0.00006489
      0.00012586
      0.00020662
      0.00029758
      0.00038948
      0.00047747
      0.00056076
      0.00064063
      0.00071861
      0.00079574
      0.00087253
      0.00094908
      0.00102536
      0.00110126
      0.00117672
      0.00125168
      0.00132612
      0.00140003
      0.00147339
      0.00154622
      0.00161850
      0.00169024
      0.00176143
      0.00183208
      0.00190218
      0.00197173
      0.00204073
      0.00210919
      0.00217710
      0.00224446
      0.00231127
      0.00237753
      0.00244324
      0.00250841
      0.00257302
      0.00263709
      0.00270060
      0.00276357
      0.00282599
      0.00288786
      0.00294918
      0.00300994
      0.00307016
      0.00312983
      0.00318895
      0.00324752
      0.00330554
      0.00336302
      0.00341994
      0.00347631
      0.00353213
      0.00358740
      0.00364212
      0.00369630
      0.00374992
      0.00380299
      0.00385552
      0.00390749
      0.00395891
      0.00400979
      0.00406011
      0.00410988
      0.00415911
      0.00420778
      0.00425591
      0.00430348
      0.00435051
      0.00439698
      0.00444291
      0.00448828
      0.00453311
      0.00457738
      0.00462111
      0.00466428
      0.00470691
      0.00474898
      0.00479051
      0.00483148
      0.00487191
      0.00491178
      0.00495111
      0.00498988
      0.00502811
      0.00506579
      0.00510291
      0.00513949
      0.00517551
      0.00521099
      0.00524592
      0.00528029
      0.00531412
      0.00534739
      0.00538012
      0.00541230
      0.00544392
      0.00547500
      0.00550552
      0.00553550
      0.00556493
      0.00559380
      0.00562213
      0.00564990
      0.00567713
      0.00570381
      0.00572993
      0.00575551
      0.00578053
      0.00580501
      0.00582894
      0.00585231
      0.00587514
      0.00589741
      0.00591914
      0.00594032
      0.00596094
      0.00598102
      0.00600054
      0.00601952
      0.00603795
      0.00605583
      0.00607316
      0.00608995
      0.00610621
      0.00612196
      0.00613724
      0.00615217
      0.00616696
      0.00618211
      0.00619863
      0.00621858
      0.00624575
      0.00628578
      0.00634200
      0.00639593
      0.00635247
      0.00599839
      0.00543664
      0.00563366
      0.00621251
      0.00643566
      0.00643821
      0.00639499
      0.00636258
      0.00634765
      0.00634664
      0.00635792
      0.00638381
      0.00642743
      0.00647697
      0.00645852
      0.00617429
      0.00558166
      0.00557662
      0.00616877
      0.00645610
      0.00647540
      0.00642543
      0.00638107
      0.00635439
      0.00634233
      0.00634244
      0.00635627
      0.00638747
      0.00643022
      0.00643096
      0.00621975
      0.00564814
      0.00541653
      0.00596803
      0.00633637
      0.00638651
      0.00633322
      0.00627593
      0.00623475
      0.00620663
      0.00618592
      0.00616875
      0.00615301
      0.00613764
      0.00612216
      0.00610632
      0.00609002
      0.00607321
      0.00605587
      0.00603799
      0.00601956
      0.00600059
      0.00598106
      0.00596099
      0.00594036
      0.00591919
      0.00589746
      0.00587519
      0.00585236
      0.00582899
      0.00580507
      0.00578059
      0.00575557
      0.00572999
      0.00570387
      0.00567720
      0.00564997
      0.00562220
      0.00559387
      0.00556500
      0.00553558
      0.00550560
      0.00547508
      0.00544400
      0.00541238
      0.00538021
      0.00534748
      0.00531421
      0.00528039
      0.00524601
      0.00521109
      0.00517562
      0.00513959
      0.00510302
      0.00506590
      0.00502822
      0.00499000
      0.00495123
      0.00491190
      0.00487203
      0.00483161
      0.00479063
      0.00474911
      0.00470704
      0.00466442
      0.00462124
      0.00457752
      0.00453325
      0.00448843
      0.00444305
      0.00439713
      0.00435066
      0.00430364
      0.00425606
      0.00420794
      0.00415927
      0.00411005
      0.00406028
      0.00400995
      0.00395908
      0.00390766
      0.00385569
      0.00380317
      0.00375010
      0.00369648
      0.00364231
      0.00358759
      0.00353231
      0.00347649
      0.00342012
      0.00336320
      0.00330573
      0.00324772
      0.00318915
      0.00313003
      0.00307036
      0.00301014
      0.00294937
      0.00288805
      0.00282619
      0.00276377
      0.00270080
      0.00263729
      0.00257322
      0.00250861
      0.00244344
      0.00237773
      0.00231147
      0.00224466
      0.00217730
      0.00210939
      0.00204093
      0.00197192
      0.00190237
      0.00183227
      0.00176162
      0.00169043
      0.00161869
      0.00154641
      0.00147358
      0.00140021
      0.00132630
      0.00125186
      0.00117689
      0.00110143
      0.00102552
      0.00094924
      0.00087267
      0.00079588
      0.00071873
      0.00064074
      0.00056085
      0.00047754
      0.00038954
      0.00029762
      0.00020666
      0.00012588
      0.00006491
      0.00002750
      0.00000945
      0.00000273
      0.00000081
      0.00000034
      0.00000017
      0.00000008
      0.00000003
      0.00000001
      0.00000000
      0.00000000
      0.00000000
      0.00000000
      0.00000000
      0.00000000
      0.00000000
      0.00000000
      0.00000000
      0.00000000
      0.00000000
      0.00000000
      0.00000000
      0.00000000
      0.00000000
      0.00000000
      0.00000000
      0.00000000
      0.00000000
      0.00000000
      0.00000000
      0.00000000
      0.00000000
      0.00000000
      0.00000000
      0.00000000
      0.00000000
      0.00000000
      0.00000000
      0.00000000
      0.00000000
      0.00000000
      0.00000000
      0.00000000
      0.00000000
      0.00000000
      0.00000000
      0.00000000
      0.00000000
      0.00000000
      0.00000000
      0.00000000
      0.00000000
      0.00000000
      0.00000000
      0.00000000
      0.00000000
      0.00000000
      0.00000000
      0.00000000
      0.00000000
      0.00000000
      0.00000000
      0.00000000
      0.00000000
      0.00000000
      0.00000000
      0.00000000
      0.00000000
      0.00000000
      0.00000000
      0.00000000
      0.00000000
      0.00000000
      0.00000000
      0.00000000
      0.00000000
      0.00000000
      0.00000000
      0.00000000
      0.00000000
      0.00000000
      0.00000000
      0.00000000
      0.00000000
      0.00000000
      0.00000000
      0.00000000
      0.00000000
      0.00000000
      0.00000000
      0.00000000
      0.00000000
      0.00000000
      0.00000000
      0.00000000
      0.00000000
      0.00000000
      0.00000000
      0.00000000
      0.00000000
      0.00000000
      0.00000000
      0.00000000
      0.00000000
      0.00000000
