      0.00000000
      0.00000000
      0.00000000
      0.00000000
      0.00000000
      0.00000000
      0.00000000
      0.00000000
      0.00000000
      0.00000000
      0.00000000
      0.00000000
      0.00000000
      0.00000000
      0.00000000
      0.00000000
      0.00000000
      0.00000000
      0.00000000
      0.00000000
      0.00000000
      0.00000000
      0.00000000
      0.00000000
      0.00000000
      0.00000000
      0.00000000
      0.00000000
      0.00000000
      0.00000000
      0.00000000
      0.00000000
      0.00000000
      0.00000000
      0.00000000
      0.00000000
      0.00000000
      0.00000000
      0.00000000
      0.00000000
      0.00000000
      0.00000000
      0.00000000
      0.00000000
      0.00000000
      0.00000000
      0.00000000
      0.00000000
      0.00000000
      0.00000000
      0.00000000
      0.00000000
      0.00000000
      0.00000000
      0.00000000
      0.00000000
      0.00000000
      0.00000000
      0.00000000
      0.00000000
      0.00000000
      0.00000000
      0.00000000
      0.00000000
      0.00000000
      0.00000000
      0.00000000
      0.00000000
      0.00000000
      0.00000000
      0.00000000
      0.00000000
      0.00000000
      0.00000000
      0.00000000
      0.00000000
      0.00000000
      0.00000000
      0.00000000
      0.00000000
      0.00000000
      0.00000000
      0.00000000
      0.00000000
      0.00000000
      0.00000000
      0.00000000
      0.00000000
      0.00000000
      0.00000000
      0.00000000
      0.00000000
      0.00000000
      0.00000000
      0.00000000
      0.00000000
      0.00000001
      0.00000003
      0.00000008
      0.00000017
      0.00000034
      0.00000081
      0.00000274
      0.00000945
      0.00002751
      0.00006492
      0.00012591
      0.00020670
      0.00029769
      0.00038963
      0.00047765
      0.00056099
      0.00064090
      0.00071891
      0.00079608
      0.00087290
      0.00094948
      0.00102577
      0.00110169
      0.00117716
      0.00125214
      0.00132658
      0.00140050
      0.00147387
      0.00154671
      0.00161900
      0.00169074
      0.00176194
      0.00183259
      0.00190269
      0.00197225
      0.00204126
      0.00210972
      0.00217763
      0.00224499
      0.00231181
      0.00237807
      0.00244379
      0.00250895
      0.00257357
      0.00263764
      0.00270116
      0.00276413
      0.00282654
      0.00288841
      0.00294973
      0.00301050
      0.00307072
      0.00313039
      0.00318951
      0.00324808
      0.00330610
      0.00336357
      0.00342049
      0.00347686
      0.00353268
      0.00358795
      0.00364268
      0.00369685
      0.00375047
      0.00380354
      0.00385606
      0.00390803
      0.00395945
      0.00401032
      0.00406064
      0.00411041
      0.00415963
      0.00420830
      0.00425642
      0.00430400
      0.00435102
      0.00439749
      0.00444341
      0.00448878
      0.00453360
      0.00457787
      0.00462159
      0.00466476
      0.00470738
      0.00474945
      0.00479098
      0.00483195
      0.00487237
      0.00491224
      0.00495156
      0.00499033
      0.00502855
      0.00506622
      0.00510334
      0.00513992
      0.00517594
      0.00521141
      0.00524633
      0.00528070
      0.00531452
      0.00534779
      0.00538052
      0.00541269
      0.00544431
      0.00547538
      0.00550590
      0.00553587
      0.00556530
      0.00559417
      0.00562249
      0.00565026
      0.00567748
      0.00570416
      0.00573028
      0.00575585
      0.00578087
      0.00580534
      0.00582927
      0.00585264
      0.00587546
      0.00589773
      0.00591946
      0.00594063
      0.00596125
      0.00598132
      0.00600085
      0.00601982
      0.00603824
      0.00605612
      0.00607345
      0.00609024
      0.00610649
      0.00612224
      0.00613752
      0.00615245
      0.00616724
      0.00618238
      0.00619889
      0.00621883
      0.00624599
      0.00628598
      0.00634217
      0.00639604
      0.00635250
      0.00599832
      0.00543646
      0.00563352
      0.00621248
      0.00643572
      0.00643834
      0.00639516
      0.00636278
      0.00634787
      0.00634686
      0.00635813
      0.00638401
      0.00642759
      0.00647708
      0.00645857
      0.00617425
      0.00558150
      0.00557646
      0.00616872
      0.00645615
      0.00647551
      0.00642558
      0.00638125
      0.00635459
      0.00634253
      0.00634264
      0.00635646
      0.00638763
      0.00643034
      0.00643103
      0.00621973
      0.00564802
      0.00541637
      0.00596797
      0.00633640
      0.00638660
      0.00633336
      0.00627611
      0.00623494
      0.00620684
      0.00618613
      0.00616897
      0.00615323
      0.00613786
      0.00612238
      0.00610654
      0.00609024
      0.00607343
      0.00605609
      0.00603821
      0.00601978
      0.00600081
      0.00598128
      0.00596121
      0.00594058
      0.00591941
      0.00589768
      0.00587541
      0.00585259
      0.00582921
      0.00580529
      0.00578081
      0.00575579
      0.00573022
      0.00570409
      0.00567742
      0.00565019
      0.00562242
      0.00559409
      0.00556522
      0.00553580
      0.00550582
      0.00547530
      0.00544423
      0.00541260
      0.00538043
      0.00534770
      0.00531443
      0.00528061
      0.00524623
      0.00521131
      0.00517583
      0.00513981
      0.00510324
      0.00506611
      0.00502844
      0.00499022
      0.00495144
      0.00491212
      0.00487225
      0.00483182
      0.00479085
      0.00474932
      0.00470725
      0.00466463
      0.00462145
      0.00457773
      0.00453346
      0.00448863
      0.00444326
      0.00439734
      0.00435086
      0.00430384
      0.00425627
      0.00420814
      0.00415947
      0.00411025
      0.00406048
      0.00401015
      0.00395928
      0.00390786
      0.00385588
      0.00380336
      0.00375029
      0.00369667
      0.00364249
      0.00358777
      0.00353250
      0.00347668
      0.00342031
      0.00336338
      0.00330591
      0.00324789
      0.00318932
      0.00313020
      0.00307053
      0.00301031
      0.00294954
      0.00288822
      0.00282635
      0.00276393
      0.00270096
      0.00263744
      0.00257337
      0.00250876
      0.00244359
      0.00237787
      0.00231161
      0.00224480
      0.00217743
      0.00210952
      0.00204106
      0.00197205
      0.00190250
      0.00183240
      0.00176175
      0.00169055
      0.00161881
      0.00154652
      0.00147369
      0.00140032
      0.00132641
      0.00125196
      0.00117699
      0.00110152
      0.00102561
      0.00094932
      0.00087275
      0.00079595
      0.00071879
      0.00064079
      0.00056090
      0.00047758
      0.00038957
      0.00029764
      0.00020667
      0.00012589
      0.00006491
      0.00002751
      0.00000945
      0.00000274
      0.00000081
      0.00000034
      0.00000017
      0.00000008
      0.00000003
      0.00000001
      0.00000000
      0.00000000
      0.00000000
      0.00000000
      0.00000000
      0.00000000
      0.00000000
      0.00000000
      0.00000000
      0.00000000
      0.00000000
      0.00000000
      0.00000000
      0.00000000
      0.00000000
      0.00000000
      0.00000000
      0.00000000
      0.00000000
      0.00000000
      0.00000000
      0.00000000
      0.00000000
      0.00000000
      0.00000000
      0.00000000
      0.00000000
      0.00000000
      0.00000000
      0.00000000
      0.00000000
      0.00000000
      0.00000000
      0.00000000
      0.00000000
      0.00000000
      0.00000000
      0.00000000
      0.00000000
      0.00000000
      0.00000000
      0.00000000
      0.00000000
      0.00000000
      0.00000000
      0.00000000
      0.00000000
      0.00000000
      0.00000000
      0.00000000
      0.00000000
      0.00000000
      0.00000000
      0.00000000
      0.00000000
      0.00000000
      0.00000000
      0.00000000
      0.00000000
      0.00000000
      0.00000000
      0.00000000
      0.00000000
      0.00000000
      0.00000000
      0.00000000
      0.00000000
      0.00000000
      0.00000000
      0.00000000
      0.00000000
      0.00000000
      0.00000000
      0.00000000
      0.00000000
      0.00000000
      0.00000000
      0.00000000
      0.00000000
      0.00000000
      0.00000000
      0.00000000
      0.00000000
      0.00000000
      0.00000000
      0.00000000
      0.00000000
      0.00000000
      0.00000000
      0.00000000
      0.00000000
      0.00000000
      0.00000000
      0.00000000
      0.00000000
      0.00000000
