      0.00000000
     -0.33841095
      0.08858693
      0.50218190
      0.88697553
      1.24718207
      1.59852320
      1.96010679
      2.34784544
      2.76552576
     -3.08620575
     -2.66867637
     -2.28190727
     -1.92253795
     -1.57434576
     -1.21704395
     -0.83286501
     -0.41572967
      0.01896671
      0.44104278
      0.83037583
      1.18909449
      1.53389160
      1.88628171
      2.26602394
      2.68192499
      3.11996741
     -2.73577490
     -2.34308620
     -1.98471525
     -1.64355466
     -1.29681592
     -0.92262587
     -0.50896178
     -0.06761434
      0.36619774
      0.76332532
      1.12183505
      1.45914764
      1.79936922
      2.16657998
      2.57654153
      3.02086715
     -2.82092563
     -2.41784436
     -2.05841180
     -1.72507888
     -1.39237843
     -1.03398048
     -0.62987655
     -0.18345248
      0.26693461
      0.67814022
      1.03977998
      1.36918063
      1.69322102
      2.04044824
      2.43550769
      2.88208558
     -2.94022810
     -2.51770615
     -2.15169287
     -1.82579216
     -1.51163995
     -1.17859966
     -0.79730912
     -0.35458096
      0.11782828
      0.55646841
      0.93067704
      1.25435071
      1.55745841
      1.87252284
      2.23307962
      2.66397345
     -3.13638461
     -2.67439467
     -2.28479168
     -1.96011249
     -1.66864244
     -1.37608786
     -1.04629123
     -0.64272213
     -0.15842365
      0.33664479
      0.75650505
      1.09062086
      1.37202025
      1.63738390
      1.92289793
      2.27094475
      2.72242642
     -3.03087545
     -2.54694451
     -2.17744147
     -1.89575905
     -1.65928551
     -1.43324450
     -1.18336209
     -0.86206270
     -0.40424951
      0.18238130
      0.70438880
      1.05834442
      1.29300331
      1.45888987
      1.58251088
      1.67675124
      1.74838675
      1.80180307
      1.84063401
      1.86826031
      1.88774854
      1.90164389
      1.91185316
      1.91967612
      1.92593430
      1.93112264
      1.93553613
      1.93935629
      1.94270260
      1.94566011
      1.94829330
      1.95065310
      1.95278057
      1.95470919
      1.95646646
      1.95807511
      1.95955405
      1.96091913
      1.96218371
      1.96335912
      1.96445506
      1.96547985
      1.96644070
      1.96734385
      1.96819476
      1.96899821
      1.96975842
      1.97047910
      1.97116356
      1.97181474
      1.97243525
      1.97302746
      1.97359347
      1.97413518
      1.97465432
      1.97515244
      1.97563096
      1.97609115
      1.97653420
      1.97696118
      1.97737305
      1.97777074
      1.97815505
      1.97852675
      1.97888655
      1.97923509
      1.97957297
      1.97990075
      1.98021895
      1.98052804
      1.98082846
      1.98112064
      1.98140497
      1.98168180
      1.98195148
      1.98221432
      1.98247062
      1.98272066
      1.98296471
      1.98320301
      1.98343579
      1.98366329
      1.98388569
      1.98410321
      1.98431602
      1.98452431
      1.98472824
      1.98492796
      1.98512364
      1.98531541
      1.98550341
      1.98568777
      1.98586862
      1.98604607
      1.98622024
      1.98639123
      1.98655915
      1.98672410
      1.98688617
      1.98704546
      1.98720206
      1.98735604
      1.98750749
      1.98765649
      1.98780311
      1.98794743
      1.98808952
      1.98822945
      1.98836727
      1.98850306
      1.98863688
      1.98876878
      1.98889882
      1.98902707
      1.98915357
      1.98927838
      1.98940155
      1.98952313
      1.98964316
      1.98976170
      1.98987879
      1.98999448
      1.99010881
      1.99022183
      1.99033357
      1.99044408
      1.99055340
      1.99066159
      1.99076870
      1.99087483
      1.99098010
      1.99108480
      1.99118948
      1.99129531
      1.99140483
      1.99152362
      1.99166384
      1.99185227
      1.99214769
      1.99267919
      1.99372976
      1.99591791
      2.00058709
      2.01062221
      2.03209377
      2.07735875
      2.17041012
      2.35542530
      2.70940219
     -2.95479995
     -2.20886537
     -1.69995823
     -1.42356380
     -1.28142085
     -1.21070677
     -1.17609527
     -1.15841169
     -1.14710908
     -1.13517209
     -1.11523228
     -1.07555586
     -0.99458232
     -0.83279787
     -0.52061468
      0.04211358
      0.79764404
      1.36310984
      1.67720638
      1.84004800
      1.92157237
      1.96151100
      1.98154316
      1.99344748
      2.00457049
      2.02182293
      2.05551780
      2.12438537
      2.26297780
      2.53284948
      3.03143790
     -2.50975201
     -1.88062036
     -1.51838869
     -1.32872874
     -1.23321040
     -1.18669311
     -1.16461266
     -1.15429159
     -1.14949203
     -1.14724650
     -1.14617233
     -1.14563281
     -1.14533659
     -1.14515076
     -1.14501481
     -1.14490120
     -1.14479740
     -1.14469768
     -1.14459945
     -1.14450149
     -1.14440325
     -1.14430445
     -1.14420496
     -1.14410469
     -1.14400359
     -1.14390162
     -1.14379874
     -1.14369490
     -1.14359009
     -1.14348426
     -1.14337737
     -1.14326939
     -1.14316027
     -1.14304997
     -1.14293846
     -1.14282569
     -1.14271161
     -1.14259618
     -1.14247936
     -1.14236108
     -1.14224130
     -1.14211996
     -1.14199701
     -1.14187239
     -1.14174605
     -1.14161791
     -1.14148791
     -1.14135598
     -1.14122206
     -1.14108607
     -1.14094792
     -1.14080754
     -1.14066485
     -1.14051975
     -1.14037215
     -1.14022196
     -1.14006906
     -1.13991336
     -1.13975474
     -1.13959308
     -1.13942825
     -1.13926013
     -1.13908857
     -1.13891343
     -1.13873455
     -1.13855177
     -1.13836491
     -1.13817380
     -1.13797824
     -1.13777802
     -1.13757292
     -1.13736272
     -1.13714717
     -1.13692601
     -1.13669895
     -1.13646570
     -1.13622594
     -1.13597934
     -1.13572553
     -1.13546413
     -1.13519470
     -1.13491682
     -1.13463000
     -1.13433372
     -1.13402743
     -1.13371052
     -1.13338235
     -1.13304221
     -1.13268933
     -1.13232290
     -1.13194201
     -1.13154567
     -1.13113282
     -1.13070228
     -1.13025277
     -1.12978287
     -1.12929102
     -1.12877552
     -1.12823445
     -1.12766570
     -1.12706694
     -1.12643554
     -1.12576857
     -1.12506273
     -1.12431433
     -1.12351915
     -1.12267244
     -1.12176875
     -1.12080187
     -1.11976463
     -1.11864874
     -1.11744454
     -1.11614076
     -1.11472409
     -1.11317876
     -1.11148595
     -1.10962300
     -1.10756253
     -1.10527114
     -1.10270786
     -1.09982186
     -1.09654866
     -1.09280319
     -1.08846583
     -1.08335474
     -1.07717444
     -1.06942923
     -1.05929656
     -1.04547544
     -1.02605784
     -0.99849757
     -0.95972759
     -0.90636746
     -0.83478444
     -0.74059456
     -0.61702403
     -0.45118919
     -0.21657917
      0.13735816
      0.65945105
      1.24622650
      1.70407792
      2.02534538
      2.27517996
      2.50117212
      2.73759911
      3.01924288
     -2.89444992
     -2.41046615
     -1.88049595
     -1.42898227
     -1.08095514
     -0.79547925
     -0.53015714
     -0.24879572
      0.08529668
      0.50517059
      1.00029867
      1.48464961
      1.88822386
      2.21799528
      2.51051445
      2.80194915
      3.12660220
     -2.76698130
     -2.30495368
     -1.82207536
     -1.39116196
     -1.03061896
     -0.71558372
     -0.41250825
     -0.08886086
      0.28533994
      0.72400395
      1.19645735
      1.63921174
      2.02049732
      2.35351416
      2.66763730
      2.99351255
     -2.92367059
     -2.50113351
     -2.04022495
     -1.59361861
     -1.19855777
     -0.85134896
     -0.52733462
     -0.19795825
      0.16366873
      0.57488370
      1.02530145
      1.47175390
      1.87586362
      2.23424741
      2.56692462
      2.90023460
     -3.02353173
     -2.62044506
     -2.17902701
     -1.73467421
     -1.32470393
     -0.95750377
     -0.61730286
     -0.28001183
      0.07848399
      0.47561418
      0.90944757
      1.35082054
      1.76449526
      2.13867764
      2.48539805
      2.82653841
     -3.09828987
     -2.70560059
     -2.27813971
     -1.84007360
     -1.42416072
     -1.04442377
     -0.69204989
     -0.34727171
      0.01143319
      0.40076531
      0.82285645
      1.25757470
      1.67472253
      2.05889817
      2.41618564
      2.76436012
      3.12371596
     -2.77270231
     -2.35516019
     -1.92368628
     -1.50599315
     -1.11825618
     -0.75668526
     -0.40536066
     -0.04516726
      0.33962345
      0.75322918
      1.18024487
      0.00000000
