      0.00000000
      1.16932387
      0.74228108
      0.32865899
     -0.05612727
     -0.41630068
     -0.76760015
     -1.12915181
     -1.51688625
     -1.93459886
     -2.36610338
     -2.78366487
      3.11275653
      2.75342121
      2.40527364
      2.04800799
      1.66383734
      1.24667049
      0.81191897
      0.38980490
      0.00047421
     -0.35820976
     -0.70295914
     -1.05530834
     -1.43503729
     -1.85096817
     -2.28907035
     -2.71655845
     -3.10924859
      2.81560087
      2.47449129
      2.12779875
      1.75362805
      1.33993710
      0.89852528
      0.46465944
      0.06752529
     -0.29094937
     -0.62820755
     -0.96837704
     -1.33556106
     -1.74554466
     -2.18993888
     -2.63139577
     -3.03449066
      2.88929636
      2.55602131
      2.22337946
      1.86501721
      1.46089866
      1.01440297
      0.56393851
      0.15270929
     -0.20889822
     -0.53823763
     -0.86221230
     -1.20939307
     -1.60445607
     -2.05110578
     -2.51207061
     -2.93463073
      2.98256935
      2.65673288
      2.34265405
      2.00967290
      1.62839484
      1.18560045
      0.71307975
      0.27437932
     -0.09980951
     -0.42341687
     -0.72644321
     -1.04143398
     -1.40195600
     -1.83289927
     -2.31585548
     -2.77794059
      3.11564475
      2.79103157
      2.49965075
      2.20718556
      1.87745258
      1.47387042
      0.98943941
      0.49422032
      0.07432562
     -0.25973105
     -0.54103454
     -0.80629329
     -1.09171099
     -1.43970810
     -1.89127071
     -2.42137344
     -2.90543786
      3.00827104
      2.72668629
      2.49033039
      2.26441281
      2.01465127
      1.69343256
      1.23552267
      0.64852597
      0.12630255
     -0.22760674
     -0.46214202
     -0.62789779
     -0.75139110
     -0.84550372
     -0.91700635
     -0.97028030
     -1.00895665
     -1.03641533
     -1.05572403
     -1.06943044
     -1.07944444
     -1.08706885
     -1.09312776
     -1.09811801
     -1.10233584
     -1.10596355
     -1.10912097
     -1.11189323
     -1.11434475
     -1.11652624
     -1.11847854
     -1.12023487
     -1.12182250
     -1.12326391
     -1.12457782
     -1.12577988
     -1.12688330
     -1.12789928
     -1.12883739
     -1.12970588
     -1.13051186
     -1.13126150
     -1.13196022
     -1.13261276
     -1.13322328
     -1.13379547
     -1.13433263
     -1.13483766
     -1.13531317
     -1.13576152
     -1.13618480
     -1.13658491
     -1.13696357
     -1.13732233
     -1.13766262
     -1.13798571
     -1.13829278
     -1.13858492
     -1.13886310
     -1.13912823
     -1.13938115
     -1.13962262
     -1.13985335
     -1.14007399
     -1.14028516
     -1.14048740
     -1.14068126
     -1.14086720
     -1.14104569
     -1.14121714
     -1.14138194
     -1.14154047
     -1.14169307
     -1.14184005
     -1.14198172
     -1.14211836
     -1.14225024
     -1.14237760
     -1.14250068
     -1.14261970
     -1.14273487
     -1.14284638
     -1.14295441
     -1.14305915
     -1.14316075
     -1.14325937
     -1.14335515
     -1.14344825
     -1.14353877
     -1.14362686
     -1.14371263
     -1.14379618
     -1.14387764
     -1.14395709
     -1.14403463
     -1.14411035
     -1.14418434
     -1.14425668
     -1.14432745
     -1.14439672
     -1.14446456
     -1.14453104
     -1.14459622
     -1.14466016
     -1.14472292
     -1.14478455
     -1.14484510
     -1.14490464
     -1.14496319
     -1.14502082
     -1.14507755
     -1.14513344
     -1.14518852
     -1.14524282
     -1.14529639
     -1.14534926
     -1.14540146
     -1.14545302
     -1.14550398
     -1.14555435
     -1.14560417
     -1.14565347
     -1.14570227
     -1.14575059
     -1.14579847
     -1.14584593
     -1.14589303
     -1.14593982
     -1.14598644
     -1.14603314
     -1.14608045
     -1.14612953
     -1.14618292
     -1.14624616
     -1.14633142
     -1.14646545
     -1.14670704
     -1.14718532
     -1.14818333
     -1.15031972
     -1.15493822
     -1.16492426
     -1.18634919
     -1.23157120
     -1.32458452
     -1.50956689
     -1.86351337
     -2.48245762
      3.05484006
      2.54596632
      2.26960162
      2.12749193
      2.05681560
      2.02224532
      2.00460501
      1.99334643
      1.98145313
      1.96155555
      1.92191868
      1.84098067
      1.67922706
      1.36707168
      0.80437654
      0.04888991
     -0.51654284
     -0.83061199
     -0.99342353
     -1.07491353
     -1.11481421
     -1.13480612
     -1.14666913
     -1.15775082
     -1.17496294
     -1.20861966
     -1.27745254
     -1.41601462
     -1.68585951
     -2.18441851
     -2.92637263
      2.72771578
      2.36551067
      2.17587888
      2.08039294
      2.03391197
      2.01187064
      2.00159043
      1.99683272
      1.99462956
      1.99359804
      1.99310130
      1.99284794
      1.99270502
      1.99261201
      1.99254138
      1.99248058
      1.99242391
      1.99236875
      1.99231391
      1.99225883
      1.99220323
      1.99214698
      1.99209001
      1.99203226
      1.99197368
      1.99191425
      1.99185393
      1.99179268
      1.99173047
      1.99166725
      1.99160300
      1.99153767
      1.99147123
      1.99140363
      1.99133482
      1.99126476
      1.99119341
      1.99112071
      1.99104662
      1.99097108
      1.99089403
      1.99081543
      1.99073520
      1.99065328
      1.99056962
      1.99048414
      1.99039678
      1.99030745
      1.99021608
      1.99012260
      1.99002691
      1.98992893
      1.98982857
      1.98972572
      1.98962030
      1.98951219
      1.98940127
      1.98928745
      1.98917058
      1.98905054
      1.98892721
      1.98880042
      1.98867003
      1.98853589
      1.98839782
      1.98825565
      1.98810919
      1.98795824
      1.98780259
      1.98764203
      1.98747630
      1.98730517
      1.98712836
      1.98694560
      1.98675657
      1.98656097
      1.98635844
      1.98614862
      1.98593111
      1.98570550
      1.98547134
      1.98522813
      1.98497536
      1.98471247
      1.98443885
      1.98415385
      1.98385676
      1.98354682
      1.98322320
      1.98288498
      1.98253119
      1.98216075
      1.98177249
      1.98136512
      1.98093722
      1.98048724
      1.98001346
      1.97951398
      1.97898669
      1.97842925
      1.97783904
      1.97721313
      1.97654824
      1.97584066
      1.97508620
      1.97428012
      1.97341698
      1.97249058
      1.97149377
      1.97041827
      1.96925448
      1.96799112
      1.96661494
      1.96511020
      1.96345812
      1.96163611
      1.95961682
      1.95736691
      1.95484548
      1.95200172
      1.94877118
      1.94506878
      1.94077482
      1.93570731
      1.92957053
      1.92186836
      1.91177777
      1.89799712
      1.87861778
      1.85109308
      1.81235577
      1.75902562
      1.68747050
      1.59330739
      1.46976357
      1.30395605
      1.06937184
      0.71544415
      0.19330613
     -0.39354575
     -0.85141737
     -1.17266802
     -1.42247740
     -1.64844384
     -1.88484633
     -2.16646977
     -2.53595675
     -3.01996834
      2.73320108
      2.28167053
      1.93365373
      1.64819788
      1.38289758
      1.10155609
      0.76747597
      0.34759488
     -0.14756453
     -0.63194303
     -1.03552000
     -1.36527821
     -1.65777882
     -1.94919500
     -2.27383436
     -2.66343555
     -3.12548294
      2.67479726
      2.24387359
      1.88333779
      1.56831782
      1.26525923
      0.94162558
      0.56742888
      0.12875235
     -0.34372418
     -0.78649231
     -1.16777531
     -1.50077990
     -1.81488784
     -2.14074978
     -2.50674615
     -2.92929115
      2.89296628
      2.44634506
      2.05128347
      1.70408428
      1.38008354
      1.05071984
      0.68909953
      0.27787966
     -0.17255412
     -0.61902140
     -1.02313415
     -1.38151056
     -1.71417565
     -2.04747366
     -2.40688556
     -2.80997505
      3.03177889
      2.58741189
      2.17743703
      1.81024240
      1.47005225
      1.13277248
      0.77428390
      0.37715235
     -0.05669217
     -0.49807845
     -0.91175874
     -1.28593712
     -1.63264799
     -1.97377781
     -2.33212759
     -2.72481717
      3.13089792
      2.69281946
      2.27690042
      1.89716620
      1.54480077
      1.20003244
      0.84133470
      0.45200306
      0.02990406
     -0.40482557
     -0.82197992
     -1.20615385
     -1.56343385
     -1.91159914
     -2.27094796
     -2.65771393
     -3.07526269
      2.77643824
      2.35873844
      1.97100233
      1.60943800
      1.25812199
      0.89793542
      0.51314623
      0.09953490
     -0.32749006
      0.00000000
