      0.00000000
      0.00000000
      0.00000000
      0.00000000
      0.00000000
      0.00000000
      0.00000000
      0.00000000
      0.00000000
      0.00000000
      0.00000000
      0.00000000
      0.00000000
      0.00000000
      0.00000000
      0.00000000
      0.00000000
      0.00000000
      0.00000000
      0.00000000
      0.00000000
      0.00000000
      0.00000000
      0.00000000
      0.00000000
      0.00000000
      0.00000000
      0.00000000
      0.00000000
      0.00000000
      0.00000000
      0.00000000
      0.00000000
      0.00000000
      0.00000000
      0.00000000
      0.00000000
      0.00000000
      0.00000000
      0.00000000
      0.00000000
      0.00000000
      0.00000000
      0.00000000
      0.00000000
      0.00000000
      0.00000000
      0.00000000
      0.00000000
      0.00000000
      0.00000000
      0.00000000
      0.00000000
      0.00000000
      0.00000000
      0.00000000
      0.00000000
      0.00000000
      0.00000000
      0.00000000
      0.00000000
      0.00000000
      0.00000000
      0.00000000
      0.00000000
      0.00000000
      0.00000000
      0.00000000
      0.00000000
      0.00000000
      0.00000000
      0.00000000
      0.00000000
      0.00000000
      0.00000000
      0.00000000
      0.00000000
      0.00000000
      0.00000000
      0.00000000
      0.00000000
      0.00000000
      0.00000000
      0.00000000
      0.00000000
      0.00000000
      0.00000000
      0.00000000
      0.00000000
      0.00000000
      0.00000000
      0.00000000
      0.00000000
      0.00000000
      0.00000000
      0.00000000
      0.00000000
      0.00000000
      0.00000000
      0.00000000
      0.00000000
      0.00000000
      0.00000000
      0.00000000
      0.00000000
      0.00000000
      0.00000000
      0.00000000
      0.00000000
      0.00000000
      0.00000000
      0.00000000
      0.00000000
      0.00000000
      0.00000000
      0.00000000
      0.00000000
      0.00000000
      0.00000000
      0.00000000
      0.00000000
      0.00000000
      0.00000000
      0.00000000
      0.00000000
      0.00000000
      0.00000000
      0.00000000
      0.00000000
      0.00000000
      0.00000000
      0.00000000
      0.00000000
      0.00000000
      0.00000000
      0.00000000
      0.00000000
      0.00000000
      0.00000000
      0.00000000
      0.00000000
      0.00000000
      0.00000000
      0.00000000
      0.00000000
      0.00000000
      0.00000002
      0.00000012
      0.00000061
      0.00000265
      0.00000977
      0.00003017
      0.00007718
      0.00016356
      0.00029126
      0.00044882
      0.00062021
      0.00079405
      0.00096542
      0.00113329
      0.00129802
      0.00146014
      0.00162004
      0.00177795
      0.00193397
      0.00208818
      0.00224062
      0.00239131
      0.00254028
      0.00268752
      0.00283306
      0.00297689
      0.00311902
      0.00325945
      0.00339820
      0.00353525
      0.00367061
      0.00380429
      0.00393627
      0.00406657
      0.00419519
      0.00432212
      0.00444737
      0.00457093
      0.00469281
      0.00481301
      0.00493152
      0.00504835
      0.00516350
      0.00527696
      0.00538875
      0.00549885
      0.00560727
      0.00571401
      0.00581907
      0.00592244
      0.00602413
      0.00612415
      0.00622248
      0.00631913
      0.00641409
      0.00650738
      0.00659899
      0.00668892
      0.00677717
      0.00686373
      0.00694859
      0.00703177
      0.00711328
      0.00719316
      0.00727147
      0.00734826
      0.00742356
      0.00749732
      0.00756936
      0.00763942
      0.00770722
      0.00777266
      0.00783606
      0.00789835
      0.00796108
      0.00802624
      0.00809573
      0.00817078
      0.00825147
      0.00833665
      0.00842423
      0.00851174
      0.00859693
      0.00867814
      0.00875447
      0.00882572
      0.00889216
      0.00895434
      0.00901288
      0.00906835
      0.00912117
      0.00917162
      0.00921983
      0.00926582
      0.00930954
      0.00935089
      0.00938978
      0.00942610
      0.00945978
      0.00949078
      0.00951905
      0.00954460
      0.00956742
      0.00958752
      0.00960491
      0.00961961
      0.00963162
      0.00964095
      0.00964762
      0.00965161
      0.00965294
      0.00965161
      0.00964762
      0.00964095
      0.00963162
      0.00961961
      0.00960491
      0.00958752
      0.00956742
      0.00954460
      0.00951905
      0.00949078
      0.00945978
      0.00942610
      0.00938978
      0.00935089
      0.00930954
      0.00926582
      0.00921983
      0.00917162
      0.00912117
      0.00906835
      0.00901288
      0.00895434
      0.00889216
      0.00882572
      0.00875447
      0.00867814
      0.00859693
      0.00851174
      0.00842423
      0.00833665
      0.00825147
      0.00817078
      0.00809573
      0.00802624
      0.00796108
      0.00789835
      0.00783606
      0.00777266
      0.00770722
      0.00763942
      0.00756936
      0.00749732
      0.00742356
      0.00734826
      0.00727147
      0.00719316
      0.00711328
      0.00703177
      0.00694859
      0.00686373
      0.00677717
      0.00668892
      0.00659899
      0.00650738
      0.00641409
      0.00631913
      0.00622248
      0.00612415
      0.00602413
      0.00592244
      0.00581907
      0.00571401
      0.00560727
      0.00549885
      0.00538875
      0.00527696
      0.00516350
      0.00504835
      0.00493152
      0.00481301
      0.00469281
      0.00457093
      0.00444737
      0.00432212
      0.00419519
      0.00406657
      0.00393627
      0.00380429
      0.00367061
      0.00353525
      0.00339820
      0.00325945
      0.00311902
      0.00297689
      0.00283306
      0.00268752
      0.00254028
      0.00239131
      0.00224062
      0.00208818
      0.00193397
      0.00177795
      0.00162004
      0.00146014
      0.00129802
      0.00113329
      0.00096542
      0.00079405
      0.00062021
      0.00044882
      0.00029126
      0.00016356
      0.00007718
      0.00003017
      0.00000977
      0.00000265
      0.00000061
      0.00000012
      0.00000002
      0.00000000
      0.00000000
      0.00000000
      0.00000000
      0.00000000
      0.00000000
      0.00000000
      0.00000000
      0.00000000
      0.00000000
      0.00000000
      0.00000000
      0.00000000
      0.00000000
      0.00000000
      0.00000000
      0.00000000
      0.00000000
      0.00000000
      0.00000000
      0.00000000
      0.00000000
      0.00000000
      0.00000000
      0.00000000
      0.00000000
      0.00000000
      0.00000000
      0.00000000
      0.00000000
      0.00000000
      0.00000000
      0.00000000
      0.00000000
      0.00000000
      0.00000000
      0.00000000
      0.00000000
      0.00000000
      0.00000000
      0.00000000
      0.00000000
      0.00000000
      0.00000000
      0.00000000
      0.00000000
      0.00000000
      0.00000000
      0.00000000
      0.00000000
      0.00000000
      0.00000000
      0.00000000
      0.00000000
      0.00000000
      0.00000000
      0.00000000
      0.00000000
      0.00000000
      0.00000000
      0.00000000
      0.00000000
      0.00000000
      0.00000000
      0.00000000
      0.00000000
      0.00000000
      0.00000000
      0.00000000
      0.00000000
      0.00000000
      0.00000000
      0.00000000
      0.00000000
      0.00000000
      0.00000000
      0.00000000
      0.00000000
      0.00000000
      0.00000000
      0.00000000
      0.00000000
      0.00000000
      0.00000000
      0.00000000
      0.00000000
      0.00000000
      0.00000000
      0.00000000
      0.00000000
      0.00000000
      0.00000000
      0.00000000
      0.00000000
      0.00000000
      0.00000000
      0.00000000
      0.00000000
      0.00000000
      0.00000000
      0.00000000
      0.00000000
      0.00000000
      0.00000000
      0.00000000
      0.00000000
      0.00000000
      0.00000000
      0.00000000
      0.00000000
      0.00000000
      0.00000000
      0.00000000
      0.00000000
      0.00000000
      0.00000000
      0.00000000
      0.00000000
      0.00000000
      0.00000000
      0.00000000
      0.00000000
      0.00000000
      0.00000000
      0.00000000
      0.00000000
      0.00000000
      0.00000000
      0.00000000
      0.00000000
      0.00000000
      0.00000000
      0.00000000
      0.00000000
      0.00000000
      0.00000000
      0.00000000
      0.00000000
      0.00000000
      0.00000000
      0.00000000
      0.00000000
      0.00000000
      0.00000000
      0.00000000
      0.00000000
