      0.00000000
      0.00000000
      0.00000000
      0.00000000
      0.00000000
      0.00000000
      0.00000000
      0.00000000
      0.00000000
      0.00000000
      0.00000000
      0.00000000
      0.00000000
      0.00000000
      0.00000000
      0.00000000
      0.00000000
      0.00000000
      0.00000000
      0.00000000
      0.00000000
      0.00000000
      0.00000000
      0.00000000
      0.00000000
      0.00000000
      0.00000000
      0.00000000
      0.00000000
      0.00000000
      0.00000000
      0.00000000
      0.00000000
      0.00000000
      0.00000000
      0.00000000
      0.00000000
      0.00000000
      0.00000000
      0.00000000
      0.00000000
      0.00000000
      0.00000000
      0.00000000
      0.00000000
      0.00000000
      0.00000000
      0.00000000
      0.00000000
      0.00000000
      0.00000000
      0.00000000
      0.00000000
      0.00000000
      0.00000000
      0.00000000
      0.00000000
      0.00000000
      0.00000000
      0.00000000
      0.00000000
      0.00000000
      0.00000000
      0.00000000
      0.00000000
      0.00000000
      0.00000000
      0.00000000
      0.00000000
      0.00000000
      0.00000000
      0.00000000
      0.00000000
      0.00000000
      0.00000000
      0.00000000
      0.00000000
      0.00000000
      0.00000000
      0.00000000
      0.00000000
      0.00000000
      0.00000000
      0.00000000
      0.00000000
      0.00000000
      0.00000000
      0.00000000
      0.00000000
      0.00000000
      0.00000000
      0.00000000
      0.00000000
      0.00000000
      0.00000000
      0.00000000
      0.00000000
      0.00000000
      0.00000000
      0.00000000
      0.00000000
      0.00000000
      0.00000000
      0.00000000
      0.00000000
      0.00000000
      0.00000000
      0.00000000
      0.00000000
      0.00000000
      0.00000000
      0.00000000
      0.00000000
      0.00000000
      0.00000000
      0.00000000
      0.00000000
      0.00000000
      0.00000000
      0.00000000
      0.00000000
      0.00000000
      0.00000000
      0.00000000
      0.00000000
      0.00000000
      0.00000000
      0.00000000
      0.00000000
      0.00000000
      0.00000000
      0.00000000
      0.00000000
      0.00000000
      0.00000000
      0.00000000
      0.00000000
      0.00000000
      0.00000000
      0.00000000
      0.00000000
      0.00000000
      0.00000000
      0.00000000
      0.00000000
      0.00000000
      0.00000002
      0.00000012
      0.00000061
      0.00000265
      0.00000977
      0.00003017
      0.00007718
      0.00016356
      0.00029126
      0.00044882
      0.00062021
      0.00079406
      0.00096543
      0.00113330
      0.00129803
      0.00146015
      0.00162006
      0.00177796
      0.00193399
      0.00208821
      0.00224065
      0.00239135
      0.00254032
      0.00268757
      0.00283311
      0.00297694
      0.00311908
      0.00325952
      0.00339827
      0.00353533
      0.00367070
      0.00380438
      0.00393637
      0.00406668
      0.00419530
      0.00432224
      0.00444750
      0.00457107
      0.00469295
      0.00481316
      0.00493168
      0.00504852
      0.00516368
      0.00527715
      0.00538894
      0.00549905
      0.00560748
      0.00571423
      0.00581930
      0.00592268
      0.00602438
      0.00612440
      0.00622274
      0.00631940
      0.00641438
      0.00650768
      0.00659930
      0.00668924
      0.00677749
      0.00686406
      0.00694893
      0.00703212
      0.00711364
      0.00719353
      0.00727185
      0.00734864
      0.00742395
      0.00749772
      0.00756977
      0.00763983
      0.00770764
      0.00777309
      0.00783650
      0.00789880
      0.00796154
      0.00802671
      0.00809620
      0.00817125
      0.00825194
      0.00833712
      0.00842470
      0.00851221
      0.00859740
      0.00867861
      0.00875494
      0.00882619
      0.00889263
      0.00895481
      0.00901336
      0.00906882
      0.00912165
      0.00917210
      0.00922031
      0.00926630
      0.00931002
      0.00935137
      0.00939026
      0.00942658
      0.00946026
      0.00949126
      0.00951953
      0.00954508
      0.00956790
      0.00958800
      0.00960540
      0.00962009
      0.00963210
      0.00964144
      0.00964810
      0.00965209
      0.00965343
      0.00965209
      0.00964810
      0.00964144
      0.00963210
      0.00962009
      0.00960540
      0.00958800
      0.00956790
      0.00954508
      0.00951953
      0.00949126
      0.00946026
      0.00942658
      0.00939026
      0.00935137
      0.00931002
      0.00926630
      0.00922031
      0.00917210
      0.00912165
      0.00906882
      0.00901336
      0.00895481
      0.00889263
      0.00882619
      0.00875494
      0.00867861
      0.00859740
      0.00851221
      0.00842470
      0.00833712
      0.00825194
      0.00817125
      0.00809620
      0.00802671
      0.00796154
      0.00789880
      0.00783650
      0.00777309
      0.00770764
      0.00763983
      0.00756977
      0.00749772
      0.00742395
      0.00734864
      0.00727185
      0.00719353
      0.00711364
      0.00703212
      0.00694893
      0.00686406
      0.00677749
      0.00668924
      0.00659930
      0.00650768
      0.00641438
      0.00631940
      0.00622274
      0.00612440
      0.00602438
      0.00592268
      0.00581930
      0.00571423
      0.00560748
      0.00549905
      0.00538894
      0.00527715
      0.00516368
      0.00504852
      0.00493168
      0.00481316
      0.00469295
      0.00457107
      0.00444750
      0.00432224
      0.00419530
      0.00406668
      0.00393637
      0.00380438
      0.00367070
      0.00353533
      0.00339827
      0.00325952
      0.00311908
      0.00297694
      0.00283311
      0.00268757
      0.00254032
      0.00239135
      0.00224065
      0.00208821
      0.00193399
      0.00177796
      0.00162006
      0.00146015
      0.00129803
      0.00113330
      0.00096543
      0.00079406
      0.00062021
      0.00044882
      0.00029126
      0.00016356
      0.00007718
      0.00003017
      0.00000977
      0.00000265
      0.00000061
      0.00000012
      0.00000002
      0.00000000
      0.00000000
      0.00000000
      0.00000000
      0.00000000
      0.00000000
      0.00000000
      0.00000000
      0.00000000
      0.00000000
      0.00000000
      0.00000000
      0.00000000
      0.00000000
      0.00000000
      0.00000000
      0.00000000
      0.00000000
      0.00000000
      0.00000000
      0.00000000
      0.00000000
      0.00000000
      0.00000000
      0.00000000
      0.00000000
      0.00000000
      0.00000000
      0.00000000
      0.00000000
      0.00000000
      0.00000000
      0.00000000
      0.00000000
      0.00000000
      0.00000000
      0.00000000
      0.00000000
      0.00000000
      0.00000000
      0.00000000
      0.00000000
      0.00000000
      0.00000000
      0.00000000
      0.00000000
      0.00000000
      0.00000000
      0.00000000
      0.00000000
      0.00000000
      0.00000000
      0.00000000
      0.00000000
      0.00000000
      0.00000000
      0.00000000
      0.00000000
      0.00000000
      0.00000000
      0.00000000
      0.00000000
      0.00000000
      0.00000000
      0.00000000
      0.00000000
      0.00000000
      0.00000000
      0.00000000
      0.00000000
      0.00000000
      0.00000000
      0.00000000
      0.00000000
      0.00000000
      0.00000000
      0.00000000
      0.00000000
      0.00000000
      0.00000000
      0.00000000
      0.00000000
      0.00000000
      0.00000000
      0.00000000
      0.00000000
      0.00000000
      0.00000000
      0.00000000
      0.00000000
      0.00000000
      0.00000000
      0.00000000
      0.00000000
      0.00000000
      0.00000000
      0.00000000
      0.00000000
      0.00000000
      0.00000000
      0.00000000
      0.00000000
      0.00000000
      0.00000000
      0.00000000
      0.00000000
      0.00000000
      0.00000000
      0.00000000
      0.00000000
      0.00000000
      0.00000000
      0.00000000
      0.00000000
      0.00000000
      0.00000000
      0.00000000
      0.00000000
      0.00000000
      0.00000000
      0.00000000
      0.00000000
      0.00000000
      0.00000000
      0.00000000
      0.00000000
      0.00000000
      0.00000000
      0.00000000
      0.00000000
      0.00000000
      0.00000000
      0.00000000
      0.00000000
      0.00000000
      0.00000000
      0.00000000
      0.00000000
      0.00000000
      0.00000000
      0.00000000
      0.00000000
      0.00000000
      0.00000000
      0.00000000
      0.00000000
