             NaN
      0.87309904
      1.31667990
      1.74955923
      2.14373654
      2.49961919
      2.83599097
     -3.10574330
     -2.73529719
     -2.32147529
     -1.87547141
     -1.43602715
     -1.03638201
     -0.67914556
     -0.34559988
     -0.01014896
      0.35295259
      0.76170405
      1.20918821
      1.65586494
      2.06231657
      2.42187202
      2.75289493
      3.08196274
     -2.84662715
     -2.44477156
     -1.99714128
     -1.54268281
     -1.12775608
     -0.76454886
     -0.43551373
     -0.11311906
      0.23172667
      0.62444430
      1.07015236
      1.53262389
      1.95808458
      2.32680106
      2.65473693
      2.97034229
     -2.97901659
     -2.59811701
     -2.15741621
     -1.68739039
     -1.24892653
     -0.87208665
     -0.54381348
     -0.23480801
      0.08680725
      0.45281400
      0.88409343
      1.35986279
      1.81408754
      2.20275783
      2.53367187
      2.83679028
     -3.13792542
     -2.79011884
     -2.37424337
     -1.89698415
     -1.42447597
     -1.01872119
     -0.68145685
     -0.38261805
     -0.08767274
      0.23874544
      0.63172731
      1.10222886
      1.59377413
      2.02387954
      2.37354532
      2.67126958
      2.95336191
     -3.02724855
     -2.66542817
     -2.21544361
     -1.70960376
     -1.24605126
     -0.87395875
     -0.57135909
     -0.29954541
     -0.02159596
      0.30176025
      0.71222106
      1.21501092
      1.71936930
      2.13045316
      2.44937599
      2.71702892
      2.97261074
     -3.02932996
     -2.67771972
     -2.21504555
     -1.67953808
     -1.20500025
     -0.84699892
     -0.57008924
     -0.32930534
     -0.08721281
      0.19571042
      0.57105504
      1.07663942
      1.62727236
      2.06964762
      2.38706497
      2.63146004
      2.84707933
      3.06893022
     -2.94661145
     -2.57543755
     -2.05126605
     -1.47786029
     -1.03954973
     -0.74149864
     -0.52115956
     -0.33355767
     -0.14727996
      0.07038080
      0.37068628
      0.83283733
      1.44675178
      1.96761437
      2.30071018
      2.51989441
      2.68416461
      2.82576116
      2.96639132
      3.12916495
     -2.93019654
     -2.56467682
     -1.96105719
     -1.32629351
     -0.93410635
     -0.71252780
     -0.57308953
     -0.47529630
     -0.40092874
     -0.34096622
     -0.29049552
     -0.24661652
     -0.20749910
     -0.17192080
     -0.13902288
     -0.10817312
     -0.07888433
     -0.05076386
     -0.02348261
      0.00324025
      0.02963269
      0.05583283
      0.08180411
      0.10721115
      0.13133615
      0.15317738
      0.17177346
      0.18657740
      0.19764556
      0.20554156
      0.21105195
      0.21491794
      0.21770395
      0.21978799
      0.22140659
      0.22270491
      0.22377355
      0.22467126
      0.22543786
      0.22610144
      0.22668249
      0.22719638
      0.22765490
      0.22806722
      0.22844062
      0.22878095
      0.22909297
      0.22938056
      0.22964698
      0.22989492
      0.23012667
      0.23034416
      0.23054904
      0.23074274
      0.23092648
      0.23110133
      0.23126821
      0.23142796
      0.23158127
      0.23172879
      0.23187107
      0.23200862
      0.23214188
      0.23227125
      0.23239708
      0.23251970
      0.23263940
      0.23275643
      0.23287104
      0.23298341
      0.23309371
      0.23320210
      0.23330875
      0.23341387
      0.23351777
      0.23362077
      0.23372305
      0.23382434
      0.23392349
      0.23401832
      0.23410592
      0.23418398
      0.23425303
      0.23431902
      0.23439457
      0.23449662
      0.23463880
      0.23481872
      0.23500356
      0.23512108
      0.23506430
      0.23471550
      0.23398747
      0.23286904
      0.23145339
      0.22992964
      0.22853417
      0.22748044
      0.22689912
      0.22681302
      0.22715076
      0.22778497
      0.22857471
      0.22939786
      0.23016807
      0.23083789
      0.23139305
      0.23184263
      0.23220886
      0.23251855
      0.23279706
      0.23306476
      0.23333568
      0.23361771
      0.23391367
      0.23422286
      0.23454251
      0.23486905
      0.23519896
      0.23552933
      0.23585807
      0.23618393
      0.23650634
      0.23682530
      0.23714115
      0.23745442
      0.23776575
      0.23807580
      0.23838520
      0.23869461
      0.23900465
      0.23931598
      0.23962925
      0.23994510
      0.24026406
      0.24058647
      0.24091233
      0.24124107
      0.24157145
      0.24190136
      0.24222789
      0.24254755
      0.24285674
      0.24315270
      0.24343472
      0.24370564
      0.24397334
      0.24425185
      0.24456155
      0.24492778
      0.24537735
      0.24593251
      0.24660233
      0.24737254
      0.24819570
      0.24898543
      0.24961964
      0.24995739
      0.24987128
      0.24928996
      0.24823623
      0.24684076
      0.24531701
      0.24390137
      0.24278294
      0.24205491
      0.24170610
      0.24164932
      0.24176684
      0.24195168
      0.24213160
      0.24227379
      0.24237583
      0.24245138
      0.24251737
      0.24258642
      0.24266448
      0.24275208
      0.24284691
      0.24294607
      0.24304735
      0.24314963
      0.24325263
      0.24335653
      0.24346165
      0.24356830
      0.24367669
      0.24378700
      0.24389936
      0.24401397
      0.24413101
      0.24425071
      0.24437333
      0.24449916
      0.24462853
      0.24476178
      0.24489933
      0.24504162
      0.24518913
      0.24534245
      0.24550219
      0.24566908
      0.24584393
      0.24602767
      0.24622136
      0.24642625
      0.24664373
      0.24687548
      0.24712342
      0.24738984
      0.24767744
      0.24798945
      0.24832978
      0.24870319
      0.24911551
      0.24957402
      0.25008792
      0.25066897
      0.25133254
      0.25209914
      0.25299685
      0.25406550
      0.25536382
      0.25698242
      0.25906646
      0.26185246
      0.26571846
      0.27122885
      0.27912484
      0.29019301
      0.30499695
      0.32359302
      0.34543425
      0.36955925
      0.39496629
      0.42093758
      0.44713772
      0.47353015
      0.50025301
      0.52753426
      0.55565473
      0.58494353
      0.61579328
      0.64869120
      0.68426950
      0.72338693
      0.76726592
      0.81773662
      0.87769914
      0.95206670
      1.04985994
      1.18929821
      1.41087675
      1.80306391
      2.43782760
      3.04144722
     -2.87621836
     -2.65239455
     -2.48962092
     -2.34899076
     -2.20739421
     -2.04312401
     -1.82393977
     -1.49084397
     -0.96998138
     -0.35606693
      0.10608412
      0.40638960
      0.62405036
      0.81032808
      0.99792996
      1.21826904
      1.51632014
      1.95463069
      2.52803646
      3.05220795
     -2.85980345
     -2.59215982
     -2.37030893
     -2.15468963
     -1.91029456
     -1.59287721
     -1.15050196
     -0.59986901
     -0.09428464
      0.28105999
      0.56398321
      0.80607575
      1.04685965
      1.32376933
      1.68177065
      2.15630849
      2.69181596
     -3.12869518
     -2.77708494
     -2.49584034
     -2.24025852
     -1.97260559
     -1.65368276
     -1.24259890
     -0.73824052
     -0.23545066
      0.17501015
      0.49836637
      0.77631582
      1.04812949
      1.35072915
      1.72282166
      2.18637416
      2.69221402
     -3.14098674
     -2.77916635
     -2.47659151
     -2.19449918
     -1.89677492
     -1.54710913
     -1.11700373
     -0.62545845
     -0.15495690
      0.23802497
      0.56444314
      0.85938845
      1.15822726
      1.49549159
      1.90124637
      2.37375456
      2.85101378
     -3.01629607
     -2.66848948
     -2.36001988
     -2.05690147
     -1.72598743
     -1.33731714
     -0.88309239
     -0.40732303
      0.02395641
      0.38996315
      0.71157842
      1.02058388
      1.34885706
      1.72569693
      2.16416080
      2.63418662
      3.07488741
     -2.82739831
     -2.49357189
     -2.17796653
     -1.85003066
     -1.48131418
     -1.05585349
     -0.59338195
     -0.14767389
      0.24504373
      0.58988947
      0.91228414
      1.24131927
      1.60452648
      2.01945321
      2.47391168
      2.92154197
     -2.95978775
     -2.60519234
     -2.27612453
     -1.94510161
     -1.58554616
     -1.17909453
     -0.73241781
     -0.28493365
      0.12381781
      0.48691937
      0.82237029
      1.15591596
      1.51315242
      1.91279756
      2.35224181
      2.79824569
     -3.07111771
     -2.70067160
     -2.35922057
     -2.02284879
     -1.66696614
     -1.27278883
     -0.83990949
     -0.39632864
      0.00000000
