      0.00000000
      2.73664106
      2.29305863
      1.86017808
      1.46600075
      1.11011907
      0.77374871
      0.43229900
      0.06185355
     -0.35196891
     -0.79797443
     -1.23742012
     -1.63706544
     -1.99430094
     -2.32784514
     -2.66329461
     -3.02639531
      2.84803815
      2.40055230
      1.95387390
      1.54742190
      1.18786734
      0.85684596
      0.52777973
      0.17318538
     -0.22867038
     -0.67630234
     -1.13076276
     -1.54569011
     -1.90889651
     -2.23793007
     -2.56032302
     -2.90516747
      2.98530032
      2.53959066
      2.07711690
      1.65165526
      1.28293946
      0.95500519
      0.63940167
      0.30557678
     -0.07532236
     -0.51602456
     -0.98605288
     -1.42451812
     -1.80135751
     -2.12962909
     -2.43863259
     -2.76024609
     -3.12625199
      2.72565282
      2.24988076
      1.79565409
      1.40698397
      1.07607148
      0.77295513
      0.46448754
      0.11668223
     -0.29919377
     -0.77645573
     -1.24896650
     -1.65472159
     -1.99198450
     -2.29082117
     -2.58576425
     -2.91218070
      2.97802290
      2.50751892
      2.01597032
      1.58586385
      1.23619924
      0.93847713
      0.65638721
      0.35381452
     -0.00800487
     -0.45799106
     -0.96383479
     -1.42738952
     -1.79948139
     -2.10207896
     -2.37389010
     -2.65183705
     -2.97519142
      2.89753279
      2.39473923
      1.89037703
      1.47929273
      1.16037172
      0.89272137
      0.63714229
      0.35590020
      0.00429126
     -0.45838493
     -0.99389755
     -1.46843800
     -1.82643831
     -2.10334551
     -2.34412655
     -2.58621618
     -2.86913686
      3.03870461
      2.53311652
      1.98247773
      1.54010105
      1.22268558
      0.97829334
      0.76267708
      0.54082924
      0.27318839
     -0.09798454
     -0.62216051
     -1.19557320
     -1.63388502
     -1.93193389
     -2.15226997
     -2.33986875
     -2.52614331
     -2.74380087
     -3.04410386
      2.77692860
      2.16300521
      1.64213816
      1.30904399
      1.08986278
      0.92559565
      0.78400209
      0.64337498
      0.48060462
      0.25678417
     -0.10873415
     -0.71236196
     -1.34713580
     -1.73932271
     -1.96089819
     -2.10033350
     -2.19812416
     -2.27248947
     -2.33244994
     -2.38291873
     -2.42679590
     -2.46591154
     -2.50148808
     -2.53438422
     -2.56523218
     -2.59451913
     -2.62263769
     -2.64991694
     -2.67663768
     -2.70302786
     -2.72922554
     -2.75519411
     -2.78059810
     -2.80471957
     -2.82655663
     -2.84514768
     -2.85994549
     -2.87100617
     -2.87889313
     -2.88439278
     -2.88824622
     -2.89101779
     -2.89308548
     -2.89468580
     -2.89596390
     -2.89701037
     -2.89788396
     -2.89862448
     -2.89926001
     -2.89981107
     -2.90029303
     -2.90071765
     -2.90109413
     -2.90142976
     -2.90173038
     -2.90200075
     -2.90224478
     -2.90246571
     -2.90266626
     -2.90284871
     -2.90301502
     -2.90316683
     -2.90330559
     -2.90343253
     -2.90354873
     -2.90365513
     -2.90375255
     -2.90384174
     -2.90392332
     -2.90399789
     -2.90406595
     -2.90412797
     -2.90418435
     -2.90423547
     -2.90428167
     -2.90432326
     -2.90436052
     -2.90439368
     -2.90442297
     -2.90444858
     -2.90447068
     -2.90448946
     -2.90450515
     -2.90451809
     -2.90452861
     -2.90453691
     -2.90454275
     -2.90454501
     -2.90454153
     -2.90452941
     -2.90450637
     -2.90447297
     -2.90443520
     -2.90440568
     -2.90440141
     -2.90443605
     -2.90450721
     -2.90458209
     -2.90458846
     -2.90441933
     -2.90395699
     -2.90311429
     -2.90188015
     -2.90034793
     -2.89870697
     -2.89719388
     -2.89602235
     -2.89532319
     -2.89511930
     -2.89533932
     -2.89585582
     -2.89652779
     -2.89723304
     -2.89788515
     -2.89843662
     -2.89887316
     -2.89920383
     -2.89945086
     -2.89964110
     -2.89979991
     -2.89994768
     -2.90009845
     -2.90026014
     -2.90043558
     -2.90062410
     -2.90082291
     -2.90102847
     -2.90123727
     -2.90144641
     -2.90165380
     -2.90185820
     -2.90205908
     -2.90225641
     -2.90245057
     -2.90264209
     -2.90283164
     -2.90301987
     -2.90320745
     -2.90339503
     -2.90358326
     -2.90377281
     -2.90396434
     -2.90415849
     -2.90435583
     -2.90455670
     -2.90476110
     -2.90496849
     -2.90517763
     -2.90538643
     -2.90559199
     -2.90579081
     -2.90597932
     -2.90615477
     -2.90631645
     -2.90646723
     -2.90661499
     -2.90677380
     -2.90696404
     -2.90721108
     -2.90754175
     -2.90797828
     -2.90852976
     -2.90918186
     -2.90988712
     -2.91055908
     -2.91107558
     -2.91129560
     -2.91109171
     -2.91039256
     -2.90922102
     -2.90770793
     -2.90606697
     -2.90453475
     -2.90330062
     -2.90245791
     -2.90199557
     -2.90182644
     -2.90183281
     -2.90190769
     -2.90197886
     -2.90201350
     -2.90200922
     -2.90197971
     -2.90194193
     -2.90190853
     -2.90188549
     -2.90187338
     -2.90186989
     -2.90187215
     -2.90187799
     -2.90188630
     -2.90189682
     -2.90190975
     -2.90192545
     -2.90194422
     -2.90196632
     -2.90199193
     -2.90202122
     -2.90205439
     -2.90209164
     -2.90213323
     -2.90217943
     -2.90223055
     -2.90228694
     -2.90234895
     -2.90241701
     -2.90249158
     -2.90257317
     -2.90266235
     -2.90275978
     -2.90286618
     -2.90298237
     -2.90310931
     -2.90324807
     -2.90339989
     -2.90356619
     -2.90374864
     -2.90394919
     -2.90417013
     -2.90441416
     -2.90468453
     -2.90498515
     -2.90532077
     -2.90569725
     -2.90612188
     -2.90660383
     -2.90715489
     -2.90779043
     -2.90853094
     -2.90940453
     -2.91045100
     -2.91172910
     -2.91332942
     -2.91539711
     -2.91816869
     -2.92202213
     -2.92752177
     -2.93540873
     -2.94646942
     -2.96126723
     -2.97985827
     -3.00169534
     -3.02581681
     -3.05122079
     -3.07718937
     -3.10338705
     -3.12977722
      3.12668734
      3.09940809
      3.07128953
      3.04200258
      3.01115462
      2.97825848
      2.94268194
      2.90356630
      2.85968913
      2.80922035
      2.74925988
      2.67489457
      2.57710390
      2.43766860
      2.21609312
      1.82390621
      1.18913236
      0.58550456
      0.21998623
     -0.00383421
     -0.16660457
     -0.30723168
     -0.44882525
     -0.61309238
     -0.83227358
     -1.16536776
     -1.68623481
     -2.30015820
     -2.76231104
     -3.06261403
      3.00291372
      2.81663916
      2.62904037
      2.40870429
      2.11065542
      1.67234360
      1.09893091
      0.57475495
      0.20358201
     -0.06405884
     -0.28590667
     -0.50152294
     -0.74591517
     -1.06333065
     -1.50570733
     -2.05634611
     -2.56193421
     -2.93727804
      3.06298659
      2.82089695
      2.58011591
      2.30320871
      1.94520840
      1.47066795
      0.93515534
      0.47247914
      0.12087020
     -0.16037189
     -0.41595097
     -0.68360131
     -1.00252232
     -1.41360662
     -1.91796882
     -2.42076238
     -2.83122348
      3.12860745
      2.85066050
      2.57884936
      2.27625179
      1.90415992
      1.44060519
      0.93476146
      0.48477527
      0.12295589
     -0.17961681
     -0.46170673
     -0.75942883
     -1.10909344
     -1.53919992
     -2.03074851
     -2.50125250
     -2.89423420
      3.06253465
      2.76759157
      2.46875490
      2.13149199
      1.72573690
      1.25322613
      0.77596418
      0.36008818
      0.01228287
     -0.29618473
     -0.59930107
     -0.93021356
     -1.31888369
     -1.77311035
     -2.24888241
     -2.68016291
     -3.04616882
      2.91540299
      2.60639950
      2.27812792
      1.90128852
      1.46282328
      0.99279496
      0.55209277
      0.17119363
     -0.16263127
     -0.47823478
     -0.80616905
     -1.17488485
     -1.60034649
     -2.06282026
     -2.50852991
     -2.90124743
      3.03709342
      2.71470048
      2.38566692
      2.02246051
      1.60753316
      1.15307274
      0.70544078
      0.30358502
     -0.05100933
     -0.38007555
     -0.71109694
     -1.07065149
     -1.47710350
     -1.92378190
     -2.37126774
     -2.78001959
      3.14006501
      2.80461555
      2.47107135
      2.11383584
      1.71419052
      1.27474484
      0.82873931
      0.41491685
      0.04447140
     -0.29697830
     -0.63334867
     -0.98923034
     -1.38340767
     -1.81628823
     -2.25987066
      0.00000000
