      0.00000000
      0.58902457
      0.97964957
      1.37027457
      1.76089957
      2.15152457
      2.54214957
      2.93277457
     -2.95978574
     -2.56916074
     -2.17853574
     -1.78791074
     -1.39728574
     -1.00666074
     -0.61603574
     -0.22541074
      0.16521426
      0.55583926
      0.94646426
      1.33708926
      1.72771426
      2.11833926
      2.50896426
      2.89958926
     -2.99297104
     -2.60234604
     -2.21172104
     -1.82109604
     -1.43047104
     -1.03984604
     -0.64922104
     -0.25859604
      0.13202896
      0.52265396
      0.91327896
      1.30390396
      1.69452896
      2.08515396
      2.47577896
      2.86640396
     -3.02615635
     -2.63553135
     -2.24490635
     -1.85428135
     -1.46365635
     -1.07303135
     -0.68240635
     -0.29178135
      0.09884365
      0.48946865
      0.88009365
      1.27071865
      1.66134365
      2.05196865
      2.44259365
      2.83321865
     -3.05934166
     -2.66871666
     -2.27809166
     -1.88746666
     -1.49684166
     -1.10621666
     -0.71559166
     -0.32496666
      0.06565834
      0.45628334
      0.84690834
      1.23753334
      1.62815834
      2.01878334
      2.40940834
      2.80003334
     -3.09252697
     -2.70190197
     -2.31127697
     -1.92065197
     -1.53002697
     -1.13940197
     -0.74877697
     -0.35815197
      0.03247303
      0.42309803
      0.81372303
      1.20434803
      1.59497303
      1.98559803
      2.37622303
      2.76684803
     -3.12571227
     -2.73508727
     -2.34446227
     -1.95383727
     -1.56321227
     -1.17258727
     -0.78196227
     -0.39133727
     -0.00071227
      0.38991273
      0.78053773
      1.17116273
      1.56178773
      1.95241273
      2.34303772
      2.73366272
      3.12428772
     -2.76827259
     -2.37764759
     -1.98702259
     -1.59639759
     -1.20577259
     -0.81514758
     -0.42452258
     -0.03389757
      0.35672743
      0.74735245
      1.13797746
      1.52860248
      1.91922750
      2.30985253
      2.70047756
      3.09110259
     -2.80145768
     -2.41083265
     -2.02020762
     -1.62958260
     -1.23895759
     -0.84833260
     -0.45770762
     -0.06708268
      0.32354222
      0.71416707
      1.10479186
      1.49541658
      1.88604120
      2.27666572
      2.66729011
      3.05791435
     -2.83464690
     -2.44402303
     -2.05339940
     -1.66277603
     -1.27215296
     -0.88153022
     -0.49090785
     -0.10028590
      0.29033561
      0.68095665
      1.07157719
      1.46219649
      1.85280906
      2.24339685
      2.63395100
      3.02462733
     -2.86718212
     -2.47439180
     -2.08077334
     -1.68934573
     -1.30386231
     -0.92505691
     -0.54851786
     -0.16615379
      0.22922528
      0.63773275
      1.04903410
      1.44781844
      1.82506039
      2.18372672
      2.53628382
      2.89941989
     -2.99552403
     -2.57954870
     -2.15344435
     -1.74591558
     -1.37367525
     -1.03266740
     -0.70578577
     -0.37095454
     -0.00631184
      0.40045093
      0.83578198
      1.25971283
      1.63950682
      1.97276459
      2.27714350
      2.57666364
      2.89696702
     -3.02120120
     -2.60289810
     -2.16050569
     -1.74872056
     -1.39668688
     -1.09627664
     -0.82444714
     -0.55616490
     -0.26570832
      0.07312197
      0.47561854
      0.91741365
      1.33437046
      1.68407641
      1.97064879
      2.21716297
      2.44730825
      2.68321032
      2.94825018
     -3.01538010
     -2.62603995
     -2.19411803
     -1.79023503
     -1.45987611
     -1.19850120
     -0.98359735
     -0.79433047
     -0.61405704
     -0.42792933
     -0.21999196
      0.02879187
      0.33758589
      0.70813173
      1.09884672
      1.44589074
      1.72027721
      1.93022110
      2.09360230
      2.22508460
      2.33459821
      2.42859000
      2.51126950
      2.58544611
      2.65304346
      2.71540816
      2.77349404
      2.82797307
      2.87930525
      2.92778748
      2.97359317
      3.01680779
      3.05746164
      3.09555882
      3.13110064
     -3.11908257
     -3.08857973
     -3.06050605
     -3.03476158
     -3.01121937
     -2.98973019
     -2.97012802
     -2.95223569
     -2.93586990
     -2.92084550
     -2.90697883
     -2.89408999
     -2.88200421
     -2.87055227
     -2.85957032
     -2.84889897
     -2.83838208
     -2.82786519
     -2.81719383
     -2.80621188
     -2.79475994
     -2.78267416
     -2.76978532
     -2.75591865
     -2.74089426
     -2.72452846
     -2.70663613
     -2.68703397
     -2.66554478
     -2.64200257
     -2.61625811
     -2.58818443
     -2.55768158
     -2.52467948
     -2.48913766
     -2.45104049
     -2.41038663
     -2.36717202
     -2.32136633
     -2.27288409
     -2.22155191
     -2.16707288
     -2.10898701
     -2.04662231
     -1.97902495
     -1.90484835
     -1.82216885
     -1.72817705
     -1.61866344
     -1.48718115
     -1.32379994
     -1.11385606
     -0.83946958
     -0.49242557
     -0.10171058
      0.26883526
      0.57762929
      0.82641311
      1.03435048
      1.22047819
      1.40075162
      1.59001851
      1.80492236
      2.06629726
      2.39665619
      2.80053918
     -3.05072420
     -2.66138406
     -2.34182903
     -2.07678917
     -1.84088709
     -1.61074181
     -1.36422764
     -1.07765526
     -0.72794930
     -0.31099250
      0.13080261
      0.53329919
      0.87212947
      1.16258606
      1.43086829
      1.70269780
      2.00310804
      2.35514171
      2.76692684
     -3.07386605
     -2.65556296
     -2.29054587
     -1.97024249
     -1.67072235
     -1.36634344
     -1.03308566
     -0.65329168
     -0.22936082
      0.20597023
      0.61273299
      0.97737570
      1.31220692
      1.63908855
      1.98009641
      2.35233674
      2.75986551
     -3.09721546
     -2.68124012
     -2.29299874
     -1.92986267
     -1.57730556
     -1.21863923
     -0.84139728
     -0.44261294
     -0.03131160
      0.37719588
      0.77257494
      1.15493901
      1.53147806
      1.91028347
      2.29576689
      2.68719449
      3.08081295
     -2.80958203
     -2.41820618
     -2.02752984
     -1.63697570
     -1.24638791
     -0.85577533
     -0.46515604
     -0.07453550
      0.31608554
      0.70670705
      1.09732901
      1.48795137
      1.87857411
      2.26919719
      2.65982056
      3.05044419
     -2.84211726
     -2.45149319
     -2.06086895
     -1.67024456
     -1.27962005
     -0.88899542
     -0.49837071
     -0.10774592
      0.28287894
      0.67350384
      1.06412878
      1.45475375
      1.84537874
      2.23600375
      2.62662878
      3.01725381
     -2.87530647
     -2.48468144
     -2.09405640
     -1.70343137
     -1.31280635
     -0.92218132
     -0.53155631
     -0.14093129
      0.24969372
      0.64031873
      1.03094373
      1.42156874
      1.81219374
      2.20281874
      2.59344374
      2.98406874
     -2.90849157
     -2.51786657
     -2.12724157
     -1.73661657
     -1.34599157
     -0.95536657
     -0.56474157
     -0.17411657
      0.21650843
      0.60713343
      0.99775843
      1.38838343
      1.77900843
      2.16963343
      2.56025843
      2.95088343
     -2.94167688
     -2.55105188
     -2.16042688
     -1.76980188
     -1.37917688
     -0.98855188
     -0.59792688
     -0.20730188
      0.18332312
      0.57394812
      0.96457312
      1.35519812
      1.74582312
      2.13644812
      2.52707312
      2.91769812
     -2.97486219
     -2.58423719
     -2.19361219
     -1.80298719
     -1.41236219
     -1.02173719
     -0.63111219
     -0.24048719
      0.15013781
      0.54076281
      0.93138781
      1.32201281
      1.71263781
      2.10326281
      2.49388781
      2.88451281
     -3.00804749
     -2.61742249
     -2.22679749
     -1.83617249
     -1.44554749
     -1.05492249
     -0.66429749
     -0.27367249
      0.11695251
      0.50757751
      0.89820251
      1.28882751
      1.67945251
      2.07007751
      2.46070251
      2.85132751
     -3.04123280
     -2.65060780
     -2.25998280
     -1.86935780
     -1.47873280
     -1.08810780
     -0.69748280
     -0.30685780
      0.08376720
      0.47439220
      0.86501720
      1.25564220
      1.64626720
      2.03689220
      2.42751720
      2.81814220
     -3.07441811
     -2.68379311
     -2.29316811
     -1.90254311
     -1.51191811
     -1.12129311
     -0.73066811
     -0.34004311
      0.05058189
      0.44120689
      0.83183189
      1.22245689
      1.61308189
      2.00370689
      2.39433189
      2.78495689
     -3.10760342
     -2.71697842
     -2.32635342
     -1.93572842
     -1.54510342
     -1.15447842
     -0.76385342
     -0.37322842
      0.01739658
      0.00000000
