      0.00000000
     -1.61837488
     -2.00899988
     -2.39962488
     -2.79024988
      3.10231043
      2.71168543
      2.32106043
      1.93043543
      1.53981043
      1.14918543
      0.75856043
      0.36793543
     -0.02268957
     -0.41331457
     -0.80393957
     -1.19456457
     -1.58518957
     -1.97581457
     -2.36643957
     -2.75706457
      3.13549574
      2.74487074
      2.35424574
      1.96362074
      1.57299574
      1.18237074
      0.79174574
      0.40112074
      0.01049574
     -0.38012926
     -0.77075426
     -1.16137926
     -1.55200426
     -1.94262926
     -2.33325426
     -2.72387926
     -3.11450426
      2.77805605
      2.38743105
      1.99680605
      1.60618105
      1.21555605
      0.82493105
      0.43430605
      0.04368105
     -0.34694395
     -0.73756895
     -1.12819395
     -1.51881895
     -1.90944395
     -2.30006895
     -2.69069395
     -3.08131895
      2.81124135
      2.42061635
      2.02999135
      1.63936635
      1.24874135
      0.85811635
      0.46749135
      0.07686635
     -0.31375865
     -0.70438365
     -1.09500865
     -1.48563365
     -1.87625865
     -2.26688365
     -2.65750865
     -3.04813365
      2.84442666
      2.45380166
      2.06317666
      1.67255166
      1.28192666
      0.89130166
      0.50067666
      0.11005166
     -0.28057334
     -0.67119834
     -1.06182334
     -1.45244834
     -1.84307334
     -2.23369834
     -2.62432334
     -3.01494834
      2.87761197
      2.48698697
      2.09636197
      1.70573697
      1.31511197
      0.92448697
      0.53386197
      0.14323697
     -0.24738803
     -0.63801303
     -1.02863803
     -1.41926303
     -1.80988803
     -2.20051303
     -2.59113803
     -2.98176303
      2.91079728
      2.52017228
      2.12954729
      1.73892229
      1.34829729
      0.95767230
      0.56704730
      0.17642230
     -0.21420270
     -0.60482770
     -0.99545271
     -1.38607772
     -1.77670275
     -2.16732778
     -2.55795283
     -2.94857789
      2.94398235
      2.55335726
      2.16273217
      1.77210707
      1.38148197
      0.99085688
      0.60023182
      0.20960679
     -0.18101820
     -0.57164312
     -0.96226796
     -1.35289270
     -1.74351732
     -2.13414181
     -2.52476615
     -2.91539031
      2.97717103
      2.58654728
      2.19592377
      1.80530053
      1.41467758
      1.02405495
      0.63343268
      0.24281080
     -0.14781064
     -0.53843159
     -0.92905202
     -1.31967187
     -1.71029119
     -2.10090997
     -2.49152521
     -2.88211434
      3.01058293
      2.62023267
      2.22937251
      1.83559049
      1.43588644
      1.03282401
      0.63893456
      0.26815868
     -0.07825190
     -0.41589488
     -0.77351744
     -1.18538852
     -1.66430416
     -2.15730367
     -2.58377293
     -2.92445387
      3.07482872
      2.80871146
      2.51616174
      2.13585906
      1.60397512
      0.99880244
      0.52416018
      0.20223855
     -0.03555981
     -0.24254483
     -0.46185372
     -0.75350942
     -1.23370593
     -1.96237770
     -2.56845699
     -2.91358540
     -3.12900309
      2.99002045
      2.83616139
      2.65456266
      2.37015230
      1.77638930
      0.85919710
      0.32999795
      0.08183076
     -0.06777382
     -0.18139168
     -0.28750255
     -0.41193544
     -0.60894600
     -1.08956977
     -2.25820006
     -2.89427098
     -3.11820195
      3.04881451
      2.97034417
      2.90636047
      2.84413589
      2.76913420
      2.64451226
      2.26602142
      0.59722817
      0.03266543
     -0.10820167
     -0.17431411
     -0.21459899
     -0.24243519
     -0.26278974
     -0.27762746
     -0.28719073
     -0.28936647
     -0.27312970
     -0.08463938
      2.67069598
      2.73517825
      2.74983928
      2.75698187
      2.76312481
      2.77042898
      2.77995858
      2.79237920
      2.80814644
      2.82754600
      2.85068269
      2.87745655
      2.90754809
      2.94042563
      2.97538111
      3.01159213
      3.04820048
      3.08439190
      3.11946213
     -3.13032636
     -3.09898793
     -3.06993326
     -3.04325116
     -3.01892389
     -2.99685754
     -2.97690871
     -2.95890553
     -2.94266290
     -2.92799254
     -2.91470917
     -2.90263369
     -2.89159454
     -2.88142780
     -2.87197664
     -2.86309038
     -2.85462336
     -2.84643369
     -2.83838208
     -2.83033046
     -2.82214080
     -2.81367377
     -2.80478751
     -2.79533635
     -2.78516961
     -2.77413046
     -2.76205498
     -2.74877161
     -2.73410126
     -2.71785862
     -2.69985544
     -2.67990661
     -2.65784026
     -2.63351299
     -2.60683090
     -2.57777623
     -2.54643779
     -2.51304098
     -2.47797075
     -2.44177933
     -2.40517098
     -2.36895995
     -2.33400448
     -2.30112694
     -2.27103540
     -2.24426153
     -2.22112485
     -2.20172528
     -2.18595805
     -2.17353742
     -2.16400782
     -2.15670366
     -2.15056071
     -2.14341813
     -2.12875709
     -2.06427483
      0.69106053
      0.87955085
      0.89578763
      0.89361189
      0.88404862
      0.86921090
      0.84885634
      0.82102014
      0.78073526
      0.71462283
      0.57375572
      0.00919298
     -1.65960027
     -2.03809111
     -2.16271305
     -2.23771474
     -2.29993932
     -2.36392301
     -2.44239335
     -2.55856221
     -2.78249318
      2.86462121
      1.69599092
      1.21536716
      1.01835659
      0.89392371
      0.78781283
      0.67419497
      0.52459039
      0.27642320
     -0.25277594
     -1.16996815
     -1.76373114
     -2.04814151
     -2.22974023
     -2.38359929
     -2.54776106
     -2.76317875
     -3.10830716
      2.56879885
      1.84012709
      1.35993057
      1.06827488
      0.84896598
      0.64198097
      0.40418261
      0.08226098
     -0.39238128
     -0.99755396
     -1.52943791
     -1.90974058
     -2.20229030
     -2.46840757
     -2.75231028
     -3.09299122
      2.76372482
      2.27072531
      1.79180968
      1.37993859
      1.02231603
      0.68467305
      0.33826247
     -0.03251341
     -0.42640286
     -0.82946529
     -1.22916934
     -1.62295136
     -2.01381152
     -2.40416177
     -2.79464982
      3.09794637
      2.70733113
      2.31671235
      1.92609303
      1.53547317
      1.14485275
      0.75423179
      0.36361035
     -0.02701152
     -0.41763379
     -0.80825642
     -1.19887938
     -1.58950262
     -1.98012613
     -2.37074988
     -2.76137385
      3.13118730
      2.74056297
      2.34993848
      1.95931385
      1.56868911
      1.17806427
      0.78743935
      0.39681437
      0.00618934
     -0.38443573
     -0.77506082
     -1.16568592
     -1.55631102
     -1.94693611
     -2.33756119
     -2.72818627
     -3.11881133
      2.77374894
      2.38312390
      1.99249888
      1.60187386
      1.21124886
      0.82062385
      0.42999885
      0.03937385
     -0.35125114
     -0.74187614
     -1.13250114
     -1.52312613
     -1.91375113
     -2.30437613
     -2.69500113
     -3.08562613
      2.80693418
      2.41630918
      2.02568418
      1.63505918
      1.24443418
      0.85380918
      0.46318418
      0.07255919
     -0.31806581
     -0.70869081
     -1.09931581
     -1.48994081
     -1.88056581
     -2.27119081
     -2.66181581
     -3.05244081
      2.84011949
      2.44949449
      2.05886949
      1.66824449
      1.27761949
      0.88699449
      0.49636949
      0.10574449
     -0.28488051
     -0.67550551
     -1.06613051
     -1.45675551
     -1.84738051
     -2.23800551
     -2.62863051
     -3.01925551
      2.87330480
      2.48267980
      2.09205480
      1.70142980
      1.31080480
      0.92017980
      0.52955480
      0.13892980
     -0.25169520
     -0.64232020
     -1.03294520
     -1.42357020
     -1.81419520
     -2.20482020
     -2.59544520
     -2.98607020
      2.90649011
      2.51586511
      2.12524011
      1.73461511
      1.34399011
      0.95336511
      0.56274011
      0.17211511
     -0.21850989
     -0.60913489
     -0.99975989
     -1.39038489
     -1.78100989
     -2.17163489
     -2.56225989
     -2.95288489
      2.93967541
      2.54905041
      2.15842541
      1.76780041
      1.37717541
      0.98655041
      0.59592541
      0.20530041
     -0.18532459
     -0.57594959
     -0.96657459
     -1.35719959
     -1.74782459
     -2.13844959
     -2.52907459
     -2.91969959
      2.97286072
      2.58223572
      2.19161072
      1.80098572
      1.41036072
      1.01973572
      0.62911072
      0.23848572
     -0.15213928
     -0.54276428
     -0.93338928
     -1.32401428
     -1.71463928
     -2.10526428
     -2.49588928
     -2.88651428
      3.00604603
      2.61542103
      2.22479603
      0.00000000
