      0.00000000
      0.00098912
      0.00196502
      0.00232351
      0.00240164
      0.00235197
      0.00222384
      0.00211330
      0.00214696
      0.00228866
      0.00240867
      0.00246088
      0.00245212
      0.00237884
      0.00224415
      0.00213301
      0.00216838
      0.00231064
      0.00242989
      0.00248120
      0.00247173
      0.00239769
      0.00226239
      0.00215177
      0.00218857
      0.00233135
      0.00245009
      0.00250078
      0.00249084
      0.00241631
      0.00228054
      0.00217009
      0.00220770
      0.00235084
      0.00246931
      0.00251962
      0.00250943
      0.00243468
      0.00229858
      0.00218794
      0.00222578
      0.00236914
      0.00248755
      0.00253773
      0.00252750
      0.00245277
      0.00231649
      0.00220533
      0.00224282
      0.00238628
      0.00250485
      0.00255512
      0.00254505
      0.00247056
      0.00233423
      0.00222224
      0.00225884
      0.00240227
      0.00252121
      0.00257177
      0.00256205
      0.00248804
      0.00235179
      0.00223868
      0.00227387
      0.00241715
      0.00253664
      0.00258771
      0.00257851
      0.00250518
      0.00236914
      0.00225465
      0.00228794
      0.00243094
      0.00255115
      0.00260292
      0.00259440
      0.00252195
      0.00238627
      0.00227016
      0.00230106
      0.00244364
      0.00256475
      0.00261739
      0.00260972
      0.00253834
      0.00240314
      0.00228521
      0.00231327
      0.00245528
      0.00257744
      0.00263114
      0.00262444
      0.00255431
      0.00241975
      0.00229983
      0.00232460
      0.00246588
      0.00258923
      0.00264414
      0.00263856
      0.00256984
      0.00243606
      0.00231402
      0.00233509
      0.00247545
      0.00260011
      0.00265641
      0.00265207
      0.00258490
      0.00245205
      0.00232780
      0.00234476
      0.00248402
      0.00261009
      0.00266792
      0.00266494
      0.00259946
      0.00246770
      0.00234118
      0.00235366
      0.00249160
      0.00261918
      0.00267868
      0.00267717
      0.00261351
      0.00248299
      0.00235417
      0.00236183
      0.00249820
      0.00262737
      0.00268868
      0.00268874
      0.00262701
      0.00249790
      0.00236678
      0.00236929
      0.00250386
      0.00263466
      0.00269792
      0.00269963
      0.00263994
      0.00251238
      0.00237903
      0.00237610
      0.00250859
      0.00264105
      0.00270638
      0.00270985
      0.00265228
      0.00252643
      0.00239092
      0.00238227
      0.00251241
      0.00264656
      0.00271407
      0.00271936
      0.00266400
      0.00254001
      0.00240244
      0.00238786
      0.00251535
      0.00265117
      0.00272098
      0.00272818
      0.00267508
      0.00255310
      0.00241361
      0.00239289
      0.00251743
      0.00265490
      0.00272710
      0.00273627
      0.00268551
      0.00256567
      0.00242442
      0.00239741
      0.00251867
      0.00265774
      0.00273244
      0.00274365
      0.00269526
      0.00257768
      0.00243487
      0.00240144
      0.00251911
      0.00265971
      0.00273698
      0.00275029
      0.00270431
      0.00258912
      0.00244494
      0.00240502
      0.00251876
      0.00266081
      0.00274073
      0.00275619
      0.00271265
      0.00259996
      0.00245462
      0.00240817
      0.00251767
      0.00266104
      0.00274368
      0.00276135
      0.00272027
      0.00261016
      0.00246389
      0.00241092
      0.00251585
      0.00266042
      0.00274583
      0.00276576
      0.00272714
      0.00261970
      0.00247275
      0.00241329
      0.00251335
      0.00265896
      0.00274718
      0.00276942
      0.00273326
      0.00262856
      0.00248116
      0.00241530
      0.00251019
      0.00265666
      0.00274774
      0.00277231
      0.00273862
      0.00263671
      0.00248910
      0.00241697
      0.00250641
      0.00265356
      0.00274750
      0.00277445
      0.00274321
      0.00264413
      0.00249654
      0.00241829
      0.00250203
      0.00264966
      0.00274647
      0.00277583
      0.00274702
      0.00265080
      0.00250346
      0.00241929
      0.00249709
      0.00264497
      0.00274465
      0.00277644
      0.00275004
      0.00265669
      0.00250983
      0.00241995
      0.00249162
      0.00263953
      0.00274205
      0.00277630
      0.00275228
      0.00266180
      0.00251561
      0.00242027
      0.00248565
      0.00263335
      0.00273867
      0.00277539
      0.00275372
      0.00266609
      0.00252077
      0.00242025
      0.00247920
      0.00262645
      0.00273453
      0.00277373
      0.00275436
      0.00266956
      0.00252529
      0.00241987
      0.00247230
      0.00261886
      0.00272963
      0.00277131
      0.00275421
      0.00267220
      0.00252913
      0.00241912
      0.00246498
      0.00261060
      0.00272398
      0.00276814
      0.00275326
      0.00267398
      0.00253225
      0.00241798
      0.00245724
      0.00260170
      0.00271760
      0.00276422
      0.00275152
      0.00267491
      0.00253464
      0.00241641
      0.00244911
      0.00259218
      0.00271050
      0.00275956
      0.00274899
      0.00267498
      0.00253626
      0.00241440
      0.00244059
      0.00258207
      0.00270270
      0.00275417
      0.00274566
      0.00267418
      0.00253709
      0.00241191
      0.00243171
      0.00257140
      0.00269421
      0.00274805
      0.00274154
      0.00267250
      0.00253709
      0.00240892
      0.00242246
      0.00256019
      0.00268506
      0.00274121
      0.00273664
      0.00266994
      0.00253625
      0.00240538
      0.00241285
      0.00254848
      0.00267525
      0.00273366
      0.00273097
      0.00266650
      0.00253454
      0.00240128
      0.00240288
      0.00253628
      0.00266481
      0.00272542
      0.00272451
      0.00266217
      0.00253195
      0.00239656
      0.00239254
      0.00252361
      0.00265377
      0.00271648
      0.00271729
      0.00265696
      0.00252844
      0.00239120
      0.00238183
      0.00251052
      0.00264213
      0.00270686
      0.00270931
      0.00265087
      0.00252400
      0.00238515
      0.00237074
      0.00249701
      0.00262994
      0.00269658
      0.00270056
      0.00264389
      0.00251861
      0.00237839
      0.00235926
      0.00248311
      0.00261720
      0.00268564
      0.00269107
      0.00263602
      0.00251226
      0.00237088
      0.00234737
      0.00246885
      0.00260394
      0.00267406
      0.00268083
      0.00262727
      0.00250493
      0.00236258
      0.00233506
      0.00245424
      0.00259020
      0.00266185
      0.00266984
      0.00261763
      0.00249660
      0.00235346
      0.00232233
      0.00243931
      0.00257598
      0.00264903
      0.00265813
      0.00260710
      0.00248727
      0.00234350
      0.00230915
      0.00242407
      0.00256133
      0.00263561
      0.00264568
      0.00259568
      0.00247690
      0.00233264
      0.00229550
      0.00240855
      0.00254625
      0.00262160
      0.00263250
      0.00258337
      0.00246549
      0.00232088
      0.00228138
      0.00239276
      0.00253078
      0.00260701
      0.00261861
      0.00257017
      0.00245303
      0.00230817
      0.00226678
      0.00237672
      0.00251493
      0.00259187
      0.00260400
      0.00255607
      0.00243949
      0.00229450
      0.00225168
      0.00236045
      0.00249874
      0.00257617
      0.00258867
      0.00254106
      0.00242486
      0.00227984
      0.00223608
      0.00234397
      0.00248222
      0.00255993
      0.00257262
      0.00252514
      0.00240912
      0.00226416
      0.00221997
      0.00232730
      0.00246539
      0.00254317
      0.00255587
      0.00250830
      0.00239225
      0.00224746
      0.00220336
      0.00231046
      0.00244827
      0.00252588
      0.00253839
      0.00249051
      0.00237423
      0.00222971
      0.00218626
      0.00229348
      0.00243089
      0.00250808
      0.00252019
      0.00247178
      0.00235504
      0.00221091
      0.00216868
      0.00227637
      0.00241324
      0.00248977
      0.00250126
      0.00245207
      0.00233465
      0.00219104
      0.00215064
      0.00225916
      0.00239536
      0.00247095
      0.00248159
      0.00243136
      0.00231302
      0.00217010
      0.00213217
      0.00224188
      0.00237724
      0.00245162
      0.00246117
      0.00240962
      0.00229011
      0.00214795
      0.00211276
      0.00222252
      0.00235112
      0.00240144
      0.00232371
      0.00196543
      0.00098947
      0.00000000
