      0.00000000
     -0.46123382
     -0.78230579
     -1.06554450
     -1.34204075
     -1.65673467
     -2.05531552
     -2.55402539
     -3.08774691
      2.73207567
      2.36969756
      2.07448023
      1.79543859
      1.47985899
      1.08017682
      0.58059794
      0.04736221
     -0.41457579
     -0.77570105
     -1.07021598
     -1.34913510
     -1.66513295
     -2.06561133
     -2.56578370
     -3.09864319
      2.72361295
      2.36337151
      2.06937741
      1.79060787
      1.47442277
      1.07353299
      0.57308048
      0.04049724
     -0.41981992
     -0.77952584
     -1.07316805
     -1.35175857
     -1.66790810
     -2.06884244
     -2.56928157
     -3.10168986
      2.72141214
      2.36191239
      2.06846333
      1.79008132
      1.47418017
      1.07354986
      0.57340132
      0.04107021
     -0.41913837
     -0.77874452
     -1.07215133
     -1.35029728
     -1.66574878
     -2.06574487
     -2.56533887
     -3.09768298
      2.72482857
      2.36481836
      2.07130876
      1.79342276
      1.47860945
      1.07955929
      0.58077313
      0.04833677
     -0.41312271
     -0.77382133
     -1.06757459
     -1.34518178
     -1.65918207
     -2.05699311
     -2.55472672
     -3.08732089
      2.73331815
      2.37165873
      2.07752375
      1.80020809
      1.48718120
      1.09088395
      0.59444062
      0.06163895
     -0.40227553
     -0.76515723
     -1.05981032
     -1.33682873
     -1.64873688
     -2.04326418
     -2.53818533
     -3.07122653
      2.74641445
      2.38205901
      2.08675221
      1.81002908
      1.49936964
      1.10684995
      0.61367775
      0.08038393
     -0.38703181
     -0.75310308
     -1.04919911
     -1.32563701
     -1.63493337
     -2.02522631
     -2.51642756
     -3.04996726
      2.76370963
      2.39568937
      2.09866826
      1.82249709
      1.51466252
      1.12679700
      0.63778392
      0.10402545
     -0.36777625
     -0.73797002
     -1.03605277
     -1.31198421
     -1.61827389
     -2.00352978
     -2.49014257
     -3.02407219
      2.78483853
      2.41225525
      2.11297350
      1.83724626
      1.53256914
      1.15008669
      0.66608065
      0.13204785
     -0.34485784
     -0.72003804
     -1.02065703
     -1.29622394
     -1.59923601
     -1.97879952
     -2.45999878
     -2.99404696
      2.80946513
      2.43148932
      2.12939413
      1.85393555
      1.55262627
      1.17610899
      0.69790914
      0.16395239
     -0.31860262
     -0.69956370
     -1.00327452
     -1.27868453
     -1.57826766
     -1.95162943
     -2.42664565
     -2.96038631
      2.83727043
      2.45314388
      2.14767783
      1.87224929
      1.57440190
      1.20428707
      0.73262913
      0.19924566
     -0.28932542
     -0.67678773
     -0.98414830
     -1.25966925
     -1.55578456
     -1.92257855
     -2.39071431
     -2.92358474
      2.86794099
      2.47698322
      2.16758963
      1.89189618
      1.59749673
      1.23408024
      0.76961865
      0.23742994
     -0.25734103
     -0.65194278
     -0.96350644
     -1.23945802
     -1.53216972
     -1.89216887
     -2.35281736
     -2.88414507
      2.90115804
      2.50277573
      2.18890707
      1.91260691
      1.62154375
      1.26498538
      0.80827480
      0.27799568
     -0.22297478
     -0.62526151
     -0.94156721
     -1.21831045
     -1.50777461
     -1.86088464
     -2.31354759
     -2.84258477
      2.93658721
      2.53028570
      2.21141464
      1.93413062
      1.64620643
      1.29653701
      0.84801547
      0.32041673
     -0.18657227
     -0.59698463
     -0.91854479
     -1.19646963
     -1.48292147
     -1.82917263
     -2.27347565
     -2.79943901
      2.97386974
      2.55926554
      2.23489805
      1.95623094
      1.67117616
      1.32830697
      0.88828241
      0.36414911
     -0.14850708
     -0.56736833
     -0.89465494
     -1.17416622
     -1.45790597
     -1.79744259
     -2.23314632
     -2.75525983
      3.01261601
      2.58944891
      2.25913885
      1.97868199
      1.69616952
      1.35990377
      0.92854550
      0.40863395
     -0.10918564
     -0.53669040
     -0.87011990
     -1.15162221
     -1.43299991
     -1.76606783
     -2.19307376
     -2.71061122
      3.05240241
      2.62054555
      2.28390997
      2.00126484
      1.72092570
      1.39097212
      0.96830784
      0.45330432
     -0.06904865
     -0.50525442
     -0.84517246
     -1.12905427
     -1.40845377
     -1.73538591
     -2.15373645
     -2.66606062
      3.09277170
      2.65223793
      2.30897218
      2.02376434
      1.74520389
      1.42119186
      1.00711040
      0.49759476
     -0.02856902
     -0.47339219
     -0.82005896
     -1.10667674
     -1.38449940
     -1.70570004
     -2.11557320
     -2.62216894
      3.13323639
      2.68417978
      2.33407143
      2.04596621
      1.76878037
      1.45027599
      1.04453496
      0.54095136
      0.01175247
     -0.44146464
     -0.79504173
     -1.08470460
     -1.36135333
     -1.67728195
     -2.07898165
     -2.57948104
     -3.10990152
      2.71599546
      2.35893651
      2.06765393
      1.79144478
      1.47796694
      1.08020402
      0.58283996
      0.05139256
     -0.40986210
     -0.77040142
     -1.06335679
     -1.33922090
     -1.65037645
     -2.04432005
     -2.53851914
     -3.07080400
      2.74727986
      2.38327676
      2.08860525
      1.81299549
      1.50403104
      1.11377727
      0.62275096
      0.08981043
     -0.37900457
     -0.74643936
     -1.04285987
     -1.31830140
     -1.62520782
     -2.01191248
     -2.49978009
     -3.03320450
      2.77759803
      2.40677950
      2.10858827
      1.83323416
      1.52825151
      1.14494486
      0.66019995
      0.12645138
     -0.34934204
     -0.72348019
     -1.02345208
     -1.29879366
     -1.60198733
     -1.98205675
     -2.46373667
     -2.99766366
      2.80648486
      2.42910757
      2.12735746
      1.85196004
      1.55042060
      1.17341863
      0.69472457
      0.16074922
     -0.32135475
     -0.70187413
     -1.00538711
     -1.28090173
     -1.58092118
     -1.95503390
     -2.43084229
     -2.96475299
      2.83344507
      2.44989734
      2.14465019
      1.86896448
      1.57033168
      1.19892212
      0.72587857
      0.19212732
     -0.29555278
     -0.68199836
     -0.98893718
     -1.26484003
     -1.56221831
     -1.93111834
     -2.40153805
     -2.93505415
      2.85795416
      2.46875802
      2.16018417
      1.88402622
      1.58777174
      1.22118039
      0.75322381
      0.21999890
     -0.27247449
     -0.66425709
     -0.97439495
     -1.25083763
     -1.54609755
     -1.91058811
     -2.37626150
     -2.90915917
      2.87946068
      2.48527250
      2.17365621
      1.89690755
      1.60251443
      1.23990977
      0.77632083
      0.24376645
     -0.25268347
     -0.64907964
     -0.96207408
     -1.23914160
     -1.53279435
     -1.89373510
     -2.35545674
     -2.88767149
      2.89739001
      2.49900012
      2.18474246
      1.90735142
      1.61431364
      1.25480747
      0.79471796
      0.26282006
     -0.23676410
     -0.63691684
     -0.95230826
     -1.23001954
     -1.52256717
     -1.88087578
     -2.33958608
     -2.87120814
      2.91114944
      2.50948129
      2.19309986
      1.91507915
      1.62289684
      1.26554045
      0.80793894
      0.27653473
     -0.22531587
     -0.62823548
     -0.94544923
     -1.22376169
     -1.51570431
     -1.87236286
     -2.32914333
     -2.86040309
      2.92013443
      2.51624378
      2.19836880
      1.91978839
      1.62795803
      1.27173294
      0.81546855
      0.28426643
     -0.21894648
     -0.62351128
     -0.94186368
     -1.22068311
     -1.51253164
     -1.86859881
     -2.32466921
     -2.85591153
      2.92373609
      2.51881049
      2.20017634
      1.92115072
      1.62914912
      1.27295179
      0.81673622
      0.28534770
     -0.21826380
     -0.62322046
     -0.94192991
     -1.22112642
     -1.51342216
     -1.87005191
     -2.32676879
     -2.85841422
      2.92135007
      2.51670843
      2.19813965
      1.91880826
      1.62606912
      1.26868862
      0.81109747
      0.27908376
     -0.22386597
     -0.62783031
     -0.94603452
     -1.22546611
     -1.51880842
     -1.87727618
     -2.33613108
     -2.86862033
      2.91238748
      2.50947858
      2.19186896
      1.91236818
      1.61824976
      1.25833762
      0.79781346
      0.26475117
     -0.23632913
     -0.63778903
     -0.95457011
     -1.23411542
     -1.52919889
     -1.89093508
     -2.35355000
     -2.88728302
      2.89621037
      2.49650863
      2.18101496
      1.90406503
      1.62063498
      1.29953314
      0.00000000
