      0.00000000
      1.29824704
      1.61931901
      1.90255772
      2.17905397
      2.49374788
      2.89232873
     -2.89214671
     -2.35842520
     -1.89506247
     -1.53268437
     -1.23746704
     -0.95842541
     -0.64284582
     -0.24316365
      0.25641522
      0.78965094
      1.25158893
      1.61271418
      1.90722910
      2.18614821
      2.50214605
      2.90262442
     -2.88038853
     -2.34752907
     -1.88659991
     -1.52635849
     -1.23236440
     -0.95359487
     -0.63740979
     -0.23652003
      0.26393246
      0.79651568
      1.25683282
      1.61653872
      1.91018092
      2.18877141
      2.50492092
      2.90585524
     -2.87689096
     -2.34448270
     -1.88439942
     -1.52489969
     -1.23145065
     -0.95306867
     -0.63716754
     -0.23653726
      0.26361125
      0.79594233
      1.25615088
      1.61575700
      1.90916378
      2.18730970
      2.50276118
      2.90275723
     -2.88083411
     -2.34849004
     -1.88781632
     -1.52780614
     -1.23429657
     -0.95641060
     -0.64159733
     -0.24254720
      0.25623892
      0.78867523
      1.25013468
      1.61083327
      1.90458649
      2.18219364
      2.49619389
      2.89400489
     -2.89144685
     -2.35885272
     -1.89630650
     -1.53464712
     -1.24051219
     -0.96319657
     -0.65016972
     -0.25387251
      0.24257076
      0.77537238
      1.23928682
      1.60216847
      1.89682151
      2.17383988
      2.48574799
      2.88027524
     -2.90798897
     -2.37494783
     -1.90940356
     -1.54504817
     -1.24974141
     -0.97301834
     -0.66235894
     -0.26983930
      0.22333284
      0.75662660
      1.22404228
      1.59011350
      1.88620947
      2.16264733
      2.47194363
      2.86223652
     -2.92974760
     -2.39620797
     -1.92669962
     -1.55867941
     -1.26165836
     -0.98548724
     -0.67765273
     -0.28978727
      0.19922574
      0.73298414
      1.20478578
      1.57497949
      1.87306218
      2.14899356
      2.45528318
      2.84053901
     -2.95603358
     -2.42210403
     -1.94782951
     -1.57524630
     -1.27596460
     -1.00023744
     -0.69556037
     -0.31307799
      0.17092798
      0.70496069
      1.18186631
      1.55704645
      1.85766538
      2.13323222
      2.43624422
      2.81580766
     -2.98617846
     -2.45213037
     -1.97245722
     -1.59448148
     -1.29238636
     -1.01692785
     -0.71561864
     -0.33910143
      0.13909834
      0.67305500
      1.15560993
      1.53657094
      1.84028169
      2.11569163
      2.41527468
      2.78863639
     -3.01953279
     -2.48579221
     -2.00026373
     -1.61613725
     -1.31067128
     -1.03524281
     -0.73739550
     -0.36728074
      0.10437711
      0.63776049
      1.12633148
      1.51379371
      1.82115421
      2.09667508
      2.39279031
      2.75958423
     -3.05546541
     -2.52259508
     -2.03093559
     -1.63997790
     -1.33058439
     -1.05489102
     -0.76049165
     -0.39707524
      0.06738626
      0.59957488
      1.09434575
      1.48894742
      1.80051100
      2.07646250
      2.36917412
      2.72917318
     -3.09336373
     -2.56203612
     -2.06415401
     -1.66577179
     -1.35190321
     -1.07560313
     -0.78454006
     -0.42798177
      0.02872872
      0.55900774
      1.05997810
      1.46226474
      1.77857035
      2.05531350
      2.34477759
      2.69788753
     -3.13263492
     -2.60359785
     -2.09958462
     -1.69328320
     -1.37441223
     -1.09712829
     -0.80920419
     -0.45953486
     -0.01101341
      0.51658523
      1.02357413
      1.43398639
      1.75554647
      2.03347122
      2.31992297
      2.66617404
      3.11047697
     -2.64674509
     -2.13686863
     -1.72226453
     -1.39789712
     -1.11923010
     -0.83417541
     -0.49130631
     -0.05128185
      0.47285134
      0.98550743
      1.40436859
      1.73165510
      2.01116630
      2.29490595
      2.63444248
      3.07014612
     -2.69092579
     -2.17561643
     -1.75244943
     -1.42213945
     -1.14168269
     -0.85917030
     -0.52290465
     -0.09154648
      0.42836497
      0.94618446
      1.37368912
      1.70711853
      1.98862074
      2.26999835
      2.60306618
      3.03007202
     -2.73557594
     -2.21540437
     -1.78354760
     -1.44691212
     -1.16426708
     -0.88392803
     -0.55397454
     -0.13131036
      0.38369306
      0.90604591
      1.34225159
      1.68216953
      1.96605125
      2.24545066
      2.57238271
      2.99073315
     -2.78012809
     -2.25577521
     -1.81524154
     -1.47197589
     -1.18676813
     -0.90820777
     -0.58419584
     -0.17011447
      0.33940106
      0.86556473
      1.31038781
      1.65705448
      1.94367217
      2.22149474
      2.54269529
      2.95256836
     -2.82402132
     -2.29624145
     -1.84718494
     -1.49707667
     -1.20897155
     -0.93178580
     -0.61328151
     -0.20754057
      0.29604292
      0.82524170
      1.27845871
      1.63203572
      1.92169850
      2.19834713
      2.51427567
      2.91597528
     -2.86671075
     -2.33629037
     -1.87900215
     -1.52194328
     -1.23066079
     -0.95445173
     -0.64097398
     -0.24321115
      0.25415281
      0.78560010
      1.24685467
      1.60739390
      1.90034918
      2.17621320
      2.48736867
      2.88131218
     -2.90767413
     -2.37538938
     -1.91028803
     -1.54628502
     -1.25161360
     -0.97600392
     -0.66703956
     -0.27678587
      0.21424034
      0.74718077
      1.21599567
      1.58343038
      1.87985081
      2.15529225
      2.46219859
      2.84890316
     -2.94641463
     -2.41299032
     -1.94060764
     -1.56978920
     -1.27159804
     -0.99624402
     -0.69126145
     -0.30795489
      0.17678994
      0.71053840
      1.18633173
      1.56046981
      1.86044162
      2.13578311
      2.43897670
      2.81904604
     -2.98245944
     -2.44853254
     -1.96949584
     -1.59211863
     -1.29036860
     -1.01497126
     -0.71343190
     -0.33643001
      0.14226397
      0.67623923
      1.15834310
      1.53886241
      1.84237531
      2.11788985
      2.41790923
      2.79202187
     -3.01535513
     -2.48144452
     -1.99645735
     -1.61290969
     -1.30766262
     -1.03197699
     -0.73334426
     -0.36193477
      0.11110870
      0.64485987
      1.13253988
      1.51898539
      1.82592414
      2.10182692
      2.39920513
      2.76810509
     -3.04466059
     -2.51114457
     -2.02096765
     -1.63177158
     -1.32319780
     -1.04703992
     -0.75078550
     -0.38419422
      0.08376228
      0.61698711
      1.10946043
      1.50124296
      1.81138076
      2.08782338
      2.38308324
      2.74757373
     -3.06993826
     -2.53704066
     -2.04247528
     -1.64828716
     -1.33667094
     -1.05992233
     -0.76552928
     -0.40292468
      0.06066420
      0.59321851
      1.08966836
      1.48606447
      1.79905885
      2.07612632
      2.36977900
      2.73071970
     -3.09074403
     -2.55852935
     -2.06040561
     -1.66201577
     -1.34775816
     -1.07036717
     -0.77732945
     -0.41782333
      0.04226612
      0.57416396
      1.07374806
      1.47390074
      1.78929212
      2.06700334
      2.35955092
      2.71785948
     -3.10661558
     -2.57499358
     -2.07416590
     -1.67249780
     -1.35611642
     -1.07809575
     -0.78591349
     -0.42855714
      0.02904432
      0.56044848
      1.06229902
      1.46521858
      1.78243229
      2.06074471
      2.35268729
      2.70934580
     -3.11705908
     -2.58579937
     -2.08315163
     -1.67926102
     -1.36138608
     -1.08280570
     -0.79097539
     -0.43475033
      0.02151402
      0.55271609
      1.05592896
      1.46049372
      1.77884609
      2.05766549
      2.34951398
      2.70558112
     -3.12153382
     -2.59029153
     -2.08675389
     -1.68182832
     -1.36319420
     -1.08416861
     -0.79216704
     -0.43596974
      0.02024580
      0.55163429
      1.05524576
      1.46020239
      1.77891181
      2.05810830
      2.35040402
      2.70703374
     -3.11943471
     -2.58778931
     -2.08436831
     -1.67972670
     -1.36115794
     -1.08182656
     -0.78908744
     -0.43170696
      0.02588416
      0.55789785
      1.06084756
      1.46481188
      1.78301607
      2.06244765
      2.35578994
      2.71425769
     -3.11007273
     -2.57758349
     -2.07540602
     -1.67249713
     -1.35488752
     -1.07538675
     -0.78126834
     -0.42135621
      0.03916793
      0.57223022
      1.07331050
      1.47477040
      1.79155148
      2.07109678
      2.36618024
      2.72791642
     -3.09265396
     -2.55892095
     -2.05922903
     -1.65952730
     -1.34403363
     -1.06708370
     -0.78365366
     -0.46255181
      0.00000000
