      0.00000000
      0.00110794
      0.00218070
      0.00254861
      0.00263388
      0.00257457
      0.00224742
      0.00165091
      0.00165681
      0.00225971
      0.00259496
      0.00268026
      0.00268114
      0.00259036
      0.00223363
      0.00163825
      0.00171212
      0.00231570
      0.00262711
      0.00270227
      0.00270046
      0.00260479
      0.00223577
      0.00164213
      0.00174947
      0.00235283
      0.00265284
      0.00272317
      0.00272017
      0.00262250
      0.00224783
      0.00165390
      0.00177589
      0.00237997
      0.00267515
      0.00274324
      0.00273979
      0.00264178
      0.00226519
      0.00166944
      0.00179574
      0.00240145
      0.00269535
      0.00276254
      0.00275905
      0.00266160
      0.00228514
      0.00168670
      0.00181169
      0.00241954
      0.00271409
      0.00278112
      0.00277776
      0.00268132
      0.00230610
      0.00170460
      0.00182531
      0.00243554
      0.00273174
      0.00279899
      0.00279585
      0.00270062
      0.00232713
      0.00172251
      0.00183751
      0.00245016
      0.00274849
      0.00281613
      0.00281326
      0.00271928
      0.00234775
      0.00174008
      0.00184879
      0.00246380
      0.00276444
      0.00283257
      0.00282995
      0.00273721
      0.00236769
      0.00175712
      0.00185941
      0.00247668
      0.00277966
      0.00284830
      0.00284592
      0.00275437
      0.00238681
      0.00177352
      0.00186950
      0.00248891
      0.00279417
      0.00286331
      0.00286116
      0.00277073
      0.00240507
      0.00178924
      0.00187912
      0.00250052
      0.00280798
      0.00287761
      0.00287567
      0.00278630
      0.00242244
      0.00180426
      0.00188828
      0.00251155
      0.00282111
      0.00289119
      0.00288945
      0.00280106
      0.00243894
      0.00181857
      0.00189697
      0.00252197
      0.00283354
      0.00290406
      0.00290249
      0.00281504
      0.00245457
      0.00183217
      0.00190518
      0.00253180
      0.00284528
      0.00291622
      0.00291481
      0.00282823
      0.00246935
      0.00184508
      0.00191289
      0.00254101
      0.00285632
      0.00292767
      0.00292640
      0.00284065
      0.00248329
      0.00185729
      0.00192008
      0.00254958
      0.00286666
      0.00293840
      0.00293726
      0.00285230
      0.00249643
      0.00186883
      0.00192674
      0.00255751
      0.00287629
      0.00294841
      0.00294740
      0.00286319
      0.00250879
      0.00187971
      0.00193282
      0.00256477
      0.00288521
      0.00295771
      0.00295682
      0.00287335
      0.00252042
      0.00188998
      0.00193828
      0.00257130
      0.00289340
      0.00296629
      0.00296551
      0.00288279
      0.00253141
      0.00189971
      0.00194302
      0.00257702
      0.00290082
      0.00297413
      0.00297349
      0.00289157
      0.00254194
      0.00190908
      0.00194688
      0.00258176
      0.00290742
      0.00298123
      0.00298075
      0.00289979
      0.00255235
      0.00191842
      0.00194948
      0.00258516
      0.00291308
      0.00298754
      0.00298730
      0.00290767
      0.00256338
      0.00192848
      0.00195008
      0.00258646
      0.00291753
      0.00299297
      0.00299315
      0.00291563
      0.00257659
      0.00194087
      0.00194713
      0.00258400
      0.00292018
      0.00299733
      0.00299829
      0.00292454
      0.00259518
      0.00195927
      0.00193749
      0.00257413
      0.00291972
      0.00300020
      0.00300264
      0.00293603
      0.00262574
      0.00199230
      0.00191517
      0.00254849
      0.00291305
      0.00300062
      0.00300582
      0.00295243
      0.00268015
      0.00206084
      0.00187202
      0.00248748
      0.00289250
      0.00299679
      0.00300666
      0.00297388
      0.00276969
      0.00220503
      0.00181865
      0.00235244
      0.00284021
      0.00298754
      0.00300651
      0.00299170
      0.00286195
      0.00240421
      0.00183414
      0.00215520
      0.00274319
      0.00297078
      0.00301043
      0.00300324
      0.00290916
      0.00252652
      0.00189993
      0.00203067
      0.00265938
      0.00295153
      0.00301163
      0.00300941
      0.00293321
      0.00259607
      0.00195936
      0.00196089
      0.00259761
      0.00293368
      0.00300947
      0.00301155
      0.00295097
      0.00265745
      0.00202825
      0.00190152
      0.00252870
      0.00290987
      0.00300332
      0.00301034
      0.00297006
      0.00274033
      0.00215046
      0.00183557
      0.00240846
      0.00286351
      0.00299181
      0.00300631
      0.00298691
      0.00283773
      0.00234697
      0.00181741
      0.00221010
      0.00277222
      0.00297411
      0.00300625
      0.00299620
      0.00289120
      0.00248460
      0.00187017
      0.00206314
      0.00268163
      0.00295247
      0.00300538
      0.00300008
      0.00291223
      0.00254703
      0.00191394
      0.00199294
      0.00262615
      0.00293577
      0.00300213
      0.00299964
      0.00291906
      0.00257326
      0.00193671
      0.00195914
      0.00259495
      0.00292405
      0.00299770
      0.00299671
      0.00291954
      0.00258335
      0.00194656
      0.00194036
      0.00257598
      0.00291496
      0.00299247
      0.00299227
      0.00291685
      0.00258587
      0.00194958
      0.00192775
      0.00256254
      0.00290687
      0.00298653
      0.00298676
      0.00291234
      0.00258456
      0.00194898
      0.00191755
      0.00255134
      0.00289888
      0.00297989
      0.00298037
      0.00290661
      0.00258112
      0.00194635
      0.00190809
      0.00254080
      0.00289055
      0.00297254
      0.00297319
      0.00289992
      0.00257631
      0.00194245
      0.00189863
      0.00253016
      0.00288167
      0.00296447
      0.00296526
      0.00289241
      0.00257051
      0.00193764
      0.00188881
      0.00251907
      0.00287214
      0.00295568
      0.00295659
      0.00288414
      0.00256391
      0.00193212
      0.00187845
      0.00250734
      0.00286189
      0.00294618
      0.00294720
      0.00287513
      0.00255657
      0.00192597
      0.00186749
      0.00249488
      0.00285090
      0.00293595
      0.00293710
      0.00286541
      0.00254856
      0.00191925
      0.00185587
      0.00248164
      0.00283916
      0.00292500
      0.00292628
      0.00285498
      0.00253989
      0.00191198
      0.00184359
      0.00246761
      0.00282665
      0.00291332
      0.00291475
      0.00284385
      0.00253058
      0.00190418
      0.00183062
      0.00245275
      0.00281337
      0.00290091
      0.00290250
      0.00283201
      0.00252063
      0.00189585
      0.00181698
      0.00243708
      0.00279932
      0.00288778
      0.00288954
      0.00281946
      0.00251002
      0.00188698
      0.00180268
      0.00242060
      0.00278450
      0.00287393
      0.00287586
      0.00280619
      0.00249872
      0.00187752
      0.00178776
      0.00240336
      0.00276893
      0.00285935
      0.00286147
      0.00279219
      0.00248664
      0.00186737
      0.00177232
      0.00238546
      0.00275264
      0.00284407
      0.00284637
      0.00277738
      0.00247358
      0.00185631
      0.00175651
      0.00236714
      0.00273573
      0.00282811
      0.00283055
      0.00276169
      0.00245919
      0.00184388
      0.00174068
      0.00234884
      0.00271835
      0.00281151
      0.00281402
      0.00274492
      0.00244278
      0.00182927
      0.00172543
      0.00233140
      0.00270083
      0.00279436
      0.00279676
      0.00272671
      0.00242305
      0.00181093
      0.00171193
      0.00231636
      0.00268375
      0.00277683
      0.00277875
      0.00270636
      0.00239758
      0.00178616
      0.00170242
      0.00230650
      0.00266816
      0.00275921
      0.00275990
      0.00268241
      0.00236158
      0.00175026
      0.00170159
      0.00230681
      0.00265588
      0.00274204
      0.00273990
      0.00265147
      0.00230499
      0.00169583
      0.00172002
      0.00232595
      0.00264984
      0.00272610
      0.00271743
      0.00260463
      0.00220583
      0.00161651
      0.00178201
      0.00237651
      0.00265329
      0.00271152
      0.00268703
      0.00251949
      0.00202721
      0.00153820
      0.00192544
      0.00246145
      0.00266234
      0.00269291
      0.00263650
      0.00237437
      0.00178766
      0.00155659
      0.00211990
      0.00253316
      0.00263351
      0.00255693
      0.00218879
      0.00111326
      0.00000000
