      0.00000000
      0.00110794
      0.00218070
      0.00254861
      0.00263388
      0.00257457
      0.00224742
      0.00165091
      0.00165680
      0.00225970
      0.00259496
      0.00268026
      0.00268114
      0.00259036
      0.00223362
      0.00163825
      0.00171211
      0.00231570
      0.00262710
      0.00270227
      0.00270045
      0.00260478
      0.00223576
      0.00164212
      0.00174946
      0.00235282
      0.00265284
      0.00272317
      0.00272017
      0.00262250
      0.00224783
      0.00165389
      0.00177588
      0.00237997
      0.00267515
      0.00274323
      0.00273979
      0.00264178
      0.00226519
      0.00166942
      0.00179573
      0.00240144
      0.00269534
      0.00276254
      0.00275905
      0.00266159
      0.00228514
      0.00168669
      0.00181168
      0.00241954
      0.00271409
      0.00278112
      0.00277776
      0.00268132
      0.00230609
      0.00170459
      0.00182530
      0.00243553
      0.00273174
      0.00279898
      0.00279585
      0.00270061
      0.00232712
      0.00172249
      0.00183749
      0.00245015
      0.00274848
      0.00281613
      0.00281325
      0.00271928
      0.00234774
      0.00174006
      0.00184877
      0.00246379
      0.00276444
      0.00283257
      0.00282995
      0.00273721
      0.00236768
      0.00175710
      0.00185939
      0.00247667
      0.00277965
      0.00284829
      0.00284592
      0.00275437
      0.00238680
      0.00177350
      0.00186948
      0.00248890
      0.00279416
      0.00286331
      0.00286116
      0.00277073
      0.00240505
      0.00178922
      0.00187910
      0.00250051
      0.00280798
      0.00287760
      0.00287567
      0.00278629
      0.00242243
      0.00180423
      0.00188825
      0.00251153
      0.00282110
      0.00289119
      0.00288944
      0.00280106
      0.00243892
      0.00181854
      0.00189694
      0.00252196
      0.00283353
      0.00290406
      0.00290249
      0.00281503
      0.00245455
      0.00183214
      0.00190515
      0.00253178
      0.00284527
      0.00291622
      0.00291481
      0.00282822
      0.00246933
      0.00184504
      0.00191286
      0.00254099
      0.00285631
      0.00292767
      0.00292640
      0.00284064
      0.00248327
      0.00185725
      0.00192005
      0.00254957
      0.00286665
      0.00293840
      0.00293726
      0.00285229
      0.00249641
      0.00186878
      0.00192670
      0.00255749
      0.00287629
      0.00294841
      0.00294740
      0.00286318
      0.00250877
      0.00187966
      0.00193278
      0.00256475
      0.00288520
      0.00295771
      0.00295681
      0.00287334
      0.00252040
      0.00188993
      0.00193823
      0.00257128
      0.00289339
      0.00296629
      0.00296551
      0.00288278
      0.00253139
      0.00189966
      0.00194297
      0.00257700
      0.00290081
      0.00297413
      0.00297349
      0.00289156
      0.00254191
      0.00190903
      0.00194682
      0.00258174
      0.00290741
      0.00298123
      0.00298075
      0.00289978
      0.00255232
      0.00191837
      0.00194942
      0.00258513
      0.00291307
      0.00298753
      0.00298730
      0.00290765
      0.00256335
      0.00192842
      0.00195002
      0.00258643
      0.00291752
      0.00299296
      0.00299315
      0.00291562
      0.00257655
      0.00194081
      0.00194707
      0.00258397
      0.00292017
      0.00299733
      0.00299828
      0.00292453
      0.00259515
      0.00195920
      0.00193742
      0.00257410
      0.00291971
      0.00300020
      0.00300264
      0.00293602
      0.00262570
      0.00199223
      0.00191509
      0.00254845
      0.00291304
      0.00300062
      0.00300581
      0.00295242
      0.00268012
      0.00206077
      0.00187194
      0.00248744
      0.00289249
      0.00299678
      0.00300665
      0.00297387
      0.00276967
      0.00220497
      0.00181857
      0.00235238
      0.00284019
      0.00298753
      0.00300651
      0.00299169
      0.00286193
      0.00240416
      0.00183406
      0.00215513
      0.00274316
      0.00297077
      0.00301043
      0.00300323
      0.00290915
      0.00252647
      0.00189984
      0.00203059
      0.00265934
      0.00295151
      0.00301162
      0.00300941
      0.00293320
      0.00259602
      0.00195926
      0.00196080
      0.00259756
      0.00293366
      0.00300946
      0.00301155
      0.00295096
      0.00265741
      0.00202816
      0.00190143
      0.00252865
      0.00290985
      0.00300332
      0.00301034
      0.00297005
      0.00274030
      0.00215038
      0.00183546
      0.00240839
      0.00286349
      0.00299180
      0.00300631
      0.00298691
      0.00283770
      0.00234690
      0.00181730
      0.00221002
      0.00277218
      0.00297410
      0.00300624
      0.00299619
      0.00289117
      0.00248453
      0.00187005
      0.00206304
      0.00268158
      0.00295245
      0.00300537
      0.00300007
      0.00291221
      0.00254697
      0.00191382
      0.00199283
      0.00262610
      0.00293575
      0.00300213
      0.00299963
      0.00291904
      0.00257320
      0.00193659
      0.00195902
      0.00259490
      0.00292403
      0.00299769
      0.00299670
      0.00291952
      0.00258329
      0.00194644
      0.00194024
      0.00257592
      0.00291494
      0.00299246
      0.00299227
      0.00291683
      0.00258581
      0.00194945
      0.00192762
      0.00256247
      0.00290684
      0.00298652
      0.00298676
      0.00291232
      0.00258450
      0.00194885
      0.00191742
      0.00255127
      0.00289885
      0.00297988
      0.00298036
      0.00290658
      0.00258105
      0.00194622
      0.00190796
      0.00254073
      0.00289053
      0.00297253
      0.00297318
      0.00289990
      0.00257624
      0.00194231
      0.00189849
      0.00253009
      0.00288165
      0.00296446
      0.00296525
      0.00289239
      0.00257045
      0.00193750
      0.00188866
      0.00251899
      0.00287211
      0.00295567
      0.00295658
      0.00288411
      0.00256384
      0.00193198
      0.00187831
      0.00250726
      0.00286186
      0.00294617
      0.00294719
      0.00287511
      0.00255650
      0.00192583
      0.00186734
      0.00249480
      0.00285087
      0.00293594
      0.00293709
      0.00286539
      0.00254849
      0.00191910
      0.00185572
      0.00248156
      0.00283913
      0.00292498
      0.00292627
      0.00285495
      0.00253982
      0.00191183
      0.00184343
      0.00246753
      0.00282662
      0.00291331
      0.00291474
      0.00284382
      0.00253051
      0.00190403
      0.00183047
      0.00245267
      0.00281334
      0.00290090
      0.00290249
      0.00283198
      0.00252055
      0.00189570
      0.00181683
      0.00243699
      0.00279929
      0.00288777
      0.00288953
      0.00281943
      0.00250995
      0.00188683
      0.00180252
      0.00242051
      0.00278447
      0.00287391
      0.00287585
      0.00280617
      0.00249865
      0.00187737
      0.00178761
      0.00240327
      0.00276889
      0.00285934
      0.00286146
      0.00279216
      0.00248657
      0.00186723
      0.00177216
      0.00238538
      0.00275261
      0.00284406
      0.00284636
      0.00277736
      0.00247351
      0.00185616
      0.00175635
      0.00236706
      0.00273569
      0.00282810
      0.00283054
      0.00276166
      0.00245912
      0.00184374
      0.00174052
      0.00234876
      0.00271832
      0.00281150
      0.00281401
      0.00274489
      0.00244271
      0.00182913
      0.00172528
      0.00233132
      0.00270080
      0.00279435
      0.00279675
      0.00272668
      0.00242298
      0.00181080
      0.00171179
      0.00231628
      0.00268372
      0.00277682
      0.00277874
      0.00270633
      0.00239752
      0.00178604
      0.00170228
      0.00230643
      0.00266813
      0.00275920
      0.00275989
      0.00268239
      0.00236152
      0.00175014
      0.00170146
      0.00230675
      0.00265585
      0.00274202
      0.00273988
      0.00265144
      0.00230493
      0.00169571
      0.00171991
      0.00232589
      0.00264982
      0.00272609
      0.00271742
      0.00260460
      0.00220576
      0.00161640
      0.00178191
      0.00237646
      0.00265327
      0.00271151
      0.00268702
      0.00251946
      0.00202714
      0.00153810
      0.00192537
      0.00246141
      0.00266233
      0.00269290
      0.00263649
      0.00237434
      0.00178760
      0.00155652
      0.00211986
      0.00253314
      0.00263351
      0.00255693
      0.00218879
      0.00111326
      0.00000000
