             NaN
      1.55757575
      1.77289361
      1.92112677
      2.04699883
      2.21258242
      2.50994691
      3.10958367
     -2.26678025
     -1.67061020
     -1.37554857
     -1.21138716
     -1.08283284
     -0.91246632
     -0.60167665
      0.02570856
      0.92916056
      1.49762609
      1.77931648
      1.93765203
      2.06473721
      2.23727697
      2.55504295
     -3.08699163
     -2.18681967
     -1.63150923
     -1.35605564
     -1.20048535
     -1.07415693
     -0.90070192
     -0.57984820
      0.06719889
      0.96549779
      1.51526470
      1.78811896
      1.94247358
      2.06835692
      2.24197039
      2.56368405
     -3.07091858
     -2.17336127
     -1.62503814
     -1.35284165
     -1.19887501
     -1.07327621
     -0.89992380
     -0.57857245
      0.06918767
      0.96668270
      1.51576066
      1.78834012
      1.94236648
      2.06777441
      2.24065474
      2.56101757
     -3.07643502
     -2.17865956
     -1.62769776
     -1.35419802
     -1.19987641
     -1.07460112
     -0.90228303
     -0.58319308
      0.05996226
      0.95815666
      1.51152759
      1.78620072
      1.94093272
      2.06611236
      2.23784370
      2.55556383
     -3.08723416
     -2.18859183
     -1.63261920
     -1.35667689
     -1.20148664
     -1.07637901
     -0.90522580
     -0.58887582
      0.04873975
      0.94780684
      1.50639864
      1.78362244
      1.93928260
      2.06433349
      2.23493207
      2.54995713
     -3.09829870
     -2.19885081
     -1.63770789
     -1.35923161
     -1.20310823
     -1.07810398
     -0.90803125
     -0.59426789
      0.03809760
      0.93787728
      1.50146690
      1.78114858
      1.93772016
      2.06268473
      2.23226083
      2.54482969
     -3.10842296
     -2.20835841
     -1.64243708
     -1.36160276
     -1.20460104
     -1.07967112
     -0.91056412
     -0.59912535
      0.02850141
      0.92880875
      1.49694908
      1.77888373
      1.93629725
      2.06119636
      2.22985911
      2.54022653
     -3.11752126
     -2.21700765
     -1.64675280
     -1.36376667
     -1.20595868
     -1.08108737
     -0.91284698
     -0.60349913
      0.01985294
      0.92054166
      1.49281757
      1.77681116
      1.93499792
      2.05984376
      2.22768042
      2.53605281
     -3.12577665
     -2.22493907
     -1.65072270
     -1.36575992
     -1.20720809
     -1.08238617
     -0.91493838
     -0.60750633
      0.01192531
      0.91288994
      1.48898172
      1.77488256
      1.93378810
      2.05858656
      2.22565517
      2.53216999
     -3.13345920
     -2.23238514
     -1.65446144
     -1.36764373
     -1.20839267
     -1.08361924
     -0.91692833
     -0.61132666
      0.00436552
      0.90553564
      1.48528256
      1.77301224
      1.93260562
      2.05734842
      2.22364812
      2.52830646
     -3.14110627
     -2.23984877
     -1.65822357
     -1.36955675
     -1.20961541
     -1.08491697
     -0.91905142
     -0.61543365
     -0.00376818
      0.89757332
      1.48125788
      1.77094672
      1.93125910
      2.05588255
      2.22121084
      2.52355433
      3.13265558
     -2.24910325
     -1.66291888
     -1.37199955
     -1.21125705
     -1.08677437
     -0.92221146
     -0.62165955
     -0.01614236
      0.88536302
      1.47503410
      1.76765456
      1.92896335
      2.05316669
      2.21647442
      2.51412393
      3.11384909
     -2.26782756
     -1.67251158
     -1.37715049
     -1.21496792
     -1.09132990
     -0.93031324
     -0.63791713
     -0.04871334
      0.85235434
      1.45803221
      1.75844643
      1.92221339
      2.04472280
      2.20129985
      2.48355447
      3.05220142
     -2.33255307
     -1.70608474
     -1.39530940
     -1.22819725
     -1.10775853
     -0.95981261
     -0.69732404
     -0.16966340
      0.71603615
      1.38635760
      1.72033433
      1.89571779
      2.01364498
      2.14672854
      2.37440798
      2.82765275
     -2.62100090
     -1.86370623
     -1.47578202
     -1.27786603
     -1.15638302
     -1.03751465
     -0.84859841
     -0.48120245
      0.24540277
      1.10164270
      1.58031473
      1.81963692
      1.95727363
      2.07491230
      2.24513971
      2.56633426
     -3.07008341
     -2.17692253
     -1.62805345
     -1.35566638
     -1.20418943
     -1.08484091
     -0.92395932
     -0.62790909
     -0.03039995
      0.86981380
      1.46617537
      1.76165811
      1.92232553
      2.04170395
      2.19347218
      2.46656313
      3.01690065
     -2.37269502
     -1.72750659
     -1.40714747
     -1.23723175
     -1.11954049
     -0.98145083
     -0.74104709
     -0.26004643
      0.59795473
      1.32178702
      1.68741753
      1.87557337
      1.99425917
      2.11606171
      2.31494544
      2.70504366
     -2.81777878
     -1.98567374
     -1.53496842
     -1.30846021
     -1.17586401
     -1.05798406
     -0.88224570
     -0.54732887
      0.12469150
      1.00970933
      1.53583404
      1.79759023
      1.94521444
      2.06557207
      2.23279689
      2.54393063
     -3.11207327
     -2.21377922
     -1.64583355
     -1.36392392
     -1.20750163
     -1.08504184
     -0.92124738
     -0.62071868
     -0.01479928
      0.88624451
      1.47519350
      1.76746079
      1.92841740
      2.05202942
      2.21420473
      2.50957061
      3.10490473
     -2.27677939
     -1.67708545
     -1.37945358
     -1.21615697
     -1.09196655
     -0.93068097
     -0.63810831
     -0.04852868
      0.85296717
      1.45856560
      1.75915664
      1.92373344
      2.04821003
      2.20892135
      2.49976621
      3.08580298
     -2.29596987
     -1.68672921
     -1.38431702
     -1.21896180
     -1.09434089
     -0.93406402
     -0.64446409
     -0.06095776
      0.84036559
      1.45220218
      1.75590485
      1.92180447
      2.04650225
      2.20640545
      2.49497472
      3.07640337
     -2.30554618
     -1.69158358
     -1.38683071
     -1.22049267
     -1.09574945
     -0.93619604
     -0.64856973
     -0.06903177
      0.83211334
      1.44800826
      1.75371096
      1.92044309
      2.04521764
      2.20442734
      2.49113729
      3.06884261
     -2.31329676
     -1.69552825
     -1.38890747
     -1.22179542
     -1.09699524
     -0.93813212
     -0.65234249
     -0.07647650
      0.82445698
      1.44410872
      1.75165066
      1.91914375
      2.04396803
      2.20247689
      2.48732623
      3.06131180
     -2.32106985
     -1.69948859
     -1.39100355
     -1.22312011
     -1.09827104
     -0.94012679
     -0.65624661
     -0.08420187
      0.81645082
      1.44002900
      1.74948996
      1.91777790
      2.04265389
      2.20042187
      2.48329935
      3.05333231
     -2.32937581
     -1.70372129
     -1.39324522
     -1.22453570
     -1.09962942
     -0.94224915
     -0.66040870
     -0.09246098
      0.80781359
      1.43562765
      1.74716026
      1.91630989
      2.04125149
      2.19823519
      2.47900925
      3.04480767
     -2.33833322
     -1.70828494
     -1.39565834
     -1.22605072
     -1.10106622
     -0.94448082
     -0.66478700
     -0.10117072
      0.79862065
      1.43094641
      1.74468886
      1.91476775
      2.03980716
      2.19600821
      2.47464333
      3.03611758
     -2.34753655
     -1.71296560
     -1.39812367
     -1.22757248
     -1.10245853
     -0.94659615
     -0.66892532
     -0.10940131
      0.78990083
      1.42652520
      1.74236883
      1.91336618
      2.03858764
      2.19421828
      2.47116146
      3.02922469
     -2.35477519
     -1.71660474
     -1.40001911
     -1.22865673
     -1.10327124
     -0.94765016
     -0.67092881
     -0.11327156
      0.78606508
      1.42467378
      1.74143393
      1.91297513
      2.03862407
      2.19467272
      2.47218171
      3.03154443
     -2.35162044
     -1.71479587
     -1.39899438
     -1.22765128
     -1.10155487
     -0.94423467
     -0.66397634
     -0.09881385
      0.80277721
      1.43355088
      1.74624953
      1.91669098
      2.04360809
      2.20385067
      2.49069639
      3.06958217
     -2.30944732
     -1.69274135
     -1.38704826
     -1.21872250
     -1.09012811
     -0.92358346
     -0.62233412
     -0.01406824
      0.89171142
      1.47950960
      1.77138563
      1.93573297
      2.06817946
      2.24835802
      2.58085447
     -3.03368833
     -2.13883189
     -1.60582220
     -1.33862401
     -1.18056722
     -1.03910180
     -0.83001616
     -0.43114688
      0.34593733
      1.17851190
      1.62308701
      1.85254996
      2.00170819
      2.15870574
      2.41576231
      2.92472465
     -2.47295514
     -1.77411084
     -1.42415777
     -1.23396715
     -1.09657601
     -0.94355047
     -0.72668527
      0.00000000
