      0.00000000
      0.00000000
      0.00000000
      0.00000000
      0.00000000
      0.00000000
      0.00000000
      0.00000000
      0.00000000
      0.00000000
      0.00000000
      0.00000000
      0.00000000
      0.00000000
      0.00000000
      0.00000000
      0.00000000
      0.00000000
      0.00000000
      0.00000000
      0.00000000
      0.00000000
      0.00000000
      0.00000000
      0.00000000
      0.00000000
      0.00000000
      0.00000000
      0.00000000
      0.00000000
      0.00000000
      0.00000000
      0.00000000
      0.00000000
      0.00000000
      0.00000000
      0.00000000
      0.00000000
      0.00000000
      0.00000000
      0.00000000
      0.00000000
      0.00000000
      0.00000000
      0.00000000
      0.00000000
      0.00000000
      0.00000000
      0.00000000
      0.00000000
      0.00000000
      0.00000000
      0.00000000
      0.00000000
      0.00000000
      0.00000000
      0.00000000
      0.00000000
      0.00000000
      0.00000000
      0.00000000
      0.00000000
      0.00000000
      0.00000000
      0.00000000
      0.00000000
      0.00000000
      0.00000000
      0.00000000
      0.00000000
      0.00000000
      0.00000000
      0.00000000
      0.00000000
      0.00000000
      0.00000000
      0.00000000
      0.00000000
      0.00000000
      0.00000000
      0.00000000
      0.00000000
      0.00000000
      0.00000000
      0.00000000
      0.00000000
      0.00000000
      0.00000000
      0.00000000
      0.00000000
      0.00000000
      0.00000000
      0.00000000
      0.00000000
      0.00000000
      0.00000000
      0.00000000
      0.00000000
      0.00000000
      0.00000000
      0.00000000
      0.00000000
      0.00000000
      0.00000000
      0.00000000
      0.00000000
      0.00000000
      0.00000000
      0.00000000
      0.00000000
      0.00000000
      0.00000000
      0.00000000
      0.00000000
      0.00000000
      0.00000000
      0.00000000
      0.00000000
      0.00000000
      0.00000000
      0.00000000
      0.00000000
      0.00000000
      0.00000000
      0.00000000
      0.00000000
      0.00000000
      0.00000000
      0.00000000
      0.00000000
      0.00000000
      0.00000000
      0.00000000
      0.00000000
      0.00000000
      0.00000000
      0.00000000
      0.00000000
      0.00000000
      0.00000000
      0.00000000
      0.00000000
      0.00000000
      0.00000000
      0.00000000
      0.00000001
      0.00000005
      0.00000024
      0.00000098
      0.00000361
      0.00001159
      0.00003222
      0.00007677
      0.00015635
      0.00027441
      0.00042335
      0.00058973
      0.00076195
      0.00093354
      0.00110226
      0.00126796
      0.00143106
      0.00159190
      0.00175056
      0.00190702
      0.00206130
      0.00221353
      0.00236397
      0.00251287
      0.00266034
      0.00280632
      0.00295060
      0.00309295
      0.00323328
      0.00337167
      0.00350835
      0.00364356
      0.00377741
      0.00390981
      0.00404055
      0.00416937
      0.00429617
      0.00442104
      0.00454420
      0.00466590
      0.00478625
      0.00490517
      0.00502244
      0.00513781
      0.00525115
      0.00536255
      0.00547223
      0.00558046
      0.00568735
      0.00579283
      0.00589667
      0.00599864
      0.00609860
      0.00619663
      0.00629299
      0.00638793
      0.00648163
      0.00657404
      0.00666498
      0.00675425
      0.00684176
      0.00692767
      0.00701229
      0.00709600
      0.00717906
      0.00726154
      0.00734336
      0.00742439
      0.00750463
      0.00758425
      0.00766357
      0.00774292
      0.00782249
      0.00790221
      0.00798180
      0.00806091
      0.00813924
      0.00821667
      0.00829324
      0.00836901
      0.00844395
      0.00851779
      0.00859012
      0.00866049
      0.00872857
      0.00879426
      0.00885766
      0.00891895
      0.00897823
      0.00903539
      0.00909017
      0.00914226
      0.00919147
      0.00923781
      0.00928148
      0.00932278
      0.00936187
      0.00939873
      0.00943316
      0.00946488
      0.00949370
      0.00951966
      0.00954298
      0.00956394
      0.00958274
      0.00959936
      0.00961360
      0.00962517
      0.00963389
      0.00963978
      0.00964304
      0.00964395
      0.00964272
      0.00963933
      0.00963357
      0.00962517
      0.00961391
      0.00959982
      0.00958307
      0.00956396
      0.00954267
      0.00951921
      0.00949336
      0.00946485
      0.00943346
      0.00939918
      0.00936221
      0.00932281
      0.00928119
      0.00923736
      0.00919113
      0.00914222
      0.00909046
      0.00903583
      0.00897857
      0.00891900
      0.00885738
      0.00879382
      0.00872822
      0.00866043
      0.00859039
      0.00851822
      0.00844430
      0.00836907
      0.00829298
      0.00821624
      0.00813889
      0.00806084
      0.00798206
      0.00790264
      0.00782284
      0.00774299
      0.00766332
      0.00758382
      0.00750428
      0.00742432
      0.00734360
      0.00726196
      0.00717942
      0.00709609
      0.00701206
      0.00692725
      0.00684140
      0.00675416
      0.00666521
      0.00657446
      0.00648199
      0.00638803
      0.00629276
      0.00619622
      0.00609824
      0.00599854
      0.00589689
      0.00579324
      0.00568771
      0.00558057
      0.00547203
      0.00536214
      0.00525078
      0.00513769
      0.00502264
      0.00490557
      0.00478661
      0.00466602
      0.00454401
      0.00442065
      0.00429581
      0.00416924
      0.00404073
      0.00391020
      0.00377777
      0.00364369
      0.00350818
      0.00337129
      0.00323292
      0.00309282
      0.00295077
      0.00280669
      0.00266069
      0.00251300
      0.00236382
      0.00221318
      0.00206096
      0.00190689
      0.00175070
      0.00159222
      0.00143137
      0.00126808
      0.00110214
      0.00093326
      0.00076169
      0.00058964
      0.00042343
      0.00027456
      0.00015648
      0.00007683
      0.00003224
      0.00001159
      0.00000361
      0.00000098
      0.00000024
      0.00000005
      0.00000001
      0.00000000
      0.00000000
      0.00000000
      0.00000000
      0.00000000
      0.00000000
      0.00000000
      0.00000000
      0.00000000
      0.00000000
      0.00000000
      0.00000000
      0.00000000
      0.00000000
      0.00000000
      0.00000000
      0.00000000
      0.00000000
      0.00000000
      0.00000000
      0.00000000
      0.00000000
      0.00000000
      0.00000000
      0.00000000
      0.00000000
      0.00000000
      0.00000000
      0.00000000
      0.00000000
      0.00000000
      0.00000000
      0.00000000
      0.00000000
      0.00000000
      0.00000000
      0.00000000
      0.00000000
      0.00000000
      0.00000000
      0.00000000
      0.00000000
      0.00000000
      0.00000000
      0.00000000
      0.00000000
      0.00000000
      0.00000000
      0.00000000
      0.00000000
      0.00000000
      0.00000000
      0.00000000
      0.00000000
      0.00000000
      0.00000000
      0.00000000
      0.00000000
      0.00000000
      0.00000000
      0.00000000
      0.00000000
      0.00000000
      0.00000000
      0.00000000
      0.00000000
      0.00000000
      0.00000000
      0.00000000
      0.00000000
      0.00000000
      0.00000000
      0.00000000
      0.00000000
      0.00000000
      0.00000000
      0.00000000
      0.00000000
      0.00000000
      0.00000000
      0.00000000
      0.00000000
      0.00000000
      0.00000000
      0.00000000
      0.00000000
      0.00000000
      0.00000000
      0.00000000
      0.00000000
      0.00000000
      0.00000000
      0.00000000
      0.00000000
      0.00000000
      0.00000000
      0.00000000
      0.00000000
      0.00000000
      0.00000000
      0.00000000
      0.00000000
      0.00000000
      0.00000000
      0.00000000
      0.00000000
      0.00000000
      0.00000000
      0.00000000
      0.00000000
      0.00000000
      0.00000000
      0.00000000
      0.00000000
      0.00000000
      0.00000000
      0.00000000
      0.00000000
      0.00000000
      0.00000000
      0.00000000
      0.00000000
      0.00000000
      0.00000000
      0.00000000
      0.00000000
      0.00000000
      0.00000000
      0.00000000
      0.00000000
      0.00000000
      0.00000000
      0.00000000
      0.00000000
      0.00000000
      0.00000000
      0.00000000
      0.00000000
      0.00000000
      0.00000000
      0.00000000
      0.00000000
      0.00000000
      0.00000000
      0.00000000
