      0.00000000
     -1.14933313
     -1.53995814
     -1.93058316
     -2.32120817
     -2.71183319
     -3.10245820
      2.79010208
      2.39947707
      2.00885205
      1.61822703
      1.22760201
      0.83697700
      0.44635198
      0.05572696
     -0.33489806
     -0.72552307
     -1.11614809
     -1.50677311
     -1.89739813
     -2.28802315
     -2.67864816
     -3.06927318
      2.82328711
      2.43266209
      2.04203707
      1.65141205
      1.26078703
      0.87016202
      0.47953700
      0.08891198
     -0.30171304
     -0.69233806
     -1.08296308
     -1.47358809
     -1.86421311
     -2.25483813
     -2.64546315
     -3.03608817
      2.85647212
      2.46584710
      2.07522208
      1.68459706
      1.29397204
      0.90334703
      0.51272201
      0.12209699
     -0.26852803
     -0.65915305
     -1.04977807
     -1.44040309
     -1.83102811
     -2.22165313
     -2.61227815
     -3.00290317
      2.88965712
      2.49903210
      2.10840708
      1.71778206
      1.32715704
      0.93653202
      0.54590700
      0.15528199
     -0.23534303
     -0.62596805
     -1.01659307
     -1.40721809
     -1.79784311
     -2.18846813
     -2.57909315
     -2.96971817
      2.92284211
      2.53221709
      2.14159207
      1.75096705
      1.36034203
      0.96971701
      0.57909199
      0.18846697
     -0.20215805
     -0.59278307
     -0.98340809
     -1.37403311
     -1.76465813
     -2.15528315
     -2.54590817
     -2.93653319
      2.95602709
      2.56540207
      2.17477705
      1.78415203
      1.39352701
      1.00290199
      0.61227697
      0.22165195
     -0.16897307
     -0.55959810
     -0.95022312
     -1.34084814
     -1.73147316
     -2.12209818
     -2.51272320
     -2.90334822
      2.98921206
      2.59858704
      2.20796202
      1.81733700
      1.42671198
      1.03608696
      0.64546194
      0.25483692
     -0.13578810
     -0.52641312
     -0.91703814
     -1.30766316
     -1.69828819
     -2.08891321
     -2.47953823
     -2.87016325
      3.02239703
      2.63177201
      2.24114698
      1.85052196
      1.45989693
      1.06927190
      0.67864687
      0.28802184
     -0.10260319
     -0.49322823
     -0.88385326
     -1.27447830
     -1.66510334
     -2.05572837
     -2.44635341
     -2.83697845
      3.05558181
      2.66495677
      2.27433173
      1.88370668
      1.49308164
      1.10245660
      0.71183155
      0.32120651
     -0.06941854
     -0.46004358
     -0.85066862
     -1.24129367
     -1.63191871
     -2.02254375
     -2.41316880
     -2.80379387
      3.08876635
      2.69814142
      2.30751730
      1.91689488
      1.52627371
      1.13565006
      0.74501746
      0.35437125
     -0.03628614
     -0.42694373
     -0.81758703
     -1.20820730
     -1.59880907
     -1.98941028
     -2.38003336
     -2.77069163
      3.12180608
      2.73111352
      2.34044653
      1.94982383
      1.55923941
      1.16866339
      0.77805749
      0.38739718
     -0.00331231
     -0.39403647
     -0.78472953
     -1.17536072
     -1.56593362
     -1.95648642
     -2.34707183
     -2.73772704
     -3.12845095
      2.76398275
      2.37326267
      1.98261796
      1.59205069
      1.20151798
      0.81095481
      0.42031078
      0.02957997
     -0.36119373
     -0.75193999
     -1.14260176
     -1.53316875
     -1.92368496
     -2.31422517
     -2.70485278
     -3.09558296
      2.79681289
      2.40604281
      2.01536179
      1.62479031
      1.23428665
      0.84376941
      0.45316327
      0.06244225
     -0.32835440
     -0.71914342
     -1.10984444
     -1.50042592
     -1.89092364
     -2.28142080
     -2.67200095
     -3.06270044
      2.82969760
      2.43890395
      2.04818869
      1.65759181
      1.26708644
      0.87659506
      0.48603415
      0.09536148
     -0.29540080
     -0.68618005
     -1.07689535
     -1.46750350
     -1.85802265
     -2.24852056
     -2.63907516
     -3.02973018
      2.86271428
      2.47195103
      2.08124060
      1.69062690
      1.30009803
      0.90959405
      0.51904190
      0.12839736
     -0.26233005
     -0.65308318
     -1.04379059
     -1.43440771
     -1.82494217
     -2.21544890
     -2.60599818
     -2.99663510
      2.89583146
      2.50508404
      2.11437751
      1.72375764
      1.33322014
      0.94271332
      0.55216806
      0.16153769
     -0.22917504
     -0.61991965
     -1.01062702
     -1.40124944
     -1.79178818
     -2.18229282
     -2.57283264
     -2.96345667
      2.92902013
      2.53827597
      2.14756609
      1.75694108
      1.36640276
      0.97590284
      0.58537051
      0.19475326
     -0.19595248
     -0.58669877
     -0.97741335
     -1.36804131
     -1.75857718
     -2.14906872
     -2.53959000
     -2.93019885
      2.96228225
      2.57153043
      2.18080761
      1.79017540
      1.39964434
      1.00916675
      0.61866310
      0.22806735
     -0.16263448
     -0.55339495
     -0.94413119
     -1.33477203
     -1.72529943
     -2.11575981
     -2.50623860
     -2.89681173
      2.99568335
      2.60492014
      2.21417036
      1.82351353
      1.43297696
      1.04252027
      0.65205847
      0.26151027
     -0.12915609
     -0.51990544
     -0.91065642
     -1.30132801
     -1.69188511
     -2.08235736
     -2.47282119
     -2.86335595
      3.02918580
      2.63845729
      2.24771442
      1.85703376
      1.46645481
      1.07595904
      0.68548203
      0.29495087
     -0.09567496
     -0.48638207
     -0.87711255
     -1.26779791
     -1.65839767
     -2.04892073
     -2.43941838
     -2.82995397
      3.06261803
      2.67193180
      2.28121718
      1.89053170
      1.49991337
      1.10936070
      0.71883586
      0.32828772
     -0.06231915
     -0.45298603
     -0.84368173
     -1.23436211
     -1.62499536
     -2.01557837
     -2.40613596
     -2.79670480
      3.09587303
      2.70522277
      2.31454851
      1.92387906
      1.53323642
      1.14262476
      0.75203090
      0.36143421
     -0.02918091
     -0.41981752
     -0.81046709
     -1.20111690
     -1.59175809
     -1.98238922
     -2.37301424
     -2.76363765
      3.12892368
      2.73829900
      2.34767405
      1.95704906
      1.56642407
      1.17579910
      0.78517412
      0.39454915
      0.00392417
     -0.38670081
     -0.77732578
     -1.16795076
     -1.55857574
     -1.94920072
     -2.33982570
     -2.73045068
     -3.12107566
      2.77148467
      2.38085969
      1.99023470
      1.59960972
      1.20898474
      0.81835976
      0.42773478
      0.03710980
     -0.35351519
     -0.74414017
     -1.13476515
     -1.52539013
     -1.91601511
     -2.30664009
     -2.69726507
     -3.08789004
      2.80467028
      2.41404531
      2.02342033
      1.63279535
      1.24217038
      0.85154540
      0.46092043
      0.07029545
     -0.32032952
     -0.71095450
     -1.10157947
     -1.49220445
     -1.88282942
     -2.27345440
     -2.66407937
     -3.05470435
      2.83785598
      2.44723101
      2.05660603
      1.66598106
      1.27535608
      0.88473111
      0.49410613
      0.10348115
     -0.28714382
     -0.67776880
     -1.06839377
     -1.45901875
     -1.84964373
     -2.24026870
     -2.63089368
     -3.02151865
      2.87104168
      2.48041670
      2.08979172
      1.69916675
      1.30854177
      0.91791679
      0.52729182
      0.13666684
     -0.25395814
     -0.64458311
     -1.03520809
     -1.42583307
     -1.81645804
     -2.20708302
     -2.59770800
     -2.98833298
      2.90422735
      2.51360238
      2.12297740
      1.73235242
      1.34172745
      0.95110247
      0.56047749
      0.16985251
     -0.22077246
     -0.61139744
     -1.00202242
     -1.39264740
     -1.78327238
     -2.17389735
     -2.56452233
     -2.95514731
      2.93741302
      2.54678804
      2.15616306
      1.76553809
      1.37491311
      0.98428813
      0.59366315
      0.20303817
     -0.18758680
     -0.57821178
     -0.96883676
     -1.35946174
     -1.75008672
     -2.14071170
     -2.53133668
     -2.92196165
      2.97059867
      2.57997370
      2.18934872
      1.79872374
      1.40809876
      1.01747378
      0.62684880
      0.23622382
     -0.15440116
     -0.54502614
     -0.93565112
     -1.32627609
     -1.71690107
     -2.10752605
     -2.49815103
     -2.88877601
      3.00378432
      2.61315934
      2.22253436
      1.83190938
      1.44128440
      1.05065942
      0.66003444
      0.26940946
     -0.12121552
     -0.51184050
     -0.90246548
     -1.29309046
     -1.68371544
     -2.07434042
     -2.46496540
     -2.85559038
      3.03696995
      2.64634497
      2.25571999
      1.86509500
      1.47447002
      1.08384504
      0.69322005
      0.00000000
