      0.00000000
      1.16037055
      1.55098297
      1.94159814
      2.33222195
      2.72285529
      3.11349350
     -2.77905632
     -2.38842972
     -1.99781307
     -1.60720165
     -1.21658757
     -0.82596434
     -0.43533072
     -0.04469149
      0.34594516
      0.73657240
      1.12718877
      1.51779914
      1.90841200
      2.29903454
      2.68966846
      3.08030881
     -2.81223854
     -2.42161057
     -2.03099449
     -1.64038528
     -1.24977379
     -0.85915202
     -0.46851780
     -0.07787622
      0.31276320
      0.70339201
      1.09400780
      1.48461573
      1.87522567
      2.26584656
      2.65648108
      3.04712403
     -2.84542021
     -2.45479042
     -2.06417492
     -1.67356843
     -1.28296023
     -0.89234038
     -0.50170554
     -0.11106107
      0.27958189
      0.67021281
      1.06082800
      1.45143290
      1.84203911
      2.23265775
      2.62329291
      3.01393910
     -2.87860110
     -2.48796885
     -2.09735396
     -1.70675088
     -1.31614695
     -0.92552973
     -0.53489424
     -0.14424611
      0.24640148
      0.63703530
      1.02764988
      1.41825091
      1.80885218
      2.19946772
      2.59010353
      2.98075390
     -2.91178092
     -2.52114523
     -2.13053095
     -1.73993230
     -1.34933414
     -0.95872062
     -0.56808448
     -0.17743152
      0.21322238
      0.60386032
      0.99447432
      1.38507021
      1.77566466
      2.16627572
      2.55691218
      2.94756818
     -2.94495913
     -2.55431842
     -2.16370469
     -1.77311209
     -1.38252210
     -0.99191410
     -0.60127734
     -0.21061770
      0.18004531
      0.57068948
      0.96130298
      1.35189162
      1.74247608
      2.13308024
      2.52371723
      2.91438133
     -2.97813472
     -2.58748612
     -2.19687277
     -1.80628904
     -1.41571157
     -1.02511241
     -0.63447525
     -0.24380558
      0.14687171
      0.53752615
      0.92813950
      1.31871700
      1.70928531
      2.09987774
      2.49051486
      2.88119177
     -3.01130551
     -2.62064301
     -2.23002936
     -1.83946012
     -1.44890433
     -1.05832145
     -0.66768480
     -0.27699808
      0.11370509
      0.50437944
      0.89499412
      1.28555184
      1.67608927
      2.06665743
      2.45729249
      2.84799339
     -3.04446543
     -2.65377169
     -2.26315392
     -1.87261356
     -1.48210627
     -1.09156433
     -0.70093463
     -0.31021112
      0.08055727
      0.47129010
      0.86191933
      1.25243015
      1.64287533
      2.03335279
      2.42395572
      2.81472005
     -3.07758857
     -2.68672002
     -2.29599963
     -1.90551645
     -1.51525064
     -1.12506228
     -0.73474642
     -0.34413809
      0.04678829
      0.43788978
      0.82892344
      1.21967887
      1.61009792
      2.00031021
      2.39056202
      2.78107782
     -3.11125280
     -2.72017781
     -2.32912761
     -1.93833335
     -1.54787910
     -1.15765355
     -0.76741396
     -0.37692532
      0.01390451
      0.40497125
      0.79603384
      1.18685373
      1.57733288
      1.96757018
      2.35780414
      2.74827541
      3.13908807
     -2.75303623
     -2.36196363
     -1.97112277
     -1.58062251
     -1.19037452
     -0.80014464
     -0.40968811
     -0.01889088
      0.37216410
      0.76324448
      1.15410327
      1.54462213
      1.93487965
      2.32510551
      2.71554769
      3.10632920
     -2.78580874
     -2.39472322
     -2.00384931
     -1.61331378
     -1.22304724
     -0.83282500
     -0.44239735
     -0.05163411
      0.33940004
      0.73048339
      1.12136680
      1.51191874
      1.90220042
      2.29242791
      2.68284504
      3.07358202
     -2.81860348
     -2.42754867
     -2.03667384
     -1.64610448
     -1.25578762
     -0.86552812
     -0.47510516
     -0.08439929
      0.30654280
      0.69754076
      1.08838843
      1.47897247
      1.86933331
      2.25963646
      2.65007412
      3.04075545
     -2.85153817
     -2.46058880
     -2.06976332
     -1.67916791
     -1.28877487
     -0.89844199
     -0.50799621
     -0.11733280
      0.27352614
      0.66444653
      1.05526097
      1.44586538
      1.83627763
      2.22662538
      2.61707157
      3.00772061
     -2.88462628
     -2.49372123
     -2.10291004
     -1.71229810
     -1.32187538
     -0.93152302
     -0.54108226
     -0.15044596
      0.24037970
      0.63127875
      1.02209245
      1.41271124
      1.80313811
      2.19348692
      2.58391692
      2.97454095
     -2.91782549
     -2.52692434
     -2.13610244
     -1.74547681
     -1.35505163
     -0.96471488
     -0.57430204
     -0.18369080
      0.20712726
      0.59803983
      0.98887721
      1.37951031
      1.76992664
      2.16023976
      2.55062584
      2.94122248
     -2.95113786
     -2.56020057
     -2.16933671
     -1.77869484
     -1.38829799
     -0.99802618
     -0.60768210
     -0.21710410
      0.17373715
      0.56471603
      0.95562018
      1.34627312
      1.73664025
      2.12685425
      2.51714233
      2.90769498
     -2.98463341
     -2.59361155
     -2.20266549
     -1.81199702
     -1.42164889
     -1.03147710
     -0.64123290
     -0.25070704
      0.14014738
      0.53118576
      0.92215513
      1.31284142
      1.70319447
      2.09335730
      2.48358335
      2.87408988
     -3.01825316
     -2.62721448
     -2.23623274
     -1.84552819
     -1.45516018
     -1.06499313
     -0.67477520
     -0.28428371
      0.10654620
      0.49758365
      0.88857764
      1.27930272
      1.66968960
      2.05986493
      2.45007776
      2.84055587
     -3.05181103
     -2.66077373
     -2.26976533
     -1.87901637
     -1.48860667
     -1.09841960
     -0.70820978
     -0.31774441
      0.07306261
      0.46410082
      0.85512678
      1.24590491
      1.63634348
      2.02654698
      2.41675552
      2.80720694
     -3.08518465
     -2.69414465
     -2.30309453
     -1.91227480
     -1.52179271
     -1.13156215
     -0.74135388
     -0.35092546
      0.03984352
      0.43088716
      0.82199456
      1.21293014
      1.60355999
      1.99391146
      2.38413973
      2.77443398
     -3.11826202
     -2.72755716
     -2.33671594
     -1.94586646
     -1.55512070
     -1.16452423
     -0.77404246
     -0.38358701
      0.00693383
      0.39756773
      0.78829785
      1.17905770
      1.56977098
      1.96039330
      2.35093339
      2.74144412
      3.13199034
     -2.76057272
     -2.36987866
     -1.97915639
     -1.58846219
     -1.19783308
     -0.80726752
     -0.41672868
     -0.02616702
      0.36445135
      0.75512672
      1.14582742
      1.53650930
      1.92714112
      2.31772141
      2.70827776
      3.09884984
     -2.79371875
     -2.40305505
     -2.01236860
     -1.62169540
     -1.23106229
     -0.84047227
     -0.44990383
     -0.05932418
      0.33129173
      0.72194741
      1.11262365
      1.50329040
      1.89392416
      2.28452111
      2.67509845
      3.06568386
     -2.82688591
     -2.43623611
     -2.04556756
     -1.65490584
     -1.26427175
     -0.87366962
     -0.48308543
     -0.09249546
      0.29811993
      0.68876524
      1.07942778
      1.47008546
      1.86071969
      2.25132584
      2.64191546
      3.03250913
     -2.86006080
     -2.46941901
     -2.07876130
     -1.68810694
     -1.29747270
     -0.90686335
     -0.51626932
     -0.12567256
      0.26494289
      0.65558184
      1.04623558
      1.43688714
      1.82752133
      2.21813328
      2.60873098
      2.99933035
     -2.89323939
     -2.50260276
     -2.11195235
     -1.72130316
     -1.33066908
     -0.94005499
     -0.54945420
     -0.15885259
      0.23176313
      0.62239784
      1.01304543
      1.40369255
      1.79432649
      2.18494238
      2.57554581
      2.96614937
     -2.92642003
     -2.53578695
     -2.14514179
     -1.75449647
     -1.36386270
     -0.97324529
     -0.58263958
     -0.19203430
      0.19858180
      0.58921351
      0.97985656
      1.37050028
      1.76113387
      2.15175257
      2.54236028
      2.93296709
     -2.95960191
     -2.56897139
     -2.17833019
     -1.78768789
     -1.39705449
     -1.00643467
     -0.61582522
     -0.22521705
      0.16539947
      0.55602898
      0.94666855
      1.33730957
      1.72794277
      2.11856355
      2.50917455
      2.89978395
     -2.99278461
     -2.60215600
     -2.21151787
     -1.82087801
     -1.43024501
     -1.03962339
     -0.64901101
     -0.25840050
      0.13221646
      0.52284430
      0.91348114
      1.30411996
      1.69475274
      2.08537510
      2.47598871
      2.86660024
     -3.02596789
     -2.63534073
     -2.24470504
     -1.85406718
     -1.46343461
     -1.07281161
     -0.68219686
      0.00000000
