      0.00000000
     -0.31875283
     -0.70936523
     -1.09998039
     -1.49060418
     -1.88123751
     -2.27187571
     -2.66251117
     -3.05313776
      2.83943092
      2.44881951
      2.05820545
      1.66758224
      1.27694863
      0.88630942
      0.49567279
      0.10504557
     -0.28557078
     -0.67618113
     -1.06679397
     -1.45741650
     -1.84805040
     -2.23869073
     -2.62932866
     -3.01995662
      2.87261263
      2.48200344
      2.09139197
      1.70077022
      1.31013602
      0.91949446
      0.52885506
      0.13822627
     -0.25238950
     -0.64299741
     -1.03360733
     -1.42422819
     -1.81486270
     -2.20550562
     -2.59614667
     -2.98677644
      2.90579340
      2.51518693
      2.12457875
      1.73395893
      1.34332411
      0.95267967
      0.56203674
      0.17140584
     -0.21920933
     -0.60981420
     -1.00042038
     -1.39103900
     -1.78167413
     -2.17232029
     -2.56296537
     -2.95359760
      2.93897285
      2.54836979
      2.15776590
      1.76714871
      1.37651325
      0.98586514
      0.59521758
      0.20458379
     -0.18603076
     -0.57663176
     -0.96723300
     -1.35784850
     -1.74848428
     -2.13913462
     -2.52978507
     -2.92042072
      2.97215034
      2.58155172
      2.19095359
      1.80034012
      1.40970401
      1.01905109
      0.62839723
      0.23775932
     -0.15285464
     -0.54345048
     -0.93404490
     -1.32465591
     -1.71529233
     -2.10594829
     -2.49660625
     -2.88724692
      3.00532470
      2.61473214
      2.22414221
      1.83353425
      1.44289754
      1.05223794
      0.66157499
      0.27093086
     -0.11968259
     -0.51027118
     -0.90085558
     -1.29145969
     -1.68209663
     -2.07276067
     -2.46342987
     -2.85407842
      3.03849360
      2.64790992
      2.25733252
      1.86673342
      1.47609633
      1.08542671
      0.69474949
      0.30409511
     -0.08651816
     -0.47709559
     -0.86766383
     -1.25825619
     -1.64889324
     -2.03957007
     -2.43025801
     -2.82092043
      3.07165131
      2.68108215
      2.29052645
      1.89994366
      1.50930710
      1.11862048
      0.72791740
      0.33724315
     -0.05337143
     -0.44392905
     -0.83446636
     -1.22503441
     -1.61566935
     -2.00637013
     -2.39709649
     -2.78779010
      3.10477757
      2.71423736
      2.32373021
      1.93318843
      1.54255889
      1.15183555
      0.76106734
      0.37033470
     -0.02029432
     -0.41080492
     -0.80124987
     -1.19172707
     -1.58232973
     -1.97309374
     -2.36397008
     -2.75483823
      3.13762716
      2.74714453
      2.35687939
      1.96669183
      1.57637692
      1.18576972
      0.79484464
      0.40374464
      0.01271266
     -0.37804089
     -0.76845786
     -1.15866787
     -1.54891722
     -1.93943036
     -2.33028218
     -2.72135413
     -3.11240109
      2.77999337
      2.38954272
      1.99932096
      1.60908533
      1.21860083
      0.82777531
      0.43671304
      0.04565509
     -0.34515999
     -0.73563419
     -1.12586638
     -1.51609508
     -1.90656096
     -2.29736808
     -2.68842342
     -3.07949022
      2.81286015
      2.42236593
      2.03212409
      1.64190047
      1.25145030
      0.86065953
      0.46961110
      0.07853735
     -0.31231473
     -0.70282680
     -1.09307747
     -1.48329643
     -1.87373165
     -2.26450614
     -2.65554646
     -3.04662489
      2.84569362
      2.45516522
      2.06490583
      1.67469075
      1.28427026
      0.89351417
      0.50248716
      0.11141093
     -0.27946538
     -0.67001027
     -1.06028493
     -1.45050545
     -1.84091566
     -2.23164579
     -2.62263883
     -3.01368693
      2.87863016
      2.48806732
      2.09775689
      1.70750370
      1.31708695
      0.92638718
      0.53545105
      0.14445892
     -0.24638305
     -0.63696151
     -1.02731694
     -1.41761481
     -1.80804736
     -2.19872373
     -2.58961061
     -2.98055535
      2.91180895
      2.52121783
      2.13082890
      1.74049996
      1.35005794
      0.95939810
      0.56854254
      0.17762535
     -0.21318609
     -0.60378770
     -0.99419735
     -1.38454270
     -1.77498668
     -2.16563373
     -2.55647036
     -2.94737383
      2.94500166
      2.55439088
      2.16396912
      1.77361749
      1.38317725
      0.99254126
      0.60171570
      0.21081654
     -0.17999750
     -0.57061683
     -0.96104445
     -1.35139423
     -1.74182541
     -2.13245083
     -2.52327131
     -2.91417426
      2.97818714
      2.58755929
      2.19713169
      1.80679231
      1.41637665
      1.02576239
      0.63494112
      0.24402514
     -0.14681583
     -0.53745271
     -0.92787299
     -1.31819026
     -1.70858064
     -2.09918177
     -2.49001140
     -2.88095351
      3.01136296
      2.62071595
      2.23031380
      1.84003655
      1.44968688
      1.05910316
      0.66825605
      0.27727118
     -0.11363909
     -0.50429826
     -0.89467173
     -1.28489218
     -1.67518681
     -2.06574609
     -2.45660974
     -2.84763840
      3.04459398
      2.65391857
      2.26356344
      1.87338461
      1.48313332
      1.09260034
      0.70173879
      0.31069323
     -0.08028331
     -0.47097678
     -0.86133701
     -1.25150703
     -1.64174023
     -2.03225390
     -2.42310327
     -2.81414903
      3.07804750
      2.68733596
      2.29696101
      1.90678709
      1.51656236
      1.12606413
      0.73522757
      0.34418355
     -0.04681692
     -0.43754838
     -0.82794154
     -1.21812305
     -1.60834194
     -1.99882599
     -2.38965021
     -2.78069320
      3.11147814
      2.72072376
      2.33030879
      1.94011660
      1.54990180
      1.15943162
      0.76861994
      0.37757724
     -0.01345305
     -0.40423533
     -0.79467787
     -1.18488518
     -1.57509733
     -1.96555218
     -2.35634914
     -2.74739220
     -3.13844518
      2.75391772
      2.36343315
      1.97320031
      1.58298995
      1.19255965
      0.80178898
      0.41074384
      0.01963514
     -0.37130157
     -0.76193239
     -1.15228465
     -1.54251359
     -1.93280841
     -2.32329818
     -2.71400344
     -3.10484502
      2.78749051
      2.39674446
      2.00614774
      1.61566573
      1.22521006
      0.83468902
      0.44405493
      0.05332463
     -0.33743540
     -0.72814885
     -1.11877131
     -1.50931155
     -1.89982243
     -2.29036879
     -2.68099116
     -3.07168535
      2.82077757
      2.43008325
      2.03945403
      1.64888836
      1.25834940
      0.86778765
      0.47716917
      0.08649370
     -0.30420709
     -0.69488906
     -1.08552097
     -1.47610135
     -1.86665778
     -2.25722995
     -2.64784674
     -3.03851052
      2.85398826
      2.46331498
      2.07268180
      1.68209171
      1.29152320
      0.90094348
      0.51032750
      0.11967176
     -0.27100455
     -0.66167136
     -1.05230518
     -1.44290219
     -1.83347959
     -2.22406506
     -2.61468066
     -3.00533051
      2.88718618
      2.49652441
      2.10589027
      1.71528809
      1.32470385
      0.93411383
      0.54349839
      0.15285303
     -0.23780956
     -0.62846729
     -1.01910156
     -1.40970776
     -1.80029742
     -2.19089114
     -2.58150656
     -2.97214839
      2.92037917
      2.52972477
      2.13909048
      1.74848109
      1.35788702
      0.96729022
      0.57667474
      0.18603575
     -0.20461802
     -0.59526963
     -0.98590385
     -1.37651584
     -1.76711357
     -2.15771297
     -2.54832857
     -2.93896524
      2.95356962
      2.56292040
      2.17228629
      1.78167217
      1.39107135
      1.00046970
      0.60985395
      0.21921921
     -0.17142840
     -0.56207556
     -0.95270952
     -1.34332544
     -1.73392890
     -2.12453249
     -2.51514842
     -2.90578154
      2.98675859
      2.59611324
      2.20547944
      1.81486201
      1.42425627
      1.03365096
      0.64303484
      0.25240311
     -0.13823996
     -0.52888371
     -0.91951733
     -1.31013605
     -1.70074378
     -2.09135061
     -2.48196694
     -2.87259749
      3.01994660
      2.62930427
      2.23867085
      1.84805101
      1.45744154
      1.06683335
      0.67621680
      0.28558728
     -0.10505231
     -0.49569335
     -0.88632657
     -1.27694738
     -1.66755840
     -2.05816782
     -2.44878458
     -2.83941321
      3.05313395
      2.66249407
      2.27186106
      1.88123941
      1.49062702
      1.10001648
      0.70939951
      0.31877165
     -0.07186521
     -0.46250404
     -0.85313684
     -1.24375922
     -1.63437285
     -2.02498439
     -2.41560158
     -2.80622877
      3.08632084
      2.69568296
      2.30505037
      1.91442736
      1.52381259
      0.00000000
