      0.00000000
      0.00000018
      0.00000097
      0.00000326
      0.00000853
      0.00001826
      0.00003290
      0.00005094
      0.00006854
      0.00008030
      0.00008134
      0.00007014
      0.00005105
      0.00003502
      0.00003703
      0.00007037
      0.00014011
      0.00023931
      0.00035020
      0.00044898
      0.00051172
      0.00051971
      0.00046532
      0.00035904
      0.00023480
      0.00014537
      0.00014188
      0.00024588
      0.00043580
      0.00065986
      0.00086189
      0.00099863
      0.00104227
      0.00097817
      0.00080980
      0.00057366
      0.00034977
      0.00024124
      0.00031651
      0.00055984
      0.00088413
      0.00119008
      0.00140977
      0.00150908
      0.00147078
      0.00128803
      0.00098226
      0.00063485
      0.00038976
      0.00038274
      0.00063672
      0.00104263
      0.00145017
      0.00175664
      0.00191995
      0.00192570
      0.00176183
      0.00142948
      0.00098942
      0.00060054
      0.00046693
      0.00068319
      0.00114516
      0.00165007
      0.00204702
      0.00227924
      0.00233814
      0.00221433
      0.00189251
      0.00140042
      0.00088151
      0.00058903
      0.00071309
      0.00119455
      0.00178835
      0.00228097
      0.00258814
      0.00270588
      0.00263511
      0.00235329
      0.00185333
      0.00123696
      0.00077071
      0.00074470
      0.00119352
      0.00185884
      0.00245300
      0.00284461
      0.00302712
      0.00301696
      0.00279631
      0.00233101
      0.00166549
      0.00103494
      0.00080568
      0.00115115
      0.00185397
      0.00255274
      0.00304279
      0.00329906
      0.00335435
      0.00320757
      0.00281263
      0.00215606
      0.00140089
      0.00093505
      0.00109056
      0.00176993
      0.00256576
      0.00317178
      0.00351668
      0.00364268
      0.00357492
      0.00327455
      0.00268505
      0.00187439
      0.00117846
      0.00105675
      0.00161582
      0.00247628
      0.00321433
      0.00367070
      0.00387737
      0.00388917
      0.00369351
      0.00321725
      0.00243781
      0.00157326
      0.00111890
      0.00142770
      0.00227516
      0.00314674
      0.00374469
      0.00405175
      0.00414457
      0.00405114
      0.00371250
      0.00304645
      0.00212536
      0.00135652
      0.00128326
      0.00197711
      0.00294339
      0.00371198
      0.00415291
      0.00433711
      0.00433738
      0.00413623
      0.00363747
      0.00279111
      0.00182225
      0.00130084
      0.00164770
      0.00259281
      0.00353584
      0.00415590
      0.00445938
      0.00455005
      0.00446879
      0.00415023
      0.00348256
      0.00249599
      0.00159806
      0.00142505
      0.00213227
      0.00318102
      0.00401917
      0.00449204
      0.00468875
      0.00470787
      0.00454705
      0.00410104
      0.00327114
      0.00220993
      0.00149332
      0.00169397
      0.00264969
      0.00368995
      0.00439451
      0.00474298
      0.00486105
      0.00482167
      0.00457855
      0.00400021
      0.00303123
      0.00197186
      0.00151142
      0.00204685
      0.00313670
      0.00410367
      0.00467798
      0.00492958
      0.00499002
      0.00489844
      0.00456950
      0.00386160
      0.00278885
      0.00180220
      0.00162805
      0.00242572
      0.00356036
      0.00442691
      0.00488845
      0.00506753
      0.00508427
      0.00494273
      0.00452606
      0.00369854
      0.00256258
      0.00170300
      0.00180812
      0.00278981
      0.00391064
      0.00467260
      0.00504210
      0.00516742
      0.00514882
      0.00495750
      0.00445337
      0.00352105
      0.00236179
      0.00166428
      0.00201942
      0.00311720
      0.00419059
      0.00485481
      0.00515103
      0.00523587
      0.00518629
      0.00494414
      0.00435435
      0.00333443
      0.00218801
      0.00167180
      0.00223928
      0.00340031
      0.00440888
      0.00498573
      0.00522367
      0.00527670
      0.00519750
      0.00490230
      0.00422898
      0.00313931
      0.00203819
      0.00171300
      0.00245548
      0.00364034
      0.00457541
      0.00507482
      0.00526550
      0.00529175
      0.00518170
      0.00482953
      0.00407414
      0.00293297
      0.00190828
      0.00178012
      0.00266412
      0.00384267
      0.00469919
      0.00512896
      0.00527986
      0.00528128
      0.00513656
      0.00472115
      0.00388413
      0.00271151
      0.00179639
      0.00187095
      0.00286649
      0.00401371
      0.00478729
      0.00515276
      0.00526837
      0.00524414
      0.00505794
      0.00457016
      0.00365175
      0.00247258
      0.00170527
      0.00198808
      0.00306591
      0.00415868
      0.00484449
      0.00514890
      0.00523124
      0.00517758
      0.00493944
      0.00436740
      0.00337010
      0.00221867
      0.00164383
      0.00213685
      0.00326479
      0.00428018
      0.00487313
      0.00511838
      0.00516713
      0.00507673
      0.00477202
      0.00410214
      0.00303551
      0.00196073
      0.00162715
      0.00232226
      0.00346208
      0.00437743
      0.00487328
      0.00506059
      0.00507283
      0.00493391
      0.00454353
      0.00376380
      0.00265207
      0.00172142
      0.00167402
      0.00254488
      0.00365159
      0.00444633
      0.00484311
      0.00497321
      0.00494244
      0.00473765
      0.00423915
      0.00334574
      0.00223776
      0.00153573
      0.00180069
      0.00279669
      0.00382151
      0.00448028
      0.00477931
      0.00485172
      0.00476629
      0.00447201
      0.00384363
      0.00285248
      0.00183080
      0.00144579
      0.00201176
      0.00305856
      0.00395587
      0.00447166
      0.00467726
      0.00468836
      0.00452952
      0.00411728
      0.00334761
      0.00231044
      0.00149106
      0.00148696
      0.00229119
      0.00330148
      0.00403770
      0.00441322
      0.00453049
      0.00447046
      0.00421152
      0.00365442
      0.00275971
      0.00177828
      0.00128860
      0.00166770
      0.00259976
      0.00349243
      0.00405274
      0.00429842
      0.00432898
      0.00417894
      0.00378843
      0.00307628
      0.00212341
      0.00134567
      0.00127457
      0.00195451
      0.00288319
      0.00360266
      0.00399159
      0.00411989
      0.00405685
      0.00378911
      0.00324254
      0.00240729
      0.00152807
      0.00110579
      0.00144596
      0.00227610
      0.00308838
      0.00361397
      0.00384860
      0.00386625
      0.00369167
      0.00327813
      0.00258221
      0.00172389
      0.00109223
      0.00110274
      0.00173266
      0.00254875
      0.00317864
      0.00351924
      0.00361770
      0.00351999
      0.00321021
      0.00264396
      0.00186762
      0.00115118
      0.00090525
      0.00129081
      0.00202501
      0.00270677
      0.00313876
      0.00331693
      0.00328825
      0.00306143
      0.00260602
      0.00193319
      0.00121818
      0.00080886
      0.00095973
      0.00155025
      0.00222313
      0.00271786
      0.00296858
      0.00300434
      0.00284743
      0.00248517
      0.00191747
      0.00125490
      0.00076676
      0.00072685
      0.00114411
      0.00175135
      0.00226991
      0.00257782
      0.00267270
      0.00257778
      0.00229540
      0.00182706
      0.00124376
      0.00074219
      0.00056933
      0.00081332
      0.00131101
      0.00180960
      0.00215091
      0.00229598
      0.00225743
      0.00204624
      0.00167045
      0.00117923
      0.00071068
      0.00046303
      0.00055572
      0.00091729
      0.00135262
      0.00169586
      0.00187632
      0.00188793
      0.00174233
      0.00145381
      0.00106050
      0.00065678
      0.00038665
      0.00036442
      0.00058247
      0.00091683
      0.00122401
      0.00141663
      0.00146803
      0.00138297
      0.00117805
      0.00088551
      0.00056853
      0.00032105
      0.00022966
      0.00031703
      0.00052421
      0.00075309
      0.00092282
      0.00099371
      0.00095976
      0.00083436
      0.00064415
      0.00043002
      0.00024456
      0.00013689
      0.00012934
      0.00020466
      0.00031678
      0.00041603
      0.00046901
      0.00046438
      0.00040861
      0.00031918
      0.00021848
      0.00012826
      0.00006424
      0.00003215
      0.00002732
      0.00003819
      0.00005209
      0.00005991
      0.00005822
      0.00004845
      0.00003470
      0.00002126
      0.00001094
      0.00000457
      0.00000145
      0.00000027
      0.00000000
