      0.00000000
      0.44613260
      0.05029443
     -0.25909184
     -0.48598816
     -0.65684588
     -0.79395116
     -0.91274487
     -1.02474936
     -1.14080267
     -1.27492618
     -1.45152071
     -1.72234801
     -2.19045807
     -2.86677049
      2.87278321
      2.56003163
      2.36904981
      2.23428321
      2.12521673
      2.02469445
      1.91924001
      1.79322679
      1.62094939
      1.34867634
      0.86985445
      0.18336856
     -0.35445992
     -0.66003264
     -0.84547977
     -0.97536119
     -1.08054912
     -1.17989253
     -1.28979380
     -1.43088457
     -1.63944872
     -1.99273981
     -2.59614152
      3.02201482
      2.60223858
      2.36284188
      2.20908026
      2.09534758
      1.99702083
      1.89572034
      1.77208753
      1.59740931
      1.31471506
      0.81519169
      0.11854381
     -0.40972213
     -0.70851815
     -0.88933967
     -1.01421573
     -1.11424016
     -1.21022684
     -1.32156390
     -1.47309070
     -1.70892790
     -2.12048433
     -2.78262619
      2.87874577
      2.51157521
      2.29861330
      2.15951079
      2.05532134
      1.96231319
      1.86041708
      1.72684221
      1.52588324
      1.18491150
      0.59498395
     -0.09029981
     -0.53712541
     -0.78986514
     -0.94728272
     -1.05841412
     -1.15065670
     -1.24521006
     -1.36387373
     -1.53672076
     -1.82054349
     -2.32292272
     -3.02605690
      2.72015798
      2.41619447
      2.23463828
      2.11303190
      2.01901974
      1.92979390
      1.82383901
      1.67481104
      1.43819883
      1.02343751
      0.35661293
     -0.27134545
     -0.64317488
     -0.85750711
     -0.99439457
     -1.09339938
     -1.17966081
     -1.27497086
     -1.40334738
     -1.60031472
     -1.93601877
     -2.51935953
      3.06933888
      2.60786509
      2.34760471
      2.18860630
      2.08030211
      1.99393705
      1.90687101
      1.79633061
      1.63294751
      1.36435981
      0.88849260
      0.18823912
     -0.38263841
     -0.70902590
     -0.90025664
     -1.02378861
     -1.11438473
     -1.19633690
     -1.29203967
     -1.42701701
     -1.64049663
     -2.01094731
     -2.63736180
      2.97257684
      2.55062175
      2.31145686
      2.16425510
      2.06381995
      1.98275604
      1.89825918
      1.78686624
      1.61791115
      1.33595119
      0.83617531
      0.12910718
     -0.42077085
     -0.73306504
     -0.91658899
     -1.03458604
     -1.12045879
     -1.19843780
     -1.29123986
     -1.42462928
     -1.63776777
     -2.00858031
     -2.63545455
      2.97262398
      2.54847363
      2.30837282
      2.16176885
      2.06344509
      1.98583589
      1.90589937
      1.80019999
      1.63914825
      1.37102658
      0.89543062
      0.19371322
     -0.38295766
     -0.71359361
     -0.90577801
     -1.02698409
     -1.11223855
     -1.18631077
     -1.27198349
     -1.39409089
     -1.58788661
     -1.92136826
     -2.50166132
      3.08051322
      2.60766008
      2.34139711
      2.18215667
      2.07878024
      2.00182784
      1.92782254
      1.83375442
      1.69267924
      1.46172872
      1.05513499
      0.39345577
     -0.25280640
     -0.64218980
     -0.86395873
     -0.99979034
     -1.09057905
     -1.16270002
     -1.23907673
     -1.34326861
     -1.50506840
     -1.77670228
     -2.25881856
     -2.96314135
      2.74764675
      2.41990159
      2.22973102
      2.11095103
      2.02900246
      1.95921108
      1.87883339
      1.76349276
      1.57983884
      1.26506711
      0.71193654
      0.00291592
     -0.49879048
     -0.78153523
     -0.94855864
     -1.05468540
     -1.13051502
     -1.19976254
     -1.28519813
     -1.41226461
     -1.61851353
     -1.97782448
     -2.59138617
      3.00495368
      2.56305127
      2.31379643
      2.16427027
      2.06768285
      1.99597461
      1.92597830
      1.83476061
      1.69556318
      1.46603532
      1.06149477
      0.40150863
     -0.24818787
     -0.64125244
     -0.86471647
     -1.00056376
     -1.08984242
     -1.15892711
     -1.23067506
     -1.32829876
     -1.48015231
     -1.73402025
     -2.18436544
     -2.87589689
      2.80167119
      2.44889526
      2.24619567
      2.12146106
      2.03788019
      1.97023974
      1.89584332
      1.79107115
      1.62560931
      1.34543565
      0.84822377
      0.13980936
     -0.41873218
     -0.73708781
     -0.92218142
     -1.03748920
     -1.11655935
     -1.18377299
     -1.26177465
     -1.37476347
     -1.55554310
     -1.86550030
     -2.41135224
     -3.12174733
      2.65167288
      2.36408278
      2.19473329
      2.08777538
      2.01228560
      1.94449783
      1.86171852
      1.73890991
      1.53996233
      1.19455218
      0.59825985
     -0.09773678
     -0.55724071
     -0.81615435
     -0.97076741
     -1.07007608
     -1.14282264
     -1.21231543
     -1.30141983
     -1.43642692
     -1.65803380
     -2.04746051
     -2.69370270
      2.92657712
      2.51856903
      2.28715668
      2.14674797
      2.05453723
      1.98361490
      1.91099717
      1.81346105
      1.66277614
      1.41164793
      0.96630356
      0.27753355
     -0.33219999
     -0.68832922
     -0.89308503
     -1.01968901
     -1.10543962
     -1.17573224
     -1.25336611
     -1.36224159
     -1.53368799
     -1.82468203
     -2.34029869
     -3.05084193
      2.69375682
      2.38840280
      2.20932251
      2.09594240
      2.01568158
      1.94433659
      1.85910570
      1.73482481
      1.53507944
      1.18882398
      0.59124177
     -0.10305248
     -0.55949270
     -0.81693372
     -0.97178219
     -1.07298351
     -1.14930673
     -1.22410052
     -1.32048005
     -1.46597856
     -1.70549624
     -2.12882108
     -2.80351188
      2.85018100
      2.47698477
      2.26303407
      2.13030810
      2.03952315
      1.96476214
      1.88316438
      1.77070067
      1.59536888
      1.29818067
      0.77227529
      0.06220590
     -0.46369264
     -0.76115309
     -0.93711518
     -1.05062375
     -1.13369508
     -1.21031428
     -1.30332542
     -1.43890919
     -1.65749235
     -2.03988485
     -2.67926609
      2.93862331
      2.52741034
      2.29361196
      2.14951828
      2.05141437
      1.97222853
      1.88907823
      1.77832928
      1.60908422
      1.32537283
      0.82193827
      0.11432847
     -0.43170237
     -0.74183487
     -0.92492996
     -1.04366664
     -1.13120341
     -1.21159435
     -1.30746413
     -1.44491445
     -1.66474420
     -2.04889082
     -2.68997616
      2.93177850
      2.52500967
      2.29312226
      2.14870978
      2.04840233
      1.96547760
      1.87741561
      1.76058011
      1.58277494
      1.28362579
      0.75439578
      0.04689425
     -0.47004900
     -0.76220049
     -0.93732528
     -1.05386746
     -1.14323426
     -1.22865008
     -1.33246620
     -1.48192912
     -1.72284526
     -2.14764764
     -2.82225509
      2.84102550
      2.47620180
      2.26484133
      2.12913318
      2.03043608
      1.94387348
      1.84768196
      1.71761853
      1.51721257
      1.17375920
      0.57955668
     -0.10818444
     -0.55662259
     -0.81069374
     -0.96841326
     -1.07867354
     -1.16919395
     -1.26170137
     -1.37848224
     -1.54988135
     -1.83273299
     -2.33456293
     -3.03755888
      2.70840166
      2.40366192
      2.22063065
      2.09683460
      2.00018406
      1.90840196
      1.80055155
      1.65055338
      1.41335961
      0.99677527
      0.32970411
     -0.29019723
     -0.65574561
     -0.86864589
     -1.00817713
     -1.11284757
     -1.20624853
     -1.30840046
     -1.44217628
     -1.64378592
     -1.98728413
     -2.58093460
      3.02236918
      2.58297224
      2.33296999
      2.17454219
      2.05980435
      1.96269936
      1.86367040
      1.74243520
      1.56972697
      1.28837183
      0.78954957
      0.09312096
     -0.43541772
     -0.73530625
     -0.91817180
     -1.04589161
     -1.14897811
     -1.24722596
     -1.35874758
     -1.50699487
     -1.73426527
     -2.12941884
     -2.77605390
      2.87996316
      2.50506815
      2.28613112
      2.13994776
      2.02751297
      1.92735907
      1.82309027
      1.69655703
      1.51893100
      1.23070149
      0.72120565
      0.03187634
     -0.47480798
     -0.76298355
     -0.94289459
     -1.07294700
     -1.18060963
     -1.28198152
     -1.39033982
     -1.52191164
     -1.70471790
     -1.99837914
     -2.51097898
      3.09095636
      2.59053772
      2.30003854
      2.11228785
      1.96994997
      1.84586970
      1.72420510
      1.59218171
      1.43555974
      1.23515731
      0.96618886
      0.61228605
      0.00000000
