             NaN
      0.39229028
      0.78812845
      1.09751472
      1.32441104
      1.49526876
      1.63237404
      1.75116775
      1.86317224
      1.97922555
      2.11334906
      2.28994359
      2.56077089
      3.02888095
     -2.57799194
     -2.03436033
     -1.72160875
     -1.53062693
     -1.39586033
     -1.28679385
     -1.18627157
     -1.08081713
     -0.95480391
     -0.78252651
     -0.51025346
     -0.03143157
      0.65505432
      1.19288280
      1.49845552
      1.68390265
      1.81378407
      1.91897200
      2.01831541
      2.12821668
      2.26930745
      2.47787160
      2.83116269
     -2.84862091
     -2.18359194
     -1.76381570
     -1.52441900
     -1.37065738
     -1.25692470
     -1.15859795
     -1.05729746
     -0.93366465
     -0.75898643
     -0.47629218
      0.02323119
      0.71987907
      1.24814501
      1.54694103
      1.72776255
      1.85263861
      1.95266304
      2.04864972
      2.15998678
      2.31151358
      2.54735078
      2.95890721
     -2.66213624
     -2.04032289
     -1.67315232
     -1.46019042
     -1.32108791
     -1.21689846
     -1.12389031
     -1.02199420
     -0.88841933
     -0.68746036
     -0.34648862
      0.24343893
      0.92872269
      1.37554829
      1.62828802
      1.78570561
      1.89683700
      1.98907958
      2.08363294
      2.20229661
      2.37514364
      2.65896638
     -3.12183971
     -2.41870552
     -1.88173510
     -1.57777159
     -1.39621540
     -1.27460902
     -1.18059686
     -1.09137101
     -0.98541613
     -0.83638816
     -0.59977595
     -0.18501463
      0.48180995
      1.10976833
      1.48159776
      1.69592999
      1.83281745
      1.93182226
      2.01808369
      2.11339374
      2.24177026
      2.43873760
      2.77444166
     -2.92540290
     -2.23091600
     -1.76944221
     -1.50918183
     -1.35018341
     -1.24187923
     -1.15551417
     -1.06844813
     -0.95790772
     -0.79452463
     -0.52593693
     -0.05006972
      0.65018376
      1.22106129
      1.54744878
      1.73867952
      1.86221149
      1.95280761
      2.03475979
      2.13046255
      2.26543990
      2.47891952
      2.84937019
     -2.80740062
     -2.13415396
     -1.71219886
     -1.47303398
     -1.32583222
     -1.22539707
     -1.14433316
     -1.05983629
     -0.94844336
     -0.77948827
     -0.49752831
      0.00224758
      0.70931571
      1.25919373
      1.57148792
      1.75501187
      1.87300893
      1.95888167
      2.03686068
      2.12966274
      2.26305216
      2.47619065
      2.84700319
     -2.80930788
     -2.13420110
     -1.71005074
     -1.46994993
     -1.32334596
     -1.22502220
     -1.14741300
     -1.06747649
     -0.96177710
     -0.80072537
     -0.53260370
     -0.05700773
      0.64470967
      1.22138055
      1.55201649
      1.74420089
      1.86540698
      1.95066143
      2.02473366
      2.11040637
      2.23251377
      2.42630949
      2.75979115
     -2.94310110
     -2.24209034
     -1.76923719
     -1.50297422
     -1.34373379
     -1.24035735
     -1.16340496
     -1.08939966
     -0.99533154
     -0.85425636
     -0.62330583
     -0.21671211
      0.44496712
      1.09122929
      1.48061269
      1.70238161
      1.83821322
      1.92900194
      2.00112291
      2.07749961
      2.18169150
      2.34349128
      2.61512517
      3.09724145
     -2.48162107
     -1.90922387
     -1.58147870
     -1.39130813
     -1.27252814
     -1.19057958
     -1.12078819
     -1.04041051
     -0.92506987
     -0.74141595
     -0.42664422
      0.12648634
      0.83550696
      1.33721336
      1.61995812
      1.78698153
      1.89310829
      1.96893790
      2.03818543
      2.12362102
      2.25068750
      2.45693642
      2.81624737
     -2.85337625
     -2.16653079
     -1.72462838
     -1.47537354
     -1.32584738
     -1.22925996
     -1.15755172
     -1.08755541
     -0.99633772
     -0.85714029
     -0.62761244
     -0.22307188
      0.43691426
      1.08661076
      1.47967532
      1.70313935
      1.83898664
      1.92826530
      1.99735000
      2.06909795
      2.16672165
      2.31857520
      2.57244314
      3.02278833
     -2.56886553
     -1.96324830
     -1.61047237
     -1.40777278
     -1.28303817
     -1.19945730
     -1.13181685
     -1.05742043
     -0.95264827
     -0.78718643
     -0.50701276
     -0.00980088
      0.69861352
      1.25715507
      1.57551070
      1.76060431
      1.87591209
      1.95498224
      2.02219588
      2.10019754
      2.21318635
      2.39396599
      2.70392318
     -3.03341017
     -2.32301508
     -1.81324999
     -1.52565989
     -1.35631040
     -1.24935249
     -1.17386271
     -1.10607494
     -1.02329563
     -0.90048702
     -0.70153944
     -0.35612929
      0.24016304
      0.93615967
      1.39566360
      1.65457724
      1.80919030
      1.90849897
      1.98124553
      2.05073832
      2.13984272
      2.27484981
      2.49645669
      2.88588340
     -2.75105972
     -2.08815423
     -1.68014614
     -1.44873379
     -1.30832508
     -1.21611434
     -1.14519200
     -1.07257428
     -0.97503816
     -0.82435325
     -0.57322504
     -0.12788067
      0.56088934
      1.17062288
      1.52675211
      1.73150792
      1.85811190
      1.94386251
      2.01415513
      2.09178900
      2.20066448
      2.37211088
      2.66310493
     -3.10446373
     -2.39392048
     -1.85533392
     -1.54997991
     -1.37089962
     -1.25751951
     -1.17725869
     -1.10591370
     -1.02068281
     -0.89640192
     -0.69665655
     -0.35040109
      0.24718112
      0.94147538
      1.39791559
      1.65535662
      1.81020508
      1.91140640
      1.98772962
      2.06252342
      2.15890294
      2.30440145
      2.54391914
      2.96724397
     -2.64125053
     -2.01175811
     -1.63856188
     -1.42461118
     -1.29188521
     -1.20110025
     -1.12633925
     -1.04474149
     -0.93227778
     -0.75694598
     -0.45975778
      0.06614760
      0.77621699
      1.30211553
      1.59957599
      1.77553807
      1.88904664
      1.97211797
      2.04873717
      2.14174831
      2.27733208
      2.49591524
      2.87830774
     -2.76549633
     -2.10020042
     -1.68898745
     -1.45518907
     -1.31109539
     -1.21299147
     -1.13380564
     -1.05065533
     -0.93990638
     -0.77066132
     -0.48694994
      0.01648463
      0.72409442
      1.27012526
      1.58025777
      1.76335285
      1.88208954
      1.96962630
      2.05001724
      2.14588702
      2.28333735
      2.50316709
      2.88731371
     -2.75478625
     -2.09335561
     -1.68658677
     -1.45469936
     -1.31028688
     -1.20997944
     -1.12705471
     -1.03899271
     -0.92215722
     -0.74435205
     -0.44520289
      0.08402711
      0.79152864
      1.30847189
      1.60062339
      1.77574817
      1.89229035
      1.98165715
      2.06707297
      2.17088909
      2.32035202
      2.56126815
      2.98607053
     -2.62250732
     -2.00260261
     -1.63777890
     -1.42641844
     -1.29071028
     -1.19201318
     -1.10545058
     -1.00925906
     -0.87919564
     -0.67878968
     -0.33533631
      0.25886621
      0.94660734
      1.39504548
      1.64911663
      1.80683615
      1.91709644
      2.00761684
      2.10012427
      2.21690514
      2.38830424
      2.67115588
     -3.11019949
     -2.40720353
     -1.86997877
     -1.56523903
     -1.38220775
     -1.25841171
     -1.16176116
     -1.06997906
     -0.96212866
     -0.81213049
     -0.57493671
     -0.15835237
      0.50871879
      1.12862012
      1.49416851
      1.70706879
      1.84660002
      1.95127047
      2.04467143
      2.14682335
      2.28059918
      2.48220881
      2.82570703
     -2.86382781
     -2.18394628
     -1.74454934
     -1.49454710
     -1.33611929
     -1.22138145
     -1.12427647
     -1.02524750
     -0.90401231
     -0.73130407
     -0.44994893
      0.04887333
      0.74530194
      1.27384062
      1.57372915
      1.75659470
      1.88431451
      1.98740100
      2.08564886
      2.19717048
      2.34541776
      2.57268816
      2.96784173
     -2.66870851
     -2.04154026
     -1.66664525
     -1.44770822
     -1.30152486
     -1.18909008
     -1.08893618
     -0.98466737
     -0.85813413
     -0.68050810
     -0.39227859
      0.11721724
      0.80654656
      1.31323087
      1.60140644
      1.78131748
      1.91136990
      2.01903252
      2.12040442
      2.22876272
      2.36033454
      2.54314080
      2.83680204
     -2.93378343
     -2.25253346
     -1.75211482
     -1.46161564
     -1.27386495
     -1.13152707
     -1.00744680
     -0.88578220
     -0.75375881
     -0.59713684
     -0.39673441
     -0.12776597
      0.22613684
      0.00000000
