      0.00000000
      0.00014587
      0.00046485
      0.00076467
      0.00097776
      0.00112442
      0.00123452
      0.00132363
      0.00139658
      0.00145465
      0.00150003
      0.00153729
      0.00157233
      0.00161004
      0.00165246
      0.00169852
      0.00174537
      0.00179010
      0.00183118
      0.00186894
      0.00190500
      0.00194125
      0.00197893
      0.00201822
      0.00205847
      0.00209865
      0.00213795
      0.00217608
      0.00221326
      0.00224999
      0.00228678
      0.00232389
      0.00236130
      0.00239878
      0.00243606
      0.00247296
      0.00250942
      0.00254554
      0.00258146
      0.00261728
      0.00265306
      0.00268879
      0.00272438
      0.00275979
      0.00279497
      0.00282992
      0.00286467
      0.00289924
      0.00293367
      0.00296795
      0.00300210
      0.00303608
      0.00306988
      0.00310350
      0.00313694
      0.00317021
      0.00320330
      0.00323623
      0.00326900
      0.00330161
      0.00333405
      0.00336632
      0.00339841
      0.00343034
      0.00346209
      0.00349368
      0.00352510
      0.00355636
      0.00358744
      0.00361836
      0.00364911
      0.00367969
      0.00371010
      0.00374035
      0.00377042
      0.00380033
      0.00383007
      0.00385965
      0.00388905
      0.00391829
      0.00394736
      0.00397626
      0.00400500
      0.00403356
      0.00406196
      0.00409020
      0.00411826
      0.00414616
      0.00417389
      0.00420145
      0.00422885
      0.00425608
      0.00428314
      0.00431003
      0.00433676
      0.00436332
      0.00438972
      0.00441594
      0.00444200
      0.00446790
      0.00449362
      0.00451918
      0.00454457
      0.00456980
      0.00459486
      0.00461975
      0.00464448
      0.00466904
      0.00469343
      0.00471766
      0.00474172
      0.00476562
      0.00478935
      0.00481291
      0.00483630
      0.00485953
      0.00488260
      0.00490549
      0.00492823
      0.00495079
      0.00497319
      0.00499542
      0.00501749
      0.00503939
      0.00506113
      0.00508270
      0.00510411
      0.00512534
      0.00514642
      0.00516733
      0.00518807
      0.00520864
      0.00522906
      0.00524930
      0.00526938
      0.00528930
      0.00530904
      0.00532863
      0.00534805
      0.00536730
      0.00538639
      0.00540531
      0.00542407
      0.00544266
      0.00546109
      0.00547935
      0.00549745
      0.00551538
      0.00553315
      0.00555075
      0.00556819
      0.00558546
      0.00560257
      0.00561951
      0.00563629
      0.00565291
      0.00566936
      0.00568564
      0.00570176
      0.00571771
      0.00573350
      0.00574913
      0.00576459
      0.00577989
      0.00579502
      0.00580999
      0.00582479
      0.00583943
      0.00585390
      0.00586821
      0.00588236
      0.00589634
      0.00591016
      0.00592381
      0.00593730
      0.00595063
      0.00596379
      0.00597678
      0.00598961
      0.00600228
      0.00601479
      0.00602713
      0.00603930
      0.00605131
      0.00606316
      0.00607485
      0.00608637
      0.00609772
      0.00610891
      0.00611994
      0.00613081
      0.00614151
      0.00615204
      0.00616242
      0.00617263
      0.00618267
      0.00619255
      0.00620227
      0.00621183
      0.00622122
      0.00623044
      0.00623951
      0.00624841
      0.00625714
      0.00626572
      0.00627413
      0.00628237
      0.00629045
      0.00629837
      0.00630613
      0.00631372
      0.00632115
      0.00632841
      0.00633551
      0.00634245
      0.00634922
      0.00635583
      0.00636228
      0.00636857
      0.00637469
      0.00638064
      0.00638644
      0.00639207
      0.00639754
      0.00640284
      0.00640798
      0.00641296
      0.00641777
      0.00642242
      0.00642691
      0.00643123
      0.00643539
      0.00643939
      0.00644323
      0.00644690
      0.00645041
      0.00645375
      0.00645693
      0.00645995
      0.00646281
      0.00646550
      0.00646803
      0.00647039
      0.00647260
      0.00647464
      0.00647651
      0.00647822
      0.00647977
      0.00648116
      0.00648238
      0.00648345
      0.00648434
      0.00648508
      0.00648565
      0.00648606
      0.00648630
      0.00648638
      0.00648630
      0.00648606
      0.00648565
      0.00648508
      0.00648434
      0.00648345
      0.00648238
      0.00648116
      0.00647977
      0.00647822
      0.00647651
      0.00647464
      0.00647260
      0.00647039
      0.00646803
      0.00646550
      0.00646281
      0.00645995
      0.00645693
      0.00645375
      0.00645041
      0.00644690
      0.00644323
      0.00643939
      0.00643539
      0.00643123
      0.00642691
      0.00642242
      0.00641777
      0.00641296
      0.00640798
      0.00640284
      0.00639754
      0.00639207
      0.00638644
      0.00638064
      0.00637469
      0.00636857
      0.00636228
      0.00635583
      0.00634922
      0.00634245
      0.00633551
      0.00632841
      0.00632115
      0.00631372
      0.00630613
      0.00629837
      0.00629045
      0.00628237
      0.00627413
      0.00626572
      0.00625714
      0.00624841
      0.00623951
      0.00623044
      0.00622122
      0.00621183
      0.00620227
      0.00619255
      0.00618267
      0.00617263
      0.00616242
      0.00615204
      0.00614151
      0.00613081
      0.00611994
      0.00610891
      0.00609772
      0.00608637
      0.00607485
      0.00606316
      0.00605131
      0.00603930
      0.00602713
      0.00601479
      0.00600228
      0.00598961
      0.00597678
      0.00596379
      0.00595063
      0.00593730
      0.00592381
      0.00591016
      0.00589634
      0.00588236
      0.00586821
      0.00585390
      0.00583943
      0.00582479
      0.00580999
      0.00579502
      0.00577989
      0.00576459
      0.00574913
      0.00573350
      0.00571771
      0.00570176
      0.00568564
      0.00566936
      0.00565291
      0.00563629
      0.00561951
      0.00560257
      0.00558546
      0.00556819
      0.00555075
      0.00553315
      0.00551538
      0.00549745
      0.00547935
      0.00546109
      0.00544266
      0.00542407
      0.00540531
      0.00538639
      0.00536730
      0.00534805
      0.00532863
      0.00530904
      0.00528930
      0.00526938
      0.00524930
      0.00522906
      0.00520864
      0.00518807
      0.00516733
      0.00514642
      0.00512534
      0.00510411
      0.00508270
      0.00506113
      0.00503939
      0.00501749
      0.00499542
      0.00497319
      0.00495079
      0.00492823
      0.00490549
      0.00488260
      0.00485953
      0.00483630
      0.00481291
      0.00478935
      0.00476562
      0.00474172
      0.00471766
      0.00469343
      0.00466904
      0.00464448
      0.00461975
      0.00459486
      0.00456980
      0.00454457
      0.00451918
      0.00449362
      0.00446790
      0.00444200
      0.00441594
      0.00438972
      0.00436332
      0.00433676
      0.00431003
      0.00428314
      0.00425608
      0.00422885
      0.00420145
      0.00417389
      0.00414616
      0.00411826
      0.00409020
      0.00406196
      0.00403356
      0.00400500
      0.00397626
      0.00394736
      0.00391829
      0.00388905
      0.00385965
      0.00383007
      0.00380033
      0.00377042
      0.00374035
      0.00371010
      0.00367969
      0.00364911
      0.00361836
      0.00358744
      0.00355636
      0.00352510
      0.00349368
      0.00346209
      0.00343034
      0.00339841
      0.00336632
      0.00333405
      0.00330161
      0.00326900
      0.00323623
      0.00320330
      0.00317021
      0.00313694
      0.00310350
      0.00306988
      0.00303608
      0.00300210
      0.00296795
      0.00293367
      0.00289924
      0.00286467
      0.00282992
      0.00279497
      0.00275979
      0.00272438
      0.00268879
      0.00265306
      0.00261728
      0.00258146
      0.00254554
      0.00250942
      0.00247296
      0.00243606
      0.00239878
      0.00236130
      0.00232389
      0.00228678
      0.00224999
      0.00221326
      0.00217608
      0.00213795
      0.00209865
      0.00205847
      0.00201822
      0.00197893
      0.00194125
      0.00190500
      0.00186894
      0.00183118
      0.00179010
      0.00174537
      0.00169852
      0.00165246
      0.00161004
      0.00157233
      0.00153729
      0.00150003
      0.00145465
      0.00139658
      0.00132363
      0.00123452
      0.00112442
      0.00097776
      0.00076467
      0.00046485
      0.00014587
      0.00000000
