      0.00000000
      0.00005441
      0.00018079
      0.00028946
      0.00032602
      0.00029158
      0.00021128
      0.00011785
      0.00004665
      0.00002323
      0.00004680
      0.00009220
      0.00013088
      0.00014751
      0.00014187
      0.00012311
      0.00010333
      0.00009219
      0.00009326
      0.00010372
      0.00011723
      0.00012794
      0.00013302
      0.00013293
      0.00013026
      0.00012796
      0.00012801
      0.00013080
      0.00013542
      0.00014038
      0.00014449
      0.00014728
      0.00014898
      0.00015023
      0.00015167
      0.00015369
      0.00015629
      0.00015923
      0.00016218
      0.00016490
      0.00016732
      0.00016952
      0.00017164
      0.00017382
      0.00017612
      0.00017854
      0.00018102
      0.00018348
      0.00018589
      0.00018822
      0.00019050
      0.00019276
      0.00019503
      0.00019733
      0.00019964
      0.00020196
      0.00020427
      0.00020655
      0.00020882
      0.00021107
      0.00021331
      0.00021554
      0.00021778
      0.00022001
      0.00022224
      0.00022445
      0.00022666
      0.00022885
      0.00023104
      0.00023322
      0.00023538
      0.00023755
      0.00023970
      0.00024185
      0.00024399
      0.00024612
      0.00024824
      0.00025035
      0.00025245
      0.00025454
      0.00025663
      0.00025870
      0.00026077
      0.00026283
      0.00026488
      0.00026692
      0.00026895
      0.00027097
      0.00027299
      0.00027499
      0.00027699
      0.00027897
      0.00028095
      0.00028291
      0.00028487
      0.00028682
      0.00028876
      0.00029068
      0.00029260
      0.00029451
      0.00029641
      0.00029830
      0.00030018
      0.00030205
      0.00030391
      0.00030576
      0.00030760
      0.00030943
      0.00031126
      0.00031307
      0.00031487
      0.00031666
      0.00031844
      0.00032021
      0.00032197
      0.00032371
      0.00032545
      0.00032718
      0.00032890
      0.00033061
      0.00033230
      0.00033399
      0.00033567
      0.00033733
      0.00033899
      0.00034063
      0.00034226
      0.00034388
      0.00034550
      0.00034710
      0.00034869
      0.00035026
      0.00035183
      0.00035339
      0.00035493
      0.00035647
      0.00035799
      0.00035950
      0.00036100
      0.00036249
      0.00036397
      0.00036544
      0.00036690
      0.00036834
      0.00036977
      0.00037120
      0.00037261
      0.00037400
      0.00037539
      0.00037677
      0.00037813
      0.00037948
      0.00038082
      0.00038215
      0.00038347
      0.00038478
      0.00038607
      0.00038735
      0.00038862
      0.00038988
      0.00039113
      0.00039236
      0.00039358
      0.00039479
      0.00039599
      0.00039718
      0.00039835
      0.00039951
      0.00040066
      0.00040180
      0.00040293
      0.00040404
      0.00040514
      0.00040623
      0.00040731
      0.00040837
      0.00040942
      0.00041046
      0.00041149
      0.00041250
      0.00041350
      0.00041449
      0.00041547
      0.00041643
      0.00041739
      0.00041833
      0.00041925
      0.00042017
      0.00042107
      0.00042196
      0.00042283
      0.00042370
      0.00042455
      0.00042539
      0.00042621
      0.00042702
      0.00042782
      0.00042861
      0.00042938
      0.00043015
      0.00043089
      0.00043163
      0.00043235
      0.00043306
      0.00043376
      0.00043444
      0.00043511
      0.00043577
      0.00043641
      0.00043704
      0.00043766
      0.00043827
      0.00043886
      0.00043944
      0.00044001
      0.00044056
      0.00044110
      0.00044162
      0.00044214
      0.00044264
      0.00044313
      0.00044360
      0.00044406
      0.00044451
      0.00044494
      0.00044536
      0.00044577
      0.00044616
      0.00044655
      0.00044691
      0.00044727
      0.00044761
      0.00044794
      0.00044825
      0.00044855
      0.00044884
      0.00044912
      0.00044938
      0.00044962
      0.00044986
      0.00045008
      0.00045029
      0.00045048
      0.00045066
      0.00045083
      0.00045099
      0.00045113
      0.00045125
      0.00045137
      0.00045147
      0.00045156
      0.00045163
      0.00045169
      0.00045174
      0.00045177
      0.00045179
      0.00045180
      0.00045179
      0.00045177
      0.00045174
      0.00045169
      0.00045163
      0.00045156
      0.00045147
      0.00045137
      0.00045125
      0.00045113
      0.00045099
      0.00045083
      0.00045066
      0.00045048
      0.00045029
      0.00045008
      0.00044986
      0.00044962
      0.00044938
      0.00044912
      0.00044884
      0.00044855
      0.00044825
      0.00044794
      0.00044761
      0.00044727
      0.00044691
      0.00044655
      0.00044616
      0.00044577
      0.00044536
      0.00044494
      0.00044451
      0.00044406
      0.00044360
      0.00044313
      0.00044264
      0.00044214
      0.00044162
      0.00044110
      0.00044056
      0.00044001
      0.00043944
      0.00043886
      0.00043827
      0.00043766
      0.00043704
      0.00043641
      0.00043577
      0.00043511
      0.00043444
      0.00043376
      0.00043306
      0.00043235
      0.00043163
      0.00043089
      0.00043015
      0.00042938
      0.00042861
      0.00042782
      0.00042702
      0.00042621
      0.00042539
      0.00042455
      0.00042370
      0.00042283
      0.00042196
      0.00042107
      0.00042017
      0.00041925
      0.00041833
      0.00041739
      0.00041643
      0.00041547
      0.00041449
      0.00041350
      0.00041250
      0.00041149
      0.00041046
      0.00040942
      0.00040837
      0.00040731
      0.00040623
      0.00040514
      0.00040404
      0.00040293
      0.00040180
      0.00040066
      0.00039951
      0.00039835
      0.00039718
      0.00039599
      0.00039479
      0.00039358
      0.00039236
      0.00039113
      0.00038988
      0.00038862
      0.00038735
      0.00038607
      0.00038478
      0.00038347
      0.00038215
      0.00038082
      0.00037948
      0.00037813
      0.00037677
      0.00037539
      0.00037400
      0.00037261
      0.00037120
      0.00036977
      0.00036834
      0.00036690
      0.00036544
      0.00036397
      0.00036249
      0.00036100
      0.00035950
      0.00035799
      0.00035647
      0.00035493
      0.00035339
      0.00035183
      0.00035026
      0.00034869
      0.00034710
      0.00034550
      0.00034388
      0.00034226
      0.00034063
      0.00033899
      0.00033733
      0.00033567
      0.00033399
      0.00033230
      0.00033061
      0.00032890
      0.00032718
      0.00032545
      0.00032371
      0.00032197
      0.00032021
      0.00031844
      0.00031666
      0.00031487
      0.00031307
      0.00031126
      0.00030943
      0.00030760
      0.00030576
      0.00030391
      0.00030205
      0.00030018
      0.00029830
      0.00029641
      0.00029451
      0.00029260
      0.00029068
      0.00028876
      0.00028682
      0.00028487
      0.00028291
      0.00028095
      0.00027897
      0.00027699
      0.00027499
      0.00027299
      0.00027097
      0.00026895
      0.00026692
      0.00026488
      0.00026283
      0.00026077
      0.00025870
      0.00025663
      0.00025454
      0.00025245
      0.00025035
      0.00024824
      0.00024612
      0.00024399
      0.00024185
      0.00023970
      0.00023755
      0.00023538
      0.00023322
      0.00023104
      0.00022885
      0.00022666
      0.00022445
      0.00022224
      0.00022001
      0.00021778
      0.00021554
      0.00021331
      0.00021107
      0.00020882
      0.00020655
      0.00020427
      0.00020196
      0.00019964
      0.00019733
      0.00019503
      0.00019276
      0.00019050
      0.00018822
      0.00018589
      0.00018348
      0.00018102
      0.00017854
      0.00017612
      0.00017382
      0.00017164
      0.00016952
      0.00016732
      0.00016490
      0.00016218
      0.00015923
      0.00015629
      0.00015369
      0.00015167
      0.00015023
      0.00014898
      0.00014728
      0.00014449
      0.00014038
      0.00013542
      0.00013080
      0.00012801
      0.00012796
      0.00013026
      0.00013293
      0.00013302
      0.00012794
      0.00011723
      0.00010372
      0.00009326
      0.00009219
      0.00010333
      0.00012311
      0.00014187
      0.00014751
      0.00013088
      0.00009220
      0.00004680
      0.00002323
      0.00004665
      0.00011785
      0.00021128
      0.00029158
      0.00032602
      0.00028946
      0.00018079
      0.00005441
      0.00000000
