      0.00000000
     -1.21632563
     -1.48800145
     -1.66969451
     -1.77569266
     -1.81542169
     -1.78772884
     -1.66415075
     -1.31881905
     -0.42966176
      0.36750475
      0.71315317
      0.92877523
      1.12560048
      1.34680395
      1.61983250
      1.96354308
      2.37260586
      2.80237947
     -3.08133116
     -2.72621573
     -2.40077167
     -2.08475147
     -1.76244039
     -1.42526987
     -1.07260998
     -0.71068053
     -0.34840609
      0.00776888
      0.35633410
      0.69965915
      1.04153017
      1.38509926
      1.73182292
      2.08136875
      2.43226870
      2.78289395
      3.13223033
     -2.80304955
     -2.45606340
     -2.10926254
     -1.76207450
     -1.41428166
     -1.06600544
     -0.71755058
     -0.36921726
     -0.02117246
      0.32658088
      0.67415391
      1.02168851
      1.36928678
      1.71697949
      2.06473473
      2.41249086
      2.76019206
      3.10781051
     -2.82783560
     -2.48035201
     -2.13289659
     -1.78545105
     -1.43801130
     -1.09058491
     -0.74318425
     -0.39581982
     -0.04849626
      0.29878782
      0.64603740
      0.99325788
      1.34045259
      1.68762205
      2.03476457
      2.38187771
      2.72895951
      3.07600922
     -2.86015802
     -2.51317049
     -2.16621239
     -1.81928304
     -1.47238234
     -1.12551060
     -0.77866824
     -0.43185559
     -0.08507270
      0.26168062
      0.60840466
      0.95509972
      1.30176602
      1.64840364
      1.99501259
      2.34159287
      2.68814449
      3.03466755
     -2.90202315
     -2.55555683
     -2.20911865
     -1.86270847
     -1.51632619
     -1.16997171
     -0.82364494
     -0.47734578
     -0.13107410
      0.21517022
      0.56138731
      0.90757730
      1.25374033
      1.59987651
      1.94598598
      2.29206886
      2.63812528
      2.98415537
     -2.95302604
     -2.60704820
     -2.26109628
     -1.91517013
     -1.56926963
     -1.22339463
     -0.87754500
     -0.53172058
     -0.18592124
      0.15985317
      0.50560279
      0.85132777
      1.19702826
      1.54270440
      1.88835635
      2.23398425
      2.57958826
      2.92516853
     -3.01246010
     -2.66692686
     -2.32141690
     -1.97593007
     -1.63046620
     -1.28502515
     -0.93960676
     -0.59421086
     -0.24883730
      0.09651408
      0.44184344
      0.78715095
      1.13243676
      1.47770103
      1.82294395
      2.16816565
      2.51336632
      2.85854611
     -3.07948012
     -2.73434158
     -2.38922342
     -2.04412546
     -1.69904755
     -1.35398950
     -1.00895116
     -0.66393234
     -0.31893289
      0.02604737
      0.37100862
      0.71595102
      1.06087475
      1.40577998
      1.75066688
      2.09553563
      2.44038640
      2.78521937
      3.13003471
     -2.80835270
     -2.46357208
     -2.11880855
     -1.77406195
     -1.42933209
     -1.08461878
     -0.73992187
     -0.39524116
     -0.05057647
      0.29407237
      0.63870555
      0.98332324
      1.32792563
      1.67251290
      2.01708523
      2.36164281
      2.70618580
      3.05071441
     -2.88795649
     -2.54345612
     -2.19896958
     -1.85449670
     -1.51003729
     -1.16559116
     -0.82115813
     -0.47673802
     -0.13233064
      0.21206421
      0.55644670
      0.90081702
      1.24517536
      1.58952190
      1.93385685
      2.27818037
      2.62249267
      2.96679392
     -2.97210098
     -2.62782123
     -2.28355196
     -1.93929297
     -1.59504408
     -1.25080508
     -0.90657580
     -0.56235605
     -0.21814562
      0.12605567
      0.47024801
      0.81443159
      1.15860661
      1.50277326
      1.84693172
      2.19108219
      2.53522487
      2.87935994
     -3.05969770
     -2.71557726
     -2.37146384
     -2.02735726
     -1.68325731
     -1.33916381
     -0.99507655
     -0.65099536
     -0.30692003
      0.03714964
      0.38121382
      0.72527273
      1.06932655
      1.41337548
      1.75741972
      2.10145945
      2.44549488
      2.78952619
      3.13355359
     -2.80560804
     -2.46158788
     -2.11757106
     -1.77355737
     -1.42954662
     -1.08553862
     -0.74153316
     -0.39753005
     -0.05352910
      0.29046989
      0.63446711
      0.97846277
      1.32245705
      1.66645016
      2.01044229
      2.35443363
      2.69842438
      3.04241475
     -2.89678039
     -2.55279023
     -2.20879987
     -1.86480911
     -1.52081777
     -1.17682564
     -0.83283253
     -0.48883825
     -0.14484259
      0.19915463
      0.54315362
      0.88715457
      1.23115768
      1.57516314
      1.91917114
      2.26318189
      2.60719558
      2.95121240
     -2.98795275
     -2.64392908
     -2.29990168
     -1.95587036
     -1.61183493
     -1.26779520
     -0.92375097
     -0.57970203
     -0.23564821
      0.10841069
      0.45247488
      0.79654455
      1.14061988
      1.48470107
      1.82878832
      2.17288183
      2.51698177
      2.86108836
     -3.07798353
     -2.73386309
     -2.38973542
     -2.04560035
     -1.70145767
     -1.35730720
     -1.01314874
     -0.66898209
     -0.32480708
      0.01937651
      0.36356885
      0.70777013
      1.05198056
      1.39620032
      1.74042960
      2.08466860
      2.42891749
      2.77317648
      3.11744575
     -2.82145981
     -2.47716941
     -2.13286815
     -1.78855585
     -1.44423233
     -1.09989739
     -0.75555084
     -0.41119250
     -0.06682218
      0.27756031
      0.62195515
      0.96636254
      1.31078265
      1.65521568
      1.99966180
      2.34412122
      2.68859410
      3.03308064
     -2.90560430
     -2.56108989
     -2.21656129
     -1.87201829
     -1.52746071
     -1.18288838
     -0.83830111
     -0.49369872
     -0.14908103
      0.19555215
      0.54020099
      0.88486567
      1.22954639
      1.57424330
      1.91895660
      2.26368647
      2.60843307
      2.95319660
     -2.98520809
     -2.64041020
     -2.29559485
     -1.95076188
     -1.60591111
     -1.26104236
     -0.91615546
     -0.57125023
     -0.22632650
      0.11861590
      0.46357714
      0.80855741
      1.15355686
      1.49857567
      1.84361402
      2.18867206
      2.53374998
      2.87884794
     -3.05921921
     -2.71408067
     -2.36892159
     -2.02374180
     -1.67854113
     -1.33331943
     -0.98807652
     -0.64281224
     -0.29752643
      0.04778108
      0.39311044
      0.73846182
      1.08383538
      1.42923128
      1.77464967
      2.12009072
      2.46555458
      2.81104142
     -3.12663393
     -2.78110069
     -2.43554401
     -2.08996375
     -1.74435974
     -1.39873183
     -1.05307988
     -0.70740374
     -0.36170325
     -0.01597827
      0.32977135
      0.67554576
      1.02134510
      1.36716952
      1.71301915
      2.05889415
      2.40479465
      2.75072079
      3.09667272
     -2.84053475
     -2.49453086
     -2.14850076
     -1.80244435
     -1.45636146
     -1.11025199
     -0.76411581
     -0.41795278
     -0.07176279
      0.27445430
      0.62069861
      0.96697029
      1.31326946
      1.65959623
      2.00595071
      2.35233299
      2.69874317
      3.04518135
     -2.89153764
     -2.54504303
     -2.19851997
     -1.85196835
     -1.50538807
     -1.15877912
     -0.81214150
     -0.46547520
     -0.11878014
      0.22794390
      0.57469722
      0.92148011
      1.26829276
      1.61513511
      1.96200686
      2.30890756
      2.65583691
      3.00279501
     -2.93340277
     -2.58638470
     -2.23933499
     -1.89225319
     -1.54514006
     -1.19799753
     -0.85082807
     -0.50363336
     -0.15641289
      0.19083670
      0.53812078
      0.88544434
      1.23280877
      1.58020942
      1.92763582
      2.27507556
      2.62252111
      2.96997653
     -2.96572519
     -2.61818599
     -2.27056754
     -1.92286634
     -1.57511021
     -1.22735497
     -0.87966226
     -0.53206399
     -0.18452939
      0.16304364
      0.51079698
      0.85884178
      1.20717510
      1.55562995
      1.90390618
      2.25169901
      2.59888706
      2.94568792
     -2.99051124
     -2.64260581
     -2.29326944
     -1.94264418
     -1.59174423
     -1.24219840
     -0.89547475
     -0.55190565
     -0.21003463
      0.13329041
      0.48185564
      0.83803061
      1.20030504
      1.56223450
      1.91489439
      2.25206490
      2.57437599
      2.89039618
     -3.06734506
     -2.71222963
     -2.31275495
     -1.88298135
     -1.47391857
     -1.13020798
     -0.85717943
     -0.63597596
     -0.43915072
     -0.22352865
      0.12211977
      0.91928628
      1.80844356
      2.15377527
      2.27735336
      2.30504621
      2.26531717
      2.15931903
      1.97762596
      1.70595015
      0.00000000
