      0.00000000
      0.15659871
      0.50200979
      0.81296775
      1.10366807
      1.39304636
      1.69799236
      2.02787070
      2.38188307
      2.75038942
      3.12031796
     -2.80128814
     -2.45092478
     -2.10870943
     -1.76903553
     -1.42701071
     -1.08028354
     -0.72925450
     -0.37608336
     -0.02322263
      0.32775472
      0.67657899
      1.02399156
      1.37110051
      1.71878403
      2.06738261
      2.41671851
      2.76633289
      3.11577212
     -2.81840151
     -2.46982120
     -2.12150324
     -1.77323305
     -1.42485765
     -1.07633277
     -0.72770831
     -0.37907756
     -0.03052333
      0.31791465
      0.66624368
      1.01450034
      1.36272566
      1.71094609
      2.05916653
      2.40737495
      2.75555283
      3.10368517
     -2.83141940
     -2.48338747
     -2.13539657
     -1.78743884
     -1.43950963
     -1.09160853
     -0.74373820
     -0.39590221
     -0.04810322
      0.29965795
      0.64738217
      0.99507113
      1.34272642
      1.69034895
      2.03793878
      2.38549542
      2.73301826
      3.08050692
     -2.85522394
     -2.50780338
     -2.16041627
     -1.81306219
     -1.46574088
     -1.11845225
     -0.77119630
     -0.42397305
     -0.07678245
      0.27037560
      0.61750127
      0.96459478
      1.31165630
      1.65868599
      2.00568399
      2.35265040
      2.69958532
      3.04648889
     -2.88982408
     -2.54298281
     -2.19617247
     -1.84939289
     -1.50264393
     -1.15592546
     -0.80923733
     -0.46257940
     -0.11595153
      0.23064642
      0.57721460
      0.92375316
      1.27026225
      1.61674203
      1.96319264
      2.30961423
      2.65600694
      3.00237094
     -2.93447894
     -2.58817193
     -2.24189318
     -1.89564253
     -1.54941984
     -1.20322495
     -0.85705769
     -0.51091792
     -0.16480548
      0.18127978
      0.52733804
      0.87336944
      1.21937414
      1.56535231
      1.91130410
      2.25722968
      2.60312921
      2.94900284
     -2.98833456
     -2.64251222
     -2.29671528
     -1.95094359
     -1.60519696
     -1.25947525
     -0.91377827
     -0.56810588
     -0.22245790
      0.12316584
      0.46876551
      0.81434126
      1.15989328
      1.50542172
      1.85092676
      2.19640857
      2.54186732
      2.88730317
     -3.05046900
     -2.70507841
     -2.35971020
     -2.01436419
     -1.66904021
     -1.32373809
     -0.97845766
     -0.63319873
     -0.28796114
      0.05725529
      0.40245074
      0.74762538
      1.09277939
      1.43791294
      1.78302622
      2.12811939
      2.47319264
      2.81824615
     -3.11990522
     -2.77489066
     -2.42989532
     -2.08491900
     -1.73996153
     -1.39502272
     -1.05010241
     -0.70520039
     -0.36031650
     -0.01545056
      0.32939763
      0.67422824
      1.01904146
      1.36383747
      1.70861645
      2.05337858
      2.39812406
      2.74285307
      3.08756578
     -2.85092292
     -2.50624222
     -2.16157726
     -1.81692785
     -1.47229380
     -1.12767492
     -0.78307102
     -0.43848193
     -0.09390744
      0.25065261
      0.59519844
      0.93973022
      1.28424814
      1.62875239
      1.97324316
      2.31772063
      2.66218501
      3.00663648
     -2.93211008
     -2.58768386
     -2.24326999
     -1.89886826
     -1.55447849
     -1.21010048
     -0.86573405
     -0.52137900
     -0.17703514
      0.16729772
      0.51161978
      0.85593122
      1.20023225
      1.54452304
      1.88880381
      2.23307473
      2.57733601
      2.92158784
     -3.01735490
     -2.67312140
     -2.32889676
     -1.98468080
     -1.64047332
     -1.29627413
     -0.95208302
     -0.60789981
     -0.26372430
      0.08044371
      0.42460441
      0.76875800
      1.11290467
      1.45704463
      1.80117805
      2.14530516
      2.48942613
      2.83354116
     -3.10553485
     -2.76143109
     -2.41733268
     -2.07323941
     -1.72915109
     -1.38506753
     -1.04098852
     -0.69691386
     -0.35284337
     -0.00877684
      0.33528592
      0.67934512
      1.02340095
      1.36745360
      1.71150329
      2.05555019
      2.39959452
      2.74363647
      3.08767624
     -2.85147128
     -2.50743528
     -2.16340087
     -1.81936784
     -1.47533601
     -1.13130516
     -0.78727511
     -0.44324566
     -0.09921660
      0.24481226
      0.58884112
      0.93287018
      1.27689963
      1.62092968
      1.96496052
      2.30899236
      2.65302538
      2.99705980
     -2.94208951
     -2.59805172
     -2.25401195
     -1.90997000
     -1.56592567
     -1.22187877
     -0.87782908
     -0.53377643
     -0.18972060
      0.15433860
      0.49840136
      0.84246789
      1.18653838
      1.53061304
      1.87469205
      2.21877561
      2.56286393
      2.90695719
     -3.03212970
     -2.68802594
     -2.34391664
     -1.99980161
     -1.65568064
     -1.31155354
     -0.96742011
     -0.62328015
     -0.27913348
      0.06502011
      0.40918081
      0.75334882
      1.09752433
      1.44170754
      1.78589864
      2.13009784
      2.47430532
      2.81852128
     -3.12043939
     -2.77620589
     -2.43196332
     -2.08771149
     -1.74345021
     -1.39917929
     -1.05489852
     -0.71060773
     -0.36630670
     -0.02199526
      0.32232680
      0.66665966
      1.01100352
      1.35535857
      1.69972500
      2.04410300
      2.38849278
      2.73289450
      3.07730838
     -2.86145071
     -2.51701196
     -2.17256049
     -1.82809612
     -1.48361864
     -1.13912787
     -0.79462362
     -0.45010570
     -0.10557392
      0.23897190
      0.58353196
      0.92810645
      1.27269554
      1.61729943
      1.96191831
      2.30655237
      2.65120178
      2.99586674
     -2.94263787
     -2.59794126
     -2.25322855
     -1.90849954
     -1.56375406
     -1.21899193
     -0.87421295
     -0.52941694
     -0.18460372
      0.16022689
      0.50507508
      0.84994102
      1.19482491
      1.53972692
      1.88464724
      2.22958605
      2.57454352
      2.91951983
     -3.01867013
     -2.67365557
     -2.32862163
     -1.98356813
     -1.63849487
     -1.29340170
     -0.94828843
     -0.60315487
     -0.25800086
      0.08717378
      0.43236922
      0.77758566
      1.12282325
      1.46808218
      1.81336261
      2.15866473
      2.50398871
      2.84933472
     -3.08848238
     -2.74309179
     -2.39767865
     -2.05224280
     -1.70678405
     -1.36130224
     -1.01579720
     -0.67026876
     -0.32471674
      0.02085901
      0.36645867
      0.71208241
      1.05773040
      1.40340279
      1.74909976
      2.09482148
      2.44056810
      2.78633980
      3.13213674
     -2.80522623
     -2.45937832
     -2.11350469
     -1.76760516
     -1.42167958
     -1.07572779
     -0.72974962
     -0.38374492
     -0.03771352
      0.30834474
      0.65443000
      1.00054244
      1.34668221
      1.69284946
      2.03904436
      2.38526705
      2.73151770
      3.07779645
     -2.85908185
     -2.51274642
     -2.16638242
     -1.81998971
     -1.47356812
     -1.12711751
     -0.78063774
     -0.43412864
     -0.08759008
      0.25897810
      0.60557605
      0.95220392
      1.29886184
      1.64554998
      1.99226845
      2.33901741
      2.68579699
      3.03260733
     -2.90373671
     -2.55686437
     -2.20996081
     -1.86302588
     -1.51605947
     -1.16906147
     -0.82203178
     -0.47497026
     -0.12787675
      0.21924892
      0.56640697
      0.91359757
      1.26082082
      1.60807677
      1.95536540
      2.30268671
      2.65004078
      2.99742790
     -2.93833685
     -2.59088240
     -2.24339374
     -1.89587090
     -1.54831426
     -1.20072443
     -0.85310191
     -0.50544661
     -0.15775765
      0.18996656
      0.53772774
      0.88552673
      1.23336272
      1.58123305
      1.92913414
      2.27706335
      2.62502109
      2.97301198
     -2.96214139
     -2.61406065
     -2.26592832
     -1.91775043
     -1.56954201
     -1.22132157
     -0.87310115
     -0.52487582
     -0.17661916
      0.17170986
      0.52014785
      0.86870208
      1.21733283
      1.56595729
      1.91448217
      2.26285757
      2.61112776
      2.95944571
     -2.97515928
     -2.62614761
     -2.27670837
     -1.92709399
     -1.57775809
     -1.22915952
     -0.88147599
     -0.53436704
     -0.18695447
      0.16186980
      0.51284715
      0.86570788
      1.21887901
      1.56990805
      1.91663522
      2.25866004
      2.59833395
      2.94054930
     -2.99227265
     -2.63069344
     -2.26076490
     -1.89225855
     -1.53824618
     -1.20836784
     -0.90342184
     -0.61404355
     -0.32334323
     -0.01238527
      0.33302581
      0.00000000
