             NaN
      1.46293704
      1.85244474
      2.24271768
      2.63398174
      3.02588256
     -2.86550318
     -2.47449713
     -2.08452171
     -1.69521642
     -1.30582592
     -0.91562902
     -0.52435755
     -0.13236778
      0.25955144
      0.65063736
      1.04060477
      1.42981682
      1.81908103
      2.20919148
      2.60046854
      2.99255550
     -2.89857723
     -2.50740040
     -2.11743935
     -1.72832951
     -1.33920631
     -0.94919445
     -0.55791404
     -0.16572041
      0.22648142
      0.61776204
      1.00771879
      1.39671606
      1.78568105
      2.17558005
      2.56686104
      2.95917231
     -2.93164325
     -2.54024360
     -2.15028863
     -1.76141604
     -1.37262954
     -0.98286042
     -0.59158233
     -0.19914054
      0.19341926
      0.58495619
      0.97491257
      1.36364615
      1.75222993
      2.14184864
      2.53311937
      2.92570695
     -2.96470183
     -2.57300545
     -2.18304358
     -1.79446618
     -1.40611453
     -1.01667140
     -0.62541379
     -0.23266205
      0.16036378
      0.55224700
      0.94221965
      1.33061997
      1.71870326
      2.10793943
      2.49917631
      2.89211466
     -2.99775500
     -2.60565052
     -2.21566009
     -1.82746274
     -1.43969327
     -1.05070393
     -0.65949801
     -0.26634513
      0.12731170
      0.51968154
      0.90969916
      1.29766083
      1.68505825
      2.07374904
      2.46490998
      2.85831281
     -3.03080797
     -2.63811493
     -2.24805721
     -1.86037347
     -1.47342444
     -1.08510098
     -0.69400478
     -0.30030603
      0.09425458
      0.48734868
      0.87746477
      1.26481456
      1.65121225
      2.03907406
      2.43007663
      2.82413252
     -3.06387491
     -2.67027122
     -2.28006988
     -1.89313070
     -1.50742819
     -1.12016247
     -0.72929785
     -0.33480074
      0.06116730
      0.45543870
      0.84576723
      1.23218677
      1.61698373
      2.00345133
      2.39410514
      2.78916338
     -3.09700353
     -2.70181933
     -2.31129257
     -1.92555566
     -1.54199209
     -1.15664950
     -0.76633871
     -0.37054033
      0.02795074
      0.42446345
      0.81532476
      1.20011845
      1.58188814
      1.96551411
      2.35520345
      2.75202337
     -3.13042931
     -2.73177446
     -2.34026014
     -1.95686652
     -1.57800309
     -1.19738473
     -0.80906934
     -0.41078044
     -0.00610313
      0.39675975
      0.78999016
      1.17109498
      1.54412831
      1.91762923
      2.30117201
      2.70100763
      3.11521299
     -2.75127049
     -2.34802672
     -1.96822658
     -1.61076406
     -1.26493849
     -0.91435607
     -0.54171850
     -0.13626170
      0.29642857
      0.73198818
      1.14318597
      1.51973856
      1.87113974
      2.21789656
      2.58219112
      2.97899400
     -2.87679738
     -2.44116065
     -2.02604525
     -1.64532447
     -1.29205768
     -0.94641080
     -0.58558160
     -0.19310406
      0.23129508
      0.66706261
      1.08502374
      1.46906203
      1.82413049
      2.16925975
      2.52748357
      2.91637829
     -2.94507215
     -2.50930883
     -2.08881429
     -1.70161117
     -1.34461741
     -0.99967982
     -0.64368561
     -0.25811064
      0.16098632
      0.59655891
      1.01939189
      1.40972796
      1.76879377
      2.11378951
      2.46780316
      2.85019650
     -3.01658593
     -2.58141271
     -2.15641531
     -1.76295342
     -1.40166988
     -1.05639568
     -0.70415617
     -0.32484462
      0.08878435
      0.52333971
      0.95032503
      1.34690438
      1.71054434
      2.05630309
      2.40695942
      2.78327944
     -3.08913296
     -2.65541711
     -2.22662953
     -1.82695127
     -1.46082541
     -1.11438441
     -0.76512539
     -0.39170497
      0.01613654
      0.44879249
      0.87918601
      1.28193078
      1.65066167
      1.99797651
      2.34602326
      2.71664242
      3.12148860
     -2.73031655
     -2.29852377
     -1.89276033
     -1.52131639
     -1.17294146
     -0.82592102
     -0.45799633
     -0.05619567
      0.37369989
      0.80667606
      1.21539426
      1.58964744
      1.93926353
      2.28544508
      2.65079126
      3.04951120
     -2.80546264
     -2.37152660
     -1.95993375
     -1.58278755
     -1.23175468
     -0.88622308
     -0.52333015
     -0.12771051
      0.29862851
      0.73329508
      1.14766645
      1.52777656
      1.88039599
      2.22546785
      2.58604179
      2.97855745
     -2.88033687
     -2.44517297
     -2.02813467
     -1.64500312
     -1.29063360
     -0.94583038
     -0.58743251
     -0.19800864
      0.22407290
      0.65949917
      1.07907814
      1.46527507
      1.82155156
      2.16627776
      2.52265065
      2.90901063
     -2.95444860
     -2.51899444
     -2.09701463
     -1.70772197
     -1.34938858
     -1.00454751
     -0.65004077
     -0.26670133
      0.15053965
      0.58579002
      1.01001887
      1.40242438
      1.76295772
      2.10810575
      2.46091265
      2.84128994
     -3.02725188
     -2.59243169
     -2.16611544
     -1.77059213
     -1.40772203
     -1.06207422
     -0.71079343
     -0.33330528
      0.07864601
      0.51281759
      0.94105294
      1.33968919
      1.70502858
      2.05137125
      2.40130767
      2.77599365
     -3.09800960
     -2.66469426
     -2.23470986
     -1.83297023
     -1.46502849
     -1.11778967
     -0.76900615
     -0.39702254
      0.00932951
      0.44159494
      0.87316525
      1.27800540
      1.64869485
      1.99704720
      2.34488340
      2.71427445
      3.11774649
     -2.73439999
     -2.30138220
     -1.89340926
     -1.51978288
     -1.17005723
     -0.82293732
     -0.45602864
     -0.05549562
      0.37415726
      0.80855446
      1.21981274
      1.59670880
      1.94819372
      2.29488596
      2.65937991
      3.05681900
     -2.79826178
     -2.36232023
     -1.94715345
     -1.56607435
     -1.21194579
     -0.86522466
     -0.50343741
     -0.10997074
      0.31617439
      0.75525148
      1.17857091
      1.56991190
      1.93249940
      2.28105592
      2.63262568
      3.00086061
     -2.89111796
     -2.48093728
     -2.06493318
     -1.65761815
     -1.26611939
     -0.88809857
     -0.51540327
     -0.13874758
      0.24841234
      0.64697376
      1.05152166
      1.45352931
      1.84680964
      2.23081703
      2.60995400
      2.99062531
     -2.90518674
     -2.50973024
     -2.10941430
     -1.71016327
     -1.31685619
     -0.93053973
     -0.54834981
     -0.16547859
      0.22224610
      0.61620834
      1.01421045
      1.41176683
      1.80490273
      2.19247098
      2.57649979
      2.96078901
     -2.93437341
     -2.54130757
     -2.14479479
     -1.74839843
     -1.35544931
     -0.96708899
     -0.58181509
     -0.19652530
      0.19173945
      0.58420381
      0.97966861
      1.37521554
      1.76799388
      2.15690103
      2.54307878
      2.92911670
     -2.96560559
     -2.57357275
     -2.17888818
     -1.78399270
     -1.39136518
     -1.00205900
     -0.61519385
     -0.22857329
      0.16005547
      0.55176476
      0.94584518
      1.34022379
      1.73271852
      2.12232721
      2.50973300
      2.89682136
     -2.99759391
     -2.60613491
     -2.21253614
     -1.81857850
     -1.42620138
     -1.03635688
     -0.64851486
     -0.26104184
      0.12785075
      0.51911158
      0.91231754
      1.30592504
      1.69819711
      2.08822937
      2.47643059
      2.86422608
     -3.02995875
     -2.63885769
     -2.24597801
     -1.85266677
     -1.46048933
     -1.07030504
     -0.68180310
     -0.29373295
      0.09536370
      0.48633406
      0.87893861
      1.27199555
      1.66408709
      2.05439616
      2.44315334
      2.83146056
     -3.06254148
     -2.67167929
     -2.27930970
     -1.88647365
     -1.49446063
     -1.10404803
     -0.71507170
     -0.32655758
      0.06270439
      0.45347619
      0.84564302
      1.23828524
      1.63022604
      2.02072531
      2.40989163
      2.79858802
     -3.09526330
     -2.70456758
     -2.31257727
     -1.92010660
     -1.52823254
     -1.13766025
     -0.74832790
     -0.35946967
      0.02993066
      0.42056198
      0.81239747
      1.20471525
      1.59652733
      1.98716145
      2.37663985
      2.76564274
     -3.12808083
     -2.73750421
     -2.34580530
     -1.95362462
     -1.56187035
     -1.17118372
     -0.78157615
     -0.39244322
     -0.00292434
      0.38760572
      0.77918355
      1.17124065
      1.56294082
      1.95367210
      2.34339441
      2.73264479
      3.12221704
     -2.77047784
     -2.37900778
     -1.98706252
     -1.59541316
     -1.20464392
     -0.81481612
      0.00000000
