      0.00000000
     -0.62299881
     -1.01250651
     -1.40277945
     -1.79404351
     -2.18594434
     -2.57774390
     -2.96874995
      2.92445994
      2.53515464
      2.14576415
      1.75556725
      1.36429578
      0.97230601
      0.58038679
      0.18930086
     -0.20066654
     -0.58987859
     -0.97914280
     -1.36925325
     -1.76053031
     -2.15261727
     -2.54466985
     -2.93584668
      2.95737757
      2.56826773
      2.17914454
      1.78913268
      1.39785227
      1.00565864
      0.61345680
      0.22217618
     -0.16778056
     -0.55677783
     -0.94574283
     -1.33564182
     -1.72692281
     -2.11923408
     -2.51160383
     -2.90300348
      2.99022686
      2.60135427
      2.21256777
      1.82279865
      1.43152056
      1.03907877
      0.64651897
      0.25498204
     -0.13497435
     -0.52370793
     -0.91229170
     -1.30191041
     -1.69318115
     -2.08576872
     -2.47854525
     -2.87024163
      3.02298181
      2.63440441
      2.24605276
      1.85660962
      1.46535201
      1.07260028
      0.67957445
      0.28769123
     -0.10228143
     -0.49068174
     -0.87876504
     -1.26800121
     -1.65923809
     -2.05217643
     -2.44549208
     -2.83759656
      3.05559832
      2.66740097
      2.27963150
      1.89064216
      1.49943624
      1.10628336
      0.71262653
      0.32025669
     -0.06976093
     -0.45772260
     -0.84512002
     -1.23381081
     -1.62497176
     -2.01837459
     -2.41243911
     -2.80513215
      3.08799544
      2.70031169
      2.31336267
      1.92503921
      1.53394301
      1.14024426
      0.74568365
      0.35258955
     -0.03752654
     -0.42487634
     -0.81127402
     -1.19913583
     -1.59013840
     -1.98419429
     -2.37937217
     -2.77297586
      3.12000811
      2.73306892
      2.34736641
      1.96010070
      1.56923607
      1.17473896
      0.77877093
      0.38449953
     -0.00582900
     -0.39224854
     -0.77704550
     -1.16351310
     -1.55416691
     -1.94922515
     -2.34624355
     -2.74142775
     -3.13195451
      2.76549389
      2.38193032
      1.99658773
      1.60627694
      1.21047855
      0.81198748
      0.41547478
      0.02461347
     -0.36018022
     -0.74194992
     -1.12557588
     -1.51526522
     -1.91208514
     -2.31281777
     -2.71147262
     -3.10298693
      2.79680475
      2.41794132
      2.03732296
      1.64900757
      1.25071867
      0.84604136
      0.44317848
      0.04994807
     -0.33115675
     -0.70419008
     -1.07769100
     -1.46123379
     -1.86106941
     -2.27527476
     -2.69197659
     -3.09522036
      2.80816480
      2.45070229
      2.10487671
      1.75429430
      1.38165672
      0.97619993
      0.54350966
      0.10795005
     -0.30324774
     -0.67980033
     -1.03120152
     -1.37795834
     -1.74225289
     -2.13905577
     -2.56644970
     -3.00208643
      2.86598348
      2.48526269
      2.13199591
      1.78634903
      1.42551983
      1.03304229
      0.60864315
      0.17287562
     -0.24508552
     -0.62912380
     -0.98419227
     -1.32932152
     -1.68754534
     -2.07644006
     -2.49817493
     -2.93393825
      2.92875252
      2.54154940
      2.18455563
      1.83961805
      1.48362384
      1.09804887
      0.67895191
      0.24337931
     -0.17945366
     -0.56978973
     -0.92885554
     -1.27385128
     -1.62786493
     -2.01025828
     -2.42666115
     -2.86183437
      2.99635354
      2.60289165
      2.24160810
      1.89633391
      1.54409440
      1.16478285
      0.75115387
      0.31659852
     -0.11038680
     -0.50696615
     -0.87060611
     -1.21636486
     -1.56702119
     -1.94334122
     -2.35411411
     -2.78782997
      3.06656776
      2.66688949
      2.30076364
      1.95432264
      1.60506361
      1.23164320
      0.82380169
      0.39114574
     -0.03924778
     -0.44199255
     -0.81072344
     -1.15803828
     -1.50608504
     -1.87670419
     -2.28155037
     -2.71293053
      3.13846200
      2.73269856
      2.36125462
      2.01287968
      1.66585925
      1.29793456
      0.89613390
      0.46623834
      0.03326217
     -0.37545603
     -0.74970921
     -1.09932530
     -1.44550685
     -1.81085304
     -2.20957298
     -2.63778444
     -3.07172048
      2.79987198
      2.42272577
      2.07169291
      1.72616131
      1.36326838
      0.96764873
      0.54130972
      0.10664315
     -0.30772822
     -0.68783833
     -1.04045776
     -1.38552962
     -1.74610356
     -2.13861923
     -2.56291021
     -2.99807411
      2.86807290
      2.48494135
      2.13057182
      1.78576861
      1.42737074
      1.03794687
      0.61586533
      0.18043906
     -0.23913991
     -0.62533685
     -0.98161334
     -1.32633954
     -1.68271242
     -2.06907241
     -2.48879848
     -2.92425264
      2.93695286
      2.54766019
      2.18932680
      1.84448574
      1.48997900
      1.10663956
      0.68939857
      0.25414820
     -0.17008064
     -0.56248615
     -0.92301949
     -1.26816753
     -1.62097442
     -2.00135171
     -2.41599520
     -2.85081539
      3.00605367
      2.61053036
      2.24766026
      1.90201244
      1.55073165
      1.17324350
      0.76129222
      0.32712064
     -0.10111471
     -0.49975096
     -0.86509035
     -1.21143302
     -1.56136944
     -1.93605542
     -2.34523748
     -2.77855282
      3.07464809
      2.67290845
      2.30496672
      1.95772789
      1.60894438
      1.23696077
      0.83060872
      0.39834329
     -0.03322702
     -0.43806717
     -0.80875662
     -1.15710897
     -1.50494517
     -1.87433622
     -2.27780826
     -2.70884709
      3.14132043
      2.73334748
      2.35972111
      2.00999546
      1.66287555
      1.29596686
      0.89543385
      0.46578097
      0.03138377
     -0.37987451
     -0.75677057
     -1.10825550
     -1.45494773
     -1.81944168
     -2.21688077
     -2.64498530
     -3.08092685
      2.78709168
      2.40601258
      2.05188402
      1.70516288
      1.34337564
      0.94990897
      0.52376384
      0.08468675
     -0.33863268
     -0.72997368
     -1.09256117
     -1.44111769
     -1.79268745
     -2.16092238
     -2.55212912
     -2.96230980
      2.90487141
      2.49755638
      2.10605761
      1.72803679
      1.35534150
      0.97868580
      0.59152589
      0.19296446
     -0.21158343
     -0.61359108
     -1.00687141
     -1.39087880
     -1.77001578
     -2.15068708
     -2.53806034
     -2.93351684
      2.94935253
      2.55010150
      2.15679442
      1.77047796
      1.38828804
      1.00541682
      0.61769213
      0.22372989
     -0.17427222
     -0.57182860
     -0.96496450
     -1.35253275
     -1.73656156
     -2.12085078
     -2.50887367
     -2.90193951
      2.98473302
      2.58833666
      2.19538753
      1.80702721
      1.42175332
      1.03646353
      0.64819878
      0.25573442
     -0.13973038
     -0.53527731
     -0.92805565
     -1.31696280
     -1.70314055
     -2.08917847
     -2.47764149
     -2.86967433
      3.01882640
      2.62393093
      2.23130341
      1.84199723
      1.45513207
      1.06851151
      0.67988275
      0.28817347
     -0.10590695
     -0.50028557
     -0.89278029
     -1.28238898
     -1.66979478
     -2.05688313
     -2.44565317
     -2.83711217
      3.05247436
      2.65851673
      2.26613961
      1.87629511
      1.48845309
      1.10098006
      0.71208748
      0.32082665
     -0.07237931
     -0.46598681
     -0.85825888
     -1.24829114
     -1.63649236
     -2.02428786
     -2.41328833
     -2.80438939
      3.08591624
      2.69260500
      2.30042756
      1.91024327
      1.52174133
      1.13367117
      0.74457453
      0.35360417
     -0.03900038
     -0.43205732
     -0.82414886
     -1.21445793
     -1.60321511
     -1.99152233
     -2.38070560
     -2.77156779
      3.11924793
      2.72641188
      2.33439886
      1.94398626
      1.55500993
      1.16649581
      0.77723384
      0.38646204
     -0.00570480
     -0.39834701
     -0.79028782
     -1.18078708
     -1.56995340
     -1.95864979
     -2.34798378
     -2.73867950
     -3.13066981
      2.76004483
      2.36817076
      1.97759847
      1.58826612
      1.19940789
      0.81000757
      0.41937625
      0.02754076
     -0.36477702
     -0.75658910
     -1.14722322
     -1.53670162
     -1.92570451
     -2.31516625
     -2.70574287
     -3.09744178
      2.79356285
      2.40180858
      2.01112195
      1.62151438
      1.23238145
      0.84286257
      0.45233251
      0.06075468
     -0.33130243
     -0.72300259
     -1.11373387
     -1.50345619
     -1.89270656
     -2.28227881
     -2.67276924
     -3.06423930
      2.82700075
      2.43535138
      2.04458215
      1.65475435
      0.00000000
