      0.00000000
      0.00000000
      0.00000000
      0.00000000
      0.00000000
      0.00000000
      0.00000000
      0.00000000
      0.00000000
      0.00000000
      0.00000000
      0.00000000
      0.00000000
      0.00000000
      0.00000000
      0.00000000
      0.00000000
      0.00000000
      0.00000000
      0.00000000
      0.00000000
      0.00000000
      0.00000000
      0.00000000
      0.00000000
      0.00000000
      0.00000000
      0.00000000
      0.00000000
      0.00000000
      0.00000000
      0.00000000
      0.00000000
      0.00000000
      0.00000000
      0.00000000
      0.00000000
      0.00000000
      0.00000000
      0.00000000
      0.00000000
      0.00000000
      0.00000000
      0.00000000
      0.00000000
      0.00000000
      0.00000000
      0.00000000
      0.00000000
      0.00000000
      0.00000000
      0.00000000
      0.00000000
      0.00000000
      0.00000000
      0.00000000
      0.00000000
      0.00000000
      0.00000000
      0.00000000
      0.00000000
      0.00000000
      0.00000000
      0.00000000
      0.00000000
      0.00000000
      0.00000000
      0.00000000
      0.00000000
      0.00000000
      0.00000000
      0.00000000
      0.00000000
      0.00000000
      0.00000000
      0.00000000
      0.00000000
      0.00000000
      0.00000000
      0.00000000
      0.00000000
      0.00000000
      0.00000000
      0.00000000
      0.00000000
      0.00000000
      0.00000000
      0.00000000
      0.00000000
      0.00000000
      0.00000000
      0.00000000
      0.00000000
      0.00000000
      0.00000000
      0.00000000
      0.00000000
      0.00000000
      0.00000000
      0.00000000
      0.00000000
      0.00000000
      0.00000000
      0.00000000
      0.00000000
      0.00000000
      0.00000000
      0.00000000
      0.00000000
      0.00000000
      0.00000000
      0.00000000
      0.00000000
      0.00000000
      0.00000000
      0.00000000
      0.00000000
      0.00000000
      0.00000000
      0.00000000
      0.00000000
      0.00000000
      0.00000000
      0.00000000
      0.00000000
      0.00000000
      0.00000000
      0.00000000
      0.00000000
      0.00000000
      0.00000000
      0.00000000
      0.00000000
      0.00000000
      0.00000000
      0.00000000
      0.00000000
      0.00000000
      0.00000000
      0.00000000
      0.00000000
      0.00000000
      0.00000000
      0.00000000
      0.00000000
      0.00000001
      0.00000005
      0.00000023
      0.00000094
      0.00000352
      0.00001229
      0.00003879
      0.00010573
      0.00023952
      0.00044821
      0.00071167
      0.00100117
      0.00129917
      0.00159960
      0.00190010
      0.00219751
      0.00248803
      0.00276893
      0.00303963
      0.00330154
      0.00355704
      0.00380831
      0.00405677
      0.00430292
      0.00454660
      0.00478736
      0.00502472
      0.00525839
      0.00548824
      0.00571431
      0.00593671
      0.00615559
      0.00637104
      0.00658313
      0.00679188
      0.00699732
      0.00719944
      0.00739824
      0.00759372
      0.00778590
      0.00797480
      0.00816041
      0.00834276
      0.00852184
      0.00869769
      0.00887032
      0.00903981
      0.00920623
      0.00936969
      0.00953029
      0.00968808
      0.00984299
      0.00999475
      0.01014290
      0.01028676
      0.01042569
      0.01055935
      0.01068820
      0.01081401
      0.01094024
      0.01107196
      0.01121494
      0.01137354
      0.01154709
      0.01172514
      0.01188296
      0.01198060
      0.01196949
      0.01180735
      0.01147580
      0.01099167
      0.01040883
      0.00981206
      0.00929975
      0.00894775
      0.00875816
      0.00862468
      0.00842989
      0.00834863
      0.00852099
      0.00868046
      0.00875514
      0.00880843
      0.00884774
      0.00881174
      0.00861375
      0.00837353
      0.00851246
      0.00891500
      0.00920648
      0.00935638
      0.00941536
      0.00937635
      0.00918881
      0.00891030
      0.00889806
      0.00923704
      0.00955830
      0.00973050
      0.00978767
      0.00973958
      0.00955142
      0.00924933
      0.00913246
      0.00939762
      0.00972324
      0.00990796
      0.00996512
      0.00991373
      0.00972857
      0.00941266
      0.00921094
      0.00939773
      0.00971620
      0.00990816
      0.00996469
      0.00991244
      0.00973427
      0.00941318
      0.00913639
      0.00923563
      0.00953796
      0.00973306
      0.00978642
      0.00973373
      0.00956759
      0.00925262
      0.00890632
      0.00889866
      0.00917437
      0.00936907
      0.00941347
      0.00935818
      0.00921325
      0.00892942
      0.00852624
      0.00836616
      0.00859805
      0.00880364
      0.00884532
      0.00880784
      0.00875548
      0.00868454
      0.00853225
      0.00835603
      0.00842387
      0.00861810
      0.00875122
      0.00893388
      0.00927667
      0.00978195
      0.01037613
      0.01096100
      0.01145073
      0.01178983
      0.01195966
      0.01197706
      0.01188346
      0.01172747
      0.01154965
      0.01137547
      0.01121599
      0.01107222
      0.01093996
      0.01081345
      0.01068758
      0.01055879
      0.01042525
      0.01028643
      0.01014266
      0.00999457
      0.00984284
      0.00968794
      0.00953014
      0.00936954
      0.00920607
      0.00903966
      0.00887018
      0.00869755
      0.00852172
      0.00834264
      0.00816030
      0.00797470
      0.00778581
      0.00759363
      0.00739815
      0.00719936
      0.00699725
      0.00679182
      0.00658307
      0.00637098
      0.00615554
      0.00593667
      0.00571426
      0.00548820
      0.00525835
      0.00502469
      0.00478733
      0.00454658
      0.00430290
      0.00405675
      0.00380830
      0.00355702
      0.00330153
      0.00303962
      0.00276892
      0.00248803
      0.00219750
      0.00190009
      0.00159960
      0.00129916
      0.00100117
      0.00071167
      0.00044820
      0.00023952
      0.00010573
      0.00003879
      0.00001229
      0.00000352
      0.00000094
      0.00000023
      0.00000005
      0.00000001
      0.00000000
      0.00000000
      0.00000000
      0.00000000
      0.00000000
      0.00000000
      0.00000000
      0.00000000
      0.00000000
      0.00000000
      0.00000000
      0.00000000
      0.00000000
      0.00000000
      0.00000000
      0.00000000
      0.00000000
      0.00000000
      0.00000000
      0.00000000
      0.00000000
      0.00000000
      0.00000000
      0.00000000
      0.00000000
      0.00000000
      0.00000000
      0.00000000
      0.00000000
      0.00000000
      0.00000000
      0.00000000
      0.00000000
      0.00000000
      0.00000000
      0.00000000
      0.00000000
      0.00000000
      0.00000000
      0.00000000
      0.00000000
      0.00000000
      0.00000000
      0.00000000
      0.00000000
      0.00000000
      0.00000000
      0.00000000
      0.00000000
      0.00000000
      0.00000000
      0.00000000
      0.00000000
      0.00000000
      0.00000000
      0.00000000
      0.00000000
      0.00000000
      0.00000000
      0.00000000
      0.00000000
      0.00000000
      0.00000000
      0.00000000
      0.00000000
      0.00000000
      0.00000000
      0.00000000
      0.00000000
      0.00000000
      0.00000000
      0.00000000
      0.00000000
      0.00000000
      0.00000000
      0.00000000
      0.00000000
      0.00000000
      0.00000000
      0.00000000
      0.00000000
      0.00000000
      0.00000000
      0.00000000
      0.00000000
      0.00000000
      0.00000000
      0.00000000
      0.00000000
      0.00000000
      0.00000000
      0.00000000
      0.00000000
      0.00000000
      0.00000000
      0.00000000
      0.00000000
      0.00000000
      0.00000000
      0.00000000
      0.00000000
      0.00000000
      0.00000000
      0.00000000
      0.00000000
      0.00000000
      0.00000000
      0.00000000
      0.00000000
      0.00000000
      0.00000000
      0.00000000
      0.00000000
      0.00000000
      0.00000000
      0.00000000
      0.00000000
      0.00000000
      0.00000000
      0.00000000
      0.00000000
      0.00000000
      0.00000000
      0.00000000
      0.00000000
      0.00000000
      0.00000000
      0.00000000
      0.00000000
      0.00000000
      0.00000000
      0.00000000
      0.00000000
      0.00000000
      0.00000000
      0.00000000
      0.00000000
      0.00000000
      0.00000000
      0.00000000
      0.00000000
      0.00000000
      0.00000000
      0.00000000
      0.00000000
