      0.00000000
      0.00000000
      0.00000000
      0.00000000
      0.00000000
      0.00000000
      0.00000000
      0.00000000
      0.00000000
      0.00000000
      0.00000000
      0.00000000
      0.00000000
      0.00000000
      0.00000000
      0.00000000
      0.00000000
      0.00000000
      0.00000000
      0.00000000
      0.00000000
      0.00000000
      0.00000000
      0.00000000
      0.00000000
      0.00000000
      0.00000000
      0.00000000
      0.00000000
      0.00000000
      0.00000000
      0.00000000
      0.00000000
      0.00000000
      0.00000000
      0.00000000
      0.00000000
      0.00000000
      0.00000000
      0.00000000
      0.00000000
      0.00000000
      0.00000000
      0.00000000
      0.00000000
      0.00000000
      0.00000000
      0.00000000
      0.00000000
      0.00000000
      0.00000000
      0.00000000
      0.00000000
      0.00000000
      0.00000000
      0.00000000
      0.00000000
      0.00000000
      0.00000000
      0.00000000
      0.00000000
      0.00000000
      0.00000000
      0.00000000
      0.00000000
      0.00000000
      0.00000000
      0.00000000
      0.00000000
      0.00000000
      0.00000000
      0.00000000
      0.00000000
      0.00000000
      0.00000000
      0.00000000
      0.00000000
      0.00000000
      0.00000000
      0.00000000
      0.00000000
      0.00000000
      0.00000000
      0.00000000
      0.00000000
      0.00000000
      0.00000000
      0.00000000
      0.00000000
      0.00000000
      0.00000000
      0.00000000
      0.00000000
      0.00000000
      0.00000000
      0.00000000
      0.00000000
      0.00000000
      0.00000000
      0.00000000
      0.00000000
      0.00000000
      0.00000000
      0.00000000
      0.00000000
      0.00000000
      0.00000000
      0.00000000
      0.00000000
      0.00000000
      0.00000000
      0.00000000
      0.00000000
      0.00000000
      0.00000000
      0.00000000
      0.00000000
      0.00000000
      0.00000000
      0.00000000
      0.00000000
      0.00000000
      0.00000000
      0.00000000
      0.00000000
      0.00000000
      0.00000000
      0.00000000
      0.00000000
      0.00000000
      0.00000000
      0.00000000
      0.00000000
      0.00000000
      0.00000000
      0.00000000
      0.00000000
      0.00000000
      0.00000000
      0.00000000
      0.00000000
      0.00000000
      0.00000000
      0.00000000
      0.00000000
      0.00000000
      0.00000001
      0.00000002
      0.00000004
      0.00000007
      0.00000076
      0.00000552
      0.00002388
      0.00006884
      0.00014293
      0.00022956
      0.00030566
      0.00035853
      0.00038925
      0.00040715
      0.00042345
      0.00044681
      0.00048110
      0.00052559
      0.00057680
      0.00063071
      0.00068434
      0.00073624
      0.00078626
      0.00083498
      0.00088319
      0.00093153
      0.00098038
      0.00102983
      0.00107979
      0.00113009
      0.00118058
      0.00123113
      0.00128169
      0.00133222
      0.00138273
      0.00143321
      0.00148369
      0.00153414
      0.00158456
      0.00163493
      0.00168525
      0.00173550
      0.00178569
      0.00183579
      0.00188576
      0.00193556
      0.00198509
      0.00203422
      0.00208283
      0.00213087
      0.00217839
      0.00222567
      0.00227323
      0.00232182
      0.00237223
      0.00242492
      0.00247953
      0.00253423
      0.00258531
      0.00262714
      0.00265310
      0.00265772
      0.00264069
      0.00261228
      0.00259873
      0.00264371
      0.00280098
      0.00311737
      0.00361322
      0.00427163
      0.00504006
      0.00583914
      0.00657548
      0.00715603
      0.00748786
      0.00746015
      0.00710663
      0.00709632
      0.00772735
      0.00827331
      0.00855765
      0.00871437
      0.00880315
      0.00878927
      0.00860007
      0.00836374
      0.00850642
      0.00891211
      0.00920525
      0.00935587
      0.00941514
      0.00937626
      0.00918878
      0.00891031
      0.00889808
      0.00923705
      0.00955829
      0.00973049
      0.00978766
      0.00973957
      0.00955142
      0.00924935
      0.00913248
      0.00939763
      0.00972324
      0.00990796
      0.00996511
      0.00991373
      0.00972857
      0.00941266
      0.00921094
      0.00939774
      0.00971620
      0.00990816
      0.00996469
      0.00991244
      0.00973427
      0.00941318
      0.00913638
      0.00923562
      0.00953796
      0.00973307
      0.00978643
      0.00973374
      0.00956759
      0.00925260
      0.00890628
      0.00889861
      0.00917432
      0.00936900
      0.00941329
      0.00935772
      0.00921205
      0.00892653
      0.00852013
      0.00835621
      0.00858432
      0.00878149
      0.00880170
      0.00871592
      0.00856235
      0.00828609
      0.00775209
      0.00710640
      0.00708040
      0.00744081
      0.00748969
      0.00717341
      0.00660329
      0.00587306
      0.00507555
      0.00430435
      0.00363971
      0.00313567
      0.00281096
      0.00264694
      0.00259771
      0.00260943
      0.00263775
      0.00265558
      0.00265199
      0.00262692
      0.00258566
      0.00253486
      0.00248021
      0.00242552
      0.00237269
      0.00232215
      0.00227346
      0.00222584
      0.00217854
      0.00213101
      0.00208298
      0.00203437
      0.00198525
      0.00193572
      0.00188591
      0.00183593
      0.00178582
      0.00173562
      0.00168536
      0.00163503
      0.00158465
      0.00153423
      0.00148377
      0.00143329
      0.00138280
      0.00133229
      0.00128175
      0.00123119
      0.00118063
      0.00113014
      0.00107983
      0.00102987
      0.00098042
      0.00093156
      0.00088322
      0.00083501
      0.00078628
      0.00073626
      0.00068435
      0.00063072
      0.00057681
      0.00052560
      0.00048111
      0.00044682
      0.00042346
      0.00040715
      0.00038926
      0.00035854
      0.00030566
      0.00022956
      0.00014293
      0.00006884
      0.00002388
      0.00000552
      0.00000076
      0.00000007
      0.00000004
      0.00000002
      0.00000001
      0.00000000
      0.00000000
      0.00000000
      0.00000000
      0.00000000
      0.00000000
      0.00000000
      0.00000000
      0.00000000
      0.00000000
      0.00000000
      0.00000000
      0.00000000
      0.00000000
      0.00000000
      0.00000000
      0.00000000
      0.00000000
      0.00000000
      0.00000000
      0.00000000
      0.00000000
      0.00000000
      0.00000000
      0.00000000
      0.00000000
      0.00000000
      0.00000000
      0.00000000
      0.00000000
      0.00000000
      0.00000000
      0.00000000
      0.00000000
      0.00000000
      0.00000000
      0.00000000
      0.00000000
      0.00000000
      0.00000000
      0.00000000
      0.00000000
      0.00000000
      0.00000000
      0.00000000
      0.00000000
      0.00000000
      0.00000000
      0.00000000
      0.00000000
      0.00000000
      0.00000000
      0.00000000
      0.00000000
      0.00000000
      0.00000000
      0.00000000
      0.00000000
      0.00000000
      0.00000000
      0.00000000
      0.00000000
      0.00000000
      0.00000000
      0.00000000
      0.00000000
      0.00000000
      0.00000000
      0.00000000
      0.00000000
      0.00000000
      0.00000000
      0.00000000
      0.00000000
      0.00000000
      0.00000000
      0.00000000
      0.00000000
      0.00000000
      0.00000000
      0.00000000
      0.00000000
      0.00000000
      0.00000000
      0.00000000
      0.00000000
      0.00000000
      0.00000000
      0.00000000
      0.00000000
      0.00000000
      0.00000000
      0.00000000
      0.00000000
      0.00000000
      0.00000000
      0.00000000
      0.00000000
      0.00000000
      0.00000000
      0.00000000
      0.00000000
      0.00000000
      0.00000000
      0.00000000
      0.00000000
      0.00000000
      0.00000000
      0.00000000
      0.00000000
      0.00000000
      0.00000000
      0.00000000
      0.00000000
      0.00000000
      0.00000000
      0.00000000
      0.00000000
      0.00000000
      0.00000000
      0.00000000
      0.00000000
      0.00000000
      0.00000000
      0.00000000
      0.00000000
      0.00000000
      0.00000000
      0.00000000
      0.00000000
      0.00000000
      0.00000000
      0.00000000
      0.00000000
      0.00000000
      0.00000000
      0.00000000
      0.00000000
      0.00000000
      0.00000000
      0.00000000
      0.00000000
      0.00000000
      0.00000000
      0.00000000
      0.00000000
