      0.00000000
     -2.74457236
     -3.13519737
      2.75736294
      2.36673793
      1.97611292
      1.58548792
      1.19486291
      0.80423790
      0.41361290
      0.02298789
     -0.36763712
     -0.75826212
     -1.14888713
     -1.53951214
     -1.93013714
     -2.32076215
     -2.71138716
     -3.10201216
      2.79054814
      2.39992313
      2.00929813
      1.61867312
      1.22804811
      0.83742311
      0.44679810
      0.05617309
     -0.33445191
     -0.72507692
     -1.11570193
     -1.50632694
     -1.89695194
     -2.28757695
     -2.67820196
     -3.06882696
      2.82373334
      2.43310833
      2.04248332
      1.65185832
      1.26123331
      0.87060830
      0.47998330
      0.08935829
     -0.30126672
     -0.69189173
     -1.08251673
     -1.47314174
     -1.86376675
     -2.25439175
     -2.64501676
     -3.03564177
      2.85691853
      2.46629352
      2.07566852
      1.68504351
      1.29441850
      0.90379350
      0.51316849
      0.12254348
     -0.26808153
     -0.65870653
     -1.04933154
     -1.43995655
     -1.83058156
     -2.22120656
     -2.61183157
     -3.00245658
      2.89010372
      2.49947871
      2.10885371
      1.71822870
      1.32760369
      0.93697868
      0.54635368
      0.15572867
     -0.23489634
     -0.62552135
     -1.01614635
     -1.40677136
     -1.79739637
     -2.18802137
     -2.57864638
     -2.96927138
      2.92328892
      2.53266392
      2.14203891
      1.75141391
      1.36078891
      0.97016391
      0.57953891
      0.18891391
     -0.20171109
     -0.59233608
     -0.98296108
     -1.37358607
     -1.76421107
     -2.15483607
     -2.54546107
     -2.93608607
      2.95647422
      2.56584920
      2.17522416
      1.78459910
      1.39397403
      1.00334893
      0.61272380
      0.22209864
     -0.16852656
     -0.55915178
     -0.94977703
     -1.34040231
     -1.73102760
     -2.12165289
     -2.51227818
     -2.90290344
      2.98965664
      2.59903148
      2.20840641
      1.81778144
      1.42715660
      1.03653191
      0.64590740
      0.25528307
     -0.13534104
     -0.52596493
     -0.91658857
     -1.30721196
     -1.69783508
     -2.08845792
     -2.47908047
     -2.86970272
      3.02286064
      2.63223901
      2.24161772
      1.85099677
      1.46037619
      1.06975599
      0.67913619
      0.28851682
     -0.10210209
     -0.49272051
     -0.88333841
     -1.27395575
     -1.66457249
     -2.05518860
     -2.44580402
     -2.83641877
      3.05615236
      2.66553837
      2.27492365
      1.88430349
      1.49364671
      1.10280275
      0.71132111
      0.31854503
     -0.07533125
     -0.46789219
     -0.85517363
     -1.23483894
     -1.60907509
     -1.98474761
     -2.37058313
     -2.77195097
      3.09810541
      2.68678985
      2.29190784
      1.91849967
      1.55958963
      1.20032941
      0.82364299
      0.41791857
     -0.01198679
     -0.44121130
     -0.84291450
     -1.20933607
     -1.55212483
     -1.89263238
     -2.25495002
     -2.65832236
     -3.10114733
      2.73412287
      2.32277022
      1.96037944
      1.63157678
      1.31003771
      0.96643092
      0.57359250
      0.12430098
     -0.34341663
     -0.77027156
     -1.13442084
     -1.45316587
     -1.75669584
     -2.07775076
     -2.44993193
     -2.89387758
      2.90364749
      2.45290653
      2.07756610
      1.76227119
      1.47358748
      1.17664553
      0.83439506
      0.41275570
     -0.08100002
     -0.56412679
     -0.96480705
     -1.28744267
     -1.56799066
     -1.84332166
     -2.15090209
     -2.53188220
     -3.00720977
      2.76917021
      2.33766184
      2.00600995
      1.74092902
      1.50638072
      1.27379979
      1.01843441
      0.71701004
      0.35105775
     -0.08101238
     -0.54678574
     -0.98433082
     -1.35589276
     -1.66781652
     -1.94972547
     -2.23729761
     -2.56323971
     -2.94945201
      2.88978329
      2.42799671
      2.00305027
      1.63654235
      1.31456274
      1.00678327
      0.67990638
      0.30663318
     -0.12196368
     -0.58112339
     -1.02026724
     -1.40745464
     -1.74675251
     -2.06353972
     -2.38974306
     -2.75428403
      3.11146563
      2.65666528
      2.21047098
      1.81077132
      1.46077995
      1.13905990
      0.81488349
      0.45832407
      0.05081153
     -0.39930173
     -0.85056402
     -1.26046912
     -1.61908766
     -1.94412735
     -2.26526167
     -2.61337693
     -3.01062934
      2.82788984
      2.37234015
      1.95257602
      1.58577564
      1.25840630
      0.94190858
      0.60429544
      0.21961485
     -0.21757718
     -0.67698784
     -1.10782163
     -1.48361827
     -1.81206910
     -2.11995766
     -2.44050976
     -2.80443660
      3.05635478
      2.59515939
      2.14920695
      1.76003793
      1.43173883
      1.14318837
      0.86198398
      0.55241513
      0.18424364
     -0.25054518
     -0.71645140
     -1.15123436
     -1.52057058
     -1.82478596
     -2.08189367
     -2.31507883
     -2.54900722
     -2.81196764
     -3.13964455
      2.71693829
      2.21164849
      1.73263607
      1.34728532
      1.03713602
      0.76108911
      0.48151227
      0.16162364
     -0.23488751
     -0.71513033
     -1.21059027
     -1.63629304
     -1.98161986
     -2.27988984
     -2.56826440
     -2.88164216
      3.02953864
      2.58194690
      2.09623825
      1.64922687
      1.27395253
      0.95120493
      0.64751227
      0.33006825
     -0.03150181
     -0.45555702
     -0.92250593
     -1.37376815
     -1.76929463
     -2.11467283
     -2.43666177
     -2.76461843
     -3.12507588
      2.74899133
      2.30204605
      1.85811635
      1.45270262
      1.08880452
      0.74773637
      0.40545448
      0.04039559
     -0.35969905
     -0.78808734
     -1.21851683
     -1.62556981
     -2.00344438
     -2.36322820
     -2.72190363
     -3.09450195
      2.79475529
      2.38397776
      1.97067778
      1.56865946
      1.18216105
      0.80613284
      0.43192040
      0.05254735
     -0.33437021
     -0.72666269
     -1.12041505
     -1.51316090
     -1.90464273
     -2.29548914
     -2.68614648
     -3.07676653
      2.81580421
      2.42519033
      2.03457623
      1.64396157
      1.25334622
      0.86273020
      0.47211354
      0.08149628
     -0.30912153
     -0.69973987
     -1.09035869
     -1.48097797
     -1.87159768
     -2.26221780
     -2.65283829
     -3.04345915
      2.84910495
      2.45848342
      2.06786156
      1.67723939
      1.28661693
      0.89599417
      0.50537114
      0.11474783
     -0.27587573
     -0.66649954
     -1.05712359
     -1.44774785
     -1.83837230
     -2.22899694
     -2.61962173
     -3.01024665
      2.88231362
      2.49168850
      2.10106331
      1.71043807
      1.31981281
      0.92918753
      0.53856226
      0.14793700
     -0.24268824
     -0.63331345
     -1.02393863
     -1.41456378
     -1.80518890
     -2.19581399
     -2.58643906
     -2.97706410
      2.91549618
      2.52487117
      2.13424617
      1.74362118
      1.35299619
      0.96237121
      0.57174623
      0.18112125
     -0.20950373
     -0.60012871
     -0.99075370
     -1.38137868
     -1.77200366
     -2.16262865
     -2.55325363
     -2.94387862
      2.94868170
      2.55805671
      2.16743172
      1.77680673
      1.38618174
      0.99555675
      0.60493176
      0.21430677
     -0.17631822
     -0.56694322
     -0.95756821
     -1.34819320
     -1.73881819
     -2.12944318
     -2.52006818
     -2.91069317
      2.98186714
      2.59124215
      2.20061716
      1.80999217
      1.41936717
      1.02874218
      0.63811719
      0.24749219
     -0.14313280
     -0.53375779
     -0.92438279
     -1.31500778
     -1.70563277
     -2.09625776
     -2.48688276
     -2.87750775
      3.01505256
      2.62442757
      2.23380258
      1.84317759
      1.45255259
      1.06192760
      0.67130261
      0.28067761
     -0.10994738
     -0.50057237
     -0.89119737
     -1.28182236
     -1.67244735
     -2.06307235
     -2.45369734
     -2.84432233
      3.04823798
      2.65761299
      2.26698800
      1.87636300
      1.48573801
      1.09511302
      0.70448802
      0.31386303
     -0.07676196
     -0.46738696
     -0.85801195
     -1.24863694
     -1.63926194
     -2.02988693
     -2.42051192
     -2.81113692
      3.08142340
      2.69079840
      2.30017341
      1.90954842
      1.51892342
      1.12829843
      0.73767344
      0.34704844
     -0.04357655
     -0.43420154
     -0.82482654
     -1.21545153
     -1.60607652
     -1.99670152
     -2.38732651
     -2.77795151
      3.11460881
      2.72398381
      2.33335882
      1.94273382
      0.00000000
