      0.00000000
      1.46411685
      1.07033975
      0.65913964
      0.24255029
     -0.16317020
     -0.54933113
     -0.91921301
     -1.28425308
     -1.65817868
     -2.05113147
     -2.46333042
     -2.88222518
      2.99318401
      2.60646719
      2.23768990
      1.87478647
      1.50300797
      1.11101749
      0.69777433
      0.27632285
     -0.13377783
     -0.52115626
     -0.88874425
     -1.24929592
     -1.61866609
     -2.00951026
     -2.42384243
     -2.84814124
      3.02230277
      2.63413820
      2.26783647
      1.90988339
      1.54322440
      1.15374751
      0.73828409
      0.31079876
     -0.10495881
     -0.49405799
     -0.85896160
     -1.21403017
     -1.57762343
     -1.96546440
     -2.38209556
     -2.81316731
      3.05079155
      2.66057813
      2.29720298
      1.94535356
      1.58524597
      1.19937199
      0.78154768
      0.34641250
     -0.07683648
     -0.46838509
     -0.83007838
     -1.17831227
     -1.53443050
     -1.91792319
     -2.33694618
     -2.77672096
      3.07850369
      2.68534312
      2.32551445
      1.98137184
      1.62985564
      1.24927136
      0.82907864
      0.38395872
     -0.04958820
     -0.44471435
     -0.80245753
     -1.14192942
     -1.48808702
     -1.86508013
     -2.28635430
     -2.73769596
      3.10522161
      2.70766814
      2.35228192
      2.01819793
      1.67834866
      1.30584888
      0.88368416
      0.42501518
     -0.02348300
     -0.42408204
     -0.77677131
     -1.10456358
     -1.43689006
     -1.80367725
     -2.22636070
     -2.69377245
      3.13061368
      2.72611549
      2.37655807
      2.05622038
      1.73300298
      1.37362076
      0.95111915
      0.47312808
      0.00107899
     -0.40854433
     -0.75440054
     -1.06575029
     -1.37773278
     -1.72728405
     -2.14828014
     -2.63925148
     -3.12895988
      2.73762038
      2.39623022
      2.09595325
      1.79814739
      1.46204641
      1.04512727
      0.53807515
      0.02366779
     -0.40294570
     -0.73881143
     -1.02506413
     -1.30444801
     -1.62141966
     -2.02900472
     -2.55580283
     -3.10723677
      2.73383328
      2.40501085
      2.13720600
      1.88273475
      1.59440518
      1.20776475
      0.65891777
      0.04566405
     -0.42374729
     -0.74323475
     -0.98534905
     -1.20409849
     -1.44639003
     -1.78353206
     -2.34120128
     -3.07852608
      2.67370293
      2.36739550
      2.16487853
      2.00261981
      1.84241541
      1.63395637
      1.22106629
      0.15495267
     -0.65264908
     -0.93072178
     -1.05546080
     -1.11470573
     -1.12888896
     -1.10119742
     -1.02963366
     -0.91145610
     -0.74560627
     -0.53466489
     -0.28636032
     -0.01313175
      0.27136715
      0.55678742
      0.83813926
      1.11473540
      1.38798737
      1.65969102
      1.93118238
      2.20312716
      2.47563671
      2.74849422
      3.02136675
     -2.98923798
     -2.71716585
     -2.44572179
     -2.17495287
     -1.90486553
     -1.63545186
     -1.36670532
     -1.09862691
     -0.83122497
     -0.56451206
     -0.29850160
     -0.03320556
      0.23136623
      0.49520539
      0.75830357
      1.02065101
      1.28223610
      1.54304671
      1.80307386
      2.06231761
      2.32079412
      2.57854124
      2.83561878
      3.09209904
     -2.93514181
     -2.67972034
     -2.42490461
     -2.17091456
     -1.91811944
     -1.66699104
     -1.41797340
     -1.17126193
     -0.92651142
     -0.68252068
     -0.43697784
     -0.18642769
      0.07320244
      0.34493797
      0.62752242
      0.91182423
      1.18082944
      1.41563638
      1.60247861
      1.73439613
      1.80816122
      1.81992010
      1.76028501
      1.60744792
      1.31797335
      0.83024366
      0.17169545
     -0.40581351
     -0.78507510
     -1.03202623
     -1.22385772
     -1.42065025
     -1.67681933
     -2.05184694
     -2.58532760
      3.09820151
      2.61470833
      2.27628337
      2.02239517
      1.79180877
      1.53101867
      1.18424707
      0.70323623
      0.12641387
     -0.38733777
     -0.76588945
     -1.04956517
     -1.29625451
     -1.55790369
     -1.88762743
     -2.33666013
     -2.89465498
      2.85742208
      2.45171279
      2.14867638
      1.89317628
      1.63377054
      1.31876912
      0.89494079
      0.35291071
     -0.19273633
     -0.62245465
     -0.94130453
     -1.20207638
     -1.45665897
     -1.75631983
     -2.15630544
     -2.68273883
      3.03999107
      2.58485713
      2.25070617
      1.98717836
      1.74094519
      1.46020070
      1.08723174
      0.57928985
      0.00152455
     -0.48587909
     -0.83792061
     -1.10130860
     -1.33203344
     -1.58351242
     -1.91652869
     -2.39277643
     -2.99066034
      2.75234329
      2.37047005
      2.11030583
      1.91218785
      1.72161834
      1.47910760
      1.10823422
      0.53979589
     -0.12206307
     -0.62046736
     -0.91799945
     -1.07609780
     -1.13948016
     -1.13079526
     -1.05985464
     -0.93065759
     -0.74635682
     -0.51363291
     -0.24589806
      0.03807281
      0.32100512
      0.59333879
      0.85350559
      1.10440632
      1.35011071
      1.59412130
      1.83880697
      2.08541786
      2.33433368
      2.58537827
      2.83811400
      3.09206676
     -2.93632463
     -2.68091683
     -2.42498374
     -2.16851610
     -1.91145385
     -1.65372459
     -1.39526762
     -1.13604401
     -0.87603671
     -0.61524506
     -0.35367781
     -0.09134711
      0.17173531
      0.43555951
      0.70011698
      0.96539924
      1.23139640
      1.49809649
      1.76548611
      2.03355272
      2.30228799
      2.57169093
      2.84176806
      3.11252730
     -2.89922315
     -2.62715974
     -2.35458743
     -2.08172274
     -1.80887262
     -1.53637000
     -1.26443163
     -0.99294613
     -0.72124780
     -0.44800061
     -0.17140882
      0.10993893
      0.39535519
      0.67985001
      0.95307450
      1.20137520
      1.41231314
      1.57816006
      1.69633519
      1.76789690
      1.79558659
      1.78140156
      1.72215457
      1.59741247
      1.31933303
      0.51171787
     -0.55437885
     -0.96726347
     -1.17572233
     -1.33592760
     -1.49818775
     -1.70070692
     -2.00701802
     -2.53797889
      3.00788418
      2.45022048
      2.11308020
      1.87078858
      1.65203818
      1.40992217
      1.09043208
      0.62101787
      0.00776484
     -0.54107844
     -0.92771687
     -1.21604615
     -1.47051806
     -1.73832429
     -2.06714878
     -2.50926615
     -3.06069993
      2.69568984
      2.28810666
      1.97113548
      1.69175115
      1.40549731
      1.06962988
      0.64301471
      0.12860731
     -0.37844292
     -0.79536039
     -1.13146081
     -1.42926698
     -1.72954490
     -2.07093650
     -2.48754294
     -2.97725148
      2.81496393
      2.39396931
      2.04441864
      1.73243594
      1.42108537
      1.07522793
      0.66560343
      0.19355415
     -0.28443579
     -0.70693611
     -1.06631773
     -1.38953526
     -1.70987365
     -2.05943214
     -2.46393137
     -2.92273075
      2.89304372
      2.47036140
      2.10357480
      1.77124825
      1.44345537
      1.09076515
      0.69016520
      0.24166680
     -0.21700145
     -0.63916515
     -1.01166437
     -1.35151366
     -1.68559818
     -2.04098524
     -2.43853953
     -2.87880749
      2.95303677
      2.53176350
      2.15477093
      1.80861333
      1.46914099
      1.11139706
      0.71627018
      0.28272303
     -0.16239639
     -0.58258831
     -0.96317208
     -1.31468823
     -1.65883124
     -2.01866059
     -2.41182182
     -2.83978271
      3.00362824
      2.58460596
      2.20111377
      1.84499560
      1.49676136
      1.13506746
      0.74351825
      0.32026904
     -0.11486579
     -0.53268946
     -0.91856297
     -1.27867048
     -1.63052021
     -1.99389591
     -2.38410988
     -2.80333656
      3.04877729
      2.63214671
      2.24430618
      1.88071302
      1.52564418
      1.16074008
      0.77164038
      0.35588259
     -0.07160249
     -0.48706539
     -0.87654186
     -1.24320075
     -1.60115405
     -1.96745625
     -2.35562129
     -2.76836280
      3.09052390
      2.67619220
      2.28534843
      1.91597838
      1.55542650
      1.18783810
      0.80045922
      0.39035833
     -0.03109297
     -0.44433571
     -0.83632581
     -1.20810419
     -1.57100779
     -1.93978547
     -2.32650270
     -2.73427902
      3.13001167
      2.71781311
      2.32486067
      1.95093520
      1.58589499
      1.21601275
      0.82985144
      0.42413075
      0.00754151
     -0.40365825
     -0.79743501
      0.00000000
