             NaN
     -1.55838488
     -1.16746921
     -0.77504113
     -0.38216611
      0.00979990
      0.40001757
      0.78865979
      1.17681161
      1.56585823
      1.95669992
      2.34921132
      2.74227401
      3.13441560
     -2.75849978
     -2.36996813
     -1.98203595
     -1.59320092
     -1.20244600
     -0.80984804
     -0.41657949
     -0.02424137
      0.36609047
      0.75450243
      1.14219032
      1.53078557
      1.92143658
      2.31412417
      2.70761916
      3.10017799
     -2.79260231
     -2.40432057
     -2.01690574
     -1.62858358
     -1.23805724
     -0.84527729
     -0.45153239
     -0.05872471
      0.33176675
      0.71990604
      1.10701385
      1.49502315
      1.88539929
      2.27827370
      2.67229552
      3.06538514
     -2.82720633
     -2.43922384
     -2.05246359
     -1.66481530
     -1.27462117
     -0.88165131
     -0.48732121
     -0.09391019
      0.29680540
      0.68461407
      1.07097771
      1.45820585
      1.84817763
      2.24124215
      2.63591724
      3.02969736
     -2.86262663
     -2.47501214
     -2.08910535
     -1.70237129
     -1.31267392
     -0.91951856
     -0.52445504
     -0.13024726
      0.26079002
      0.64818559
      1.03356025
      1.41970616
      1.80906047
      2.20229787
      2.59780163
      2.99251011
     -2.89942310
     -2.51227696
     -2.12753034
     -1.74209494
     -1.35317638
     -0.95987418
     -0.56386798
     -0.16856607
      0.22295183
      0.60981015
      0.99380375
      1.37836550
      1.76671956
      2.16005466
      2.55663814
      2.95265344
     -2.93867959
     -2.55215836
     -2.16908503
     -1.78562106
     -1.39801663
     -1.00470697
     -0.60745680
     -0.21056944
      0.18171228
      0.56783169
      0.94975361
      1.33180020
      1.71837707
      2.11155292
      2.50957358
      2.90754835
     -2.98278855
     -2.59715810
     -2.21672024
     -1.83656898
     -1.45146109
     -1.05862847
     -0.65972745
     -0.26036394
      0.13326046
      0.51828184
      0.89673061
      1.27422450
      1.65710751
      2.04916395
      2.44902295
      2.85021104
     -3.03822967
     -2.65398630
     -2.27835254
     -1.90484666
     -1.52562984
     -1.13534719
     -0.73464477
     -0.33098992
      0.06550412
      0.44873222
      0.82003803
      1.18688168
      1.55918370
      1.94492958
      2.34538103
      2.75232406
     -3.13129230
     -2.74938024
     -2.38578752
     -2.03252532
     -1.67708499
     -1.30689384
     -0.91497245
     -0.50679779
     -0.10163574
      0.27847706
      0.62199074
      0.92962857
      1.20873516
      1.46870574
      1.71893806
      1.96768939
      2.22100501
      2.48203885
      2.75119108
      3.02694488
     -2.97624040
     -2.69428364
     -2.41207043
     -2.13057257
     -1.85015625
     -1.57081267
     -1.29237708
     -1.01467724
     -0.73760333
     -0.46111949
     -0.18524460
      0.08997544
      0.36449063
      0.63826025
      0.91125733
      1.18346734
      1.45488429
      1.72550668
      1.99533456
      2.26436788
      2.53260601
      2.80004779
      3.06669187
     -2.95064841
     -2.68560367
     -2.42136038
     -2.15791944
     -1.89528118
     -1.63344456
     -1.37240601
     -1.11215829
     -0.85268971
     -0.59398483
     -0.33602722
     -0.07880505
      0.17768080
      0.43340780
      0.68832553
      0.94235734
      1.19541598
      1.44743819
      1.69843861
      1.94857539
      2.19820741
      2.44790892
      2.69839528
      2.95031229
     -3.07931920
     -2.82485433
     -2.57162246
     -2.32345988
     -2.08574724
     -1.86472151
     -1.66622507
     -1.49381791
     -1.34598140
     -1.21218704
     -1.06842973
     -0.87382519
     -0.57013506
     -0.09661371
      0.52003677
      1.07452981
      1.45460065
      1.70659561
      1.90178704
      2.10013218
      2.35682364
      2.73189224
     -3.01800190
     -2.41853635
     -1.93508345
     -1.59663921
     -1.34273112
     -1.11213185
     -0.85133339
     -0.50455559
     -0.02353907
      0.55328929
      1.06704638
      1.44560275
      1.72928285
      1.97597634
      2.23762930
      2.56735642
      3.01639230
     -2.70879496
     -2.17768389
     -1.77197237
     -1.46893409
     -1.21343240
     -0.95402538
     -0.63902302
     -0.21519405
      0.32683641
      0.87248352
      1.30220162
      1.62105096
      1.88182193
      2.13640334
      2.43606272
      2.83604651
     -2.92070775
     -2.36025510
     -1.90512393
     -1.57097594
     -1.30745149
     -1.06122203
     -0.78048149
     -0.40751679
      0.10041989
      0.67817895
      1.16557668
      1.51761295
      1.78099681
      2.01172097
      2.26320600
      2.59622850
      3.07242406
     -2.61308604
     -2.07312269
     -1.69123974
     -1.43059540
     -1.23098805
     -1.03713099
     -0.78955228
     -0.41732695
      0.12940158
      0.74851775
      1.23089811
      1.54151914
      1.73992613
      1.88507664
      2.01871038
      2.16557011
      2.33672334
      2.53402255
      2.75408323
      2.99112890
     -3.04427265
     -2.79119029
     -2.53672632
     -2.28310265
     -2.03110360
     -1.78055672
     -1.53082823
     -1.28120043
     -1.03108981
     -0.78012701
     -0.52814533
     -0.27512470
     -0.02112598
      0.23376380
      0.48946696
      0.74593168
      1.00313418
      1.26107271
      1.51975865
      1.77920832
      2.03943730
      2.30045743
      2.56227615
      2.82489713
      3.08832148
     -2.93063642
     -2.66560692
     -2.39977648
     -2.13314639
     -1.86571803
     -1.59749279
     -1.32847181
     -1.05865574
     -0.78804463
     -0.51663845
     -0.24443869
      0.02854865
      0.30230902
      0.57681544
      0.85202719
      1.12789426
      1.40437073
      1.68143775
      1.95913115
      2.23756077
      2.51689883
      2.79731006
      3.07880323
     -2.92217321
     -2.64022049
     -2.36022426
     -2.08447401
     -1.81532507
     -1.55429422
     -1.30098123
     -1.05223210
     -0.80200151
     -0.54203216
     -0.26292632
      0.04471122
      0.38822503
      0.76833819
      1.17350049
      1.58167500
      1.97359585
      2.34378633
      2.69922611
      3.05248798
     -2.86710466
     -2.48519242
     -2.08562326
     -1.67868020
     -1.27822899
     -0.89248351
     -0.52018190
     -0.15333853
      0.21796722
      0.60119541
      0.99768961
      1.40134453
      1.80204681
      2.19232917
      2.57154567
      2.94505133
     -2.96250030
     -2.57825686
     -2.18351215
     -1.78232399
     -1.38246507
     -0.99040885
     -0.60752609
     -0.23003241
      0.14841629
      0.53343772
      0.92706222
      1.32642579
      1.72532675
      2.11815920
      2.50326688
      2.88341796
     -3.01932956
     -2.63369907
     -2.24085058
     -1.84287575
     -1.44485513
     -1.05167942
     -0.66510273
     -0.28305629
      0.09886556
      0.48498499
      0.87726678
      1.27415420
      1.67140433
      2.06471388
      2.45231816
      2.83578199
     -3.06433005
     -2.67780880
     -2.28595646
     -1.88994111
     -1.49335765
     -1.10002265
     -0.71166873
     -0.32710709
      0.05688644
      0.44374478
      0.83526274
      1.23056469
      1.62657087
      2.01987299
      2.40879143
      2.79422673
     -3.10421202
     -2.71706587
     -2.32581373
     -1.93110520
     -1.53560146
     -1.14236413
     -0.75300992
     -0.36686411
      0.01851050
      0.40590608
      0.79694340
      1.19115121
      1.58621473
      1.97937003
      2.36906730
      2.75580128
     -3.14147729
     -2.75386279
     -2.36300144
     -1.96922129
     -1.57454620
     -1.18148173
     -0.79151003
     -0.40428198
     -0.01791839
      0.36989029
      0.76060591
      1.15401696
      1.54834706
      1.94131688
      2.33151093
      2.71915915
      3.10591935
     -2.78928347
     -2.39868960
     -2.00559996
     -1.61157813
     -1.21870375
     -0.82832769
     -0.44031845
     -0.05321069
      0.33492860
      0.72542009
      1.11822779
      1.51197269
      1.90475262
      2.29527889
      2.68360099
      3.07101578
     -2.82388780
     -2.43348277
     -2.04092391
     -1.64742892
     -1.25474136
     -0.86409040
     -0.47549521
     -0.08780735
      0.30060460
      0.69093645
      1.08327460
      1.47654316
      1.86914109
      2.25989596
      2.64873093
      3.03666308
     -2.85799058
     -2.46772064
     -2.07557903
     -1.68251633
     -1.29000495
     -0.89916330
     -0.51011674
     -0.12196496
      0.26667726
      0.65689494
      1.04886098
      1.44173600
      1.83416406
      2.22507968
      0.00000000
