      0.00000000
     -1.21655502
     -0.82593002
     -0.43530502
     -0.04468001
      0.34594500
      0.73657000
      1.12719501
      1.51782002
      1.90844502
      2.29907003
      2.68969503
      3.08032004
     -2.81224026
     -2.42161525
     -2.03099025
     -1.64036524
     -1.24974023
     -0.85911523
     -0.46849022
     -0.07786521
      0.31275979
      0.70338480
      1.09400981
      1.48463481
      1.87525982
      2.26588483
      2.65650983
      3.04713484
     -2.84542546
     -2.45480045
     -2.06417545
     -1.67355044
     -1.28292543
     -0.89230043
     -0.50167542
     -0.11105041
      0.27957460
      0.67019960
      1.06082461
      1.45144962
      1.84207462
      2.23269963
      2.62332464
      3.01394964
     -2.87861066
     -2.48798565
     -2.09736064
     -1.70673563
     -1.31611063
     -0.92548562
     -0.53486061
     -0.14423561
      0.24638940
      0.63701441
      1.02763942
      1.41826442
      1.80888943
      2.19951444
      2.59013945
      2.98076445
     -2.91179585
     -2.52117084
     -2.13054583
     -1.73992082
     -1.34929582
     -0.95867081
     -0.56804580
     -0.17742079
      0.21320421
      0.60382922
      0.99445423
      1.38507924
      1.77570424
      2.16632925
      2.55695426
      2.94757927
     -2.94498104
     -2.55435603
     -2.16373102
     -1.77310602
     -1.38248101
     -0.99185601
     -0.60123100
     -0.21060600
      0.18001900
      0.57064401
      0.96126901
      1.35189401
      1.74251901
      2.13314401
      2.52376900
      2.91439400
     -2.97816631
     -2.58754132
     -2.19691632
     -1.80629132
     -1.41566632
     -1.02504132
     -0.63441630
     -0.24379128
      0.14683376
      0.53745881
      0.92808389
      1.31870899
      1.70933412
      2.09995928
      2.49058448
      2.88120970
     -3.01135036
     -2.62072508
     -2.23009979
     -1.83947450
     -1.44884921
     -1.05822394
     -0.66759872
     -0.27697356
      0.11365151
      0.50427648
      0.89490132
      1.28552601
      1.67615052
      2.06677485
      2.45739896
      2.84802285
     -3.04453882
     -2.65391543
     -2.26329231
     -1.87266947
     -1.48204692
     -1.09142467
     -0.70080272
     -0.31018109
      0.08044020
      0.47106115
      0.86168173
      1.25230193
      1.64292173
      2.03354110
      2.42416001
      2.81477843
     -3.07778898
     -2.68717164
     -2.29655489
     -1.90593879
     -1.51532337
     -1.12470862
     -0.73409444
     -0.34348045
      0.04713427
      0.43775443
      0.82841121
      1.21925517
      1.61073681
      2.00351288
      2.39738917
      2.78995011
     -3.10595376
     -2.72628844
     -2.35205229
     -1.97637978
     -1.59054425
     -1.18917642
     -0.77604750
     -0.36473193
      0.03015008
      0.40355825
      0.76246829
      1.12172851
      1.49841493
      1.90413935
      2.33404471
      2.76326922
     -3.11821288
     -2.75179132
     -2.40900256
     -2.06849501
     -1.70617737
     -1.30280503
     -0.85998006
     -0.41206495
     -0.00071230
      0.36167848
      0.69048114
      1.01202021
      1.35562700
      1.74846542
      2.19775694
      2.66547454
      3.09232948
     -2.82670655
     -2.50796152
     -2.20443155
     -1.88337663
     -1.51119545
     -1.06724981
     -0.58158957
     -0.13084861
      0.24449182
      0.55978673
      0.84847044
      1.14541238
      1.48766285
      1.90930222
      2.40305794
      2.88618471
     -2.99632033
     -2.67368472
     -2.39313672
     -2.11780573
     -1.81022530
     -1.42924519
     -0.95391761
     -0.44711229
     -0.01560392
      0.31604796
      0.58112890
      0.81567720
      1.04825813
      1.30362351
      1.60504788
      1.97100017
      2.40307030
      2.86884366
     -2.97679657
     -2.60523463
     -2.29331086
     -2.01140192
     -1.72382977
     -1.39788767
     -1.01167538
     -0.56772537
     -0.10593879
      0.31900765
      0.68551557
      1.00749518
      1.31527465
      1.64215154
      2.01542474
      2.44402160
      2.90318131
     -2.94086015
     -2.55367274
     -2.21437488
     -1.89758767
     -1.57138433
     -1.20684336
     -0.78940771
     -0.33460736
      0.11158694
      0.51128660
      0.86127797
      1.18299802
      1.50717443
      1.86373385
      2.27124639
      2.72135965
     -3.11056337
     -2.70065827
     -2.34203973
     -2.01700004
     -1.69586572
     -1.34775046
     -0.95049805
     -0.50583192
     -0.05028223
      0.36948190
      0.73628228
      1.06365162
      1.38014934
      1.71776248
      2.10244307
      2.53963510
      2.99904576
     -2.85330576
     -2.47750911
     -2.14905829
     -1.84116973
     -1.52061763
     -1.15669079
     -0.73429686
     -0.27310147
      0.17285097
      0.56201999
      0.89031908
      1.17886955
      1.46007394
      1.76964279
      2.13781428
      2.57260309
      3.03850932
     -2.80989303
     -2.44055681
     -2.13634143
     -1.87923372
     -1.64604856
     -1.41212017
     -1.14915975
     -0.82148284
     -0.39488037
      0.11040943
      0.58942185
      0.97477260
      1.28492190
      1.56096881
      1.84054565
      2.16043428
      2.55694543
      3.03718825
     -2.75053712
     -2.32483435
     -1.97950753
     -1.68123755
     -1.39286299
     -1.07948523
     -0.70748072
     -0.25988898
      0.22581967
      0.67283105
      1.04810538
      1.37085299
      1.67454564
      1.99198967
      2.35355972
      2.77761494
     -3.03862146
     -2.58735924
     -2.19183275
     -1.84645456
     -1.52446562
     -1.19650896
     -0.83605151
     -0.42693341
      0.02001187
      0.46394156
      0.86935530
      1.23325340
      1.57432155
      1.91660344
      2.28166233
      2.68175697
      3.11014526
     -2.74261055
     -2.33555758
     -1.95768301
     -1.59789919
     -1.23922376
     -0.86662544
     -0.47269737
     -0.06191984
      0.35138014
      0.75339846
      1.13989687
      1.51592508
      1.89013752
      2.26951057
      2.65642813
      3.04872061
     -2.84071234
     -2.44796649
     -2.05648466
     -1.66563825
     -1.27498091
     -0.88436086
     -0.49374629
     -0.10313241
      0.28748169
      0.67809635
      1.06871170
      1.45932772
      1.84994438
      2.24056164
      2.63117945
      3.02179779
     -2.87076869
     -2.48014941
     -2.08952970
     -1.69890959
     -1.30828910
     -0.91766824
     -0.52704703
     -0.13642550
      0.25419636
      0.64481852
      1.03544099
      1.42606374
      1.81668678
      2.20731009
      2.59793365
      2.98855746
     -2.90400380
     -2.51337954
     -2.12275509
     -1.73213045
     -1.34150566
     -0.95088074
     -0.56025570
     -0.16963058
      0.22099461
      0.61161985
      1.00224511
      1.39287039
      1.78349566
      2.17412092
      2.56474616
      2.95537137
     -2.93718875
     -2.54656361
     -2.15593849
     -1.76531340
     -1.37468833
     -0.98406329
     -0.59343826
     -0.20281325
      0.18781175
      0.57843674
      0.96906173
      1.35968671
      1.75031169
      2.14093667
      2.53156165
      2.92218663
     -2.97037369
     -2.57974871
     -2.18912372
     -1.79849874
     -1.40787375
     -1.01724877
     -0.62662378
     -0.23599879
      0.15462620
      0.54525119
      0.93587618
      1.32650117
      1.71712616
      2.10775115
      2.49837614
      2.88900113
     -3.00355918
     -2.61293419
     -2.22230920
     -1.83168420
     -1.44105921
     -1.05043422
     -0.65980923
     -0.26918423
      0.12144076
      0.51206575
      0.90269075
      1.29331574
      1.68394073
      2.07456573
      2.46519072
      2.85581571
     -3.03674460
     -2.64611961
     -2.25549462
     -1.86486962
     -1.47424463
     -1.08361964
     -0.69299465
     -0.30236965
      0.08825534
      0.47888033
      0.86950533
      1.26013032
      1.65075531
      2.04138031
      2.43200530
      2.82263029
     -3.06993002
     -2.67930503
     -2.28868004
     -1.89805504
     -1.50743005
     -1.11680506
     -0.72618006
     -0.33555507
      0.05506992
      0.44569492
      0.83631991
      1.22694490
      1.61756990
      2.00819489
      2.39881988
      2.78944488
     -3.10311544
     -2.71249044
     -2.32186545
     -1.93124046
     -1.54061546
     -1.14999047
     -0.75936548
     -0.36874048
      0.02188451
      0.41250950
      0.80313450
      1.19375949
      1.58438448
      1.97500948
      2.36563447
      2.75625946
     -3.13630085
     -2.74567586
     -2.35505086
     -1.96442587
     -1.57380088
     -1.18317588
     -0.79255089
     -0.40192589
     -0.01130090
      0.37932410
      0.00000000
