      0.00000000
      0.00000000
      0.00000000
      0.00000000
      0.00000000
      0.00000000
      0.00000000
      0.00000000
      0.00000000
      0.00000000
      0.00000000
      0.00000000
      0.00000000
      0.00000000
      0.00000000
      0.00000000
      0.00000000
      0.00000000
      0.00000000
      0.00000000
      0.00000000
      0.00000000
      0.00000000
      0.00000000
      0.00000000
      0.00000000
      0.00000000
      0.00000000
      0.00000000
      0.00000000
      0.00000000
      0.00000000
      0.00000000
      0.00000000
      0.00000000
      0.00000000
      0.00000000
      0.00000000
      0.00000000
      0.00000000
      0.00000000
      0.00000000
      0.00000000
      0.00000000
      0.00000000
      0.00000000
      0.00000000
      0.00000000
      0.00000000
      0.00000000
      0.00000000
      0.00000000
      0.00000000
      0.00000000
      0.00000000
      0.00000000
      0.00000000
      0.00000000
      0.00000000
      0.00000000
      0.00000000
      0.00000000
      0.00000000
      0.00000000
      0.00000000
      0.00000000
      0.00000000
      0.00000000
      0.00000000
      0.00000000
      0.00000000
      0.00000000
      0.00000000
      0.00000000
      0.00000000
      0.00000000
      0.00000000
      0.00000000
      0.00000000
      0.00000000
      0.00000000
      0.00000000
      0.00000000
      0.00000000
      0.00000000
      0.00000000
      0.00000000
      0.00000000
      0.00000000
      0.00000000
      0.00000000
      0.00000000
      0.00000000
      0.00000000
      0.00000000
      0.00000000
      0.00000000
      0.00000000
      0.00000000
      0.00000000
      0.00000000
      0.00000000
      0.00000000
      0.00000000
      0.00000000
      0.00000000
      0.00000000
      0.00000000
      0.00000000
      0.00000000
      0.00000000
      0.00000000
      0.00000000
      0.00000000
      0.00000000
      0.00000000
      0.00000000
      0.00000000
      0.00000000
      0.00000000
      0.00000000
      0.00000000
      0.00000000
      0.00000000
      0.00000000
      0.00000000
      0.00000000
      0.00000000
      0.00000000
      0.00000000
      0.00000000
      0.00000000
      0.00000000
      0.00000000
      0.00000000
      0.00000000
      0.00000000
      0.00000000
      0.00000000
      0.00000000
      0.00000000
      0.00000000
      0.00000000
      0.00000000
      0.00000000
      0.00000000
      0.00000000
      0.00000000
      0.00000002
      0.00000012
      0.00000049
      0.00000161
      0.00000437
      0.00001124
      0.00003106
      0.00008679
      0.00020853
      0.00040126
      0.00063350
      0.00087011
      0.00109449
      0.00129585
      0.00144588
      0.00149571
      0.00145314
      0.00151569
      0.00182688
      0.00218555
      0.00244589
      0.00263554
      0.00280656
      0.00297170
      0.00309366
      0.00309744
      0.00299265
      0.00306122
      0.00342579
      0.00377962
      0.00399977
      0.00415235
      0.00429750
      0.00444568
      0.00455548
      0.00454098
      0.00439935
      0.00444102
      0.00480872
      0.00515506
      0.00535270
      0.00548042
      0.00560340
      0.00573469
      0.00583650
      0.00582008
      0.00565446
      0.00563696
      0.00597968
      0.00632789
      0.00651631
      0.00662464
      0.00672565
      0.00683849
      0.00693300
      0.00692414
      0.00674910
      0.00665534
      0.00694620
      0.00730188
      0.00749211
      0.00758550
      0.00766466
      0.00775722
      0.00784250
      0.00784435
      0.00767511
      0.00750607
      0.00771668
      0.00807739
      0.00827912
      0.00836261
      0.00842071
      0.00849147
      0.00856427
      0.00857493
      0.00842292
      0.00819509
      0.00830166
      0.00865488
      0.00887563
      0.00895502
      0.00899365
      0.00904167
      0.00909873
      0.00911376
      0.00898490
      0.00872248
      0.00871158
      0.00903516
      0.00927947
      0.00936154
      0.00938322
      0.00940813
      0.00944660
      0.00946085
      0.00935634
      0.00908456
      0.00895616
      0.00921985
      0.00948795
      0.00958080
      0.00958928
      0.00959141
      0.00960894
      0.00961685
      0.00953322
      0.00927297
      0.00904408
      0.00921513
      0.00949908
      0.00961095
      0.00961140
      0.00959201
      0.00958702
      0.00958318
      0.00951308
      0.00927575
      0.00897715
      0.00903269
      0.00931409
      0.00945023
      0.00944841
      0.00940962
      0.00938148
      0.00936170
      0.00929692
      0.00908474
      0.00874860
      0.00868268
      0.00893637
      0.00909752
      0.00909908
      0.00904366
      0.00899248
      0.00895387
      0.00888737
      0.00869738
      0.00834933
      0.00817063
      0.00836975
      0.00855212
      0.00856251
      0.00849379
      0.00842031
      0.00836093
      0.00828668
      0.00811259
      0.00776929
      0.00749872
      0.00762076
      0.00781470
      0.00783791
      0.00775963
      0.00766521
      0.00758401
      0.00749681
      0.00732982
      0.00699756
      0.00666328
      0.00669893
      0.00688940
      0.00692525
      0.00684047
      0.00672698
      0.00662373
      0.00651947
      0.00634984
      0.00602573
      0.00565442
      0.00561219
      0.00578353
      0.00582614
      0.00573583
      0.00560513
      0.00548022
      0.00535543
      0.00517307
      0.00484821
      0.00446103
      0.00436527
      0.00450620
      0.00454387
      0.00444595
      0.00429935
      0.00415298
      0.00400315
      0.00379567
      0.00345824
      0.00307695
      0.00296521
      0.00306817
      0.00308290
      0.00297147
      0.00280858
      0.00263756
      0.00245111
      0.00220018
      0.00184888
      0.00152098
      0.00143326
      0.00147675
      0.00143875
      0.00129641
      0.00109794
      0.00087419
      0.00063755
      0.00040494
      0.00021121
      0.00008814
      0.00003145
      0.00001127
      0.00000434
      0.00000159
      0.00000049
      0.00000012
      0.00000002
      0.00000000
      0.00000000
      0.00000000
      0.00000000
      0.00000000
      0.00000000
      0.00000000
      0.00000000
      0.00000000
      0.00000000
      0.00000000
      0.00000000
      0.00000000
      0.00000000
      0.00000000
      0.00000000
      0.00000000
      0.00000000
      0.00000000
      0.00000000
      0.00000000
      0.00000000
      0.00000000
      0.00000000
      0.00000000
      0.00000000
      0.00000000
      0.00000000
      0.00000000
      0.00000000
      0.00000000
      0.00000000
      0.00000000
      0.00000000
      0.00000000
      0.00000000
      0.00000000
      0.00000000
      0.00000000
      0.00000000
      0.00000000
      0.00000000
      0.00000000
      0.00000000
      0.00000000
      0.00000000
      0.00000000
      0.00000000
      0.00000000
      0.00000000
      0.00000000
      0.00000000
      0.00000000
      0.00000000
      0.00000000
      0.00000000
      0.00000000
      0.00000000
      0.00000000
      0.00000000
      0.00000000
      0.00000000
      0.00000000
      0.00000000
      0.00000000
      0.00000000
      0.00000000
      0.00000000
      0.00000000
      0.00000000
      0.00000000
      0.00000000
      0.00000000
      0.00000000
      0.00000000
      0.00000000
      0.00000000
      0.00000000
      0.00000000
      0.00000000
      0.00000000
      0.00000000
      0.00000000
      0.00000000
      0.00000000
      0.00000000
      0.00000000
      0.00000000
      0.00000000
      0.00000000
      0.00000000
      0.00000000
      0.00000000
      0.00000000
      0.00000000
      0.00000000
      0.00000000
      0.00000000
      0.00000000
      0.00000000
      0.00000000
      0.00000000
      0.00000000
      0.00000000
      0.00000000
      0.00000000
      0.00000000
      0.00000000
      0.00000000
      0.00000000
      0.00000000
      0.00000000
      0.00000000
      0.00000000
      0.00000000
      0.00000000
      0.00000000
      0.00000000
      0.00000000
      0.00000000
      0.00000000
      0.00000000
      0.00000000
      0.00000000
      0.00000000
      0.00000000
      0.00000000
      0.00000000
      0.00000000
      0.00000000
      0.00000000
      0.00000000
      0.00000000
      0.00000000
      0.00000000
      0.00000000
      0.00000000
      0.00000000
      0.00000000
      0.00000000
      0.00000000
      0.00000000
      0.00000000
      0.00000000
      0.00000000
      0.00000000
      0.00000000
      0.00000000
