      0.00000000
     -2.71398156
     -3.10466752
      2.79217795
      2.40778858
      2.02183060
      1.63157560
      1.23668173
      0.83957648
      0.44410936
      0.05318166
     -0.33298652
     -0.71688928
     -1.10230952
     -1.49228015
     -1.88732353
     -2.28493807
     -2.68096694
     -3.07216645
      2.82503007
      2.44166186
      2.05684306
      1.66720204
      1.27200776
      0.87383380
      0.47717529
      0.08566157
     -0.30013939
     -0.68291807
     -1.06706165
     -1.45631972
     -1.85166516
     -2.25045596
     -2.64782311
     -3.03970092
      2.85788048
      2.47575496
      2.09237287
      1.70356131
      1.30806616
      0.90859225
      0.51042352
      0.11812226
     -0.26727452
     -0.64867248
     -1.03119110
     -1.41947949
     -1.81512033
     -2.21535460
     -2.61443552
     -3.00723186
      2.89077470
      2.51019225
      2.12865922
      1.74098785
      1.34520919
      0.94412357
      0.54399696
      0.15061776
     -0.23433124
     -0.61399289
     -0.99439205
     -1.38132967
     -1.77723236
     -2.17927776
     -2.58061367
     -2.97468516
      2.92379322
      2.54518023
      2.16609791
      1.78004180
      1.38403794
      0.98090198
      0.57815280
      0.18325000
     -0.20120227
     -0.57860881
     -0.95614462
     -1.34112840
     -1.73719633
     -2.14158273
     -2.54600427
     -2.94191869
      2.95708110
      2.58107919
      2.20538401
      1.82172448
      1.42565245
      1.01981757
      0.61338741
      0.21622183
     -0.16768691
     -0.54203008
     -0.91549937
     -1.29749313
     -1.69347130
     -2.10100325
     -2.50988944
     -2.90863383
      2.99092413
      2.61857318
      2.24784837
      1.86799852
      1.47227828
      1.06273359
      0.65077763
      0.24998957
     -0.13336498
     -0.50327354
     -0.87053183
     -1.24754050
     -1.64271688
     -2.05467783
     -2.47057839
     -2.87410257
      3.02596065
      2.65912345
      2.29638193
      1.92328744
      1.52918289
      1.11429445
      0.69313754
      0.28577465
     -0.09723517
     -0.46008235
     -0.81668611
     -1.18408948
     -1.57606240
     -1.99448466
     -2.42300572
     -2.83614057
      3.06380678
      2.70637329
      2.35863172
      2.00019247
      1.61276210
      1.19032703
      0.75070509
      0.32786144
     -0.05666248
     -0.40628848
     -0.73993636
     -1.08227814
     -1.45842836
     -1.88355219
     -2.34187695
     -2.78485868
      3.10823436
      2.77085660
      2.46407287
      2.15909451
      1.82248185
      1.41676291
      0.92586256
      0.41271251
     -0.02045661
     -0.34484466
     -0.58456413
     -0.76785396
     -0.91822495
     -1.05886137
     -1.21680303
     -1.42652510
     -1.73511126
     -2.19902699
     -2.80461046
      2.92195459
      2.53908065
      2.29525392
      2.13120156
      1.99766170
      1.85109473
      1.64681884
      1.33239736
      0.85562156
      0.25127014
     -0.28615568
     -0.65237764
     -0.88427507
     -1.03916203
     -1.16528603
     -1.30539389
     -1.50397241
     -1.81357433
     -2.28552096
     -2.88631101
      2.85778277
      2.48804377
      2.25442266
      2.10015524
      1.97717321
      1.84340069
      1.65524644
      1.36100290
      0.90779528
      0.31460089
     -0.23863886
     -0.62587342
     -0.87088336
     -1.03023995
     -1.15273443
     -1.28024060
     -1.45524731
     -1.72798966
     -2.15318140
     -2.73180397
      2.97887284
      2.56433203
      2.30037737
      2.13121896
      2.00663928
      1.88442120
      1.72309448
      1.47428241
      1.08240146
      0.52696742
     -0.06333652
     -0.51167694
     -0.80084620
     -0.98408688
     -1.11347644
     -1.23215176
     -1.38087079
     -1.60604000
     -1.96286305
     -2.48734807
     -3.08839833
      2.70962608
      2.39021723
      2.18906479
      2.05220212
      1.93507191
      1.79724010
      1.59420224
      1.27216039
      0.78447129
      0.18326456
     -0.33878430
     -0.69282566
     -0.91568094
     -1.06275063
     -1.18042673
     -1.30923741
     -1.49195937
     -1.78027151
     -2.22702453
     -2.81594759
      2.91101552
      2.51794574
      2.26901116
      2.10848465
      1.98775285
      1.86566719
      1.70081708
      1.44396759
      1.03966264
      0.47520830
     -0.10820346
     -0.54345878
     -0.82289349
     -1.00040492
     -1.12706011
     -1.24522433
     -1.39550473
     -1.62480620
     -1.98870925
     -2.52007903
     -3.11924505
      2.68668596
      2.37369214
      2.17630326
      2.04117870
      1.92428769
      1.78526938
      1.57920753
      1.25177492
      0.75765129
      0.15564148
     -0.36036425
     -0.70865104
     -0.92814323
     -1.07383040
     -1.19165700
     -1.32218539
     -1.50872261
     -1.80368742
     -2.25931000
     -2.85226439
      2.88131370
      2.49653498
      2.25280649
      2.09450161
      1.97361345
      1.84895364
      1.67836478
      1.41148531
      0.99291833
      0.41828620
     -0.15755492
     -0.57862561
     -0.84809087
     -1.02078841
     -1.14679516
     -1.26832000
     -1.42693675
     -1.67123863
     -2.05753850
     -2.60942723
      3.08084770
      2.62682377
      2.33224286
      2.14461660
      2.01206412
      1.89114600
      1.74032344
      1.51220139
      1.15055105
      0.61985882
      0.01819447
     -0.46196057
     -0.77797807
     -0.97915155
     -1.11865627
     -1.24110027
     -1.38842988
     -1.60756035
     -1.95455642
     -2.47146469
     -3.07693169
      2.70989557
      2.37970128
      2.16857026
      2.02265164
      1.89649921
      1.74739651
      1.52803362
      1.18184521
      0.66445227
      0.05618867
     -0.44233890
     -0.77492734
     -0.99027885
     -1.14209604
     -1.27587842
     -1.43517116
     -1.66848990
     -2.03447311
     -2.57549978
      3.09585276
      2.61366585
      2.29117717
      2.07288856
      1.90998552
      1.76684552
      1.61577778
      1.43328821
      1.19589845
      0.87560632
      0.44752884
     -0.06333364
     -0.55684621
     -0.96637437
     -1.30546421
     -1.61135230
     -1.91768344
     -2.25340326
     -2.64108091
     -3.08225056
      2.74230826
      2.31525789
      1.93719934
      1.59384577
      1.26025014
      0.91164972
      0.52876298
      0.10728683
     -0.33226010
     -0.75589128
     -1.14478429
     -1.50414025
     -1.85196609
     -2.20867745
     -2.59067847
     -3.00272128
      2.85212586
      2.43287847
      2.03974390
      1.67153059
      1.31478446
      0.95247765
      0.57045353
      0.16399586
     -0.25694245
     -0.67243477
     -1.06748844
     -1.44129871
     -1.80420934
     -2.17062801
     -2.55293892
     -2.95569338
      2.91182013
      2.49940087
      2.10343242
      1.72578767
      1.35834819
      0.98877074
      0.60609837
      0.20597698
     -0.20575051
     -0.61565127
     -1.01204318
     -1.39246196
     -1.76337243
     -2.13545793
     -2.51850256
     -2.91666145
      2.95786125
      2.55004843
      2.15349359
      1.77098786
      1.39733263
      1.02320396
      0.63979885
      0.24315303
     -0.16306047
     -0.56911896
     -0.96569093
     -1.34981366
     -1.72569268
     -2.10152059
     -2.48526689
     -2.88071596
      2.99825669
      2.59369147
      2.19718677
      1.81178193
      1.43406582
      1.05680042
      0.67273390
      0.27825062
     -0.12429771
     -0.52757674
     -0.92396453
     -1.31040491
     -1.68966318
     -2.06816207
     -2.45252834
     -2.84621952
      3.03582274
      2.63366332
      2.23742152
      1.85013199
      1.46956172
      1.08999160
      0.70534473
      0.31231190
     -0.08762964
     -0.48880536
     -0.88488468
     -1.27287924
     -1.65457830
     -2.03508825
     -2.41999813
     -2.81247782
      3.07180410
      2.67149970
      2.27559148
      1.88700553
      1.50432608
      1.12298446
      0.73782753
      0.34581668
     -0.05218174
     -0.45170899
     -0.84744244
     -1.23652854
     -1.62006624
     -2.00214928
     -2.38753880
     -2.77914954
      3.10683200
      2.70800210
      2.31244391
      1.92293209
      1.53863809
      1.15588996
      0.77028087
      0.37901330
     -0.01748841
     -0.41568935
     -0.81107379
     -1.20094971
     -1.58591381
     -1.96926178
     -2.35507869
     -2.74605089
      3.14125603
      2.74362490
      2.34841145
      1.95822307
      1.57266255
      1.18877112
      0.80275697
      0.41203953
      0.01671686
     -0.38039608
     -0.77544212
     -1.16589919
     -1.55199254
     -1.93637831
     -2.32258011
     -2.71307180
      0.00000000
