      0.00000000
     -2.72906721
     -2.33838124
     -1.95204141
     -1.56765204
     -1.18169406
     -0.79143906
     -0.39654519
      0.00056006
      0.39602718
      0.78695488
      1.17312306
      1.55702582
      1.94244606
      2.33241669
      2.72746007
      3.12507461
     -2.76208183
     -2.37088232
     -1.98489353
     -1.60152532
     -1.21670652
     -0.82706550
     -0.43187122
     -0.03369726
      0.36296125
      0.75447497
      1.14027593
      1.52305461
      1.90719819
      2.29645626
      2.69180170
      3.09059250
     -2.79522565
     -2.40334784
     -2.01774394
     -1.63561842
     -1.25223633
     -0.86342477
     -0.46792962
     -0.06845571
      0.32971302
      0.72201428
      1.10741106
      1.48880902
      1.87132764
      2.25961603
      2.65525687
      3.05549114
     -2.82861325
     -2.43581691
     -2.05063816
     -1.67005571
     -1.28852268
     -0.90085131
     -0.50507265
     -0.10398703
      0.29613958
      0.68951878
      1.07446778
      1.45412943
      1.83452859
      2.22146621
      2.61736890
      3.01941430
     -2.86243510
     -2.46836360
     -2.08365668
     -1.70504369
     -1.32596137
     -0.93990526
     -0.54390140
     -0.14076544
      0.26198374
      0.65688654
      1.04133881
      1.41874535
      1.79628116
      2.18126494
      2.57733287
      2.98171927
     -2.89704450
     -2.50113008
     -2.11694456
     -1.74094265
     -1.36524747
     -0.98158794
     -0.58551591
     -0.17968103
      0.22674913
      0.62391471
      1.00782345
      1.38216662
      1.75563591
      2.13762967
      2.53360784
      2.94113979
     -2.93315932
     -2.53441494
     -2.15078759
     -1.77843664
     -1.40771183
     -1.02786198
     -0.63214174
     -0.22259705
      0.18935890
      0.59014697
      0.97350152
      1.34341008
      1.71066837
      2.08767704
      2.48285342
      2.89481437
     -2.97247038
     -2.56894620
     -2.18582411
     -1.81898691
     -1.45624539
     -1.08315090
     -0.68904635
     -0.27415791
      0.14699900
      0.55436189
      0.93737171
      1.30021889
      1.65682265
      2.02422602
      2.41619894
      2.83462120
     -3.02004305
     -2.60690820
     -2.22367024
     -1.86623675
     -1.51849518
     -1.16005593
     -0.77262556
     -0.35019049
      0.08943145
      0.51227510
      0.89679902
      1.24642502
      1.58007290
      1.92241468
      2.29856489
      2.72368873
     -3.10117182
     -2.65819009
     -2.26809782
     -1.93072006
     -1.62393633
     -1.31895797
     -0.98234531
     -0.57662637
     -0.08572602
      0.42742403
      0.86059315
      1.18498120
      1.42470067
      1.60799050
      1.75836149
      1.89899791
      2.05693957
      2.26666164
      2.57524780
      3.03916353
     -2.63843831
     -2.08181805
     -1.69894411
     -1.45511738
     -1.29106502
     -1.15752516
     -1.01095819
     -0.80668230
     -0.49226082
     -0.01548502
      0.58886640
      1.12629222
      1.49251418
      1.72441161
      1.87929857
      2.00542257
      2.14553043
      2.34410895
      2.65371087
      3.12565750
     -2.55673776
     -2.01764623
     -1.64790723
     -1.41428612
     -1.26001870
     -1.13703667
     -1.00326415
     -0.81510990
     -0.52086636
     -0.06765874
      0.52553565
      1.07877540
      1.46600996
      1.71101989
      1.87037649
      1.99287097
      2.12037714
      2.29538385
      2.56812620
      2.99331794
     -2.71124480
     -2.13873630
     -1.72419549
     -1.46024083
     -1.29108242
     -1.16650274
     -1.04428466
     -0.88295794
     -0.63414587
     -0.24226492
      0.31316912
      0.90347306
      1.35181348
      1.64098274
      1.82422342
      1.95361298
      2.07228830
      2.22100733
      2.44617654
      2.80299959
     -2.95570070
     -2.35465044
     -1.86948954
     -1.55008069
     -1.34892825
     -1.21206558
     -1.09493538
     -0.95710356
     -0.75406570
     -0.43202385
      0.05566525
      0.65687198
      1.17892084
      1.53296220
      1.75581748
      1.90288716
      2.02056327
      2.14937395
      2.33209591
      2.62040805
      3.06716107
     -2.62710118
     -2.07087898
     -1.67780920
     -1.42887462
     -1.26834811
     -1.14761631
     -1.02553065
     -0.86068054
     -0.60383105
     -0.19952610
      0.36492824
      0.94834000
      1.38359532
      1.66303003
      1.84054146
      1.96719665
      2.08536087
      2.23564127
      2.46494274
      2.82884579
     -2.92296974
     -2.32380372
     -1.84654942
     -1.53355560
     -1.33616672
     -1.20104216
     -1.08415115
     -0.94513284
     -0.73907099
     -0.41163838
      0.08248525
      0.68449506
      1.20050079
      1.54878758
      1.76827977
      1.91396694
      2.03179354
      2.16232193
      2.34885915
      2.64382396
      3.09944654
     -2.59078437
     -2.04117716
     -1.65639844
     -1.41266995
     -1.25436507
     -1.13347691
     -1.00881710
     -0.83822824
     -0.57134877
     -0.15278179
      0.42185034
      0.99769146
      1.41876215
      1.68822741
      1.86092495
      1.98693170
      2.10845654
      2.26707329
      2.51137517
      2.89767504
     -2.83362154
     -2.24071116
     -1.78668723
     -1.49210632
     -1.30448006
     -1.17192758
     -1.05100946
     -0.90018690
     -0.67206485
     -0.31041451
      0.22027772
      0.82194207
      1.30209711
      1.61811461
      1.81928809
      1.95879281
      2.08123681
      2.22856642
      2.44769689
      2.79469296
     -2.97158408
     -2.36611707
     -1.86975903
     -1.53956474
     -1.32843372
     -1.18251510
     -1.05636267
     -0.90725997
     -0.68789708
     -0.34170867
      0.17568427
      0.78394787
      1.28247544
      1.61506388
      1.83041538
      1.98223258
      2.11601496
      2.27530770
      2.50862644
      2.87460965
     -2.86754899
     -2.25571622
     -1.77352931
     -1.45104063
     -1.23275202
     -1.06984898
     -0.92670898
     -0.77564124
     -0.59315167
     -0.35576191
     -0.03546978
      0.39260770
      0.90347018
      1.39698275
      1.80651091
      2.14560075
      2.45148884
      2.75781998
      3.09353980
     -2.80196786
     -2.36079821
     -1.90217172
     -1.47512135
     -1.09706281
     -0.75370923
     -0.42011360
     -0.07151318
      0.31137356
      0.73284971
      1.17239664
      1.59602782
      1.98492083
      2.34427679
      2.69210263
      3.04881399
     -2.85237030
     -2.44032749
     -2.01198932
     -1.59274193
     -1.19960736
     -0.83139405
     -0.47464793
     -0.11234111
      0.26968301
      0.67614068
      1.09707899
      1.51257131
      1.90762498
      2.28143525
      2.64434588
      3.01076455
     -2.89010985
     -2.48735539
     -2.07168359
     -1.65926433
     -1.26329588
     -0.88565113
     -0.51821165
     -0.14863420
      0.23403817
      0.63415956
      1.04588705
      1.45578781
      1.85217972
      2.23259850
      2.60350897
      2.97559447
     -2.92454621
     -2.52638731
     -2.11772471
     -1.70991189
     -1.31335705
     -0.93085133
     -0.55719609
     -0.18306742
      0.20033768
      0.59698351
      1.00319701
      1.40925550
      1.80582747
      2.18995020
      2.56582922
      2.94165713
     -2.95778187
     -2.56233281
     -2.15812015
     -1.75355493
     -1.35705023
     -0.97164539
     -0.59392928
     -0.21666388
      0.16740264
      0.56188592
      0.96443425
      1.36771328
      1.76410107
      2.15054145
      2.52979972
      2.90829861
     -2.99052043
     -2.59682925
     -2.19568620
     -1.79352678
     -1.39728498
     -1.00999545
     -0.62942519
     -0.24985506
      0.13479180
      0.52782464
      0.92776618
      1.32894190
      1.72502122
      2.11301578
      2.49471484
      2.87522479
     -3.02305063
     -2.63057095
     -2.23166756
     -1.83136316
     -1.43545494
     -1.04686899
     -0.66418954
     -0.28284792
      0.10230901
      0.49431986
      0.89231828
      1.29184553
      1.68757898
      2.07666508
      2.46020278
      2.84228582
     -3.05550997
     -2.66389922
     -2.26669547
     -1.86786556
     -1.47230737
     -1.08279555
     -0.69850155
     -0.31575342
      0.06985566
      0.46112324
      0.85762495
      1.25582589
      1.65121033
      2.04108625
      2.42605035
      2.80939832
     -3.08797008
     -2.69699788
     -2.30111949
     -1.90348836
     -1.50827491
     -1.11808653
     -0.73252601
     -0.34863458
      0.03737957
      0.42809701
      0.82341968
      1.22053262
      1.61557866
      2.00603573
      2.39212908
      2.77651485
     -3.12046866
     -2.72997697
      0.00000000
