      0.00000000
      0.00000009
      0.00000037
      0.00000089
      0.00000158
      0.00000229
      0.00000291
      0.00000360
      0.00000495
      0.00000782
      0.00001277
      0.00001943
      0.00002629
      0.00003131
      0.00003342
      0.00003404
      0.00003742
      0.00004888
      0.00007134
      0.00010215
      0.00013278
      0.00015272
      0.00015607
      0.00014727
      0.00014161
      0.00015809
      0.00020732
      0.00028212
      0.00035842
      0.00040715
      0.00041084
      0.00037617
      0.00033525
      0.00033090
      0.00039063
      0.00050599
      0.00063437
      0.00072235
      0.00073444
      0.00067313
      0.00058298
      0.00053262
      0.00057547
      0.00071222
      0.00088729
      0.00102249
      0.00105949
      0.00098798
      0.00085456
      0.00074764
      0.00075118
      0.00088761
      0.00109908
      0.00128573
      0.00136354
      0.00130250
      0.00114109
      0.00097777
      0.00092599
      0.00104042
      0.00127392
      0.00151102
      0.00164086
      0.00160914
      0.00143819
      0.00122596
      0.00110929
      0.00118113
      0.00141873
      0.00169997
      0.00188803
      0.00190111
      0.00173978
      0.00149178
      0.00130762
      0.00131918
      0.00154053
      0.00185482
      0.00210245
      0.00217205
      0.00203853
      0.00177172
      0.00152454
      0.00146282
      0.00164673
      0.00197880
      0.00228278
      0.00241672
      0.00232703
      0.00206023
      0.00176076
      0.00161887
      0.00174516
      0.00207632
      0.00242904
      0.00263119
      0.00259849
      0.00235061
      0.00201442
      0.00179231
      0.00184368
      0.00215292
      0.00254254
      0.00281294
      0.00284713
      0.00263572
      0.00228148
      0.00198585
      0.00194974
      0.00221513
      0.00262591
      0.00296069
      0.00306832
      0.00290867
      0.00255628
      0.00219984
      0.00206974
      0.00227016
      0.00268296
      0.00307439
      0.00325866
      0.00316320
      0.00283222
      0.00243223
      0.00220852
      0.00232552
      0.00271870
      0.00315511
      0.00341587
      0.00339401
      0.00310239
      0.00267898
      0.00236887
      0.00238852
      0.00273914
      0.00320507
      0.00353874
      0.00359681
      0.00336009
      0.00293446
      0.00255131
      0.00246571
      0.00275115
      0.00322762
      0.00362710
      0.00376840
      0.00359925
      0.00319214
      0.00275407
      0.00256223
      0.00276206
      0.00322724
      0.00368175
      0.00390656
      0.00381467
      0.00344509
      0.00297334
      0.00268141
      0.00277925
      0.00320948
      0.00370450
      0.00401005
      0.00400212
      0.00368658
      0.00320366
      0.00282435
      0.00280957
      0.00318084
      0.00369823
      0.00407849
      0.00415837
      0.00391044
      0.00343854
      0.00298989
      0.00285875
      0.00314845
      0.00366688
      0.00411240
      0.00428115
      0.00411134
      0.00367097
      0.00317471
      0.00293088
      0.00311974
      0.00361548
      0.00411320
      0.00436905
      0.00428489
      0.00389406
      0.00337371
      0.00302794
      0.00310190
      0.00355007
      0.00408328
      0.00442150
      0.00442768
      0.00410136
      0.00358055
      0.00314967
      0.00310127
      0.00347749
      0.00402605
      0.00443873
      0.00453724
      0.00428722
      0.00378819
      0.00329351
      0.00312281
      0.00340511
      0.00394595
      0.00442179
      0.00461197
      0.00444695
      0.00398950
      0.00345499
      0.00316956
      0.00334032
      0.00384851
      0.00437260
      0.00465104
      0.00457681
      0.00417770
      0.00362808
      0.00324233
      0.00329000
      0.00374016
      0.00429405
      0.00465442
      0.00467404
      0.00434674
      0.00380586
      0.00333963
      0.00325991
      0.00362803
      0.00419003
      0.00462282
      0.00473676
      0.00449147
      0.00398104
      0.00345780
      0.00325417
      0.00351953
      0.00406549
      0.00455776
      0.00476388
      0.00460772
      0.00414652
      0.00359145
      0.00327479
      0.00342189
      0.00392634
      0.00446164
      0.00475509
      0.00469234
      0.00429577
      0.00373393
      0.00332147
      0.00334155
      0.00377935
      0.00433782
      0.00471079
      0.00474308
      0.00442313
      0.00387795
      0.00339164
      0.00328355
      0.00363177
      0.00419070
      0.00463216
      0.00475857
      0.00452392
      0.00401618
      0.00348073
      0.00325109
      0.00349096
      0.00402565
      0.00452120
      0.00473819
      0.00459451
      0.00414167
      0.00358264
      0.00324512
      0.00336379
      0.00384898
      0.00438080
      0.00468207
      0.00463223
      0.00424824
      0.00369030
      0.00326425
      0.00325607
      0.00366764
      0.00421484
      0.00459107
      0.00463532
      0.00433064
      0.00379628
      0.00330496
      0.00317197
      0.00348892
      0.00402820
      0.00446687
      0.00460285
      0.00438468
      0.00389334
      0.00336189
      0.00311363
      0.00331988
      0.00382670
      0.00431199
      0.00453467
      0.00440721
      0.00397480
      0.00342841
      0.00308088
      0.00316683
      0.00361693
      0.00412989
      0.00443139
      0.00439603
      0.00403487
      0.00349722
      0.00307127
      0.00303475
      0.00340597
      0.00392502
      0.00429441
      0.00434987
      0.00406879
      0.00356089
      0.00308036
      0.00292671
      0.00320091
      0.00370279
      0.00412597
      0.00426828
      0.00407285
      0.00361241
      0.00310212
      0.00284364
      0.00300831
      0.00346942
      0.00392925
      0.00415162
      0.00404439
      0.00364546
      0.00312956
      0.00278415
      0.00283366
      0.00323175
      0.00370836
      0.00400109
      0.00398174
      0.00365474
      0.00315525
      0.00274469
      0.00268077
      0.00299677
      0.00346843
      0.00381876
      0.00388413
      0.00363597
      0.00317193
      0.00271993
      0.00255141
      0.00277116
      0.00321544
      0.00360762
      0.00375172
      0.00358601
      0.00317289
      0.00270327
      0.00244504
      0.00256066
      0.00295600
      0.00337166
      0.00358555
      0.00350275
      0.00315230
      0.00268740
      0.00235890
      0.00236956
      0.00269702
      0.00311587
      0.00338760
      0.00338513
      0.00310538
      0.00266493
      0.00228827
      0.00220014
      0.00244520
      0.00284616
      0.00316086
      0.00323309
      0.00302846
      0.00262882
      0.00222689
      0.00205247
      0.00220642
      0.00256910
      0.00290938
      0.00304759
      0.00291902
      0.00257278
      0.00216759
      0.00192426
      0.00198514
      0.00229164
      0.00263830
      0.00283069
      0.00277570
      0.00249152
      0.00210283
      0.00181113
      0.00178389
      0.00202050
      0.00235370
      0.00258556
      0.00259828
      0.00238088
      0.00202524
      0.00170697
      0.00160288
      0.00176161
      0.00206243
      0.00231661
      0.00238778
      0.00223794
      0.00192805
      0.00160449
      0.00143988
      0.00151941
      0.00177164
      0.00202945
      0.00214647
      0.00206102
      0.00180541
      0.00149579
      0.00129034
      0.00129626
      0.00148823
      0.00173076
      0.00187801
      0.00184981
      0.00165255
      0.00137290
      0.00114771
      0.00109194
      0.00121805
      0.00142792
      0.00158743
      0.00160530
      0.00146583
      0.00122810
      0.00100382
      0.00090333
      0.00096499
      0.00112832
      0.00128086
      0.00132970
      0.00124256
      0.00105395
      0.00084910
      0.00072420
      0.00072993
      0.00083819
      0.00096488
      0.00102601
      0.00098056
      0.00084301
      0.00067284
      0.00054540
      0.00051050
      0.00056256
      0.00064752
      0.00070029
      0.00068124
      0.00059153
      0.00046747
      0.00035995
      0.00030694
      0.00031309
      0.00035043
      0.00037902
      0.00037082
      0.00032195
      0.00025015
      0.00018223
      0.00013890
      0.00012492
      0.00012957
      0.00013583
      0.00013094
      0.00011201
      0.00008480
      0.00005843
      0.00003975
      0.00003040
      0.00002755
      0.00002671
      0.00002456
      0.00002019
      0.00001458
      0.00000936
      0.00000559
      0.00000344
      0.00000239
      0.00000181
      0.00000131
      0.00000079
      0.00000035
      0.00000008
      0.00000000
