      0.00000000
      1.95429663
      2.34492163
      2.73554663
      3.12617163
     -2.76638868
     -2.37576368
     -1.98513868
     -1.59451368
     -1.20388868
     -0.81326368
     -0.42263868
     -0.03201368
      0.35861132
      0.74923632
      1.13986132
      1.53048632
      1.92111132
      2.31173632
      2.70236132
      3.09298632
     -2.79957399
     -2.40894899
     -2.01832399
     -1.62769899
     -1.23707399
     -0.84644899
     -0.45582399
     -0.06519899
      0.32542601
      0.71605101
      1.10667601
      1.49730101
      1.88792601
      2.27855101
      2.66917601
      3.05980101
     -2.83275930
     -2.44213430
     -2.05150930
     -1.66088430
     -1.27025930
     -0.87963430
     -0.48900930
     -0.09838430
      0.29224070
      0.68286570
      1.07349070
      1.46411570
      1.85474070
      2.24536570
      2.63599070
      3.02661570
     -2.86594460
     -2.47531960
     -2.08469460
     -1.69406960
     -1.30344460
     -0.91281960
     -0.52219460
     -0.13156960
      0.25905540
      0.64968040
      1.04030540
      1.43093040
      1.82155540
      2.21218040
      2.60280540
      2.99343040
     -2.89912991
     -2.50850491
     -2.11787991
     -1.72725491
     -1.33662991
     -0.94600491
     -0.55537991
     -0.16475491
      0.22587009
      0.61649509
      1.00712009
      1.39774509
      1.78837009
      2.17899509
      2.56962009
      2.96024509
     -2.93231522
     -2.54169022
     -2.15106522
     -1.76044022
     -1.36981522
     -0.97919022
     -0.58856522
     -0.19794022
      0.19268478
      0.58330978
      0.97393478
      1.36455978
      1.75518478
      2.14580978
      2.53643478
      2.92705978
     -2.96550053
     -2.57487553
     -2.18425053
     -1.79362553
     -1.40300053
     -1.01237553
     -0.62175053
     -0.23112553
      0.15949947
      0.55012447
      0.94074947
      1.33137447
      1.72199947
      2.11262447
      2.50324947
      2.89387447
     -2.99868583
     -2.60806083
     -2.21743583
     -1.82681083
     -1.43618583
     -1.04556083
     -0.65493583
     -0.26431083
      0.12631417
      0.51693917
      0.90756417
      1.29818917
      1.68881417
      2.07943917
      2.47006417
      2.86068917
     -3.03187114
     -2.64124614
     -2.25062114
     -1.85999614
     -1.46937114
     -1.07874614
     -0.68812114
     -0.29749614
      0.09312886
      0.48375386
      0.87437886
      1.26500386
      1.65562886
      2.04625386
      2.43687886
      2.82750386
     -3.06505645
     -2.67443145
     -2.28380645
     -1.89318145
     -1.50255645
     -1.11193145
     -0.72130645
     -0.33068145
      0.05994355
      0.45056855
      0.84119355
      1.23181855
      1.62244355
      2.01306855
      2.40369355
      2.79431855
     -3.09824175
     -2.70761675
     -2.31699175
     -1.92636675
     -1.53574175
     -1.14511675
     -0.75449175
     -0.36386675
      0.02675825
      0.41738325
      0.80800825
      1.19863325
      1.58925825
      1.97988325
      2.37050825
      2.76113325
     -3.13142706
     -2.74080206
     -2.35017706
     -1.95955206
     -1.56892706
     -1.17830206
     -0.78767706
     -0.39705206
     -0.00642706
      0.38419794
      0.77482294
      1.16544794
      1.55607294
      1.94669794
      2.33732294
      2.72794794
      3.11857294
     -2.77398737
     -2.38336237
     -1.99273737
     -1.60211237
     -1.21148737
     -0.82086237
     -0.43023737
     -0.03961237
      0.35101263
      0.74163763
      1.13226263
      1.52288763
      1.91351263
      2.30413763
      2.69476263
      3.08538763
     -2.80717268
     -2.41654768
     -2.02592268
     -1.63529768
     -1.24467268
     -0.85404768
     -0.46342268
     -0.07279768
      0.31782732
      0.70845232
      1.09907732
      1.48970232
      1.88032732
      2.27095232
      2.66157732
      3.05220232
     -2.84035798
     -2.44973298
     -2.05910798
     -1.66848298
     -1.27785798
     -0.88723298
     -0.49660798
     -0.10598298
      0.28464202
      0.67526702
      1.06589202
      1.45651702
      1.84714202
      2.23776702
      2.62839202
      3.01901702
     -2.87354329
     -2.48291829
     -2.09229329
     -1.70166829
     -1.31104329
     -0.92041829
     -0.52979329
     -0.13916829
      0.25145671
      0.64208171
      1.03270671
      1.42333171
      1.81395671
      2.20458171
      2.59520671
      2.98583171
     -2.90672860
     -2.51610360
     -2.12547860
     -1.73485360
     -1.34422860
     -0.95360360
     -0.56297860
     -0.17235360
      0.21827140
      0.60889640
      0.99952140
      1.39014640
      1.78077140
      2.17139640
      2.56202140
      2.95264640
     -2.93991390
     -2.54928890
     -2.15866390
     -1.76803890
     -1.37741390
     -0.98678890
     -0.59616390
     -0.20553890
      0.18508610
      0.57571110
      0.96633610
      1.35696110
      1.74758610
      2.13821110
      2.52883610
      2.91946110
     -2.97309921
     -2.58247421
     -2.19184921
     -1.80122421
     -1.41059921
     -1.01997421
     -0.62934921
     -0.23872421
      0.15190079
      0.54252579
      0.93315079
      1.32377579
      1.71440079
      2.10502579
      2.49565079
      2.88627579
     -3.00628452
     -2.61565952
     -2.22503452
     -1.83440952
     -1.44378452
     -1.05315952
     -0.66253452
     -0.27190952
      0.11871548
      0.50934048
      0.89996548
      1.29059048
      1.68121548
      2.07184048
      2.46246548
      2.85309048
     -3.03946983
     -2.64884483
     -2.25821983
     -1.86759483
     -1.47696983
     -1.08634483
     -0.69571983
     -0.30509483
      0.08553017
      0.47615517
      0.86678017
      1.25740517
      1.64803017
      2.03865517
      2.42928017
      2.81990517
     -3.07265513
     -2.68203013
     -2.29140513
     -1.90078013
     -1.51015513
     -1.11953013
     -0.72890513
     -0.33828013
      0.05234487
      0.44296987
      0.83359487
      1.22421987
      1.61484487
      2.00546987
      2.39609487
      2.78671987
     -3.10584044
     -2.71521544
     -2.32459044
     -1.93396544
     -1.54334044
     -1.15271544
     -0.76209044
     -0.37146544
      0.01915956
      0.40978456
      0.80040956
      1.19103456
      1.58165956
      1.97228456
      2.36290956
      2.75353456
     -3.13902575
     -2.74840075
     -2.35777575
     -1.96715075
     -1.57652575
     -1.18590075
     -0.79527575
     -0.40465075
     -0.01402575
      0.37659925
      0.76722425
      1.15784925
      1.54847425
      1.93909925
      2.32972425
      2.72034925
      3.11097425
     -2.78158605
     -2.39096105
     -2.00033605
     -1.60971105
     -1.21908605
     -0.82846105
     -0.43783605
     -0.04721105
      0.34341395
      0.73403895
      1.12466395
      1.51528895
      1.90591395
      2.29653895
      2.68716395
      3.07778895
     -2.81477136
     -2.42414636
     -2.03352136
     -1.64289636
     -1.25227136
     -0.86164636
     -0.47102136
     -0.08039636
      0.31022864
      0.70085364
      1.09147864
      1.48210364
      1.87272864
      2.26335364
      2.65397864
      3.04460364
     -2.84795667
     -2.45733167
     -2.06670667
     -1.67608167
     -1.28545667
     -0.89483167
     -0.50420667
     -0.11358167
      0.27704333
      0.66766833
      1.05829333
      1.44891833
      1.83954333
      2.23016833
      2.62079333
      3.01141833
     -2.88114198
     -2.49051698
     -2.09989198
     -1.70926698
     -1.31864198
     -0.92801698
     -0.53739198
     -0.14676698
      0.24385802
      0.63448302
      1.02510802
      1.41573302
      1.80635802
      2.19698302
      2.58760802
      2.97823302
     -2.91432728
     -2.52370228
     -2.13307728
     -1.74245228
     -1.35182728
     -0.96120228
     -0.57057728
     -0.17995228
      0.21067272
      0.60129772
      0.99192272
      1.38254772
      1.77317272
      2.16379772
      2.55442272
      2.94504772
     -2.94751259
     -2.55688759
     -2.16626259
     -1.77563759
     -1.38501259
     -0.99438759
     -0.60376259
     -0.21313759
      0.17748741
      0.56811241
      0.95873741
      1.34936241
      1.73998741
      2.13061241
      2.52123741
      2.91186241
     -2.98069790
     -2.59007290
     -2.19944790
     -1.80882290
     -1.41819790
     -1.02757290
     -0.63694790
     -0.24632290
      0.14430210
      0.53492710
      0.92555210
      1.31617710
      1.70680210
      2.09742710
      2.48805210
      2.87867710
     -3.01388320
     -2.62325820
     -2.23263320
     -1.84200820
     -1.45138320
     -1.06075820
     -0.67013320
     -0.27950820
      0.11111680
      0.00000000
