      0.00000000
      3.09753391
      2.73717233
      2.40677987
      2.08916187
      1.75692519
      1.37795196
      0.93005791
      0.43816705
     -0.02349349
     -0.41065688
     -0.73548415
     -1.03008232
     -1.32765153
     -1.66207126
     -2.06529431
     -2.54054587
     -3.02637582
      2.83452237
      2.48732684
      2.18655657
      1.89764135
      1.58648954
      1.21821885
      0.77079268
      0.27699063
     -0.17955115
     -0.55667106
     -0.87211799
     -1.16085465
     -1.45775359
     -1.79823629
     -2.21355284
     -2.69807232
      3.10394895
      2.69493983
      2.35930816
      2.06451932
      1.77462439
      1.45393447
      1.06748458
      0.60220344
      0.10919203
     -0.32875683
     -0.68715745
     -0.99204088
     -1.27982303
     -1.58654713
     -1.94851057
     -2.39034224
     -2.88417184
      2.93676382
      2.55404479
      2.23582211
      1.94642930
      1.64937778
      1.30798634
      0.89095039
      0.40536285
     -0.07528669
     -0.48315494
     -0.81774926
     -1.11208708
     -1.40307427
     -1.72749529
     -2.12018671
     -2.59051646
     -3.08235404
      2.76817277
      2.41442528
      2.11195143
      1.82373396
      1.51286825
      1.14286238
      0.69254974
      0.19752872
     -0.25793797
     -0.63316008
     -0.94686886
     -1.23544678
     -1.53601794
     -1.88572950
     -2.31346629
     -2.80374788
      3.00496561
      2.60668252
      2.27875390
      1.98677726
      1.69337497
      1.36118461
      0.95671218
      0.47813081
     -0.00983432
     -0.43170941
     -0.77665243
     -1.07501180
     -1.36426191
     -1.68186110
     -2.06379268
     -2.52530657
     -3.01999500
      2.81856912
      2.45414257
      2.14645950
      1.85842406
      1.55245588
      1.19138153
      0.75043858
      0.25633255
     -0.20857010
     -0.59442415
     -0.91431214
     -1.20401904
     -1.50128615
     -1.84377635
     -2.26244560
     -2.74895796
      3.05318693
      2.64474731
      2.30988389
      2.01564999
      1.72420401
      1.39770277
      1.00149187
      0.52855471
      0.03699444
     -0.39410451
     -0.74650860
     -1.04810391
     -1.33656096
     -1.64981723
     -2.02453222
     -2.47942479
     -2.97490050
      2.85582042
      2.48366367
      2.17190063
      1.88363601
      1.58083284
      1.22586399
      0.79180164
      0.29930707
     -0.17167407
     -0.56523518
     -0.88991401
     -1.18076083
     -1.47589975
     -1.81336464
     -2.22539821
     -2.70847008
      3.08962005
      2.67382313
      2.33360081
      2.03740928
      1.74716838
      1.42468745
      1.03455869
      0.56626872
      0.07276202
     -0.36499604
     -0.72316485
     -1.02745195
     -1.31553674
     -1.62569017
     -1.99503428
     -2.44465033
     -2.94007254
      2.88503071
      2.50689344
      2.19178627
      1.90313332
      1.60259863
      1.25223287
      0.82360694
      0.33288638
     -0.14237300
     -0.54190724
     -0.87049531
     -1.16243128
     -1.45606436
     -1.78969138
     -2.19646766
     -2.67643863
      3.11891985
      2.69741353
      2.35281668
      2.05488753
      1.76544875
      1.44607199
      1.06080376
      0.59650637
      0.10189328
     -0.34103022
     -0.70391901
     -1.01054243
     -1.29848137
     -1.60622281
     -1.97122510
     -2.41636773
     -2.91133681
      2.90942825
      2.52637266
      2.20838229
      1.91925747
      1.62048374
      1.27388515
      0.84987082
      0.36096612
     -0.11754996
     -0.52202079
     -0.85397996
     -1.14697314
     -1.43946017
     -1.76991035
     -2.17219394
     -2.64927504
     -3.13908965
      2.71784900
      2.36946517
      2.06992263
      1.78104465
      1.46425999
      1.08319041
      0.62252821
      0.12728378
     -0.31994084
     -0.68694044
     -0.99570462
     -1.28364443
     -1.58936398
     -1.95057029
     -2.39165210
     -2.88592551
      2.93123254
      2.54386196
      2.22323533
      1.93356663
      1.63626092
      1.29299467
      0.87319038
      0.38616788
     -0.09502182
     -0.50385748
     -0.83890922
     -1.13297414
     -1.42453246
     -1.75214429
     -2.15028599
     -2.62452234
     -3.11588793
      2.73682885
      2.38494839
      2.08381949
      1.79534228
      1.48088915
      1.10373531
      0.64661277
      0.15104654
     -0.30002862
     -0.67085612
     -0.98170802
     -1.26976712
     -1.57366611
     -1.93129058
     -2.36840924
     -2.86177178
      2.95215746
      2.56073015
      2.23753051
      1.94722700
      1.65122997
      1.31114161
      0.89547876
      0.41049958
     -0.07305017
     -0.48602991
     -0.82411690
     -1.11933045
     -1.41009281
     -1.73497518
     -2.12899996
     -2.60024501
     -3.09289273
      2.75578015
      2.40043856
      2.09764677
      1.80945031
      1.49724966
      1.12403122
      0.67061210
      0.17497741
     -0.27980769
     -0.65446346
     -0.96749370
     -1.25579237
     -1.55793555
     -1.91192213
     -2.34487681
     -2.83705765
      2.97376443
      2.57823460
      2.25234180
      1.96127004
      1.66651649
      1.32968492
      0.91840851
      0.43579112
     -0.04998485
     -0.46720101
     -0.80848889
     -1.10501139
     -1.39505732
     -1.71712430
     -2.10674714
     -2.57461323
     -3.06835676
      2.77614509
      2.41711631
      2.11245922
      1.82443605
      1.51456442
      1.14559416
      0.69634478
      0.20092320
     -0.25770522
     -0.63648669
     -0.95195693
     -1.24064468
     -1.54098111
     -1.89100649
     -2.31925538
     -2.80984085
      2.99778109
      2.59777777
      2.26885196
      1.97680478
      1.68330418
      1.35004362
      0.94375677
      0.46407052
     -0.02392243
     -0.44580664
     -0.79073282
     -1.08884720
     -1.37822490
     -1.69719177
     -2.08177014
     -2.54552650
     -3.04018562
      2.79968772
      2.43641996
      2.12951747
      1.84154436
      1.53423647
      1.17016979
      0.72596997
      0.23117614
     -0.23171685
     -0.61529905
     -0.93371160
     -1.22300649
     -1.52137201
     -1.86679653
     -2.28933838
     -2.77763405
      3.02649242
      2.62122481
      2.28861353
      1.99525434
      1.70307887
      1.37398409
      0.97377159
      0.49800833
      0.00773898
     -0.41968511
     -0.76908043
     -1.06927086
     -1.35802360
     -1.67336957
     -2.05177878
     -2.51014913
     -3.00543307
      2.82893260
      2.46039384
      2.15057848
      1.86246934
      1.55814269
      1.20009861
      0.76246866
      0.26904076
     -0.19888269
     -0.58850580
     -0.91075425
     -1.20101873
     -1.49713001
     -1.83688575
     -2.25201614
     -2.73677690
      3.06336785
      2.65141215
      2.31394724
      2.01869469
      1.72795919
      1.40400228
      1.01168184
      0.54160300
      0.04904704
     -0.38544745
     -0.74080364
     -1.04392515
     -1.33214741
     -1.64304119
     -2.01342447
     -2.46417258
     -2.95941915
      2.86795254
      2.49228932
      2.17836217
      1.88976164
      1.58905927
      1.23886022
      0.81042928
      0.31986039
     -0.15429588
     -0.55218173
     -0.87989689
     -1.17181567
     -1.46527158
     -1.79764151
     -2.20244442
     -2.68125773
      3.11431186
      2.69313547
      2.34864872
      2.05039455
      1.76119195
      1.44391449
      1.06257583
      0.60151922
      0.10707334
     -0.33716918
     -0.70130925
     -1.00902708
     -1.29702353
     -1.60217193
     -1.96137216
     -2.40029717
     -2.89373144
      2.92414598
      2.53776512
      2.21730872
      1.92738238
      1.63126545
      1.29204984
      0.87779712
      0.39359520
     -0.08859687
     -0.49920161
     -0.83585662
     -1.13101145
     -1.42129388
     -1.74320461
     -2.13194002
     -2.59920475
     -3.09174151
      2.75566849
      2.39909743
      2.09509297
      1.80730450
      1.49973388
      1.13609126
      0.69237577
      0.19834319
     -0.26195458
     -0.64262526
     -0.95983303
     -1.24887289
     -1.54530764
     -1.88507623
     -2.29974491
     -2.78397078
      3.01778846
      2.60810744
      2.27168826
      1.97640561
      1.68699042
      1.36862089
      0.98666952
      0.52588594
      0.03280014
     -0.40982131
     -0.77370010
     -1.08262233
     -1.37145567
     -1.67416079
     -2.02519944
     -2.45198591
     -2.93925891
      2.87200609
      2.47318307
      2.14146553
      1.84463123
      1.54918423
      1.22238745
      0.83302576
      0.37047216
     -0.12106814
     -0.57069309
     -0.95599106
     -1.29982482
     -1.63461947
     -1.98684226
      0.00000000
