      0.00000000
      0.00000000
      0.00000000
      0.00000000
      0.00000000
      0.00000000
      0.00000000
      0.00000000
      0.00000000
      0.00000000
      0.00000000
      0.00000000
      0.00000000
      0.00000000
      0.00000000
      0.00000000
      0.00000000
      0.00000000
      0.00000000
      0.00000000
      0.00000000
      0.00000000
      0.00000000
      0.00000000
      0.00000000
      0.00000000
      0.00000000
      0.00000000
      0.00000000
      0.00000000
      0.00000000
      0.00000000
      0.00000000
      0.00000000
      0.00000000
      0.00000000
      0.00000000
      0.00000000
      0.00000000
      0.00000000
      0.00000000
      0.00000000
      0.00000000
      0.00000000
      0.00000000
      0.00000000
      0.00000000
      0.00000000
      0.00000000
      0.00000000
      0.00000000
      0.00000000
      0.00000000
      0.00000000
      0.00000000
      0.00000000
      0.00000000
      0.00000000
      0.00000000
      0.00000000
      0.00000000
      0.00000000
      0.00000000
      0.00000000
      0.00000000
      0.00000000
      0.00000000
      0.00000000
      0.00000000
      0.00000000
      0.00000000
      0.00000000
      0.00000000
      0.00000000
      0.00000000
      0.00000000
      0.00000000
      0.00000000
      0.00000000
      0.00000000
      0.00000000
      0.00000000
      0.00000000
      0.00000000
      0.00000000
      0.00000000
      0.00000000
      0.00000000
      0.00000000
      0.00000000
      0.00000000
      0.00000000
      0.00000000
      0.00000000
      0.00000000
      0.00000000
      0.00000000
      0.00000000
      0.00000000
      0.00000000
      0.00000000
      0.00000000
      0.00000000
      0.00000000
      0.00000000
      0.00000000
      0.00000000
      0.00000000
      0.00000000
      0.00000000
      0.00000000
      0.00000000
      0.00000000
      0.00000000
      0.00000000
      0.00000000
      0.00000000
      0.00000000
      0.00000000
      0.00000000
      0.00000000
      0.00000000
      0.00000000
      0.00000000
      0.00000000
      0.00000000
      0.00000000
      0.00000000
      0.00000000
      0.00000000
      0.00000000
      0.00000000
      0.00000000
      0.00000000
      0.00000000
      0.00000000
      0.00000000
      0.00000000
      0.00000000
      0.00000000
      0.00000000
      0.00000000
      0.00000000
      0.00000000
      0.00000000
      0.00000000
      0.00000000
      0.00000000
      0.00000001
      0.00000003
      0.00000011
      0.00000041
      0.00000183
      0.00000839
      0.00003235
      0.00009623
      0.00021891
      0.00039386
      0.00059280
      0.00079096
      0.00097913
      0.00115838
      0.00133230
      0.00150342
      0.00167285
      0.00184084
      0.00200730
      0.00217212
      0.00233522
      0.00249653
      0.00265603
      0.00281371
      0.00296955
      0.00312357
      0.00327575
      0.00342608
      0.00357458
      0.00372124
      0.00386606
      0.00400903
      0.00415016
      0.00428945
      0.00442689
      0.00456249
      0.00469625
      0.00482816
      0.00495823
      0.00508646
      0.00521284
      0.00533737
      0.00546006
      0.00558091
      0.00569991
      0.00581707
      0.00593238
      0.00604585
      0.00615747
      0.00626725
      0.00637518
      0.00648127
      0.00658551
      0.00668791
      0.00678846
      0.00688717
      0.00698403
      0.00707905
      0.00717222
      0.00726355
      0.00735304
      0.00744067
      0.00752647
      0.00761042
      0.00769252
      0.00777278
      0.00785119
      0.00792776
      0.00800248
      0.00807536
      0.00814639
      0.00821558
      0.00828292
      0.00834842
      0.00841207
      0.00847388
      0.00853384
      0.00859196
      0.00864824
      0.00870266
      0.00875524
      0.00880598
      0.00885487
      0.00890192
      0.00894712
      0.00899048
      0.00903199
      0.00907166
      0.00910948
      0.00914546
      0.00917959
      0.00921188
      0.00924233
      0.00927094
      0.00929771
      0.00932267
      0.00934585
      0.00936733
      0.00938725
      0.00940596
      0.00942418
      0.00944337
      0.00946641
      0.00949819
      0.00954422
      0.00959865
      0.00959876
      0.00934320
      0.00873949
      0.00873164
      0.00933418
      0.00959306
      0.00959278
      0.00953656
      0.00948844
      0.00945462
      0.00942962
      0.00940852
      0.00938843
      0.00936786
      0.00934608
      0.00932275
      0.00929772
      0.00927091
      0.00924229
      0.00921183
      0.00917954
      0.00914540
      0.00910942
      0.00907159
      0.00903192
      0.00899041
      0.00894705
      0.00890184
      0.00885479
      0.00880590
      0.00875516
      0.00870258
      0.00864815
      0.00859187
      0.00853375
      0.00847379
      0.00841198
      0.00834832
      0.00828282
      0.00821548
      0.00814629
      0.00807525
      0.00800237
      0.00792765
      0.00785108
      0.00777266
      0.00769240
      0.00761030
      0.00752635
      0.00744056
      0.00735292
      0.00726343
      0.00717210
      0.00707893
      0.00698391
      0.00688705
      0.00678834
      0.00668778
      0.00658539
      0.00648114
      0.00637506
      0.00626712
      0.00615735
      0.00604572
      0.00593226
      0.00581694
      0.00569979
      0.00558079
      0.00545994
      0.00533725
      0.00521272
      0.00508634
      0.00495812
      0.00482805
      0.00469614
      0.00456238
      0.00442678
      0.00428934
      0.00415005
      0.00400892
      0.00386595
      0.00372114
      0.00357448
      0.00342599
      0.00327565
      0.00312347
      0.00296946
      0.00281362
      0.00265594
      0.00249644
      0.00233514
      0.00217205
      0.00200723
      0.00184077
      0.00167280
      0.00150337
      0.00133225
      0.00115834
      0.00097910
      0.00079094
      0.00059279
      0.00039385
      0.00021890
      0.00009623
      0.00003235
      0.00000839
      0.00000183
      0.00000041
      0.00000011
      0.00000003
      0.00000001
      0.00000000
      0.00000000
      0.00000000
      0.00000000
      0.00000000
      0.00000000
      0.00000000
      0.00000000
      0.00000000
      0.00000000
      0.00000000
      0.00000000
      0.00000000
      0.00000000
      0.00000000
      0.00000000
      0.00000000
      0.00000000
      0.00000000
      0.00000000
      0.00000000
      0.00000000
      0.00000000
      0.00000000
      0.00000000
      0.00000000
      0.00000000
      0.00000000
      0.00000000
      0.00000000
      0.00000000
      0.00000000
      0.00000000
      0.00000000
      0.00000000
      0.00000000
      0.00000000
      0.00000000
      0.00000000
      0.00000000
      0.00000000
      0.00000000
      0.00000000
      0.00000000
      0.00000000
      0.00000000
      0.00000000
      0.00000000
      0.00000000
      0.00000000
      0.00000000
      0.00000000
      0.00000000
      0.00000000
      0.00000000
      0.00000000
      0.00000000
      0.00000000
      0.00000000
      0.00000000
      0.00000000
      0.00000000
      0.00000000
      0.00000000
      0.00000000
      0.00000000
      0.00000000
      0.00000000
      0.00000000
      0.00000000
      0.00000000
      0.00000000
      0.00000000
      0.00000000
      0.00000000
      0.00000000
      0.00000000
      0.00000000
      0.00000000
      0.00000000
      0.00000000
      0.00000000
      0.00000000
      0.00000000
      0.00000000
      0.00000000
      0.00000000
      0.00000000
      0.00000000
      0.00000000
      0.00000000
      0.00000000
      0.00000000
      0.00000000
      0.00000000
      0.00000000
      0.00000000
      0.00000000
      0.00000000
      0.00000000
      0.00000000
      0.00000000
      0.00000000
      0.00000000
      0.00000000
      0.00000000
      0.00000000
      0.00000000
      0.00000000
      0.00000000
      0.00000000
      0.00000000
      0.00000000
      0.00000000
      0.00000000
      0.00000000
      0.00000000
      0.00000000
      0.00000000
      0.00000000
      0.00000000
      0.00000000
      0.00000000
      0.00000000
      0.00000000
      0.00000000
      0.00000000
      0.00000000
      0.00000000
      0.00000000
      0.00000000
      0.00000000
      0.00000000
      0.00000000
      0.00000000
      0.00000000
      0.00000000
      0.00000000
      0.00000000
      0.00000000
      0.00000000
      0.00000000
      0.00000000
      0.00000000
      0.00000000
      0.00000000
      0.00000000
      0.00000000
