      0.00000000
      0.00000000
      0.00000000
      0.00000000
      0.00000000
      0.00000000
      0.00000000
      0.00000000
      0.00000000
      0.00000000
      0.00000000
      0.00000000
      0.00000000
      0.00000000
      0.00000000
      0.00000000
      0.00000000
      0.00000000
      0.00000000
      0.00000000
      0.00000000
      0.00000000
      0.00000000
      0.00000000
      0.00000000
      0.00000000
      0.00000000
      0.00000000
      0.00000000
      0.00000000
      0.00000000
      0.00000000
      0.00000000
      0.00000000
      0.00000000
      0.00000000
      0.00000000
      0.00000000
      0.00000000
      0.00000000
      0.00000000
      0.00000000
      0.00000000
      0.00000000
      0.00000000
      0.00000000
      0.00000000
      0.00000000
      0.00000000
      0.00000000
      0.00000000
      0.00000000
      0.00000000
      0.00000000
      0.00000000
      0.00000000
      0.00000000
      0.00000000
      0.00000000
      0.00000000
      0.00000000
      0.00000000
      0.00000000
      0.00000000
      0.00000000
      0.00000000
      0.00000000
      0.00000000
      0.00000000
      0.00000000
      0.00000000
      0.00000000
      0.00000000
      0.00000000
      0.00000000
      0.00000000
      0.00000000
      0.00000000
      0.00000000
      0.00000000
      0.00000000
      0.00000000
      0.00000000
      0.00000000
      0.00000000
      0.00000000
      0.00000000
      0.00000000
      0.00000000
      0.00000000
      0.00000000
      0.00000000
      0.00000000
      0.00000000
      0.00000000
      0.00000000
      0.00000000
      0.00000000
      0.00000000
      0.00000000
      0.00000000
      0.00000000
      0.00000000
      0.00000000
      0.00000000
      0.00000000
      0.00000000
      0.00000000
      0.00000000
      0.00000000
      0.00000000
      0.00000000
      0.00000000
      0.00000000
      0.00000000
      0.00000000
      0.00000000
      0.00000000
      0.00000000
      0.00000000
      0.00000000
      0.00000000
      0.00000000
      0.00000000
      0.00000000
      0.00000000
      0.00000000
      0.00000000
      0.00000000
      0.00000000
      0.00000000
      0.00000000
      0.00000000
      0.00000000
      0.00000000
      0.00000000
      0.00000000
      0.00000000
      0.00000000
      0.00000000
      0.00000000
      0.00000000
      0.00000000
      0.00000000
      0.00000000
      0.00000000
      0.00000000
      0.00000000
      0.00000001
      0.00000003
      0.00000011
      0.00000041
      0.00000183
      0.00000839
      0.00003235
      0.00009621
      0.00021888
      0.00039380
      0.00059271
      0.00079083
      0.00097895
      0.00115816
      0.00133203
      0.00150310
      0.00167249
      0.00184043
      0.00200686
      0.00217164
      0.00233471
      0.00249599
      0.00265546
      0.00281312
      0.00296894
      0.00312294
      0.00327509
      0.00342541
      0.00357389
      0.00372053
      0.00386532
      0.00400828
      0.00414939
      0.00428866
      0.00442608
      0.00456167
      0.00469540
      0.00482730
      0.00495735
      0.00508555
      0.00521192
      0.00533643
      0.00545911
      0.00557994
      0.00569892
      0.00581606
      0.00593136
      0.00604481
      0.00615642
      0.00626618
      0.00637410
      0.00648017
      0.00658440
      0.00668679
      0.00678733
      0.00688602
      0.00698287
      0.00707788
      0.00717104
      0.00726235
      0.00735183
      0.00743945
      0.00752523
      0.00760917
      0.00769127
      0.00777151
      0.00784992
      0.00792648
      0.00800119
      0.00807406
      0.00814508
      0.00821426
      0.00828160
      0.00834709
      0.00841074
      0.00847254
      0.00853249
      0.00859061
      0.00864687
      0.00870130
      0.00875387
      0.00880461
      0.00885349
      0.00890054
      0.00894574
      0.00898909
      0.00903060
      0.00907026
      0.00910808
      0.00914406
      0.00917819
      0.00921048
      0.00924092
      0.00926953
      0.00929631
      0.00932127
      0.00934445
      0.00936593
      0.00938586
      0.00940459
      0.00942283
      0.00944207
      0.00946519
      0.00949710
      0.00954332
      0.00959802
      0.00959851
      0.00934348
      0.00874040
      0.00873255
      0.00933446
      0.00959282
      0.00959217
      0.00953568
      0.00948738
      0.00945344
      0.00942837
      0.00940723
      0.00938712
      0.00936654
      0.00934476
      0.00932144
      0.00929641
      0.00926961
      0.00924099
      0.00921054
      0.00917825
      0.00914412
      0.00910815
      0.00907033
      0.00903067
      0.00898916
      0.00894581
      0.00890061
      0.00885357
      0.00880469
      0.00875396
      0.00870138
      0.00864696
      0.00859070
      0.00853259
      0.00847263
      0.00841084
      0.00834719
      0.00828170
      0.00821437
      0.00814519
      0.00807417
      0.00800130
      0.00792659
      0.00785003
      0.00777163
      0.00769138
      0.00760929
      0.00752535
      0.00743957
      0.00735195
      0.00726247
      0.00717116
      0.00707800
      0.00698299
      0.00688614
      0.00678745
      0.00668691
      0.00658453
      0.00648030
      0.00637422
      0.00626631
      0.00615654
      0.00604494
      0.00593148
      0.00581619
      0.00569905
      0.00558006
      0.00545923
      0.00533656
      0.00521204
      0.00508567
      0.00495747
      0.00482741
      0.00469552
      0.00456178
      0.00442620
      0.00428877
      0.00414950
      0.00400838
      0.00386543
      0.00372063
      0.00357399
      0.00342551
      0.00327519
      0.00312303
      0.00296904
      0.00281321
      0.00265555
      0.00249607
      0.00233479
      0.00217172
      0.00200693
      0.00184050
      0.00167255
      0.00150315
      0.00133207
      0.00115819
      0.00097898
      0.00079085
      0.00059273
      0.00039381
      0.00021888
      0.00009621
      0.00003235
      0.00000839
      0.00000183
      0.00000041
      0.00000011
      0.00000003
      0.00000001
      0.00000000
      0.00000000
      0.00000000
      0.00000000
      0.00000000
      0.00000000
      0.00000000
      0.00000000
      0.00000000
      0.00000000
      0.00000000
      0.00000000
      0.00000000
      0.00000000
      0.00000000
      0.00000000
      0.00000000
      0.00000000
      0.00000000
      0.00000000
      0.00000000
      0.00000000
      0.00000000
      0.00000000
      0.00000000
      0.00000000
      0.00000000
      0.00000000
      0.00000000
      0.00000000
      0.00000000
      0.00000000
      0.00000000
      0.00000000
      0.00000000
      0.00000000
      0.00000000
      0.00000000
      0.00000000
      0.00000000
      0.00000000
      0.00000000
      0.00000000
      0.00000000
      0.00000000
      0.00000000
      0.00000000
      0.00000000
      0.00000000
      0.00000000
      0.00000000
      0.00000000
      0.00000000
      0.00000000
      0.00000000
      0.00000000
      0.00000000
      0.00000000
      0.00000000
      0.00000000
      0.00000000
      0.00000000
      0.00000000
      0.00000000
      0.00000000
      0.00000000
      0.00000000
      0.00000000
      0.00000000
      0.00000000
      0.00000000
      0.00000000
      0.00000000
      0.00000000
      0.00000000
      0.00000000
      0.00000000
      0.00000000
      0.00000000
      0.00000000
      0.00000000
      0.00000000
      0.00000000
      0.00000000
      0.00000000
      0.00000000
      0.00000000
      0.00000000
      0.00000000
      0.00000000
      0.00000000
      0.00000000
      0.00000000
      0.00000000
      0.00000000
      0.00000000
      0.00000000
      0.00000000
      0.00000000
      0.00000000
      0.00000000
      0.00000000
      0.00000000
      0.00000000
      0.00000000
      0.00000000
      0.00000000
      0.00000000
      0.00000000
      0.00000000
      0.00000000
      0.00000000
      0.00000000
      0.00000000
      0.00000000
      0.00000000
      0.00000000
      0.00000000
      0.00000000
      0.00000000
      0.00000000
      0.00000000
      0.00000000
      0.00000000
      0.00000000
      0.00000000
      0.00000000
      0.00000000
      0.00000000
      0.00000000
      0.00000000
      0.00000000
      0.00000000
      0.00000000
      0.00000000
      0.00000000
      0.00000000
      0.00000000
      0.00000000
      0.00000000
      0.00000000
      0.00000000
      0.00000000
      0.00000000
      0.00000000
      0.00000000
      0.00000000
      0.00000000
