      0.00000000
      1.35183473
      1.73340164
      2.11972953
      2.51348830
      2.91305499
     -2.97004712
     -2.57517318
     -2.18804901
     -1.80670672
     -1.42600901
     -1.04038173
     -0.64677094
     -0.24667831
      0.15429551
      0.54986545
      0.93707106
      1.31783629
      1.69760227
      2.08243602
      2.47585382
      2.87650791
     -3.00471627
     -2.60835737
     -2.22104001
     -1.84089998
     -1.46216841
     -1.07823663
     -0.68506679
     -0.28381310
      0.11924654
      0.51650314
      0.90396894
      1.28342924
      1.66100767
      2.04390984
      2.43676385
      2.83865787
     -3.04024038
     -2.64195743
     -2.25429820
     -1.87557976
     -1.49929305
     -1.11757240
     -0.72511909
     -0.32254177
      0.08312357
      0.48258701
      0.87049573
      1.24840111
      1.62323262
      2.00358871
      2.39553355
      2.79883855
     -3.07712466
     -2.67629339
     -2.28806397
     -1.91105373
     -1.53787255
     -1.15910481
     -0.76780750
     -0.36373076
      0.04526169
      0.44769227
      0.83633462
      1.21235453
      1.58364941
      1.96055098
      2.35101795
      2.75590689
     -3.11625685
     -2.71193586
     -2.32275847
     -1.94783992
     -1.57872083
     -1.20403633
     -0.81464485
     -0.40891322
      0.00445497
      0.41103984
      0.80091766
      1.17460486
      1.54118736
      1.91320308
      2.30118283
      2.70776553
      3.12387479
     -2.74997185
     -2.35916356
     -1.98686004
     -1.62327170
     -1.25451897
     -0.86842437
     -0.46102798
     -0.04168187
      0.37107010
      0.76313919
      1.13388182
      1.49388414
      1.85857230
      2.24209390
      2.65017339
      3.07338496
     -2.79271911
     -2.39889568
     -2.02991482
     -1.67428153
     -1.31477274
     -0.93486259
     -0.52642348
     -0.09854846
      0.32418453
      0.72053889
      1.08754696
      1.43774743
      1.79046680
      2.16512037
      2.57318051
      3.00671054
     -2.84608346
     -2.44588940
     -2.08102347
     -1.73774748
     -1.39425811
     -1.02763328
     -0.62164524
     -0.18134884
      0.25994750
      0.66640574
      1.02917958
      1.36336047
      1.69367461
      2.04720009
      2.44699357
      2.89469031
     -2.93059256
     -2.51271347
     -2.15110319
     -1.82929766
     -1.51913744
     -1.18911608
     -0.80685872
     -0.35527500
      0.13005786
      0.57307604
      0.93844928
      1.24296906
      1.51881219
      1.79985801
      2.12580701
      2.54437818
      3.06889008
     -2.69010750
     -2.28463803
     -1.99808634
     -1.79126467
     -1.63699817
     -1.52090432
     -1.43494745
     -1.37322564
     -1.33022380
     -1.30073485
     -1.28037258
     -1.26589782
     -1.25516556
     -1.24685521
     -1.24017893
     -1.23466231
     -1.23000770
     -1.22601765
     -1.22255395
     -1.21951559
     -1.21682634
     -1.21442735
     -1.21227235
     -1.21032444
     -1.20855380
     -1.20693607
     -1.20545115
     -1.20408233
     -1.20281556
     -1.20163897
     -1.20054245
     -1.19951734
     -1.19855617
     -1.19765249
     -1.19680065
     -1.19599574
     -1.19523341
     -1.19450986
     -1.19382169
     -1.19316591
     -1.19253982
     -1.19194103
     -1.19136738
     -1.19081694
     -1.19028796
     -1.18977885
     -1.18928817
     -1.18881463
     -1.18835704
     -1.18791430
     -1.18748543
     -1.18706952
     -1.18666573
     -1.18627328
     -1.18589148
     -1.18551967
     -1.18515724
     -1.18480364
     -1.18445834
     -1.18412086
     -1.18379075
     -1.18346760
     -1.18315102
     -1.18284064
     -1.18253612
     -1.18223715
     -1.18194342
     -1.18165465
     -1.18137060
     -1.18109099
     -1.18081561
     -1.18054423
     -1.18027665
     -1.18001267
     -1.17975210
     -1.17949477
     -1.17924052
     -1.17898918
     -1.17874060
     -1.17849464
     -1.17825116
     -1.17801002
     -1.17777109
     -1.17753423
     -1.17729927
     -1.17706599
     -1.17683405
     -1.17660284
     -1.17637116
     -1.17613655
     -1.17589379
     -1.17563176
     -1.17532657
     -1.17492681
     -1.17432169
     -1.17327257
     -1.17126573
     -1.16719789
     -1.15871086
     -1.14081317
     -1.10313275
     -1.02479148
     -0.86572238
     -0.55408974
      0.01166272
      0.77460697
      1.34418730
      1.65851817
      1.81907190
      1.89818170
      1.93624374
      1.95432504
      1.96289821
      1.96700532
      1.96902912
      1.97008459
      1.97069096
      1.97108947
      1.97139209
      1.97165081
      1.97188980
      1.97212030
      1.97234757
      1.97257413
      1.97280119
      1.97302936
      1.97325902
      1.97349037
      1.97372360
      1.97395886
      1.97419630
      1.97443605
      1.97467828
      1.97492313
      1.97517078
      1.97542138
      1.97567513
      1.97593220
      1.97619282
      1.97645717
      1.97672550
      1.97699804
      1.97727504
      1.97755677
      1.97784351
      1.97813558
      1.97843329
      1.97873699
      1.97904705
      1.97936387
      1.97968787
      1.98001950
      1.98035925
      1.98070765
      1.98106527
      1.98143271
      1.98181064
      1.98219977
      1.98260087
      1.98301480
      1.98344246
      1.98388485
      1.98434307
      1.98481831
      1.98531188
      1.98582523
      1.98635993
      1.98691776
      1.98750064
      1.98811074
      1.98875046
      1.98942250
      1.99012986
      1.99087593
      1.99166454
      1.99250001
      1.99338728
      1.99433198
      1.99534057
      1.99642054
      1.99758053
      1.99883064
      2.00018276
      2.00165092
      2.00325184
      2.00500560
      2.00693656
      2.00907454
      2.01145643
      2.01412849
      2.01714959
      2.02059596
      2.02456863
      2.02920589
      2.03470523
      2.04136443
      2.04965807
      2.06037421
      2.07483369
      2.09518179
      2.12465796
      2.16764851
      2.22936050
      2.31530881
      2.43139501
      2.58565445
      2.79246959
      3.07901635
     -2.79869889
     -2.27450084
     -1.74997840
     -1.33140573
     -1.00546044
     -0.72441975
     -0.44858173
     -0.14406612
      0.22130554
      0.66432698
      1.14966645
      1.60125408
      1.98351074
      2.31352887
      2.62368514
      2.94548721
     -2.97608952
     -2.55820889
     -2.10030207
     -1.65260170
     -1.25280782
     -0.89928446
     -0.56897344
     -0.23479548
      0.12797676
      0.53443583
      0.97573534
      1.41603484
      1.82202368
      2.18864709
      2.53213393
      2.87540741
     -3.04291345
     -2.64271892
     -2.21232519
     -1.77879253
     -1.37073143
     -0.99607884
     -0.64336155
     -0.29316327
      0.07384344
      0.47019806
      0.89293297
      1.32081025
      1.72925034
      2.10915981
      2.46866686
      2.82429823
     -3.08990746
     -2.69608391
     -2.27900112
     -1.85578759
     -1.44770713
     -1.06418599
     -0.69949931
     -0.33949868
      0.03124280
      0.42331191
      0.83606517
      1.25541299
      1.66281033
      2.04890460
      2.41765608
      2.78124291
     -3.12963994
     -2.73883168
     -2.32949195
     -1.91338118
     -1.50679758
     -1.11881803
     -0.74680339
     -0.38022224
     -0.00653602
      0.38334170
      0.78992748
      1.20329701
      1.60902949
      1.99842085
      2.37310442
      2.74222229
      3.11713993
     -2.77686811
     -2.37254635
     -1.96152359
     -1.55663384
     -1.16616693
     -0.78926616
     -0.41797238
     -0.04195333
      0.34668888
      0.74912011
      1.15811363
      1.56219114
      1.95348844
      2.33225548
      2.70543566
      3.08244512
     -2.81251095
     -2.41167911
     -2.00445604
     -1.60115033
     -1.20920544
     -0.82884997
     -0.45401937
     -0.07611473
      0.31179380
      0.71125773
      1.11692394
      1.51950194
      1.91195531
      2.29367544
      2.66996132
      3.04867906
     -2.84684722
     -2.44856385
     -2.04427600
     -1.64238134
     -1.24952723
     -0.86662553
     -0.48904786
     -0.10958821
      0.27787739
      0.67513434
      1.07819470
      1.47944900
      1.87261895
      2.25655032
      2.63528120
      3.01542062
     -2.88044754
     -2.48408834
     -2.08212655
     -1.68147190
     -1.28805396
     -0.90322057
     -0.52345522
     -0.14269057
      0.24451482
      0.64008503
      1.04105944
      1.44115260
      1.83476355
      2.22039052
      2.60108765
      2.98242939
     -2.91363197
     -2.51875781
     -2.11867407
     -1.71910687
     -1.32534794
     -0.93902032
     -0.55745394
      0.00000000
