      0.00000000
      0.00000002
      0.00000013
      0.00000042
      0.00000098
      0.00000185
      0.00000303
      0.00000446
      0.00000606
      0.00000782
      0.00000978
      0.00001215
      0.00001524
      0.00001946
      0.00002521
      0.00003274
      0.00004207
      0.00005291
      0.00006471
      0.00007678
      0.00008842
      0.00009915
      0.00010882
      0.00011765
      0.00012616
      0.00013506
      0.00014499
      0.00015636
      0.00016922
      0.00018324
      0.00019781
      0.00021221
      0.00022578
      0.00023816
      0.00024929
      0.00025947
      0.00026926
      0.00027929
      0.00029013
      0.00030210
      0.00031524
      0.00032932
      0.00034389
      0.00035842
      0.00037246
      0.00038576
      0.00039828
      0.00041020
      0.00042187
      0.00043367
      0.00044595
      0.00045892
      0.00047262
      0.00048692
      0.00050159
      0.00051634
      0.00053093
      0.00054520
      0.00055912
      0.00057275
      0.00058626
      0.00059984
      0.00061364
      0.00062780
      0.00064234
      0.00065723
      0.00067238
      0.00068766
      0.00070298
      0.00071824
      0.00073343
      0.00074855
      0.00076366
      0.00077882
      0.00079410
      0.00080955
      0.00082520
      0.00084105
      0.00085707
      0.00087323
      0.00088950
      0.00090584
      0.00092224
      0.00093869
      0.00095520
      0.00097179
      0.00098848
      0.00100528
      0.00102221
      0.00103928
      0.00105647
      0.00107380
      0.00109124
      0.00110880
      0.00112646
      0.00114422
      0.00116209
      0.00118006
      0.00119814
      0.00121634
      0.00123465
      0.00125308
      0.00127164
      0.00129032
      0.00130912
      0.00132805
      0.00134710
      0.00136627
      0.00138557
      0.00140499
      0.00142454
      0.00144421
      0.00146401
      0.00148394
      0.00150400
      0.00152419
      0.00154452
      0.00156499
      0.00158559
      0.00160633
      0.00162720
      0.00164823
      0.00166939
      0.00169070
      0.00171215
      0.00173376
      0.00175551
      0.00177742
      0.00179949
      0.00182171
      0.00184409
      0.00186664
      0.00188935
      0.00191224
      0.00193529
      0.00195853
      0.00198195
      0.00200555
      0.00202935
      0.00205334
      0.00207754
      0.00210195
      0.00212658
      0.00215144
      0.00217653
      0.00220187
      0.00222747
      0.00225334
      0.00227950
      0.00230596
      0.00233273
      0.00235984
      0.00238730
      0.00241513
      0.00244335
      0.00247196
      0.00250100
      0.00253047
      0.00256039
      0.00259077
      0.00262161
      0.00265292
      0.00268470
      0.00271694
      0.00274962
      0.00278273
      0.00281625
      0.00285013
      0.00288435
      0.00291886
      0.00295361
      0.00298854
      0.00302359
      0.00305869
      0.00309377
      0.00312877
      0.00316360
      0.00319820
      0.00323248
      0.00326637
      0.00329981
      0.00333272
      0.00336504
      0.00339670
      0.00342767
      0.00345787
      0.00348728
      0.00351586
      0.00354356
      0.00357038
      0.00359629
      0.00362128
      0.00364534
      0.00366848
      0.00369069
      0.00371198
      0.00373237
      0.00375188
      0.00377052
      0.00378832
      0.00380530
      0.00382148
      0.00383691
      0.00385160
      0.00386559
      0.00387890
      0.00389157
      0.00390363
      0.00391511
      0.00392603
      0.00393643
      0.00394633
      0.00395576
      0.00396474
      0.00397331
      0.00398147
      0.00398926
      0.00399668
      0.00400377
      0.00401054
      0.00401701
      0.00402319
      0.00402909
      0.00403473
      0.00404012
      0.00404527
      0.00405020
      0.00405490
      0.00405940
      0.00406369
      0.00406778
      0.00407169
      0.00407541
      0.00407895
      0.00408232
      0.00408552
      0.00408855
      0.00409141
      0.00409412
      0.00409667
      0.00409906
      0.00410131
      0.00410340
      0.00410534
      0.00410713
      0.00410877
      0.00411027
      0.00411162
      0.00411283
      0.00411390
      0.00411482
      0.00411560
      0.00411624
      0.00411674
      0.00411709
      0.00411731
      0.00411738
      0.00411731
      0.00411710
      0.00411675
      0.00411626
      0.00411562
      0.00411485
      0.00411393
      0.00411287
      0.00411166
      0.00411032
      0.00410882
      0.00410718
      0.00410539
      0.00410346
      0.00410138
      0.00409914
      0.00409675
      0.00409421
      0.00409150
      0.00408864
      0.00408562
      0.00408243
      0.00407906
      0.00407553
      0.00407181
      0.00406791
      0.00406383
      0.00405954
      0.00405505
      0.00405036
      0.00404544
      0.00404029
      0.00403491
      0.00402928
      0.00402339
      0.00401722
      0.00401076
      0.00400400
      0.00399692
      0.00398950
      0.00398173
      0.00397357
      0.00396502
      0.00395605
      0.00394663
      0.00393674
      0.00392635
      0.00391544
      0.00390397
      0.00389193
      0.00387927
      0.00386596
      0.00385199
      0.00383731
      0.00382189
      0.00380572
      0.00378875
      0.00377096
      0.00375233
      0.00373283
      0.00371245
      0.00369116
      0.00366896
      0.00364583
      0.00362178
      0.00359679
      0.00357088
      0.00354407
      0.00351636
      0.00348778
      0.00345837
      0.00342816
      0.00339719
      0.00336552
      0.00333319
      0.00330027
      0.00326682
      0.00323292
      0.00319862
      0.00316401
      0.00312916
      0.00309415
      0.00305905
      0.00302393
      0.00298887
      0.00295392
      0.00291916
      0.00288463
      0.00285039
      0.00281649
      0.00278296
      0.00274983
      0.00271713
      0.00268488
      0.00265309
      0.00262177
      0.00259092
      0.00256053
      0.00253060
      0.00250112
      0.00247207
      0.00244345
      0.00241522
      0.00238739
      0.00235992
      0.00233281
      0.00230603
      0.00227957
      0.00225340
      0.00222753
      0.00220193
      0.00217658
      0.00215149
      0.00212663
      0.00210200
      0.00207759
      0.00205339
      0.00202939
      0.00200559
      0.00198199
      0.00195857
      0.00193533
      0.00191227
      0.00188938
      0.00186667
      0.00184412
      0.00182174
      0.00179951
      0.00177745
      0.00175554
      0.00173378
      0.00171218
      0.00169072
      0.00166941
      0.00164825
      0.00162722
      0.00160634
      0.00158560
      0.00156500
      0.00154454
      0.00152421
      0.00150401
      0.00148395
      0.00146402
      0.00144422
      0.00142455
      0.00140500
      0.00138558
      0.00136629
      0.00134711
      0.00132806
      0.00130913
      0.00129033
      0.00127165
      0.00125309
      0.00123466
      0.00121635
      0.00119815
      0.00118007
      0.00116210
      0.00114423
      0.00112646
      0.00110880
      0.00109125
      0.00107380
      0.00105648
      0.00103928
      0.00102222
      0.00100529
      0.00098848
      0.00097180
      0.00095521
      0.00093869
      0.00092224
      0.00090584
      0.00088950
      0.00087324
      0.00085707
      0.00084105
      0.00082520
      0.00080955
      0.00079410
      0.00077882
      0.00076366
      0.00074855
      0.00073343
      0.00071824
      0.00070298
      0.00068766
      0.00067238
      0.00065723
      0.00064234
      0.00062780
      0.00061365
      0.00059984
      0.00058627
      0.00057276
      0.00055912
      0.00054521
      0.00053093
      0.00051634
      0.00050159
      0.00048692
      0.00047262
      0.00045892
      0.00044595
      0.00043367
      0.00042187
      0.00041021
      0.00039828
      0.00038576
      0.00037246
      0.00035842
      0.00034389
      0.00032932
      0.00031525
      0.00030210
      0.00029013
      0.00027930
      0.00026926
      0.00025947
      0.00024929
      0.00023816
      0.00022578
      0.00021221
      0.00019781
      0.00018324
      0.00016922
      0.00015636
      0.00014499
      0.00013506
      0.00012616
      0.00011765
      0.00010882
      0.00009915
      0.00008842
      0.00007678
      0.00006471
      0.00005291
      0.00004207
      0.00003274
      0.00002521
      0.00001946
      0.00001524
      0.00001215
      0.00000978
      0.00000782
      0.00000606
      0.00000446
      0.00000303
      0.00000185
      0.00000098
      0.00000042
      0.00000013
      0.00000002
      0.00000000
