      0.00000000
      0.00000013
      0.00000060
      0.00000162
      0.00000346
      0.00000636
      0.00001053
      0.00001614
      0.00002330
      0.00003217
      0.00004299
      0.00005612
      0.00007204
      0.00009133
      0.00011452
      0.00014195
      0.00017367
      0.00020934
      0.00024826
      0.00028950
      0.00033206
      0.00037509
      0.00041802
      0.00046069
      0.00050323
      0.00054603
      0.00058948
      0.00063388
      0.00067925
      0.00072534
      0.00077165
      0.00081761
      0.00086268
      0.00090653
      0.00094905
      0.00099042
      0.00103100
      0.00107126
      0.00111161
      0.00115232
      0.00119347
      0.00123495
      0.00127648
      0.00131774
      0.00135843
      0.00139836
      0.00143749
      0.00147592
      0.00151383
      0.00155148
      0.00158907
      0.00162673
      0.00166452
      0.00170237
      0.00174016
      0.00177774
      0.00181496
      0.00185173
      0.00188803
      0.00192388
      0.00195936
      0.00199456
      0.00202958
      0.00206447
      0.00209926
      0.00213393
      0.00216844
      0.00220274
      0.00223676
      0.00227048
      0.00230387
      0.00233695
      0.00236972
      0.00240221
      0.00243446
      0.00246649
      0.00249831
      0.00252991
      0.00256129
      0.00259244
      0.00262332
      0.00265395
      0.00268429
      0.00271436
      0.00274415
      0.00277367
      0.00280293
      0.00283192
      0.00286066
      0.00288914
      0.00291737
      0.00294533
      0.00297302
      0.00300045
      0.00302760
      0.00305447
      0.00308107
      0.00310739
      0.00313343
      0.00315919
      0.00318467
      0.00320987
      0.00323479
      0.00325943
      0.00328378
      0.00330784
      0.00333161
      0.00335510
      0.00337829
      0.00340118
      0.00342377
      0.00344607
      0.00346807
      0.00348976
      0.00351115
      0.00353223
      0.00355301
      0.00357347
      0.00359362
      0.00361345
      0.00363297
      0.00365216
      0.00367103
      0.00368957
      0.00370778
      0.00372566
      0.00374321
      0.00376041
      0.00377728
      0.00379380
      0.00380996
      0.00382578
      0.00384124
      0.00385633
      0.00387106
      0.00388542
      0.00389939
      0.00391299
      0.00392620
      0.00393901
      0.00395142
      0.00396342
      0.00397500
      0.00398616
      0.00399688
      0.00400715
      0.00401696
      0.00402630
      0.00403516
      0.00404352
      0.00405137
      0.00405869
      0.00406547
      0.00407170
      0.00407734
      0.00408240
      0.00408685
      0.00409067
      0.00409385
      0.00409638
      0.00409824
      0.00409943
      0.00409993
      0.00409974
      0.00409886
      0.00409729
      0.00409504
      0.00409212
      0.00408854
      0.00408434
      0.00407953
      0.00407415
      0.00406824
      0.00406185
      0.00405502
      0.00404780
      0.00404026
      0.00403246
      0.00402446
      0.00401632
      0.00400812
      0.00399991
      0.00399178
      0.00398377
      0.00397596
      0.00396839
      0.00396114
      0.00395423
      0.00394773
      0.00394166
      0.00393607
      0.00393097
      0.00392639
      0.00392234
      0.00391884
      0.00391588
      0.00391346
      0.00391158
      0.00391023
      0.00390939
      0.00390905
      0.00390917
      0.00390975
      0.00391076
      0.00391216
      0.00391394
      0.00391606
      0.00391849
      0.00392122
      0.00392420
      0.00392741
      0.00393083
      0.00393443
      0.00393818
      0.00394206
      0.00394605
      0.00395013
      0.00395427
      0.00395846
      0.00396267
      0.00396690
      0.00397113
      0.00397534
      0.00397952
      0.00398365
      0.00398774
      0.00399175
      0.00399570
      0.00399956
      0.00400333
      0.00400701
      0.00401058
      0.00401405
      0.00401740
      0.00402063
      0.00402374
      0.00402672
      0.00402957
      0.00403229
      0.00403488
      0.00403732
      0.00403963
      0.00404179
      0.00404381
      0.00404569
      0.00404742
      0.00404900
      0.00405043
      0.00405172
      0.00405285
      0.00405383
      0.00405467
      0.00405535
      0.00405588
      0.00405626
      0.00405648
      0.00405656
      0.00405648
      0.00405625
      0.00405587
      0.00405533
      0.00405465
      0.00405381
      0.00405282
      0.00405168
      0.00405039
      0.00404895
      0.00404737
      0.00404563
      0.00404375
      0.00404173
      0.00403956
      0.00403725
      0.00403480
      0.00403221
      0.00402948
      0.00402662
      0.00402364
      0.00402052
      0.00401728
      0.00401393
      0.00401046
      0.00400688
      0.00400319
      0.00399941
      0.00399554
      0.00399159
      0.00398757
      0.00398348
      0.00397933
      0.00397515
      0.00397093
      0.00396669
      0.00396246
      0.00395823
      0.00395403
      0.00394988
      0.00394579
      0.00394179
      0.00393790
      0.00393414
      0.00393053
      0.00392710
      0.00392388
      0.00392088
      0.00391815
      0.00391570
      0.00391357
      0.00391179
      0.00391037
      0.00390936
      0.00390877
      0.00390863
      0.00390896
      0.00390980
      0.00391114
      0.00391301
      0.00391542
      0.00391838
      0.00392188
      0.00392592
      0.00393050
      0.00393560
      0.00394119
      0.00394726
      0.00395377
      0.00396068
      0.00396794
      0.00397551
      0.00398333
      0.00399135
      0.00399950
      0.00400771
      0.00401593
      0.00402408
      0.00403210
      0.00403992
      0.00404747
      0.00405470
      0.00406155
      0.00406796
      0.00407389
      0.00407928
      0.00408411
      0.00408833
      0.00409192
      0.00409485
      0.00409712
      0.00409870
      0.00409959
      0.00409979
      0.00409930
      0.00409813
      0.00409627
      0.00409375
      0.00409058
      0.00408676
      0.00408232
      0.00407727
      0.00407163
      0.00406541
      0.00405863
      0.00405131
      0.00404347
      0.00403511
      0.00402625
      0.00401692
      0.00400711
      0.00399684
      0.00398612
      0.00397497
      0.00396339
      0.00395139
      0.00393898
      0.00392617
      0.00391297
      0.00389937
      0.00388539
      0.00387104
      0.00385631
      0.00384122
      0.00382576
      0.00380995
      0.00379378
      0.00377726
      0.00376040
      0.00374319
      0.00372565
      0.00370777
      0.00368956
      0.00367102
      0.00365215
      0.00363295
      0.00361344
      0.00359361
      0.00357346
      0.00355300
      0.00353223
      0.00351114
      0.00348975
      0.00346806
      0.00344606
      0.00342377
      0.00340117
      0.00337828
      0.00335509
      0.00333161
      0.00330783
      0.00328377
      0.00325942
      0.00323479
      0.00320987
      0.00318467
      0.00315918
      0.00313342
      0.00310738
      0.00308107
      0.00305447
      0.00302759
      0.00300044
      0.00297302
      0.00294532
      0.00291736
      0.00288914
      0.00286066
      0.00283192
      0.00280293
      0.00277367
      0.00274415
      0.00271436
      0.00268429
      0.00265394
      0.00262332
      0.00259243
      0.00256129
      0.00252991
      0.00249831
      0.00246649
      0.00243446
      0.00240221
      0.00236971
      0.00233694
      0.00230387
      0.00227048
      0.00223676
      0.00220274
      0.00216844
      0.00213393
      0.00209926
      0.00206447
      0.00202958
      0.00199456
      0.00195936
      0.00192388
      0.00188803
      0.00185173
      0.00181496
      0.00177774
      0.00174016
      0.00170237
      0.00166452
      0.00162673
      0.00158906
      0.00155148
      0.00151383
      0.00147592
      0.00143749
      0.00139836
      0.00135842
      0.00131774
      0.00127648
      0.00123495
      0.00119347
      0.00115232
      0.00111161
      0.00107126
      0.00103100
      0.00099041
      0.00094905
      0.00090653
      0.00086268
      0.00081761
      0.00077165
      0.00072534
      0.00067925
      0.00063388
      0.00058948
      0.00054603
      0.00050323
      0.00046069
      0.00041802
      0.00037509
      0.00033206
      0.00028950
      0.00024826
      0.00020933
      0.00017367
      0.00014195
      0.00011452
      0.00009133
      0.00007204
      0.00005612
      0.00004299
      0.00003217
      0.00002330
      0.00001614
      0.00001053
      0.00000636
      0.00000346
      0.00000162
      0.00000060
      0.00000013
      0.00000000
