             NaN
     -2.04514157
     -1.69367791
     -1.38092235
     -1.09859478
     -0.83599222
     -0.58411596
     -0.33639706
     -0.08842981
      0.16237659
      0.41705083
      0.67528364
      0.93573577
      1.19648419
      1.45555086
      1.71137487
      1.96309808
      2.21062257
      2.45448886
      2.69566094
      2.93529061
     -3.10868249
     -2.86896476
     -2.62814537
     -2.38601892
     -2.14276261
     -1.89885419
     -1.65493142
     -1.41162801
     -1.16942936
     -0.92858401
     -0.68908578
     -0.45071960
     -0.21314905
      0.02398132
      0.26095362
      0.49791309
      0.73484444
      0.97158953
      1.20789868
      1.44349922
      1.67816193
      1.91174831
      2.14422894
      2.37567259
      2.60621308
      2.83600541
      3.06518330
     -2.98935752
     -2.76123234
     -2.53367543
     -2.30677999
     -2.08065640
     -1.85540472
     -1.63109371
     -1.40775053
     -1.18536218
     -0.96388630
     -0.74326732
     -0.52345311
     -0.30440824
     -0.08612105
      0.13139594
      0.34811155
      0.56398482
      0.77897489
      0.99304903
      1.20618748
      1.41838438
      1.62964524
      1.83998229
      2.04940908
      2.25793579
      2.46556612
      2.67229635
      2.87811615
      3.08301078
     -2.99622146
     -2.79322542
     -2.59119910
     -2.39015162
     -2.19008863
     -1.99101321
     -1.79292720
     -1.59583244
     -1.39973184
     -1.20462994
     -1.01053306
     -0.81744897
     -0.62538642
     -0.43435450
     -0.24436216
     -0.05541784
      0.13247064
      0.31929610
      0.50505175
      0.68973101
      0.87332725
      1.05583359
      1.23724282
      1.41754736
      1.59673928
      1.77481039
      1.95175234
      2.12755666
      2.30221486
      2.47571839
      2.64805872
      2.81922726
      2.98921535
     -3.12517108
     -2.95757033
     -2.79117677
     -2.62599962
     -2.46204831
     -2.29933243
     -2.13786173
     -1.97764617
     -1.81869587
     -1.66102110
     -1.50463235
     -1.34954029
     -1.19575579
     -1.04328994
     -0.89215404
     -0.74235966
     -0.59391861
     -0.44684296
     -0.30114511
     -0.15683771
     -0.01393377
      0.12755336
      0.26760998
      0.40622199
      0.54337485
      0.67905359
      0.81324271
      0.94592619
      1.07708743
      1.20670914
      1.33477337
      1.46126134
      1.58615345
      1.70942914
      1.83106680
      1.95104372
      2.06933595
      2.18591819
      2.30076375
      2.41384438
      2.52513024
      2.63458981
      2.74218983
      2.84789529
      2.95166941
      3.05347370
     -3.12991727
     -3.03217453
     -2.93652635
     -2.84301680
     -2.75169076
     -2.66259356
     -2.57577059
     -2.49126686
     -2.40912649
     -2.32939214
     -2.25210449
     -2.17730163
     -2.10501843
     -2.03528599
     -1.96813101
     -1.90357526
     -1.84163508
     -1.78232086
     -1.72563670
     -1.67158005
     -1.62014144
     -1.57130438
     -1.52504522
     -1.48133318
     -1.44013050
     -1.40139257
     -1.36506829
     -1.33110035
     -1.29942572
     -1.26997613
     -1.24267863
     -1.21745615
     -1.19422817
     -1.17291131
     -1.15342003
     -1.13566725
     -1.11956500
     -1.10502499
     -1.09195926
     -1.08028065
     -1.06990334
     -1.06074328
     -1.05271861
     -1.04574997
     -1.03976079
     -1.03467757
     -1.03043001
     -1.02695120
     -1.02417767
     -1.02204946
     -1.02051013
     -1.01950673
     -1.01898980
     -1.01891320
     -1.01923411
     -1.01991287
     -1.02091286
     -1.02220036
     -1.02374443
     -1.02551674
     -1.02749140
     -1.02964487
     -1.03195575
     -1.03440467
     -1.03697411
     -1.03964831
     -1.04241309
     -1.04525577
     -1.04816500
     -1.05113068
     -1.05414384
     -1.05719654
     -1.06028180
     -1.06339346
     -1.06652614
     -1.06967518
     -1.07283652
     -1.07600668
     -1.07918268
     -1.08236201
     -1.08554254
     -1.08872252
     -1.09190054
     -1.09507544
     -1.09824634
     -1.10141258
     -1.10457370
     -1.10772942
     -1.11087961
     -1.11402427
     -1.11716353
     -1.12029762
     -1.12342684
     -1.12655159
     -1.12967233
     -1.13278956
     -1.13590385
     -1.13901578
     -1.14212598
     -1.14523508
     -1.14834376
     -1.15145266
     -1.15456245
     -1.15767379
     -1.16078733
     -1.16390368
     -1.16702344
     -1.17014718
     -1.17327540
     -1.17640856
     -1.17954707
     -1.18269125
     -1.18584132
     -1.18899742
     -1.19215956
     -1.19532763
     -1.19850134
     -1.20168024
     -1.20486370
     -1.20805083
     -1.21124052
     -1.21443133
     -1.21762154
     -1.22080906
     -1.22399136
     -1.22716551
     -1.23032802
     -1.23347487
     -1.23660141
     -1.23970229
     -1.24277137
     -1.24580169
     -1.24878534
     -1.25171338
     -1.25457572
     -1.25736106
     -1.26005673
     -1.26264859
     -1.26512090
     -1.26745617
     -1.26963507
     -1.27163623
     -1.27343612
     -1.27500890
     -1.27632626
     -1.27735728
     -1.27806827
     -1.27842263
     -1.27838072
     -1.27789972
     -1.27693353
     -1.27543268
     -1.27334422
     -1.27061171
     -1.26717518
     -1.26297114
     -1.25793265
     -1.25198939
     -1.24506779
     -1.23709126
     -1.22798036
     -1.21765315
     -1.20602550
     -1.19301150
     -1.17852390
     -1.16247460
     -1.14477522
     -1.12533764
     -1.10407465
     -1.08090055
     -1.05573184
     -1.02848783
     -0.99909132
     -0.96746918
     -0.93355301
     -0.89727962
     -0.85859158
     -0.81743764
     -0.77377308
     -0.72756001
     -0.67876756
     -0.62737201
     -0.57335675
     -0.51671228
     -0.45743601
     -0.39553199
     -0.33101062
     -0.26388822
     -0.19418657
     -0.12193242
     -0.04715689
      0.03010509
      0.10981538
      0.19193323
      0.27641591
      0.36321921
      0.45229805
      0.54360696
      0.63710052
      0.73273376
      0.83046255
      0.93024384
      1.03203591
      1.13579856
      1.24149324
      1.34908311
      1.45853311
      1.56980992
      1.68288198
      1.79771940
      1.91429391
      2.03257877
      2.15254865
      2.27417959
      2.39744883
      2.52233476
      2.64881681
      2.77687533
      2.90649156
      3.03764751
     -3.11285941
     -2.97867520
     -2.84300121
     -2.70585293
     -2.56724535
     -2.42719301
     -2.28571002
     -2.14281009
     -1.99850658
     -1.85281248
     -1.70574049
     -1.55730297
     -1.40751201
     -1.25637944
     -1.10391680
     -0.95013543
     -0.79504641
     -0.63866062
     -0.48098871
     -0.32204119
     -0.16182833
     -0.00036027
      0.16235307
      0.32630189
      0.49147663
      0.65786784
      0.82546631
      0.99426297
      1.16424890
      1.33541534
      1.50775362
      1.68125517
      1.85591143
      2.03171387
      2.20865398
      2.38672331
      2.56591349
      2.74621633
      2.92762392
      3.11012866
     -2.98946197
     -2.80478423
     -2.61903005
     -2.43220604
     -2.24431896
     -2.05537601
     -1.86538500
     -1.67435437
     -1.48229308
     -1.28921022
     -1.09511454
     -0.90001381
     -0.70391434
     -0.50682068
     -0.30873574
     -0.10966136
      0.09040061
      0.29144711
      0.49347246
      0.69646756
      0.90041972
      1.10531345
      1.31113239
      1.51786178
      1.72549130
      1.93401721
      2.14344323
      2.35377954
      2.56503967
      2.77723587
      2.99037364
     -3.07873820
     -2.86374878
     -2.64787614
     -2.43116115
     -2.21364475
     -1.99535814
     -1.77631382
     -1.55650015
     -1.33588169
     -1.11440631
     -0.89201845
     -0.66867573
     -0.44436517
     -0.21911394
      0.00700922
      0.23390424
      0.46146074
      0.68958553
      0.91822965
      1.14740718
      1.37719917
      1.60773933
      1.83918267
      2.07166301
      2.30524910
      2.53991153
      2.77551180
      3.01182069
     -3.03461978
     -2.79768868
     -2.56072944
     -2.32375736
     -2.08662719
     -1.84905683
     -1.61069082
     -1.37119275
     -1.13034755
     -0.88814905
     -0.64484579
     -0.40092317
     -0.15701488
      0.08624128
      0.32836760
      0.56918687
      0.80890449
      1.04811660
      1.28774620
      1.52891821
      1.77278444
      2.02030888
      2.27203205
      2.52785601
      2.78692263
      3.04767100
     -2.97506223
     -2.71682947
     -2.46215528
     -2.21134891
     -1.96338169
     -1.71566279
     -1.46378654
     -1.20118398
     -0.91885640
     -0.60610083
     -0.25463716
      0.00000000
