             NaN
      1.45419812
      1.84369375
      2.23394224
      2.62518350
      3.01707663
     -2.87429683
     -2.48326542
     -2.09326623
     -1.70395258
     -1.31457429
     -0.92440351
     -0.53315714
     -0.14117664
      0.25075498
      0.64186803
      1.03186162
      1.42108367
      1.81033561
      2.20041812
      2.59166751
      2.98374341
     -2.90737685
     -2.51617096
     -2.12618103
     -1.73705931
     -1.34794842
     -0.95796649
     -0.56671660
     -0.17453609
      0.21767824
      0.60899006
      0.99897868
      1.38798998
      1.77694269
      2.16680956
      2.55805682
      2.95035263
     -2.94045047
     -2.54901727
     -2.15902704
     -1.77013796
     -1.38136365
     -0.99162907
     -0.60038834
     -0.20796472
      0.18460743
      0.57618053
      0.96617602
      1.35492893
      1.74350070
      2.13308218
      2.52431143
      2.91687769
     -2.97351896
     -2.58178346
     -2.19177810
     -1.80317807
     -1.41483813
     -1.02543525
     -0.63422385
     -0.24149712
      0.15154052
      0.54346617
      0.93348737
      1.32191421
      1.70998622
      2.09917872
      2.49036391
      2.88327290
     -3.00658545
     -2.61443474
     -2.22438984
     -1.83616136
     -1.44840253
     -1.05946075
     -0.66831297
     -0.27519470
      0.11847274
      0.51089334
      0.90097266
      1.28897133
      1.67635920
      2.06499780
      2.45609253
      2.84945396
     -3.03965708
     -2.64690677
     -2.25677634
     -1.86904583
     -1.48210338
     -1.09383846
     -0.70282150
     -0.30917605
      0.08539299
      0.47855857
      0.86877306
      1.25619493
      1.64259687
      2.03038799
      2.42128031
      2.81525197
     -3.07275248
     -2.67904222
     -2.28867537
     -1.90159568
     -1.51585635
     -1.12868733
     -0.73800812
     -0.34367454
      0.05227301
      0.44671884
      0.83735372
      1.22406130
      1.60897073
      1.99529761
      2.38561790
      2.78034552
     -3.10591121
     -2.71045020
     -2.31936942
     -1.93306920
     -1.54923505
     -1.16408878
     -0.77437028
     -0.37922554
      0.01900287
      0.41592780
      0.80776842
      1.19364456
      1.57602991
      1.95942246
      2.34806699
      2.74357988
     -3.13957715
     -2.74036741
     -2.34709325
     -1.96152619
     -1.58118050
     -1.20065555
     -0.81420350
     -0.41872234
     -0.01607585
      0.38721740
      0.78373905
      1.16972710
      1.54698021
      1.92175961
      2.30222999
      2.69511074
      3.10166229
     -2.76815569
     -2.36042023
     -1.96889538
     -1.59613002
     -1.23557656
     -0.87390905
     -0.49538145
     -0.08943087
      0.33943684
      0.76931095
      1.17568861
      1.54964296
      1.90067445
      2.24884335
      2.61575582
      3.01538404
     -2.83894377
     -2.40434539
     -1.99213702
     -1.61440640
     -1.26279833
     -0.91691464
     -0.55414129
     -0.15897255
      0.26719717
      0.70242222
      1.11784312
      1.49900559
      1.85233759
      2.19752965
      2.55751713
      2.94902341
     -2.91053548
     -2.47503501
     -2.05683665
     -1.67242501
     -1.31723128
     -0.97238213
     -0.61479058
     -0.22668899
      0.19439039
      0.62993966
      1.05069251
      1.43830981
      1.79551152
      2.14027252
      2.49572111
      2.88055041
     -2.98417887
     -2.54881296
     -2.12569232
     -1.73487876
     -1.37552023
     -1.03062191
     -0.67710697
     -0.29545577
      0.12028010
      0.55522649
      0.98053215
      1.37453608
      1.73619550
      2.08144273
      2.43321746
      2.81177518
     -3.05849222
     -2.62420225
     -2.19690058
     -1.79971973
     -1.43562309
     -1.08982334
     -0.73960061
     -0.36404994
      0.04595980
      0.47935855
      0.90845775
      1.30878970
      1.67545066
      2.02200082
      2.37085903
      2.74349579
     -3.13266628
     -2.70038892
     -2.26970078
     -1.86625813
     -1.49691607
     -1.14942249
     -0.80174019
     -0.43191540
     -0.02794283
      0.40298987
      0.83504877
      1.24154603
      1.61367484
      1.96230012
      2.30899693
      2.67612130
      3.07699444
     -2.77681724
     -2.34361414
     -1.93413451
     -1.55912518
     -1.20918486
     -0.86328121
     -0.49873595
     -0.10099498
      0.32661584
      0.76072969
      1.17310323
      1.55107442
      1.90250780
      2.24781230
      2.60990930
      3.00450164
     -2.85302718
     -2.41824112
     -2.00307803
     -1.62207662
     -1.26897786
     -0.92407711
     -0.56428839
     -0.17284489
      0.25067931
      0.68589586
      1.10372878
      1.48781553
      1.84274590
      2.18743935
      2.54506841
      2.93337888
     -2.92857770
     -2.49317353
     -2.07280491
     -1.68559107
     -1.32866914
     -0.98398573
     -0.62835954
     -0.24315071
      0.17563499
      0.61098496
      1.03374209
      1.42411177
      1.78317900
      2.12805039
      2.48183825
      2.86399188
     -3.00298209
     -2.56792487
     -2.14293757
     -1.74939532
     -1.38803451
     -1.04277584
     -0.69065421
     -0.31149519
      0.10202680
      0.53655825
      0.96360909
      1.36033098
      1.72413022
      2.06997824
      2.42061342
      2.79685131
     -3.07560082
     -2.64182038
     -2.21287637
     -1.81297242
     -1.44658843
     -1.09994244
     -0.75060520
     -0.37720454
      0.03065298
      0.46346689
      0.89413785
      1.29723300
      1.66636138
      2.01402981
      2.36226909
      2.73292130
      3.13782037
     -2.71372296
     -2.28147059
     -1.87514027
     -1.50306328
     -1.15410737
     -0.80674721
     -0.43876574
     -0.03693164
      0.39333591
      0.82708507
      1.23681311
      1.61219143
      1.96283528
      2.30960027
      2.67493348
      3.07342993
     -2.78122722
     -2.34603368
     -1.93234215
     -1.55242368
     -1.19834831
     -0.85047124
     -0.48716072
     -0.09364845
      0.32911084
      0.76161545
      1.17872860
      1.56852205
      1.93649233
      2.29704761
      2.66465859
      3.04864866
     -2.83287588
     -2.42089485
     -2.01075903
     -1.61205756
     -1.22682813
     -0.85029099
     -0.47458116
     -0.09241401
      0.30001800
      0.70119468
      1.10482347
      1.50355940
      1.89348920
      2.27588656
      2.65573175
      3.03883692
     -2.85413814
     -2.45687480
     -2.05658258
     -1.65888290
     -1.26752939
     -0.88241876
     -0.50012267
     -0.11599464
      0.27342934
      0.66863978
      1.06683327
      1.46356214
      1.85546621
      2.24214736
      2.62608844
      3.01108107
     -2.88299299
     -2.48903972
     -2.09229207
     -1.69636643
     -1.30423829
     -0.91654336
     -0.53142379
     -0.14572632
      0.24326637
      0.63637894
      1.03206969
      1.42733523
      1.81953731
      2.20792841
      2.59393231
      2.98021325
     -2.91399732
     -2.52147153
     -2.12658384
     -1.73187071
     -1.33967789
     -0.95079338
     -0.56410263
     -0.17732547
      0.21169365
      0.60380356
      0.99806708
      1.39231417
      1.78445421
      2.17369958
      2.56093770
      2.94813913
     -2.94595322
     -2.55414821
     -2.16038008
     -1.76652371
     -1.37444976
     -0.98492771
     -0.59724477
     -0.20968455
      0.17948629
      0.57105493
      0.96441994
      1.35794832
      1.74995666
      2.13969925
      2.52774975
      2.91561331
     -2.97832833
     -2.58695035
     -2.19392047
     -1.80067065
     -1.40872437
     -1.01880200
     -0.63044305
     -0.24232031
      0.14699023
      0.53821127
      0.93095802
      1.32396808
      1.71585599
      2.10592709
      2.49454839
      2.88289537
     -3.01091775
     -2.61982761
     -2.22732310
     -1.83452188
     -1.44268890
     -1.05249336
     -0.66364631
     -0.27510319
      0.11432617
      0.50530604
      0.89760106
      1.29021857
      1.68199976
      2.07230040
      2.46134355
      2.85005986
     -3.04364279
     -2.65275657
     -2.26064429
     -1.86818977
     -1.47645750
     -1.08606745
     -0.69685257
     -0.30798214
      0.08155042
      0.47235661
      0.86430830
      1.25661719
      1.64830314
      2.03876967
      2.42813595
      2.81714445
     -3.07646138
     -2.68572388
     -2.29391418
     -1.90173619
     -1.51009420
     -1.11956197
     -0.73006150
     -0.34092861
      0.04869515
      0.43937348
      0.83105704
      1.22311677
      1.61471696
      2.00530575
      2.39492571
      2.78417119
     -3.10934844
     -2.71872113
     -2.32715011
     -1.93519769
     -1.54363734
     -1.15299978
     -0.76326967
      0.00000000
