      0.00000000
      0.00046501
      0.00111870
      0.00144039
      0.00153987
      0.00155664
      0.00155403
      0.00155249
      0.00155592
      0.00156336
      0.00157317
      0.00158418
      0.00159571
      0.00160742
      0.00161917
      0.00163091
      0.00164261
      0.00165426
      0.00166586
      0.00167742
      0.00168894
      0.00170040
      0.00171182
      0.00172319
      0.00173452
      0.00174579
      0.00175702
      0.00176821
      0.00177934
      0.00179043
      0.00180147
      0.00181247
      0.00182341
      0.00183431
      0.00184516
      0.00185596
      0.00186671
      0.00187742
      0.00188807
      0.00189868
      0.00190924
      0.00191975
      0.00193022
      0.00194063
      0.00195100
      0.00196132
      0.00197159
      0.00198181
      0.00199198
      0.00200210
      0.00201218
      0.00202221
      0.00203219
      0.00204212
      0.00205200
      0.00206183
      0.00207162
      0.00208135
      0.00209104
      0.00210068
      0.00211027
      0.00211981
      0.00212931
      0.00213875
      0.00214815
      0.00215749
      0.00216679
      0.00217604
      0.00218524
      0.00219440
      0.00220350
      0.00221256
      0.00222156
      0.00223052
      0.00223943
      0.00224829
      0.00225710
      0.00226586
      0.00227458
      0.00228324
      0.00229186
      0.00230043
      0.00230895
      0.00231742
      0.00232584
      0.00233422
      0.00234254
      0.00235082
      0.00235904
      0.00236722
      0.00237535
      0.00238343
      0.00239146
      0.00239945
      0.00240738
      0.00241527
      0.00242311
      0.00243089
      0.00243863
      0.00244632
      0.00245397
      0.00246156
      0.00246910
      0.00247660
      0.00248405
      0.00249145
      0.00249880
      0.00250610
      0.00251335
      0.00252055
      0.00252771
      0.00253481
      0.00254187
      0.00254888
      0.00255584
      0.00256275
      0.00256961
      0.00257642
      0.00258319
      0.00258990
      0.00259657
      0.00260319
      0.00260976
      0.00261628
      0.00262275
      0.00262917
      0.00263554
      0.00264187
      0.00264815
      0.00265437
      0.00266055
      0.00266668
      0.00267276
      0.00267880
      0.00268478
      0.00269072
      0.00269660
      0.00270244
      0.00270823
      0.00271397
      0.00271966
      0.00272530
      0.00273089
      0.00273644
      0.00274193
      0.00274738
      0.00275278
      0.00275813
      0.00276343
      0.00276868
      0.00277388
      0.00277904
      0.00278414
      0.00278920
      0.00279421
      0.00279917
      0.00280408
      0.00280894
      0.00281375
      0.00281852
      0.00282323
      0.00282790
      0.00283251
      0.00283708
      0.00284160
      0.00284607
      0.00285050
      0.00285487
      0.00285919
      0.00286347
      0.00286770
      0.00287188
      0.00287601
      0.00288009
      0.00288412
      0.00288810
      0.00289204
      0.00289592
      0.00289976
      0.00290355
      0.00290728
      0.00291097
      0.00291462
      0.00291821
      0.00292175
      0.00292525
      0.00292869
      0.00293209
      0.00293544
      0.00293874
      0.00294200
      0.00294520
      0.00294836
      0.00295147
      0.00295454
      0.00295757
      0.00296057
      0.00296356
      0.00296659
      0.00296978
      0.00297334
      0.00297782
      0.00298428
      0.00299478
      0.00301276
      0.00304225
      0.00308257
      0.00311079
      0.00304566
      0.00275128
      0.00236401
      0.00250777
      0.00292079
      0.00310611
      0.00311971
      0.00308532
      0.00305374
      0.00303500
      0.00302699
      0.00302668
      0.00303324
      0.00304844
      0.00307560
      0.00311446
      0.00314458
      0.00308995
      0.00281304
      0.00240994
      0.00250843
      0.00292766
      0.00313006
      0.00315001
      0.00311615
      0.00308413
      0.00306639
      0.00306256
      0.00307183
      0.00309542
      0.00313221
      0.00316265
      0.00311360
      0.00284718
      0.00243641
      0.00250631
      0.00292756
      0.00314045
      0.00316454
      0.00313128
      0.00309960
      0.00308381
      0.00308500
      0.00310319
      0.00313678
      0.00316871
      0.00313305
      0.00289397
      0.00247359
      0.00247244
      0.00289263
      0.00313255
      0.00316859
      0.00313669
      0.00310301
      0.00308471
      0.00308341
      0.00309907
      0.00313064
      0.00316393
      0.00314027
      0.00292846
      0.00250733
      0.00243451
      0.00284465
      0.00311219
      0.00316183
      0.00313148
      0.00309460
      0.00307088
      0.00306146
      0.00306511
      0.00308264
      0.00311446
      0.00314845
      0.00312978
      0.00293055
      0.00251210
      0.00240538
      0.00280627
      0.00308650
      0.00314300
      0.00311323
      0.00307411
      0.00304643
      0.00303038
      0.00302223
      0.00301939
      0.00302142
      0.00303008
      0.00304889
      0.00308032
      0.00311489
      0.00310306
      0.00292241
      0.00251150
      0.00235573
      0.00273826
      0.00303758
      0.00310584
      0.00307836
      0.00303786
      0.00300802
      0.00298976
      0.00297905
      0.00297244
      0.00296784
      0.00296416
      0.00296088
      0.00295775
      0.00295466
      0.00295156
      0.00294843
      0.00294527
      0.00294206
      0.00293881
      0.00293550
      0.00293215
      0.00292876
      0.00292531
      0.00292182
      0.00291827
      0.00291468
      0.00291104
      0.00290735
      0.00290361
      0.00289982
      0.00289599
      0.00289210
      0.00288817
      0.00288419
      0.00288016
      0.00287608
      0.00287195
      0.00286777
      0.00286354
      0.00285927
      0.00285494
      0.00285057
      0.00284615
      0.00284168
      0.00283716
      0.00283259
      0.00282798
      0.00282331
      0.00281860
      0.00281383
      0.00280902
      0.00280416
      0.00279925
      0.00279429
      0.00278928
      0.00278423
      0.00277912
      0.00277397
      0.00276877
      0.00276352
      0.00275822
      0.00275287
      0.00274747
      0.00274202
      0.00273653
      0.00273098
      0.00272539
      0.00271975
      0.00271406
      0.00270832
      0.00270253
      0.00269669
      0.00269081
      0.00268487
      0.00267889
      0.00267286
      0.00266678
      0.00266065
      0.00265447
      0.00264824
      0.00264197
      0.00263564
      0.00262927
      0.00262285
      0.00261637
      0.00260985
      0.00260329
      0.00259667
      0.00259000
      0.00258329
      0.00257652
      0.00256971
      0.00256285
      0.00255594
      0.00254898
      0.00254197
      0.00253491
      0.00252781
      0.00252065
      0.00251345
      0.00250620
      0.00249890
      0.00249155
      0.00248415
      0.00247670
      0.00246921
      0.00246166
      0.00245407
      0.00244643
      0.00243874
      0.00243100
      0.00242321
      0.00241537
      0.00240749
      0.00239955
      0.00239157
      0.00238354
      0.00237546
      0.00236733
      0.00235915
      0.00235092
      0.00234265
      0.00233432
      0.00232595
      0.00231753
      0.00230906
      0.00230054
      0.00229197
      0.00228335
      0.00227469
      0.00226597
      0.00225721
      0.00224840
      0.00223954
      0.00223063
      0.00222167
      0.00221266
      0.00220361
      0.00219450
      0.00218535
      0.00217615
      0.00216690
      0.00215760
      0.00214825
      0.00213885
      0.00212941
      0.00211992
      0.00211037
      0.00210078
      0.00209114
      0.00208146
      0.00207172
      0.00206193
      0.00205210
      0.00204222
      0.00203229
      0.00202231
      0.00201228
      0.00200220
      0.00199208
      0.00198190
      0.00197168
      0.00196141
      0.00195109
      0.00194072
      0.00193031
      0.00191984
      0.00190933
      0.00189877
      0.00188816
      0.00187750
      0.00186680
      0.00185604
      0.00184524
      0.00183439
      0.00182349
      0.00181255
      0.00180155
      0.00179051
      0.00177942
      0.00176828
      0.00175710
      0.00174587
      0.00173459
      0.00172326
      0.00171189
      0.00170047
      0.00168900
      0.00167748
      0.00166592
      0.00165431
      0.00164266
      0.00163096
      0.00161922
      0.00160746
      0.00159574
      0.00158421
      0.00157320
      0.00156338
      0.00155594
      0.00155251
      0.00155404
      0.00155665
      0.00153988
      0.00144040
      0.00111870
      0.00046501
      0.00000000
