      0.00000000
      0.00046504
      0.00111879
      0.00144055
      0.00154013
      0.00155702
      0.00155457
      0.00155321
      0.00155682
      0.00156444
      0.00157443
      0.00158561
      0.00159729
      0.00160916
      0.00162106
      0.00163292
      0.00164475
      0.00165652
      0.00166823
      0.00167990
      0.00169151
      0.00170307
      0.00171458
      0.00172604
      0.00173745
      0.00174880
      0.00176011
      0.00177137
      0.00178257
      0.00179373
      0.00180483
      0.00181589
      0.00182689
      0.00183785
      0.00184875
      0.00185961
      0.00187042
      0.00188117
      0.00189188
      0.00190254
      0.00191314
      0.00192370
      0.00193421
      0.00194467
      0.00195508
      0.00196544
      0.00197575
      0.00198602
      0.00199623
      0.00200639
      0.00201651
      0.00202657
      0.00203659
      0.00204655
      0.00205647
      0.00206634
      0.00207616
      0.00208593
      0.00209565
      0.00210532
      0.00211494
      0.00212452
      0.00213404
      0.00214351
      0.00215294
      0.00216232
      0.00217164
      0.00218092
      0.00219015
      0.00219933
      0.00220846
      0.00221754
      0.00222658
      0.00223556
      0.00224450
      0.00225338
      0.00226222
      0.00227101
      0.00227974
      0.00228843
      0.00229707
      0.00230566
      0.00231421
      0.00232270
      0.00233114
      0.00233954
      0.00234788
      0.00235618
      0.00236443
      0.00237263
      0.00238078
      0.00238888
      0.00239693
      0.00240493
      0.00241289
      0.00242079
      0.00242865
      0.00243645
      0.00244421
      0.00245192
      0.00245958
      0.00246719
      0.00247475
      0.00248226
      0.00248973
      0.00249714
      0.00250451
      0.00251182
      0.00251909
      0.00252631
      0.00253348
      0.00254060
      0.00254767
      0.00255469
      0.00256167
      0.00256859
      0.00257547
      0.00258229
      0.00258907
      0.00259580
      0.00260248
      0.00260911
      0.00261569
      0.00262222
      0.00262871
      0.00263514
      0.00264153
      0.00264786
      0.00265415
      0.00266039
      0.00266658
      0.00267272
      0.00267881
      0.00268486
      0.00269085
      0.00269679
      0.00270269
      0.00270854
      0.00271433
      0.00272008
      0.00272578
      0.00273143
      0.00273704
      0.00274259
      0.00274809
      0.00275355
      0.00275895
      0.00276431
      0.00276962
      0.00277488
      0.00278009
      0.00278525
      0.00279036
      0.00279542
      0.00280044
      0.00280540
      0.00281032
      0.00281518
      0.00282000
      0.00282477
      0.00282949
      0.00283416
      0.00283879
      0.00284336
      0.00284788
      0.00285236
      0.00285679
      0.00286116
      0.00286549
      0.00286977
      0.00287400
      0.00287818
      0.00288231
      0.00288640
      0.00289043
      0.00289442
      0.00289836
      0.00290224
      0.00290608
      0.00290987
      0.00291361
      0.00291730
      0.00292095
      0.00292454
      0.00292808
      0.00293158
      0.00293503
      0.00293842
      0.00294177
      0.00294507
      0.00294832
      0.00295152
      0.00295467
      0.00295777
      0.00296082
      0.00296382
      0.00296678
      0.00296972
      0.00297267
      0.00297572
      0.00297910
      0.00298331
      0.00298938
      0.00299936
      0.00301665
      0.00304530
      0.00308462
      0.00311171
      0.00304519
      0.00274892
      0.00235989
      0.00250425
      0.00291930
      0.00310626
      0.00312108
      0.00308768
      0.00305692
      0.00303877
      0.00303111
      0.00303089
      0.00303727
      0.00305203
      0.00307851
      0.00311648
      0.00314553
      0.00308956
      0.00281079
      0.00240583
      0.00250473
      0.00292600
      0.00313007
      0.00315122
      0.00311829
      0.00308698
      0.00306967
      0.00306596
      0.00307503
      0.00309811
      0.00313414
      0.00316358
      0.00311323
      0.00284496
      0.00243229
      0.00250247
      0.00292576
      0.00314035
      0.00316564
      0.00313327
      0.00310222
      0.00308676
      0.00308793
      0.00310576
      0.00313869
      0.00316970
      0.00313280
      0.00289195
      0.00246957
      0.00246842
      0.00289060
      0.00313229
      0.00316957
      0.00313859
      0.00310557
      0.00308763
      0.00308635
      0.00310168
      0.00313263
      0.00316503
      0.00314018
      0.00292668
      0.00250352
      0.00243040
      0.00284244
      0.00311181
      0.00316275
      0.00313339
      0.00309727
      0.00307406
      0.00306484
      0.00306838
      0.00308548
      0.00311660
      0.00314967
      0.00312981
      0.00292893
      0.00250847
      0.00240130
      0.00280402
      0.00308611
      0.00314395
      0.00311525
      0.00307704
      0.00305009
      0.00303455
      0.00302667
      0.00302388
      0.00302572
      0.00303396
      0.00305213
      0.00308272
      0.00311629
      0.00310325
      0.00292099
      0.00250808
      0.00235166
      0.00273590
      0.00303708
      0.00310673
      0.00308036
      0.00304084
      0.00301184
      0.00299425
      0.00298406
      0.00297783
      0.00297350
      0.00297001
      0.00296685
      0.00296380
      0.00296077
      0.00295771
      0.00295461
      0.00295146
      0.00294826
      0.00294501
      0.00294171
      0.00293836
      0.00293497
      0.00293152
      0.00292802
      0.00292448
      0.00292088
      0.00291724
      0.00291355
      0.00290981
      0.00290601
      0.00290218
      0.00289829
      0.00289435
      0.00289036
      0.00288633
      0.00288224
      0.00287811
      0.00287393
      0.00286970
      0.00286542
      0.00286109
      0.00285671
      0.00285228
      0.00284781
      0.00284328
      0.00283871
      0.00283409
      0.00282941
      0.00282469
      0.00281992
      0.00281510
      0.00281024
      0.00280532
      0.00280035
      0.00279534
      0.00279028
      0.00278516
      0.00278000
      0.00277479
      0.00276953
      0.00276422
      0.00275887
      0.00275346
      0.00274800
      0.00274250
      0.00273695
      0.00273134
      0.00272569
      0.00271999
      0.00271424
      0.00270844
      0.00270260
      0.00269670
      0.00269076
      0.00268476
      0.00267872
      0.00267263
      0.00266649
      0.00266030
      0.00265406
      0.00264777
      0.00264143
      0.00263505
      0.00262861
      0.00262213
      0.00261559
      0.00260901
      0.00260238
      0.00259570
      0.00258897
      0.00258219
      0.00257537
      0.00256849
      0.00256157
      0.00255459
      0.00254757
      0.00254050
      0.00253338
      0.00252621
      0.00251899
      0.00251172
      0.00250440
      0.00249704
      0.00248962
      0.00248216
      0.00247465
      0.00246709
      0.00245948
      0.00245182
      0.00244411
      0.00243635
      0.00242854
      0.00242069
      0.00241278
      0.00240483
      0.00239682
      0.00238877
      0.00238067
      0.00237252
      0.00236432
      0.00235608
      0.00234778
      0.00233943
      0.00233104
      0.00232259
      0.00231410
      0.00230556
      0.00229697
      0.00228833
      0.00227964
      0.00227090
      0.00226211
      0.00225328
      0.00224439
      0.00223546
      0.00222647
      0.00221744
      0.00220836
      0.00219923
      0.00219005
      0.00218082
      0.00217154
      0.00216221
      0.00215284
      0.00214341
      0.00213394
      0.00212441
      0.00211484
      0.00210522
      0.00209555
      0.00208583
      0.00207606
      0.00206624
      0.00205637
      0.00204646
      0.00203649
      0.00202647
      0.00201641
      0.00200630
      0.00199613
      0.00198592
      0.00197566
      0.00196535
      0.00195499
      0.00194458
      0.00193412
      0.00192361
      0.00191305
      0.00190245
      0.00189179
      0.00188108
      0.00187033
      0.00185952
      0.00184867
      0.00183776
      0.00182681
      0.00181581
      0.00180475
      0.00179365
      0.00178249
      0.00177129
      0.00176004
      0.00174873
      0.00173738
      0.00172597
      0.00171451
      0.00170301
      0.00169145
      0.00167984
      0.00166818
      0.00165646
      0.00164470
      0.00163288
      0.00162101
      0.00160912
      0.00159726
      0.00158557
      0.00157440
      0.00156441
      0.00155680
      0.00155319
      0.00155455
      0.00155701
      0.00154012
      0.00144055
      0.00111879
      0.00046504
      0.00000000
