             NaN
      1.50678241
      1.74746461
      1.90646615
      2.00266978
      2.05577106
      2.08249607
      2.09474784
      2.09982888
      2.10168221
      2.10221214
      2.10224919
      2.10212018
      2.10193914
      2.10173946
      2.10152799
      2.10130460
      2.10106838
      2.10081895
      2.10055650
      2.10028153
      2.09999470
      2.09969668
      2.09938812
      2.09906964
      2.09874180
      2.09840512
      2.09806008
      2.09770712
      2.09734664
      2.09697902
      2.09660460
      2.09622371
      2.09583664
      2.09544367
      2.09504505
      2.09464103
      2.09423184
      2.09381767
      2.09339874
      2.09297523
      2.09254731
      2.09211515
      2.09167890
      2.09123872
      2.09079474
      2.09034709
      2.08989591
      2.08944130
      2.08898339
      2.08852229
      2.08805809
      2.08759089
      2.08712080
      2.08664789
      2.08617227
      2.08569400
      2.08521317
      2.08472986
      2.08424413
      2.08375607
      2.08326573
      2.08277318
      2.08227848
      2.08178170
      2.08128289
      2.08078211
      2.08027941
      2.07977485
      2.07926847
      2.07876032
      2.07825046
      2.07773892
      2.07722576
      2.07671100
      2.07619471
      2.07567691
      2.07515764
      2.07463695
      2.07411486
      2.07359142
      2.07306667
      2.07254062
      2.07201332
      2.07148481
      2.07095510
      2.07042423
      2.06989224
      2.06935914
      2.06882497
      2.06828975
      2.06775352
      2.06721630
      2.06667810
      2.06613897
      2.06559892
      2.06505798
      2.06451616
      2.06397350
      2.06343002
      2.06288573
      2.06234066
      2.06179483
      2.06124826
      2.06070097
      2.06015298
      2.05960432
      2.05905499
      2.05850502
      2.05795442
      2.05740322
      2.05685143
      2.05629907
      2.05574616
      2.05519271
      2.05463875
      2.05408428
      2.05352932
      2.05297389
      2.05241800
      2.05186168
      2.05130493
      2.05074777
      2.05019021
      2.04963228
      2.04907397
      2.04851532
      2.04795633
      2.04739701
      2.04683738
      2.04627746
      2.04571725
      2.04515677
      2.04459603
      2.04403505
      2.04347383
      2.04291240
      2.04235076
      2.04178892
      2.04122690
      2.04066471
      2.04010236
      2.03953987
      2.03897724
      2.03841449
      2.03785162
      2.03728866
      2.03672560
      2.03616247
      2.03559927
      2.03503602
      2.03447272
      2.03390938
      2.03334603
      2.03278266
      2.03221929
      2.03165592
      2.03109258
      2.03052927
      2.02996599
      2.02940277
      2.02883961
      2.02827652
      2.02771351
      2.02715059
      2.02658777
      2.02602506
      2.02546248
      2.02490002
      2.02433770
      2.02377554
      2.02321353
      2.02265170
      2.02209004
      2.02152857
      2.02096730
      2.02040624
      2.01984540
      2.01928478
      2.01872441
      2.01816428
      2.01760441
      2.01704482
      2.01648550
      2.01592649
      2.01536780
      2.01480944
      2.01425146
      2.01369388
      2.01313678
      2.01258023
      2.01202440
      2.01146952
      2.01091609
      2.01036505
      2.00981837
      2.00928037
      2.00876084
      2.00828227
      2.00789704
      2.00772735
      2.00805691
      2.00953673
      2.01363045
      2.02352797
      2.04588042
      2.09377453
      2.19136886
      2.38133570
      2.73849770
     -2.92381589
     -2.18642276
     -1.68843978
     -1.41642476
     -1.27384025
     -1.20196822
     -1.16736614
     -1.15129882
     -1.14369716
     -1.13910421
     -1.13386745
     -1.12394456
     -1.10256995
     -1.05705862
     -0.96414744
     -0.78276167
     -0.44086894
      0.16032434
      0.90407396
      1.42199018
      1.70657951
      1.85617112
      1.93201759
      1.96916338
      1.98764481
      1.99907203
      2.01145975
      2.03332565
      2.07789579
      2.16825110
      2.34467792
      2.67762219
     -3.01644095
     -2.26996929
     -1.73982545
     -1.44731792
     -1.29323551
     -1.21468010
     -1.17545418
     -1.15437364
     -1.13817385
     -1.11592554
     -1.07382426
     -0.98951758
     -0.82473469
     -0.51289647
      0.04630629
      0.79553348
      1.35569084
      1.66818275
      1.83332881
      1.91783130
      1.96003040
      1.98231709
      1.99851263
      2.01954335
      2.05865000
      2.13696724
      2.29060571
      2.58230958
      3.11121514
     -2.42572853
     -1.83537094
     -1.50152199
     -1.32458954
     -1.23395954
     -1.18924999
     -1.16732651
     -1.15493922
     -1.14357462
     -1.12525519
     -1.08845329
     -1.01327997
     -0.86493980
     -0.58261830
     -0.06827266
      0.67450833
      1.27924815
      1.62383180
      1.80671706
      1.90042850
      1.94631301
      1.96775888
      1.97744203
      1.98192657
      1.98470263
      1.98817483
      1.99520070
      2.01082528
      2.04483892
      2.11569064
      2.25642473
      2.52509681
      3.01767518
     -2.53028131
     -1.90409341
     -1.54262941
     -1.35024017
     -1.25131558
     -1.20271744
     -1.18001115
     -1.16994316
     -1.16576851
     -1.16424898
     -1.16389783
     -1.16405358
     -1.16442796
     -1.16489685
     -1.16540708
     -1.16593582
     -1.16647317
     -1.16701475
     -1.16755857
     -1.16810368
     -1.16864960
     -1.16919606
     -1.16974292
     -1.17029009
     -1.17083752
     -1.17138515
     -1.17193296
     -1.17248093
     -1.17302904
     -1.17357727
     -1.17412562
     -1.17467407
     -1.17522261
     -1.17577123
     -1.17631992
     -1.17686868
     -1.17741748
     -1.17796633
     -1.17851521
     -1.17906411
     -1.17961303
     -1.18016195
     -1.18071087
     -1.18125977
     -1.18180865
     -1.18235750
     -1.18290630
     -1.18345506
     -1.18400375
     -1.18455237
     -1.18510091
     -1.18564936
     -1.18619771
     -1.18674595
     -1.18729407
     -1.18784206
     -1.18838991
     -1.18893761
     -1.18948514
     -1.19003251
     -1.19057970
     -1.19112669
     -1.19167348
     -1.19222006
     -1.19276642
     -1.19331254
     -1.19385842
     -1.19440404
     -1.19494939
     -1.19549447
     -1.19603926
     -1.19658374
     -1.19712791
     -1.19767176
     -1.19821528
     -1.19875844
     -1.19930125
     -1.19984369
     -1.20038574
     -1.20092739
     -1.20146864
     -1.20200947
     -1.20254986
     -1.20308980
     -1.20362929
     -1.20416830
     -1.20470682
     -1.20524485
     -1.20578236
     -1.20631934
     -1.20685577
     -1.20739166
     -1.20792696
     -1.20846169
     -1.20899581
     -1.20952931
     -1.21006218
     -1.21059440
     -1.21112596
     -1.21165683
     -1.21218701
     -1.21271648
     -1.21324521
     -1.21377319
     -1.21430040
     -1.21482683
     -1.21535245
     -1.21587725
     -1.21640121
     -1.21692430
     -1.21744652
     -1.21796782
     -1.21848821
     -1.21900765
     -1.21952612
     -1.22004360
     -1.22056007
     -1.22107550
     -1.22158988
     -1.22210316
     -1.22261534
     -1.22312638
     -1.22363626
     -1.22414495
     -1.22465242
     -1.22515865
     -1.22566360
     -1.22616725
     -1.22666956
     -1.22717050
     -1.22767004
     -1.22816815
     -1.22866478
     -1.22915992
     -1.22965351
     -1.23014552
     -1.23063591
     -1.23112465
     -1.23161168
     -1.23209697
     -1.23258048
     -1.23306214
     -1.23354193
     -1.23401979
     -1.23449566
     -1.23496950
     -1.23544125
     -1.23591085
     -1.23637825
     -1.23684338
     -1.23730618
     -1.23776659
     -1.23822452
     -1.23867992
     -1.23913271
     -1.23958281
     -1.24003013
     -1.24047460
     -1.24091612
     -1.24135460
     -1.24178994
     -1.24222204
     -1.24265079
     -1.24307608
     -1.24349779
     -1.24391579
     -1.24432995
     -1.24474014
     -1.24514620
     -1.24554797
     -1.24594530
     -1.24633800
     -1.24672589
     -1.24710876
     -1.24748641
     -1.24785860
     -1.24822510
     -1.24858563
     -1.24893992
     -1.24928767
     -1.24962853
     -1.24996217
     -1.25028819
     -1.25060619
     -1.25091569
     -1.25121622
     -1.25150723
     -1.25178815
     -1.25205835
     -1.25231719
     -1.25256408
     -1.25279854
     -1.25302043
     -1.25323019
     -1.25342879
     -1.25361640
     -1.25378627
     -1.25390507
     -1.25385885
     -1.25332087
     -1.25146071
     -1.24637411
     -1.23411809
     -1.20739006
     -1.15428682
     -1.05808203
     -0.89907983
     -0.65839728
      0.00000000
