      0.00000000
      0.00000000
      0.00000000
      0.00000000
      0.00000000
      0.00000000
      0.00000000
      0.00000000
      0.00000000
      0.00000000
      0.00000000
      0.00000000
      0.00000000
      0.00000000
      0.00000000
      0.00000000
      0.00000000
      0.00000000
      0.00000000
      0.00000000
      0.00000000
      0.00000000
      0.00000000
      0.00000000
      0.00000000
      0.00000000
      0.00000000
      0.00000000
      0.00000000
      0.00000000
      0.00000000
      0.00000000
      0.00000000
      0.00000000
      0.00000000
      0.00000000
      0.00000000
      0.00000000
      0.00000000
      0.00000000
      0.00000000
      0.00000000
      0.00000000
      0.00000000
      0.00000000
      0.00000000
      0.00000000
      0.00000000
      0.00000000
      0.00000000
      0.00000000
      0.00000000
      0.00000000
      0.00000000
      0.00000000
      0.00000000
      0.00000000
      0.00000000
      0.00000000
      0.00000000
      0.00000000
      0.00000000
      0.00000000
      0.00000000
      0.00000000
      0.00000000
      0.00000000
      0.00000000
      0.00000000
      0.00000000
      0.00000000
      0.00000000
      0.00000000
      0.00000000
      0.00000000
      0.00000000
      0.00000000
      0.00000000
      0.00000000
      0.00000000
      0.00000000
      0.00000000
      0.00000000
      0.00000000
      0.00000000
      0.00000000
      0.00000000
      0.00000000
      0.00000000
      0.00000000
      0.00000000
      0.00000000
      0.00000000
      0.00000000
      0.00000000
      0.00000000
      0.00000000
      0.00000000
      0.00000000
      0.00000000
      0.00000000
      0.00000000
      0.00000000
      0.00000000
      0.00000000
      0.00000000
      0.00000000
      0.00000000
      0.00000000
      0.00000000
      0.00000000
      0.00000000
      0.00000000
      0.00000000
      0.00000000
      0.00000000
      0.00000000
      0.00000000
      0.00000000
      0.00000000
      0.00000000
      0.00000000
      0.00000000
      0.00000000
      0.00000000
      0.00000000
      0.00000000
      0.00000000
      0.00000000
      0.00000000
      0.00000000
      0.00000000
      0.00000000
      0.00000000
      0.00000000
      0.00000000
      0.00000000
      0.00000000
      0.00000000
      0.00000000
      0.00000000
      0.00000000
      0.00000000
      0.00000000
      0.00000000
      0.00000000
      0.00000001
      0.00000002
      0.00000004
      0.00000010
      0.00000107
      0.00000711
      0.00002877
      0.00007859
      0.00015633
      0.00024312
      0.00031656
      0.00036609
      0.00039446
      0.00041166
      0.00042877
      0.00045380
      0.00048991
      0.00053581
      0.00058785
      0.00064209
      0.00069578
      0.00074769
      0.00079777
      0.00084668
      0.00089518
      0.00094388
      0.00099312
      0.00104294
      0.00109326
      0.00114390
      0.00119471
      0.00124557
      0.00129644
      0.00134729
      0.00139812
      0.00144893
      0.00149973
      0.00155051
      0.00160126
      0.00165197
      0.00170263
      0.00175322
      0.00180375
      0.00185420
      0.00190451
      0.00195461
      0.00200440
      0.00205375
      0.00210257
      0.00215081
      0.00219862
      0.00224637
      0.00229468
      0.00234434
      0.00239609
      0.00245013
      0.00250564
      0.00256009
      0.00260898
      0.00264606
      0.00266467
      0.00266057
      0.00263663
      0.00260864
      0.00261004
      0.00269063
      0.00290519
      0.00329370
      0.00386350
      0.00458337
      0.00538876
      0.00619270
      0.00690136
      0.00742953
      0.00769402
      0.00760981
      0.00734270
      0.00754656
      0.00811217
      0.00848991
      0.00867574
      0.00878332
      0.00883836
      0.00878276
      0.00854953
      0.00835042
      0.00857636
      0.00896331
      0.00919953
      0.00930920
      0.00934954
      0.00930559
      0.00911063
      0.00882264
      0.00882643
      0.00917281
      0.00946736
      0.00960828
      0.00965454
      0.00962318
      0.00946499
      0.00916291
      0.00899475
      0.00923512
      0.00956233
      0.00973963
      0.00979772
      0.00977697
      0.00965071
      0.00936923
      0.00908469
      0.00917394
      0.00949983
      0.00971582
      0.00979040
      0.00977838
      0.00967825
      0.00943429
      0.00909008
      0.00900581
      0.00928299
      0.00953578
      0.00963218
      0.00962775
      0.00954796
      0.00934917
      0.00899864
      0.00874525
      0.00890848
      0.00918704
      0.00931159
      0.00931299
      0.00924607
      0.00909482
      0.00878871
      0.00840397
      0.00835870
      0.00862664
      0.00878746
      0.00878515
      0.00870395
      0.00857195
      0.00832458
      0.00784147
      0.00731772
      0.00735822
      0.00762396
      0.00757456
      0.00720060
      0.00659607
      0.00584345
      0.00503226
      0.00425513
      0.00359129
      0.00309312
      0.00277701
      0.00262152
      0.00257858
      0.00259348
      0.00262223
      0.00263875
      0.00263312
      0.00260597
      0.00256297
      0.00251087
      0.00245531
      0.00239997
      0.00234663
      0.00229561
      0.00224642
      0.00219826
      0.00215038
      0.00210226
      0.00205363
      0.00200445
      0.00195477
      0.00190471
      0.00185441
      0.00180394
      0.00175338
      0.00170275
      0.00165207
      0.00160134
      0.00155059
      0.00149980
      0.00144900
      0.00139819
      0.00134736
      0.00129650
      0.00124563
      0.00119475
      0.00114394
      0.00109330
      0.00104298
      0.00099315
      0.00094391
      0.00089521
      0.00084670
      0.00079779
      0.00074770
      0.00069580
      0.00064210
      0.00058786
      0.00053582
      0.00048991
      0.00045381
      0.00042878
      0.00041167
      0.00039447
      0.00036610
      0.00031657
      0.00024313
      0.00015633
      0.00007859
      0.00002877
      0.00000711
      0.00000107
      0.00000010
      0.00000004
      0.00000002
      0.00000001
      0.00000000
      0.00000000
      0.00000000
      0.00000000
      0.00000000
      0.00000000
      0.00000000
      0.00000000
      0.00000000
      0.00000000
      0.00000000
      0.00000000
      0.00000000
      0.00000000
      0.00000000
      0.00000000
      0.00000000
      0.00000000
      0.00000000
      0.00000000
      0.00000000
      0.00000000
      0.00000000
      0.00000000
      0.00000000
      0.00000000
      0.00000000
      0.00000000
      0.00000000
      0.00000000
      0.00000000
      0.00000000
      0.00000000
      0.00000000
      0.00000000
      0.00000000
      0.00000000
      0.00000000
      0.00000000
      0.00000000
      0.00000000
      0.00000000
      0.00000000
      0.00000000
      0.00000000
      0.00000000
      0.00000000
      0.00000000
      0.00000000
      0.00000000
      0.00000000
      0.00000000
      0.00000000
      0.00000000
      0.00000000
      0.00000000
      0.00000000
      0.00000000
      0.00000000
      0.00000000
      0.00000000
      0.00000000
      0.00000000
      0.00000000
      0.00000000
      0.00000000
      0.00000000
      0.00000000
      0.00000000
      0.00000000
      0.00000000
      0.00000000
      0.00000000
      0.00000000
      0.00000000
      0.00000000
      0.00000000
      0.00000000
      0.00000000
      0.00000000
      0.00000000
      0.00000000
      0.00000000
      0.00000000
      0.00000000
      0.00000000
      0.00000000
      0.00000000
      0.00000000
      0.00000000
      0.00000000
      0.00000000
      0.00000000
      0.00000000
      0.00000000
      0.00000000
      0.00000000
      0.00000000
      0.00000000
      0.00000000
      0.00000000
      0.00000000
      0.00000000
      0.00000000
      0.00000000
      0.00000000
      0.00000000
      0.00000000
      0.00000000
      0.00000000
      0.00000000
      0.00000000
      0.00000000
      0.00000000
      0.00000000
      0.00000000
      0.00000000
      0.00000000
      0.00000000
      0.00000000
      0.00000000
      0.00000000
      0.00000000
      0.00000000
      0.00000000
      0.00000000
      0.00000000
      0.00000000
      0.00000000
      0.00000000
      0.00000000
      0.00000000
      0.00000000
      0.00000000
      0.00000000
      0.00000000
      0.00000000
      0.00000000
      0.00000000
      0.00000000
      0.00000000
      0.00000000
      0.00000000
      0.00000000
      0.00000000
      0.00000000
