      0.00000000
      0.00000000
      0.00000000
      0.00000000
      0.00000000
      0.00000000
      0.00000000
      0.00000000
      0.00000000
      0.00000000
      0.00000000
      0.00000000
      0.00000000
      0.00000000
      0.00000000
      0.00000000
      0.00000000
      0.00000000
      0.00000000
      0.00000000
      0.00000000
      0.00000000
      0.00000000
      0.00000000
      0.00000000
      0.00000000
      0.00000000
      0.00000000
      0.00000000
      0.00000000
      0.00000000
      0.00000000
      0.00000000
      0.00000000
      0.00000000
      0.00000000
      0.00000000
      0.00000000
      0.00000000
      0.00000000
      0.00000000
      0.00000000
      0.00000000
      0.00000000
      0.00000000
      0.00000000
      0.00000000
      0.00000000
      0.00000000
      0.00000000
      0.00000000
      0.00000000
      0.00000000
      0.00000000
      0.00000000
      0.00000000
      0.00000000
      0.00000000
      0.00000000
      0.00000000
      0.00000000
      0.00000000
      0.00000000
      0.00000000
      0.00000000
      0.00000000
      0.00000000
      0.00000000
      0.00000000
      0.00000000
      0.00000000
      0.00000000
      0.00000000
      0.00000000
      0.00000000
      0.00000000
      0.00000000
      0.00000000
      0.00000000
      0.00000000
      0.00000000
      0.00000000
      0.00000000
      0.00000000
      0.00000000
      0.00000000
      0.00000000
      0.00000000
      0.00000000
      0.00000000
      0.00000000
      0.00000000
      0.00000000
      0.00000000
      0.00000000
      0.00000000
      0.00000000
      0.00000000
      0.00000000
      0.00000000
      0.00000000
      0.00000000
      0.00000000
      0.00000000
      0.00000000
      0.00000000
      0.00000000
      0.00000000
      0.00000000
      0.00000000
      0.00000000
      0.00000000
      0.00000000
      0.00000000
      0.00000000
      0.00000000
      0.00000000
      0.00000000
      0.00000000
      0.00000000
      0.00000000
      0.00000000
      0.00000000
      0.00000000
      0.00000000
      0.00000000
      0.00000000
      0.00000000
      0.00000000
      0.00000000
      0.00000000
      0.00000000
      0.00000000
      0.00000000
      0.00000000
      0.00000000
      0.00000000
      0.00000000
      0.00000000
      0.00000000
      0.00000000
      0.00000000
      0.00000000
      0.00000000
      0.00000000
      0.00000001
      0.00000006
      0.00000028
      0.00000114
      0.00000424
      0.00001464
      0.00004544
      0.00012082
      0.00026606
      0.00048488
      0.00075412
      0.00104588
      0.00134468
      0.00164553
      0.00194608
      0.00224301
      0.00253255
      0.00281223
      0.00308181
      0.00334291
      0.00359791
      0.00384894
      0.00409726
      0.00434327
      0.00458675
      0.00482723
      0.00506426
      0.00529757
      0.00552706
      0.00575278
      0.00597486
      0.00619342
      0.00640855
      0.00662033
      0.00682878
      0.00703390
      0.00723570
      0.00743418
      0.00762934
      0.00782120
      0.00800977
      0.00819505
      0.00837706
      0.00855581
      0.00873133
      0.00890364
      0.00907283
      0.00923898
      0.00940222
      0.00956261
      0.00972018
      0.00987478
      0.01002607
      0.01017349
      0.01031636
      0.01045408
      0.01058656
      0.01071469
      0.01084087
      0.01096925
      0.01110540
      0.01125498
      0.01142110
      0.01160010
      0.01177649
      0.01191917
      0.01198285
      0.01191813
      0.01168883
      0.01128851
      0.01074838
      0.01013611
      0.00954623
      0.00907481
      0.00877242
      0.00859115
      0.00838263
      0.00812080
      0.00815592
      0.00845108
      0.00865323
      0.00875185
      0.00881828
      0.00885442
      0.00879071
      0.00855431
      0.00835366
      0.00857819
      0.00896415
      0.00919989
      0.00930937
      0.00934962
      0.00930562
      0.00911063
      0.00882262
      0.00882640
      0.00917280
      0.00946737
      0.00960829
      0.00965455
      0.00962319
      0.00946499
      0.00916290
      0.00899474
      0.00923512
      0.00956233
      0.00973963
      0.00979772
      0.00977697
      0.00965072
      0.00936924
      0.00908469
      0.00917394
      0.00949983
      0.00971582
      0.00979040
      0.00977837
      0.00967825
      0.00943429
      0.00909010
      0.00900583
      0.00928300
      0.00953577
      0.00963217
      0.00962774
      0.00954795
      0.00934917
      0.00899867
      0.00874529
      0.00890852
      0.00918706
      0.00931161
      0.00931305
      0.00924628
      0.00909540
      0.00879012
      0.00840686
      0.00836321
      0.00863315
      0.00879902
      0.00880934
      0.00875653
      0.00868502
      0.00856368
      0.00831774
      0.00807914
      0.00819544
      0.00845366
      0.00862733
      0.00883888
      0.00920435
      0.00972699
      0.01033190
      0.01092003
      0.01140622
      0.01173679
      0.01189555
      0.01190192
      0.01179930
      0.01163705
      0.01145543
      0.01127904
      0.01111806
      0.01097286
      0.01083890
      0.01071030
      0.01058199
      0.01045052
      0.01031418
      0.01017252
      0.01002591
      0.00987503
      0.00972052
      0.00956287
      0.00940232
      0.00923894
      0.00907269
      0.00890345
      0.00873113
      0.00855564
      0.00837692
      0.00819493
      0.00800967
      0.00782112
      0.00762926
      0.00743411
      0.00723563
      0.00703383
      0.00682871
      0.00662027
      0.00640850
      0.00619337
      0.00597481
      0.00575274
      0.00552702
      0.00529753
      0.00506423
      0.00482720
      0.00458673
      0.00434325
      0.00409725
      0.00384893
      0.00359790
      0.00334289
      0.00308180
      0.00281222
      0.00253254
      0.00224301
      0.00194608
      0.00164553
      0.00134468
      0.00104587
      0.00075412
      0.00048488
      0.00026606
      0.00012081
      0.00004544
      0.00001464
      0.00000424
      0.00000114
      0.00000028
      0.00000006
      0.00000001
      0.00000000
      0.00000000
      0.00000000
      0.00000000
      0.00000000
      0.00000000
      0.00000000
      0.00000000
      0.00000000
      0.00000000
      0.00000000
      0.00000000
      0.00000000
      0.00000000
      0.00000000
      0.00000000
      0.00000000
      0.00000000
      0.00000000
      0.00000000
      0.00000000
      0.00000000
      0.00000000
      0.00000000
      0.00000000
      0.00000000
      0.00000000
      0.00000000
      0.00000000
      0.00000000
      0.00000000
      0.00000000
      0.00000000
      0.00000000
      0.00000000
      0.00000000
      0.00000000
      0.00000000
      0.00000000
      0.00000000
      0.00000000
      0.00000000
      0.00000000
      0.00000000
      0.00000000
      0.00000000
      0.00000000
      0.00000000
      0.00000000
      0.00000000
      0.00000000
      0.00000000
      0.00000000
      0.00000000
      0.00000000
      0.00000000
      0.00000000
      0.00000000
      0.00000000
      0.00000000
      0.00000000
      0.00000000
      0.00000000
      0.00000000
      0.00000000
      0.00000000
      0.00000000
      0.00000000
      0.00000000
      0.00000000
      0.00000000
      0.00000000
      0.00000000
      0.00000000
      0.00000000
      0.00000000
      0.00000000
      0.00000000
      0.00000000
      0.00000000
      0.00000000
      0.00000000
      0.00000000
      0.00000000
      0.00000000
      0.00000000
      0.00000000
      0.00000000
      0.00000000
      0.00000000
      0.00000000
      0.00000000
      0.00000000
      0.00000000
      0.00000000
      0.00000000
      0.00000000
      0.00000000
      0.00000000
      0.00000000
      0.00000000
      0.00000000
      0.00000000
      0.00000000
      0.00000000
      0.00000000
      0.00000000
      0.00000000
      0.00000000
      0.00000000
      0.00000000
      0.00000000
      0.00000000
      0.00000000
      0.00000000
      0.00000000
      0.00000000
      0.00000000
      0.00000000
      0.00000000
      0.00000000
      0.00000000
      0.00000000
      0.00000000
      0.00000000
      0.00000000
      0.00000000
      0.00000000
      0.00000000
      0.00000000
      0.00000000
      0.00000000
      0.00000000
      0.00000000
      0.00000000
      0.00000000
      0.00000000
      0.00000000
      0.00000000
      0.00000000
      0.00000000
      0.00000000
      0.00000000
      0.00000000
      0.00000000
