      0.00000000
      2.68501022
      2.29438521
      1.90376021
      1.51313520
      1.12251019
      0.73188518
      0.34126017
     -0.04936484
     -0.43998984
     -0.83061485
     -1.22123986
     -1.61186487
     -2.00248988
     -2.39311489
     -2.78373990
      3.10882040
      2.71819539
      2.32757038
      1.93694537
      1.54632036
      1.15569535
      0.76507034
      0.37444533
     -0.01617968
     -0.40680469
     -0.79742970
     -1.18805471
     -1.57867972
     -1.96930473
     -2.35992974
     -2.75055475
     -3.14117976
      2.75138054
      2.36075553
      1.97013052
      1.57950551
      1.18888050
      0.79825549
      0.40763048
      0.01700547
     -0.37361954
     -0.76424455
     -1.15486956
     -1.54549457
     -1.93611958
     -2.32674459
     -2.71736960
     -3.10799461
      2.78456569
      2.39394068
      2.00331567
      1.61269066
      1.22206565
      0.83144064
      0.44081563
      0.05019062
     -0.34043439
     -0.73105941
     -1.12168442
     -1.51230943
     -1.90293444
     -2.29355945
     -2.68418446
     -3.07480947
      2.81775083
      2.42712582
      2.03650081
      1.64587579
      1.25525078
      0.86462577
      0.47400076
      0.08337575
     -0.30724926
     -0.69787427
     -1.08849928
     -1.47912429
     -1.86974930
     -2.26037432
     -2.65099933
     -3.04162434
      2.85093596
      2.46031095
      2.06968594
      1.67906092
      1.28843591
      0.89781090
      0.50718589
      0.11656088
     -0.27406413
     -0.66468914
     -1.05531416
     -1.44593917
     -1.83656418
     -2.22718919
     -2.61781420
     -3.00843921
      2.88412108
      2.49349607
      2.10287106
      1.71224605
      1.32162103
      0.93099602
      0.54037101
      0.14974600
     -0.24087901
     -0.63150402
     -1.02212903
     -1.41275404
     -1.80337905
     -2.19400406
     -2.58462908
     -2.97525409
      2.91730620
      2.52668118
      2.13605615
      1.74543111
      1.35480607
      0.96418101
      0.57355594
      0.18293086
     -0.20769423
     -0.59831932
     -0.98894441
     -1.37956949
     -1.77019453
     -2.16081953
     -2.55144444
     -2.94206926
      2.95049136
      2.55986683
      2.16924250
      1.77861840
      1.38799454
      0.99737097
      0.60674770
      0.21612474
     -0.17449788
     -0.56512016
     -0.95574208
     -1.34636364
     -1.73698482
     -2.12760562
     -2.51822601
     -2.90884598
      2.98371982
      2.59310084
      2.20248271
      1.81186639
      1.42125312
      1.03063702
      0.63998252
      0.24923972
     -0.14131157
     -0.53013375
     -0.91411271
     -1.29089794
     -1.66261898
     -2.03714707
     -2.42521766
     -2.83354276
      3.02698546
      2.60950323
      2.21641043
      1.85206438
      1.50528365
      1.15598150
      0.78147567
      0.36609253
     -0.08130001
     -0.52181721
     -0.91926674
     -1.26925487
     -1.59104950
     -1.91261801
     -2.26488161
     -2.67477994
     -3.14038586
      2.67547176
      2.26574109
      1.92231839
      1.61986751
      1.32531457
      1.00330135
      0.61679755
      0.14880648
     -0.34857667
     -0.78543261
     -1.13572832
     -1.42759724
     -1.69832817
     -1.98463409
     -2.32766458
     -2.76665495
      2.99931119
      2.51458690
      2.13374185
      1.83650404
      1.58035371
      1.32724748
      1.03822102
      0.66539785
      0.17454539
     -0.36409942
     -0.81220482
     -1.14363476
     -1.40351201
     -1.63551258
     -1.87593171
     -2.16533027
     -2.55661287
     -3.07565602
      2.67248292
      2.26142282
      1.97095959
      1.74996547
      1.56049136
      1.37662556
      1.17646844
      0.93729327
      0.63478696
      0.24967794
     -0.21270270
     -0.69921948
     -1.13271433
     -1.48239389
     -1.76610082
     -2.02245950
     -2.29396333
     -2.61859191
     -3.02011638
      2.79476313
      2.31843027
      1.89951161
      1.55512897
      1.26247249
      0.98273957
      0.67490656
      0.30531063
     -0.13651953
     -0.61612229
     -1.06548752
     -1.44480234
     -1.76138493
     -2.04809126
     -2.34537272
     -2.69093247
     -3.10695993
      2.70459164
      2.23719311
      1.82972861
      1.49102468
      1.19563392
      0.90493565
      0.57927906
      0.18879039
     -0.26777615
     -0.74460649
     -1.17690499
     -1.53858617
     -1.84547444
     -2.13310814
     -2.44186290
     -2.80691412
      3.04047810
      2.56263432
      2.10862531
      1.72227055
      1.40049913
      1.11266869
      0.81877395
      0.47992501
      0.07079016
     -0.39857908
     -0.87034388
     -1.28403537
     -1.62528678
     -1.91656853
     -2.19587874
     -2.50455884
     -2.87733561
      2.95888048
      2.47625792
      2.03014704
      1.66081132
      1.36201864
      1.10272130
      0.84231690
      0.53847054
      0.15767181
     -0.30277539
     -0.78960630
     -1.22623964
     -1.57897986
     -1.85499989
     -2.07706871
     -2.26922534
     -2.45363003
     -2.65310262
     -2.89737029
      3.05226211
      2.58439397
      2.03469974
      1.56396384
      1.22005584
      0.95523798
      0.72145712
      0.48138208
      0.19676247
     -0.17962101
     -0.67609704
     -1.21131304
     -1.65288008
     -1.98521755
     -2.25513178
     -2.50639667
     -2.77634590
     -3.10501753
      2.75155599
      2.23923260
      1.74721401
      1.35226788
      1.03797978
      0.76165031
      0.48475650
      0.17081075
     -0.21610209
     -0.68680336
     -1.18130325
     -1.61450679
     -1.96924937
     -2.27601498
     -2.57146409
     -2.88957000
      3.02197167
      2.58286176
      2.10895920
      1.66555352
      1.28329059
      0.94727036
      0.62761398
      0.29477416
     -0.07592299
     -0.49474154
     -0.94233819
     -1.37731920
     -1.77357857
     -2.13541761
     -2.48277553
     -2.83731458
      3.06794981
      2.66233908
      2.24075848
      1.82356472
      1.42387022
      1.04086592
      0.66558886
      0.28899552
     -0.09331903
     -0.48074851
     -0.87064907
     -1.26119710
     -1.65181237
     -2.04242354
     -2.43303740
     -2.82365525
      3.06891012
      2.67828932
      2.28766806
      1.89704648
      1.50642460
      1.11580247
      0.72518010
      0.33455752
     -0.05606528
     -0.44668828
     -0.83731149
     -1.22793490
     -1.61855852
     -2.00918233
     -2.39980633
     -2.79043052
      3.10213044
      2.71150594
      2.32088130
      1.93025655
      1.53963171
      1.14900680
      0.75838183
      0.36775682
     -0.02286820
     -0.41349324
     -0.80411829
     -1.19474333
     -1.58536836
     -1.97599339
     -2.36661841
     -2.75724342
      3.13531689
      2.74469189
      2.35406690
      1.96344190
      1.57281692
      1.18219193
      0.79156694
      0.40094196
      0.01031697
     -0.38030802
     -0.77093300
     -1.16155799
     -1.55218298
     -1.94280796
     -2.33343295
     -2.72405794
     -3.11468293
      2.77787739
      2.38725241
      1.99662742
      1.60600243
      1.21537744
      0.82475246
      0.43412747
      0.04350248
     -0.34712251
     -0.73774750
     -1.12837248
     -1.51899747
     -1.90962246
     -2.30024745
     -2.69087244
     -3.08149743
      2.81106289
      2.42043791
      2.02981292
      1.63918793
      1.24856294
      0.85793795
      0.46731296
      0.07668798
     -0.31393701
     -0.70456200
     -1.09518699
     -1.48581198
     -1.87643697
     -2.26706196
     -2.65768695
     -3.04831193
      2.84424838
      2.45362340
      2.06299841
      1.67237342
      1.28174843
      0.89112344
      0.50049845
      0.10987346
     -0.28075153
     -0.67137652
     -1.06200151
     -1.45262649
     -1.84325148
     -2.23387647
     -2.62450146
     -3.01512645
      2.87743387
      2.48680888
      2.09618389
      1.70555890
      1.31493391
      0.92430892
      0.53368393
      0.14305894
     -0.24756605
     -0.63819104
     -1.02881603
     -1.41944102
     -1.81006601
     -2.20069100
     -2.59131599
     -2.98194098
      2.91061934
      2.51999435
      2.12936936
      1.73874437
      1.34811938
      0.95749439
      0.56686940
      0.17624441
     -0.21438058
     -0.60500557
     -0.99563056
     -1.38625555
     -1.77688054
     -2.16750553
     -2.55813052
     -2.94875551
      2.94380481
      2.55317982
      2.16255483
      1.77192984
      1.38130485
      0.99067986
      0.60005487
      0.20942988
     -0.18119512
     -0.57182011
     -0.96244510
     -1.35307009
     -1.74369508
     -2.13432007
     -2.52494506
     -2.91557005
      2.97699026
      0.00000000
