      0.00000000
      1.52393268
      1.12720149
      0.71424840
      0.29842243
     -0.10454263
     -0.48777802
     -0.85614207
     -1.22175332
     -1.59814231
     -1.99431077
     -2.40852489
     -2.82671926
      3.05162469
      2.66810153
      2.30104743
      1.93763962
      1.56328752
      1.16780437
      0.75224791
      0.33141716
     -0.07555178
     -0.45943766
     -0.82507300
     -1.18605001
     -1.55810730
     -1.95274753
     -2.36973339
     -2.79351177
      3.08028156
      2.69594447
      2.33185257
      1.97356741
      1.60410486
      1.21049901
      0.79199137
      0.36490034
     -0.04726614
     -0.43216026
     -0.79456457
     -1.14985532
     -1.51637075
     -1.90870676
     -2.32883281
     -2.75966934
      3.10815118
      2.72257159
      2.36202313
      2.01008123
      1.64693177
      1.25615935
      0.83431646
      0.39921462
     -0.01986747
     -0.40629116
     -0.76478514
     -1.11295802
     -1.47223712
     -1.86107371
     -2.28472886
     -2.72472891
      3.13501010
      2.74754277
      2.39134072
      2.04744163
      1.69264899
      1.30622805
      0.88067739
      0.43499658
      0.00636385
     -0.38240318
     -0.73602522
     -1.07503521
     -1.42457721
     -1.80795243
     -2.23545253
     -2.68779791
     -3.12268569
      2.77009722
      2.41941066
      2.08605195
      1.74272454
      1.36323958
      0.93379797
      0.47352854
      0.03096077
     -0.36152809
     -0.70883211
     -1.03557833
     -1.37145220
     -1.74588780
     -2.17713810
     -2.64697589
     -3.09918337
      2.78880171
      2.44545474
      2.12655839
      1.79976557
      1.43201510
      0.99934040
      0.51774198
      0.05309358
     -0.34571870
     -0.68435199
     -0.99376602
     -1.30928311
     -1.66796031
     -2.10115754
     -2.59750154
     -3.07880127
      2.80058993
      2.46769592
      2.16998486
      1.86880182
      1.52283376
      1.09112880
      0.57591039
      0.07118345
     -0.33983738
     -0.66555129
     -0.94841395
     -1.23081518
     -1.55823834
     -1.98387734
     -2.52361585
     -3.06379382
      2.79704378
      2.48063444
      2.21733662
      1.96057409
      1.66172082
      1.25319349
      0.68236662
      0.08195276
     -0.36057660
     -0.66430641
     -0.90031789
     -1.11992846
     -1.37137345
     -1.73314589
     -2.33193892
     -3.05849644
      2.73628730
      2.45148153
      2.25753672
      2.09733256
      1.93331817
      1.70838865
      1.22883375
      0.09517421
     -0.59226873
     -0.83563471
     -0.94837252
     -1.00069871
     -1.00900510
     -0.97528590
     -0.89726008
     -0.77233938
     -0.59992354
     -0.38331313
     -0.13102546
      0.14408939
      0.42867876
      0.71318472
      0.99337101
      1.26897102
      1.54150854
      1.81272381
      2.08384583
      2.35544556
      2.62757548
      2.89999595
     -3.11080905
     -2.83876163
     -2.56724764
     -2.29637464
     -2.02618300
     -1.75667694
     -1.48784899
     -1.21969403
     -0.95221430
     -0.68541881
     -0.41932014
     -0.15393140
      0.11073574
      0.37467146
      0.63786684
      0.90031257
      1.16199772
      1.42290995
      1.68303764
      1.94237441
      2.20092564
      2.45871524
      2.71578970
      2.97221522
     -3.05512202
     -2.79980357
     -2.54503293
     -2.29094165
     -2.03780859
     -1.78605365
     -1.53616206
     -1.28851934
     -1.04315877
     -0.79945064
     -0.55579171
     -0.30939914
     -0.05642304
      0.20718417
      0.48339660
      0.76836218
      1.04949751
      1.30783686
      1.52556561
      1.69160499
      1.80103307
      1.85113444
      1.83697362
      1.74627593
      1.55226439
      1.20650666
      0.66123125
      0.01352514
     -0.49635975
     -0.82725434
     -1.05106302
     -1.23623665
     -1.43870143
     -1.71346306
     -2.12044849
     -2.68276667
      3.01273245
      2.56397867
      2.25425324
      2.02085678
      1.80458178
      1.55113356
      1.20245174
      0.70993562
      0.12205592
     -0.38950606
     -0.75665749
     -1.02381897
     -1.25062356
     -1.49123072
     -1.80120179
     -2.23680792
     -2.80039676
      2.92977820
      2.51082591
      2.21086636
      1.97205960
      1.73934270
      1.45881340
      1.07255228
      0.54722437
     -0.02916271
     -0.49890150
     -0.83505060
     -1.08919156
     -1.31792805
     -1.57461742
     -1.91658974
     -2.39476853
     -2.97493169
      2.78855925
      2.41002166
      2.13569789
      1.90751499
      1.67145144
      1.37137151
      0.94758749
      0.38609289
     -0.18074848
     -0.61218328
     -0.91451736
     -1.14552455
     -1.36120948
     -1.61678551
     -1.97509092
     -2.48838391
     -3.09297006
      2.68488682
      2.33811929
      2.10039083
      1.91290731
      1.72180330
      1.46740824
      1.07549547
      0.49328779
     -0.14622052
     -0.61480212
     -0.89528005
     -1.04469322
     -1.10318776
     -1.09112097
     -1.01727134
     -0.88516693
     -0.69781611
     -0.46211736
     -0.19203943
      0.09313637
      0.37614077
      0.64786732
      0.90724059
      1.15745957
      1.40270194
      1.64646643
      1.89107004
      2.13769986
      2.38668058
      2.63779754
      2.89059275
     -3.13859853
     -2.88377726
     -2.62834765
     -2.37239002
     -2.11588919
     -1.85878214
     -1.60099601
     -1.34247125
     -1.08317079
     -0.82307947
     -0.56219821
     -0.30053696
     -0.03810889
      0.22507312
      0.48899768
      0.75365434
      1.01903237
      1.28511985
      1.55190381
      1.81937195
      2.08751562
      2.35633278
      2.62582870
      2.89601086
     -3.11631032
     -2.84480467
     -2.57276514
     -2.30039229
     -2.02797890
     -1.75585563
     -1.48426209
     -1.21314575
     -0.94193565
     -0.66940276
     -0.39380697
     -0.11362461
      0.17087753
      0.45546303
      0.73057398
      0.98285791
      1.19946498
      1.37187797
      1.49679630
      1.57482011
      1.60853753
      1.60022943
      1.54790134
      1.43516083
      1.19178929
      0.50433331
     -0.62931340
     -1.10886120
     -1.33379025
     -1.49780538
     -1.65801081
     -1.85195757
     -2.13676658
     -2.62517263
      2.93145621
      2.33266878
      1.97089846
      1.71945355
      1.49984217
      1.26382918
      0.96009701
      0.51756482
     -0.08284911
     -0.65367254
     -1.06219766
     -1.36105046
     -1.61781350
     -1.88111254
     -2.19752375
     -2.61987355
      3.12313348
      2.58339727
      2.15776024
      1.83033771
      1.54793616
      1.26507250
      0.93935705
      0.52833455
      0.02360725
     -0.49160952
     -0.92331277
     -1.26928015
     -1.57046339
     -1.86817527
     -2.20107060
     -2.60486608
     -3.08616618
      2.70067634
      2.26748058
      1.90880408
      1.59328689
      1.28387216
      0.94523775
      0.54642429
      0.08177551
     -0.39982197
     -0.83249540
     -1.20024518
     -1.52703804
     -1.84593498
     -2.18928294
     -2.58448418
     -3.03669202
      2.77665624
      2.34540705
      1.97097209
      1.63509824
      1.30835152
      0.96104662
      0.56855686
      0.12598875
     -0.33428009
     -0.76372073
     -1.14320506
     -1.48653242
     -1.81989157
     -2.17057890
     -2.56098210
     -2.99587021
      2.83497019
      2.40747095
      2.02409631
      1.67455440
      1.33554403
      0.98192130
      0.59315355
      0.16452051
     -0.28115991
     -0.70670982
     -1.09313020
     -1.44792275
     -1.79182215
     -2.14802482
     -2.53549281
     -2.95893941
      2.88424617
      2.46059169
      2.07175562
      1.71247664
      1.36430349
      1.00580894
      0.61938466
      0.20030227
     -0.23479930
     -0.65664160
     -1.04741353
     -1.41056286
     -1.76250499
     -2.12305395
     -2.50863409
     -2.92399915
      2.92834983
      2.50822431
      2.11588877
      1.74937347
      1.39408253
      1.03167776
      0.64678314
      0.23461638
     -0.19247447
     -0.61098163
     -1.00458705
     -1.37404945
     -1.73233479
     -2.09642710
     -2.48076465
     -2.89015689
      2.96925018
      2.55226475
      2.15762493
      1.78556779
      1.42459063
      1.05895491
      0.67506861
      0.26809942
     -0.15273122
     -0.56828730
     -0.96377007
     -1.33812201
     -1.70152994
     -2.06858439
     -2.45210794
     -2.85694954
      3.00804148
      2.59382771
      2.19765961
      1.82127077
      1.45565942
      1.08729507
      0.70405930
      0.30109401
     -0.11473190
     -0.52768468
     -0.92441553
      0.00000000
