             NaN
     -1.38058170
     -0.98939689
     -0.59680570
     -0.20397407
      0.18776410
      0.57770115
      0.96617214
      1.35436201
      1.74363836
      2.13477300
      2.52746944
      2.92049621
     -2.97078726
     -2.58082229
     -2.19248465
     -1.80452262
     -1.41544636
     -1.02437315
     -0.63156545
     -0.23832391
      0.15376180
      0.54376175
      0.93195404
      1.31966200
      1.70851062
      2.09950795
      2.49243319
      2.88591184
     -3.00498059
     -2.61493738
     -2.22690432
     -1.83948109
     -1.45089271
     -1.05998897
     -0.66693971
     -0.27319835
      0.11932889
      0.50942518
      0.89728282
      1.28438509
      1.67267419
      2.06346239
      2.45664223
      2.85067590
     -3.03971575
     -2.64955453
     -2.26189142
     -1.87515344
     -1.48721099
     -1.09656598
     -0.70324917
     -0.30888864
      0.08420975
      0.47445042
      0.86189626
      1.24821741
      1.63575481
      2.02622126
      2.41968080
      2.81440900
     -3.07532670
     -2.68498848
     -2.29778735
     -1.91194770
     -1.52488854
     -1.13464677
     -0.74104018
     -0.34589562
      0.04796245
      0.43842129
      0.82534412
      1.21062124
      1.59710866
      1.98706431
      2.38081944
      2.77643910
     -3.11240794
     -2.72179857
     -2.33519590
     -1.95058482
     -1.56479122
     -1.17520550
     -0.78130583
     -0.38513953
      0.00977042
      0.40056997
      0.78679934
      1.17060905
      1.55554536
      1.94464344
      2.33867316
      2.73547389
      3.13107463
     -2.76106708
     -2.37528010
     -1.99245350
     -1.60860017
     -1.22016095
     -0.82603605
     -0.42849286
     -0.03204264
      0.35932066
      0.74457309
      1.12616430
      1.50861101
      1.89613098
      2.29027536
      2.68869272
      3.08621006
     -2.80518138
     -2.42059014
     -2.04059937
     -1.66004664
     -1.27386528
     -0.87986374
     -0.48041805
     -0.08152438
      0.31087237
      0.69462222
      1.07245437
      1.45032950
      1.83444268
      2.22793942
      2.62856691
      3.02929503
     -2.86059979
     -2.47795875
     -2.10320712
     -1.72939282
     -1.34876456
     -0.95665827
     -0.55481946
     -0.15155018
      0.24318505
      0.62429970
      0.99425743
      1.36119009
      1.73506776
      2.12319714
      2.52546913
      2.93231797
     -2.95346181
     -2.57456982
     -2.21332982
     -1.86073953
     -1.50392957
     -1.13070032
     -0.73550019
     -0.32612240
      0.07665531
      0.45162773
      0.78927690
      1.09176409
      1.36699864
      1.62448928
      1.87354544
      2.12216969
      2.37601060
      2.63778964
      2.90756361
     -3.09955683
     -2.81959249
     -2.53795325
     -2.25623464
     -1.97531132
     -1.69548395
     -1.41671276
     -1.13882765
     -0.86166439
     -0.58512456
     -0.30918145
     -0.03385882
      0.24079627
      0.51473496
      0.78791849
      1.06032178
      1.33193154
      1.60274243
      1.87275312
      2.14196357
      2.41037361
      2.67798246
      2.94478886
     -3.07239394
     -2.80719683
     -2.54280653
     -2.27922433
     -2.01645118
     -1.75448716
     -1.49333054
     -1.23297656
     -0.97341641
     -0.71463685
     -0.45662169
     -0.19935555
      0.05716940
      0.31294474
      0.56793733
      0.82208526
      1.07530414
      1.32750960
      1.57865980
      1.82881592
      2.07820867
      2.32728560
      2.57669913
      2.82718576
      3.07929296
     -2.95023792
     -2.69625154
     -2.44473600
     -2.20022808
     -1.96865880
     -1.75645466
     -1.56906388
     -1.40875426
     -1.27134181
     -1.14188567
     -0.99064316
     -0.77097069
     -0.42078863
      0.10985804
      0.73520640
      1.23820558
      1.57087610
      1.79701655
      1.98351832
      2.18654147
      2.46146907
      2.86845011
     -2.85249161
     -2.26485814
     -1.81610655
     -1.50636949
     -1.27296258
     -1.05667967
     -0.80322534
     -0.45453842
      0.03798270
      0.62586771
      1.13743430
      1.50458961
      1.77175473
      1.99856278
      2.23917305
      2.54914683
      2.98475543
     -2.73483856
     -2.18182604
     -1.76287211
     -1.46291126
     -1.22410345
     -0.99138579
     -0.71085603
     -0.32459476
      0.20073299
      0.77711962
      1.24685774
      1.58300590
      1.83714560
      2.06588051
      2.32256804
      2.66453828
     -3.14047079
     -2.56031081
     -2.04061965
     -1.66208526
     -1.38776505
     -1.15958614
     -0.92352683
     -0.62345128
     -0.19967208
      0.36181654
      0.92865153
      1.36008058
      1.66240904
      1.89341090
      2.10909211
      2.36466733
      2.72296924
     -3.04696194
     -2.44248000
     -1.93723442
     -1.59042991
     -1.35239729
     -1.16402137
     -0.97100240
     -0.71380772
     -0.32195998
      0.24552851
      0.86014151
      1.32089105
      1.61353423
      1.80072321
      1.93955538
      2.07011273
      2.21598290
      2.38735032
      2.58541815
      2.80637204
      3.04418074
     -2.99070972
     -2.73738848
     -2.48290871
     -2.22940999
     -1.97759391
     -1.72722580
     -1.47763683
     -1.22809787
     -0.97802936
     -0.72707296
     -0.47507397
     -0.22202179
      0.03201697
      0.28695287
      0.54270819
      0.79923224
      1.05650261
      1.31451862
      1.57329219
      1.83283967
      2.09317626
      2.35431325
      2.61625744
      2.87901185
     -3.14060836
     -2.87623351
     -2.61105050
     -2.34506113
     -2.07826719
     -1.81067035
     -1.54227195
     -1.27307276
     -1.00307295
     -0.73227248
     -0.46067266
     -0.18827881
      0.08489579
      0.35882603
      0.63347314
      0.90878824
      1.18472428
      1.46125747
      1.73841453
      2.01629388
      2.29505974
      2.57488220
      2.85580099
      3.13751541
     -2.86403456
     -2.58407386
     -2.30801242
     -2.03824162
     -1.77646548
     -1.52262713
     -1.27400505
     -1.02495060
     -0.76746121
     -0.49222745
     -0.18974060
      0.14790865
      0.52288140
      0.92565939
      1.33503710
      1.73023676
      2.10346538
      2.46027478
      2.81286472
     -3.10908067
     -2.73018853
     -2.33278280
     -1.92593389
     -1.52366208
     -1.13553308
     -0.76165580
     -0.39472344
     -0.02476580
      0.35634892
      0.75108431
      1.15435367
      1.55619238
      1.94829842
      2.32892636
      2.70274043
      3.07749196
     -2.82305225
     -2.42976166
     -2.02903346
     -1.62840602
     -1.23490948
     -0.85079654
     -0.47292161
     -0.09508955
      0.28866032
      0.68105718
      1.07995091
      1.47939657
      1.87339796
      2.25957912
      2.64013168
      3.02012236
     -2.87847169
     -2.48667775
     -2.08916035
     -1.69074300
     -1.29659874
     -0.90907895
     -0.52663239
     -0.14504125
      0.24021118
      0.63157455
      1.02802482
      1.42556801
      1.81969281
      2.20813188
      2.59198508
      2.97481161
     -2.92258672
     -2.53154306
     -2.13594228
     -1.73914154
     -1.34511191
     -0.95601396
     -0.57107777
     -0.18726812
      0.19896125
      0.58976084
      0.98467084
      1.38083714
      1.77473674
      2.16432235
      2.55011584
      2.93472686
     -2.96185577
     -2.57124636
     -2.17690805
     -1.78128840
     -1.38753332
     -0.99757777
     -0.61109045
     -0.22581338
      0.16110944
      0.55156832
      0.94542643
      1.34057099
      1.73417754
      2.12441921
      2.51147829
      2.89731788
     -2.99866630
     -2.60832804
     -2.21487841
     -1.82015020
     -1.42669070
     -1.03622433
     -0.64868701
     -0.26236591
      0.12507993
      0.51532062
      0.90841904
      1.30277958
      1.69609636
      2.08674130
      2.47468368
      2.86142161
     -3.03410060
     -2.64393935
     -2.25114567
     -1.85711199
     -1.46393218
     -1.07314404
     -0.68485501
     -0.29775278
      0.09010484
      0.48020115
      0.87272842
      1.26646979
      1.65951902
      2.05042271
      2.43901103
      2.82643421
     -3.06871804
     -2.67867482
     -2.28638191
     -1.89290325
     -1.49997803
     -1.10898075
     -0.72013219
     -0.33242427
      0.05576801
      0.44576797
      0.83785371
      1.23109525
      1.62390294
      2.01497611
      2.40405231
      2.79201430
     -3.10283338
     -2.71286840
     -2.32096653
     -1.92793976
     -1.53524333
     -1.14410874
     -0.75483243
     -0.36664260
      0.02182838
      0.41176545
      0.80350364
      1.19633527
      1.58892645
      1.98011122
      0.00000000
