      0.00000000
      0.00000000
      0.00000000
      0.00000000
      0.00000000
      0.00000000
      0.00000000
      0.00000000
      0.00000000
      0.00000000
      0.00000000
      0.00000000
      0.00000000
      0.00000000
      0.00000000
      0.00000000
      0.00000000
      0.00000000
      0.00000000
      0.00000000
      0.00000000
      0.00000000
      0.00000000
      0.00000000
      0.00000000
      0.00000000
      0.00000000
      0.00000000
      0.00000000
      0.00000000
      0.00000000
      0.00000000
      0.00000000
      0.00000000
      0.00000000
      0.00000000
      0.00000000
      0.00000000
      0.00000000
      0.00000000
      0.00000000
      0.00000000
      0.00000000
      0.00000000
      0.00000000
      0.00000000
      0.00000000
      0.00000000
      0.00000000
      0.00000000
      0.00000000
      0.00000000
      0.00000000
      0.00000000
      0.00000000
      0.00000000
      0.00000000
      0.00000000
      0.00000000
      0.00000000
      0.00000000
      0.00000000
      0.00000000
      0.00000000
      0.00000000
      0.00000000
      0.00000000
      0.00000000
      0.00000000
      0.00000000
      0.00000000
      0.00000000
      0.00000000
      0.00000000
      0.00000000
      0.00000000
      0.00000000
      0.00000000
      0.00000000
      0.00000000
      0.00000000
      0.00000000
      0.00000000
      0.00000000
      0.00000000
      0.00000000
      0.00000000
      0.00000000
      0.00000000
      0.00000000
      0.00000000
      0.00000000
      0.00000000
      0.00000000
      0.00000000
      0.00000000
      0.00000000
      0.00000000
      0.00000000
      0.00000000
      0.00000000
      0.00000000
      0.00000000
      0.00000000
      0.00000000
      0.00000000
      0.00000000
      0.00000000
      0.00000000
      0.00000000
      0.00000000
      0.00000000
      0.00000000
      0.00000000
      0.00000000
      0.00000000
      0.00000000
      0.00000000
      0.00000000
      0.00000000
      0.00000000
      0.00000000
      0.00000000
      0.00000000
      0.00000000
      0.00000000
      0.00000000
      0.00000000
      0.00000000
      0.00000000
      0.00000000
      0.00000000
      0.00000000
      0.00000000
      0.00000000
      0.00000000
      0.00000000
      0.00000000
      0.00000000
      0.00000000
      0.00000000
      0.00000000
      0.00000000
      0.00000000
      0.00000000
      0.00000001
      0.00000005
      0.00000030
      0.00000148
      0.00000618
      0.00002124
      0.00005959
      0.00013622
      0.00025705
      0.00041244
      0.00058494
      0.00076097
      0.00093441
      0.00110404
      0.00127034
      0.00143399
      0.00159545
      0.00175493
      0.00191256
      0.00206840
      0.00222248
      0.00237481
      0.00252543
      0.00267433
      0.00282152
      0.00296702
      0.00311081
      0.00325292
      0.00339333
      0.00353205
      0.00366908
      0.00380442
      0.00393808
      0.00407006
      0.00420034
      0.00432895
      0.00445587
      0.00458110
      0.00470466
      0.00482653
      0.00494672
      0.00506522
      0.00518205
      0.00529719
      0.00541065
      0.00552242
      0.00563252
      0.00574093
      0.00584766
      0.00595271
      0.00605608
      0.00615777
      0.00625778
      0.00635610
      0.00645275
      0.00654771
      0.00664099
      0.00673259
      0.00682251
      0.00691075
      0.00699731
      0.00708218
      0.00716538
      0.00724689
      0.00732673
      0.00740488
      0.00748135
      0.00755614
      0.00762925
      0.00770068
      0.00777043
      0.00783850
      0.00790488
      0.00796959
      0.00803261
      0.00809396
      0.00815362
      0.00821160
      0.00826790
      0.00832252
      0.00837546
      0.00842672
      0.00847630
      0.00852420
      0.00857042
      0.00861496
      0.00865781
      0.00869899
      0.00873848
      0.00877630
      0.00881243
      0.00884688
      0.00887965
      0.00891075
      0.00894016
      0.00896789
      0.00899394
      0.00901830
      0.00904099
      0.00906200
      0.00908133
      0.00909897
      0.00911494
      0.00912923
      0.00914183
      0.00915275
      0.00916200
      0.00916956
      0.00917544
      0.00917964
      0.00918216
      0.00918300
      0.00918216
      0.00917964
      0.00917544
      0.00916956
      0.00916200
      0.00915275
      0.00914183
      0.00912923
      0.00911494
      0.00909897
      0.00908133
      0.00906200
      0.00904099
      0.00901830
      0.00899394
      0.00896789
      0.00894016
      0.00891075
      0.00887965
      0.00884688
      0.00881243
      0.00877630
      0.00873848
      0.00869899
      0.00865781
      0.00861496
      0.00857042
      0.00852420
      0.00847630
      0.00842672
      0.00837546
      0.00832252
      0.00826790
      0.00821160
      0.00815362
      0.00809396
      0.00803261
      0.00796959
      0.00790488
      0.00783850
      0.00777043
      0.00770068
      0.00762925
      0.00755614
      0.00748135
      0.00740488
      0.00732673
      0.00724689
      0.00716538
      0.00708218
      0.00699731
      0.00691075
      0.00682251
      0.00673259
      0.00664099
      0.00654771
      0.00645275
      0.00635610
      0.00625778
      0.00615777
      0.00605608
      0.00595271
      0.00584766
      0.00574093
      0.00563252
      0.00552242
      0.00541065
      0.00529719
      0.00518205
      0.00506522
      0.00494672
      0.00482653
      0.00470466
      0.00458110
      0.00445587
      0.00432895
      0.00420034
      0.00407006
      0.00393808
      0.00380442
      0.00366908
      0.00353205
      0.00339333
      0.00325292
      0.00311081
      0.00296702
      0.00282152
      0.00267433
      0.00252543
      0.00237481
      0.00222248
      0.00206840
      0.00191256
      0.00175493
      0.00159545
      0.00143399
      0.00127034
      0.00110404
      0.00093441
      0.00076097
      0.00058494
      0.00041244
      0.00025705
      0.00013622
      0.00005959
      0.00002124
      0.00000618
      0.00000148
      0.00000030
      0.00000005
      0.00000001
      0.00000000
      0.00000000
      0.00000000
      0.00000000
      0.00000000
      0.00000000
      0.00000000
      0.00000000
      0.00000000
      0.00000000
      0.00000000
      0.00000000
      0.00000000
      0.00000000
      0.00000000
      0.00000000
      0.00000000
      0.00000000
      0.00000000
      0.00000000
      0.00000000
      0.00000000
      0.00000000
      0.00000000
      0.00000000
      0.00000000
      0.00000000
      0.00000000
      0.00000000
      0.00000000
      0.00000000
      0.00000000
      0.00000000
      0.00000000
      0.00000000
      0.00000000
      0.00000000
      0.00000000
      0.00000000
      0.00000000
      0.00000000
      0.00000000
      0.00000000
      0.00000000
      0.00000000
      0.00000000
      0.00000000
      0.00000000
      0.00000000
      0.00000000
      0.00000000
      0.00000000
      0.00000000
      0.00000000
      0.00000000
      0.00000000
      0.00000000
      0.00000000
      0.00000000
      0.00000000
      0.00000000
      0.00000000
      0.00000000
      0.00000000
      0.00000000
      0.00000000
      0.00000000
      0.00000000
      0.00000000
      0.00000000
      0.00000000
      0.00000000
      0.00000000
      0.00000000
      0.00000000
      0.00000000
      0.00000000
      0.00000000
      0.00000000
      0.00000000
      0.00000000
      0.00000000
      0.00000000
      0.00000000
      0.00000000
      0.00000000
      0.00000000
      0.00000000
      0.00000000
      0.00000000
      0.00000000
      0.00000000
      0.00000000
      0.00000000
      0.00000000
      0.00000000
      0.00000000
      0.00000000
      0.00000000
      0.00000000
      0.00000000
      0.00000000
      0.00000000
      0.00000000
      0.00000000
      0.00000000
      0.00000000
      0.00000000
      0.00000000
      0.00000000
      0.00000000
      0.00000000
      0.00000000
      0.00000000
      0.00000000
      0.00000000
      0.00000000
      0.00000000
      0.00000000
      0.00000000
      0.00000000
      0.00000000
      0.00000000
      0.00000000
      0.00000000
      0.00000000
      0.00000000
      0.00000000
      0.00000000
      0.00000000
      0.00000000
      0.00000000
      0.00000000
      0.00000000
      0.00000000
      0.00000000
      0.00000000
      0.00000000
      0.00000000
      0.00000000
      0.00000000
      0.00000000
      0.00000000
      0.00000000
      0.00000000
