      0.00000000
     -0.40286878
     -0.79285250
     -1.18305146
     -1.57372078
     -1.96484411
     -2.35613824
     -2.74721385
     -3.13780270
      2.75526841
      2.36533960
      1.97519344
      1.58454552
      1.19339865
      0.80204875
      0.41091739
      0.02030579
     -0.36978391
     -0.75965416
     -1.14974114
     -1.54036407
     -1.93153591
     -2.32294740
     -2.71414138
     -3.10477953
      2.78834217
      2.39853673
      2.00851633
      1.61792262
      1.22672419
      0.83524439
      0.44397981
      0.05331060
     -0.33672511
     -0.72645847
     -1.11640360
     -1.50696308
     -1.89818992
     -2.28974590
     -2.68109049
     -3.07179610
      2.82138345
      2.43173073
      2.04187114
      1.65135189
      1.26009457
      0.86845312
      0.47701730
      0.08626883
     -0.30370460
     -0.69326651
     -1.08302821
     -1.47349991
     -1.86479008
     -2.25652813
     -2.64806876
     -3.03886800
      2.85437897
      2.46492015
      2.07527138
      1.68485628
      1.29353053
      0.90168235
      0.51002023
      0.11916037
     -0.27073965
     -0.66008030
     -1.04959747
     -1.43994460
     -1.83130911
     -2.22328417
     -2.61508864
     -3.00602161
      2.88730586
      2.49810220
      2.10874016
      1.71847562
      1.32706860
      0.93494558
      0.54297215
      0.15194990
     -0.23786107
     -0.62690377
     -1.01608032
     -1.40624313
     -1.79769713
     -2.18999527
     -2.58217236
     -2.97330527
      2.92012168
      2.53127123
      2.14232026
      1.75228491
      1.36077855
      0.96826948
      0.57584227
      0.18456955
     -0.20512895
     -0.59374524
     -0.98241611
     -1.37228823
     -1.76385341
     -2.15662214
     -2.54936381
     -2.94081747
      2.95273836
      2.56441437
      2.17610060
      1.78644351
      1.39481192
      1.00171477
      0.60856569
      0.21687009
     -0.17267874
     -0.56062626
     -0.94846867
     -1.33783116
     -1.72953724
     -2.12306478
     -2.51676365
     -2.90879804
      2.98493321
      2.59749141
      2.21030209
      1.82136700
      1.42958115
      1.03546149
      0.64097555
      0.24843212
     -0.14091350
     -0.52763391
     -0.91384936
     -1.30210522
     -1.69395778
     -2.08895271
     -2.48467702
     -2.87808227
      3.01585754
      2.63026798
      2.24569912
      1.85871700
      1.46691650
      1.07046752
      0.67241743
      0.27715584
     -0.11219680
     -0.49568726
     -0.87662064
     -1.26010289
     -1.65073514
     -2.05006664
     -2.45485748
     -2.85781411
      3.03188464
      2.65146112
      2.28157403
      1.91448451
      1.54019751
      1.15077824
      0.74514631
      0.33145136
     -0.07681654
     -0.46954223
     -0.84598632
     -1.21413735
     -1.58599144
     -1.97178400
     -2.37456952
     -2.78743070
      3.08631617
      2.69155753
      2.31356118
      1.94508507
      1.57413910
      1.18994382
      0.78859155
      0.37620469
     -0.03393459
     -0.43002393
     -0.80913182
     -1.17791175
     -1.54824166
     -1.93123161
     -2.33143435
     -2.74340051
      3.12909292
      2.73187590
      2.35177254
      1.98266642
      1.61282599
      1.23088822
      0.83173637
      0.42019287
      0.00903060
     -0.38922212
     -0.77028138
     -1.13974446
     -1.50917389
     -1.89014176
     -2.28828443
     -2.69938537
     -3.11095732
      2.77299398
      2.39099185
      2.02113875
      1.65206076
      1.27200825
      0.87485552
      0.46422419
      0.05229455
     -0.34788186
     -0.73082481
     -1.10110151
     -1.46987883
     -1.84905791
     -2.24522990
     -2.65536154
     -3.06760094
      2.81449740
      2.43061083
      2.05987707
      1.69135417
      1.31301279
      0.91781696
      0.50821622
      0.09571295
     -0.30625596
     -0.69109106
     -1.06231494
     -1.43062714
     -1.80816343
     -2.20238567
     -2.61142411
     -3.02414649
      2.85621518
      2.47042596
      2.09867944
      1.73053572
      1.35377338
      0.96052278
      0.55207766
      0.13918024
     -0.26447132
     -0.65122018
     -1.02352130
     -1.39153787
     -1.76755676
     -2.15983786
     -2.56765937
     -2.98068823
      2.89804452
      2.51033094
      2.13744389
      1.76951365
      1.39420777
      1.00289343
      0.59572489
      0.18260780
     -0.22261849
     -0.61130123
     -0.98480499
     -1.35268940
     -1.72731296
     -2.11766418
     -2.52415145
     -2.93731395
      2.93989903
      2.55024338
      2.17609261
      1.80821358
      1.43424123
      1.04484847
      0.63906964
      0.22590409
     -0.18078616
     -0.57141790
     -0.94624569
     -1.31415989
     -1.68751272
     -2.07595272
     -2.48099708
     -2.89412381
      2.98168161
      2.59007094
      2.21453607
      1.84654577
      1.47378008
      1.08628619
      0.68200128
      0.26895460
     -0.13908673
     -0.53167941
     -0.90795198
     -1.27606010
     -1.64827176
     -2.03482698
     -2.43832828
     -2.85125438
      3.02325560
      2.62967672
      2.25263426
      1.88436517
      1.51267355
      1.12704926
      0.72435541
      0.31158955
     -0.09769411
     -0.49226622
     -0.87011406
     -1.23858994
     -1.60979649
     -1.99449704
     -2.39635890
     -2.80892585
      3.06438944
      2.66881092
      2.29011536
      1.92138186
      1.55062421
      1.16684264
      0.76584026
      0.35350989
     -0.05693217
     -0.45354338
     -0.83314334
     -1.20219540
     -1.57254189
     -1.95540237
     -2.35550940
     -2.76756630
      3.10460260
      2.70690262
      2.32630884
      1.95685465
      1.58687956
      1.20496119
      0.80580906
      0.39406321
     -0.01757134
     -0.41649422
     -0.79825857
     -1.16825879
     -1.53790404
     -1.91879780
     -2.31685623
     -2.72824483
     -3.14067569
      2.74195935
      2.35853174
      1.98761990
      1.61827836
      1.23879772
      0.84239178
      0.43147232
      0.01723095
     -0.38729614
     -0.77550470
     -1.14979739
     -1.51842508
     -1.89074735
     -2.27340085
     -2.66792915
     -3.07037204
      2.80967837
      2.41226036
      2.02296923
      1.63982130
      1.25823426
      0.87349263
      0.48291037
      0.08704356
     -0.31072026
     -0.70622921
     -1.09700788
     -1.48342708
     -1.86813254
     -2.25443226
     -2.64455661
     -3.03852677
      2.84898025
      2.45457585
      2.06348607
      1.67573429
      1.28951421
      0.90231552
      0.51229982
      0.11927325
     -0.27524373
     -0.66894822
     -1.06013571
     -1.44863461
     -1.83577831
     -2.22356884
     -2.61355759
     -3.00600678
      2.88341661
      2.49019860
      2.09897862
      1.70999555
      1.32222150
      0.93400824
      0.54401962
      0.15196340
     -0.24126358
     -0.63412180
     -1.02534870
     -1.41467238
     -1.80290677
     -2.19143883
     -2.58143780
     -2.97320876
      2.91714995
      2.52456979
      2.13334756
      1.74377127
      1.35518505
      0.96640297
      0.57638916
      0.18483441
     -0.20768073
     -0.60003883
     -0.99125064
     -1.38102128
     -1.76988546
     -2.15886951
     -2.54890015
     -2.94028585
      2.95063369
      2.55845753
      2.16725913
      1.77733484
      1.38824543
      0.99909435
      0.60904606
      0.21779570
     -0.17426587
     -0.56628984
     -0.95747326
     -1.34752162
     -1.73679727
     -2.12608912
     -2.51615527
     -2.90729525
      2.98399877
      2.59210428
      2.20093662
      1.81078636
      1.42135417
      1.03194177
      0.64185786
      0.25080928
     -0.14093784
     -0.53272062
     -0.92387220
     -1.31410731
     -1.70367291
     -2.09318987
     -2.48329128
     -2.87426322
      3.01729857
      2.62561332
      2.23447786
      1.84417127
      1.45449067
      1.06488199
      0.67476346
      0.28385644
     -0.10765999
     -0.49925922
     -0.89037870
     -1.28074607
     -1.67052678
     -2.06021665
     -2.45035186
     -2.84120341
      3.05055906
      2.65903633
      2.26793258
      1.87751314
      1.48764458
      1.09788227
      0.70773084
      0.31692699
     -0.07441342
     -0.46586764
     -0.85695597
     -1.24742029
     -1.63736644
     -2.02719381
     -2.41736101
     -2.80812362
      3.08379428
      2.69240180
      2.30132856
      1.91082538
      1.52081031
      1.13092418
      0.74074166
      0.35001483
     -0.04118757
     -0.43252414
     -0.82358263
     -1.21411956
     -1.60419614
     -1.99413559
     -2.38433301
     -2.77502871
      3.11701232
      2.72572661
      2.33468252
      1.94411621
      1.55398279
      0.00000000
