      0.00000000
      0.00000000
      0.00000000
      0.00000000
      0.00000000
      0.00000000
      0.00000000
      0.00000000
      0.00000000
      0.00000000
      0.00000000
      0.00000000
      0.00000000
      0.00000000
      0.00000000
      0.00000000
      0.00000000
      0.00000000
      0.00000000
      0.00000000
      0.00000000
      0.00000000
      0.00000000
      0.00000000
      0.00000000
      0.00000000
      0.00000000
      0.00000000
      0.00000000
      0.00000000
      0.00000000
      0.00000000
      0.00000000
      0.00000000
      0.00000000
      0.00000000
      0.00000000
      0.00000000
      0.00000000
      0.00000000
      0.00000000
      0.00000000
      0.00000000
      0.00000000
      0.00000000
      0.00000000
      0.00000000
      0.00000000
      0.00000000
      0.00000000
      0.00000000
      0.00000000
      0.00000000
      0.00000000
      0.00000000
      0.00000000
      0.00000000
      0.00000000
      0.00000000
      0.00000000
      0.00000000
      0.00000000
      0.00000000
      0.00000000
      0.00000000
      0.00000000
      0.00000000
      0.00000000
      0.00000000
      0.00000000
      0.00000000
      0.00000000
      0.00000000
      0.00000000
      0.00000000
      0.00000000
      0.00000000
      0.00000000
      0.00000000
      0.00000000
      0.00000000
      0.00000000
      0.00000000
      0.00000000
      0.00000000
      0.00000000
      0.00000001
      0.00000002
      0.00000003
      0.00000005
      0.00000029
      0.00000171
      0.00000695
      0.00002079
      0.00004842
      0.00009144
      0.00014540
      0.00020216
      0.00025465
      0.00029968
      0.00033753
      0.00037031
      0.00040050
      0.00043015
      0.00046059
      0.00049247
      0.00052593
      0.00056083
      0.00059689
      0.00063380
      0.00067133
      0.00070929
      0.00074754
      0.00078601
      0.00082462
      0.00086336
      0.00090220
      0.00094113
      0.00098013
      0.00101920
      0.00105833
      0.00109752
      0.00113675
      0.00117602
      0.00121532
      0.00125466
      0.00129402
      0.00133341
      0.00137280
      0.00141221
      0.00145163
      0.00149105
      0.00153047
      0.00156988
      0.00160929
      0.00164868
      0.00168806
      0.00172741
      0.00176674
      0.00180604
      0.00184531
      0.00188454
      0.00192373
      0.00196288
      0.00200198
      0.00204103
      0.00208003
      0.00211896
      0.00215783
      0.00219663
      0.00223537
      0.00227402
      0.00231260
      0.00235109
      0.00238950
      0.00242781
      0.00246603
      0.00250414
      0.00254216
      0.00258006
      0.00261785
      0.00265552
      0.00269307
      0.00273049
      0.00276778
      0.00280493
      0.00284195
      0.00287882
      0.00291554
      0.00295210
      0.00298850
      0.00302474
      0.00306081
      0.00309671
      0.00313242
      0.00316795
      0.00320329
      0.00323843
      0.00327338
      0.00330811
      0.00334264
      0.00337695
      0.00341103
      0.00344489
      0.00347851
      0.00351189
      0.00354503
      0.00357792
      0.00361054
      0.00364291
      0.00367500
      0.00370682
      0.00373835
      0.00376960
      0.00380055
      0.00383121
      0.00386155
      0.00389158
      0.00392129
      0.00395067
      0.00397971
      0.00400842
      0.00403678
      0.00406478
      0.00409242
      0.00411969
      0.00414659
      0.00417310
      0.00419923
      0.00422496
      0.00425028
      0.00427519
      0.00429969
      0.00432376
      0.00434740
      0.00437060
      0.00439335
      0.00441565
      0.00443749
      0.00445886
      0.00447976
      0.00450018
      0.00452011
      0.00453955
      0.00455849
      0.00457692
      0.00459483
      0.00461223
      0.00462909
      0.00464543
      0.00466123
      0.00467648
      0.00469119
      0.00470534
      0.00471893
      0.00473195
      0.00474440
      0.00475628
      0.00476758
      0.00477829
      0.00478841
      0.00479794
      0.00480688
      0.00481521
      0.00482294
      0.00483006
      0.00483658
      0.00484248
      0.00484777
      0.00485244
      0.00485649
      0.00485992
      0.00486273
      0.00486491
      0.00486648
      0.00486741
      0.00486773
      0.00486741
      0.00486648
      0.00486491
      0.00486273
      0.00485992
      0.00485649
      0.00485244
      0.00484777
      0.00484248
      0.00483658
      0.00483006
      0.00482294
      0.00481521
      0.00480688
      0.00479794
      0.00478841
      0.00477829
      0.00476758
      0.00475628
      0.00474440
      0.00473195
      0.00471893
      0.00470534
      0.00469119
      0.00467648
      0.00466123
      0.00464543
      0.00462909
      0.00461223
      0.00459483
      0.00457692
      0.00455849
      0.00453955
      0.00452011
      0.00450018
      0.00447976
      0.00445886
      0.00443749
      0.00441565
      0.00439335
      0.00437060
      0.00434740
      0.00432376
      0.00429969
      0.00427519
      0.00425028
      0.00422496
      0.00419923
      0.00417310
      0.00414659
      0.00411969
      0.00409242
      0.00406478
      0.00403678
      0.00400842
      0.00397971
      0.00395067
      0.00392129
      0.00389158
      0.00386155
      0.00383121
      0.00380055
      0.00376960
      0.00373835
      0.00370682
      0.00367500
      0.00364291
      0.00361054
      0.00357792
      0.00354503
      0.00351189
      0.00347851
      0.00344489
      0.00341103
      0.00337695
      0.00334264
      0.00330811
      0.00327338
      0.00323843
      0.00320329
      0.00316795
      0.00313242
      0.00309671
      0.00306081
      0.00302474
      0.00298850
      0.00295210
      0.00291554
      0.00287882
      0.00284195
      0.00280493
      0.00276778
      0.00273049
      0.00269307
      0.00265552
      0.00261785
      0.00258006
      0.00254216
      0.00250414
      0.00246603
      0.00242781
      0.00238950
      0.00235109
      0.00231260
      0.00227402
      0.00223537
      0.00219663
      0.00215783
      0.00211896
      0.00208003
      0.00204103
      0.00200198
      0.00196288
      0.00192373
      0.00188454
      0.00184531
      0.00180604
      0.00176674
      0.00172741
      0.00168806
      0.00164868
      0.00160929
      0.00156988
      0.00153047
      0.00149105
      0.00145163
      0.00141221
      0.00137280
      0.00133341
      0.00129402
      0.00125466
      0.00121532
      0.00117602
      0.00113675
      0.00109752
      0.00105833
      0.00101920
      0.00098013
      0.00094113
      0.00090220
      0.00086336
      0.00082462
      0.00078601
      0.00074754
      0.00070929
      0.00067133
      0.00063380
      0.00059689
      0.00056083
      0.00052593
      0.00049247
      0.00046059
      0.00043015
      0.00040050
      0.00037031
      0.00033753
      0.00029968
      0.00025465
      0.00020216
      0.00014540
      0.00009144
      0.00004842
      0.00002079
      0.00000695
      0.00000171
      0.00000029
      0.00000005
      0.00000003
      0.00000002
      0.00000001
      0.00000000
      0.00000000
      0.00000000
      0.00000000
      0.00000000
      0.00000000
      0.00000000
      0.00000000
      0.00000000
      0.00000000
      0.00000000
      0.00000000
      0.00000000
      0.00000000
      0.00000000
      0.00000000
      0.00000000
      0.00000000
      0.00000000
      0.00000000
      0.00000000
      0.00000000
      0.00000000
      0.00000000
      0.00000000
      0.00000000
      0.00000000
      0.00000000
      0.00000000
      0.00000000
      0.00000000
      0.00000000
      0.00000000
      0.00000000
      0.00000000
      0.00000000
      0.00000000
      0.00000000
      0.00000000
      0.00000000
      0.00000000
      0.00000000
      0.00000000
      0.00000000
      0.00000000
      0.00000000
      0.00000000
      0.00000000
      0.00000000
      0.00000000
      0.00000000
      0.00000000
      0.00000000
      0.00000000
      0.00000000
      0.00000000
      0.00000000
      0.00000000
      0.00000000
      0.00000000
      0.00000000
      0.00000000
      0.00000000
      0.00000000
      0.00000000
      0.00000000
      0.00000000
      0.00000000
      0.00000000
      0.00000000
      0.00000000
      0.00000000
      0.00000000
      0.00000000
      0.00000000
      0.00000000
      0.00000000
      0.00000000
      0.00000000
      0.00000000
      0.00000000
      0.00000000
      0.00000000
      0.00000000
      0.00000000
      0.00000000
