      0.00000000
      0.00000000
      0.00000000
      0.00000000
      0.00000000
      0.00000000
      0.00000000
      0.00000000
      0.00000000
      0.00000000
      0.00000000
      0.00000000
      0.00000000
      0.00000000
      0.00000000
      0.00000000
      0.00000000
      0.00000000
      0.00000000
      0.00000000
      0.00000000
      0.00000000
      0.00000000
      0.00000000
      0.00000000
      0.00000000
      0.00000000
      0.00000000
      0.00000000
      0.00000000
      0.00000000
      0.00000000
      0.00000000
      0.00000000
      0.00000000
      0.00000000
      0.00000000
      0.00000000
      0.00000000
      0.00000000
      0.00000000
      0.00000000
      0.00000000
      0.00000000
      0.00000000
      0.00000000
      0.00000000
      0.00000000
      0.00000000
      0.00000000
      0.00000000
      0.00000000
      0.00000000
      0.00000000
      0.00000000
      0.00000000
      0.00000000
      0.00000000
      0.00000000
      0.00000000
      0.00000000
      0.00000000
      0.00000000
      0.00000000
      0.00000000
      0.00000000
      0.00000000
      0.00000000
      0.00000000
      0.00000000
      0.00000000
      0.00000000
      0.00000000
      0.00000000
      0.00000000
      0.00000000
      0.00000000
      0.00000000
      0.00000000
      0.00000000
      0.00000000
      0.00000000
      0.00000000
      0.00000000
      0.00000000
      0.00000001
      0.00000002
      0.00000007
      0.00000018
      0.00000049
      0.00000150
      0.00000477
      0.00001403
      0.00003577
      0.00007723
      0.00014191
      0.00022669
      0.00032401
      0.00042677
      0.00053099
      0.00063539
      0.00073983
      0.00084426
      0.00094833
      0.00105149
      0.00115326
      0.00125331
      0.00135150
      0.00144786
      0.00154251
      0.00163561
      0.00172732
      0.00181777
      0.00190706
      0.00199525
      0.00208241
      0.00216855
      0.00225371
      0.00233790
      0.00242113
      0.00250341
      0.00258474
      0.00266514
      0.00274462
      0.00282317
      0.00290080
      0.00297752
      0.00305333
      0.00312824
      0.00320225
      0.00327536
      0.00334759
      0.00341893
      0.00348939
      0.00355898
      0.00362769
      0.00369552
      0.00376250
      0.00382861
      0.00389386
      0.00395826
      0.00402181
      0.00408451
      0.00414637
      0.00420739
      0.00426757
      0.00432693
      0.00438545
      0.00444315
      0.00450003
      0.00455610
      0.00461135
      0.00466580
      0.00471944
      0.00477228
      0.00482433
      0.00487558
      0.00492605
      0.00497574
      0.00502464
      0.00507277
      0.00512014
      0.00516673
      0.00521257
      0.00525764
      0.00530197
      0.00534555
      0.00538838
      0.00543048
      0.00547184
      0.00551247
      0.00555238
      0.00559157
      0.00563005
      0.00566782
      0.00570488
      0.00574125
      0.00577692
      0.00581190
      0.00584620
      0.00587983
      0.00591278
      0.00594506
      0.00597669
      0.00600765
      0.00603797
      0.00606765
      0.00609668
      0.00612509
      0.00615287
      0.00618003
      0.00620657
      0.00623251
      0.00625784
      0.00628258
      0.00630673
      0.00633030
      0.00635330
      0.00637572
      0.00639758
      0.00641889
      0.00643964
      0.00645986
      0.00647954
      0.00649868
      0.00651731
      0.00653542
      0.00655303
      0.00657013
      0.00658674
      0.00660286
      0.00661850
      0.00663367
      0.00664838
      0.00666262
      0.00667641
      0.00668976
      0.00670267
      0.00671515
      0.00672720
      0.00673884
      0.00675007
      0.00676089
      0.00677131
      0.00678135
      0.00679100
      0.00680028
      0.00680918
      0.00681772
      0.00682590
      0.00683372
      0.00684120
      0.00684834
      0.00685514
      0.00686161
      0.00686775
      0.00687358
      0.00687908
      0.00688428
      0.00688917
      0.00689376
      0.00689805
      0.00690204
      0.00690574
      0.00690916
      0.00691228
      0.00691513
      0.00691770
      0.00691999
      0.00692201
      0.00692375
      0.00692522
      0.00692643
      0.00692736
      0.00692803
      0.00692843
      0.00692856
      0.00692843
      0.00692803
      0.00692736
      0.00692643
      0.00692522
      0.00692375
      0.00692201
      0.00691999
      0.00691770
      0.00691513
      0.00691228
      0.00690916
      0.00690574
      0.00690204
      0.00689805
      0.00689376
      0.00688917
      0.00688428
      0.00687908
      0.00687358
      0.00686775
      0.00686161
      0.00685514
      0.00684834
      0.00684120
      0.00683372
      0.00682590
      0.00681772
      0.00680918
      0.00680028
      0.00679100
      0.00678135
      0.00677131
      0.00676089
      0.00675007
      0.00673884
      0.00672720
      0.00671515
      0.00670267
      0.00668976
      0.00667641
      0.00666262
      0.00664838
      0.00663367
      0.00661850
      0.00660286
      0.00658674
      0.00657013
      0.00655303
      0.00653542
      0.00651731
      0.00649868
      0.00647954
      0.00645986
      0.00643964
      0.00641889
      0.00639758
      0.00637572
      0.00635330
      0.00633030
      0.00630673
      0.00628258
      0.00625784
      0.00623251
      0.00620657
      0.00618003
      0.00615287
      0.00612509
      0.00609668
      0.00606765
      0.00603797
      0.00600765
      0.00597669
      0.00594506
      0.00591278
      0.00587983
      0.00584620
      0.00581190
      0.00577692
      0.00574125
      0.00570488
      0.00566782
      0.00563005
      0.00559157
      0.00555238
      0.00551247
      0.00547184
      0.00543048
      0.00538838
      0.00534555
      0.00530197
      0.00525764
      0.00521257
      0.00516673
      0.00512014
      0.00507277
      0.00502464
      0.00497574
      0.00492605
      0.00487558
      0.00482433
      0.00477228
      0.00471944
      0.00466580
      0.00461135
      0.00455610
      0.00450003
      0.00444315
      0.00438545
      0.00432693
      0.00426757
      0.00420739
      0.00414637
      0.00408451
      0.00402181
      0.00395826
      0.00389386
      0.00382861
      0.00376250
      0.00369552
      0.00362769
      0.00355898
      0.00348939
      0.00341893
      0.00334759
      0.00327536
      0.00320225
      0.00312824
      0.00305333
      0.00297752
      0.00290080
      0.00282317
      0.00274462
      0.00266514
      0.00258474
      0.00250341
      0.00242113
      0.00233790
      0.00225371
      0.00216855
      0.00208241
      0.00199525
      0.00190706
      0.00181777
      0.00172732
      0.00163561
      0.00154251
      0.00144786
      0.00135150
      0.00125331
      0.00115326
      0.00105149
      0.00094833
      0.00084426
      0.00073983
      0.00063539
      0.00053099
      0.00042677
      0.00032401
      0.00022669
      0.00014191
      0.00007723
      0.00003577
      0.00001403
      0.00000477
      0.00000150
      0.00000049
      0.00000018
      0.00000007
      0.00000002
      0.00000001
      0.00000000
      0.00000000
      0.00000000
      0.00000000
      0.00000000
      0.00000000
      0.00000000
      0.00000000
      0.00000000
      0.00000000
      0.00000000
      0.00000000
      0.00000000
      0.00000000
      0.00000000
      0.00000000
      0.00000000
      0.00000000
      0.00000000
      0.00000000
      0.00000000
      0.00000000
      0.00000000
      0.00000000
      0.00000000
      0.00000000
      0.00000000
      0.00000000
      0.00000000
      0.00000000
      0.00000000
      0.00000000
      0.00000000
      0.00000000
      0.00000000
      0.00000000
      0.00000000
      0.00000000
      0.00000000
      0.00000000
      0.00000000
      0.00000000
      0.00000000
      0.00000000
      0.00000000
      0.00000000
      0.00000000
      0.00000000
      0.00000000
      0.00000000
      0.00000000
      0.00000000
      0.00000000
      0.00000000
      0.00000000
      0.00000000
      0.00000000
      0.00000000
      0.00000000
      0.00000000
      0.00000000
      0.00000000
      0.00000000
      0.00000000
      0.00000000
      0.00000000
      0.00000000
      0.00000000
      0.00000000
      0.00000000
      0.00000000
      0.00000000
      0.00000000
      0.00000000
      0.00000000
      0.00000000
      0.00000000
      0.00000000
      0.00000000
      0.00000000
      0.00000000
      0.00000000
      0.00000000
      0.00000000
      0.00000000
