             NaN
      2.62408920
      2.99109521
     -2.92433676
     -2.54359919
     -2.14439798
     -1.73204720
     -1.32112914
     -0.92547622
     -0.54884069
     -0.18436621
      0.18046837
      0.55828913
      0.95600204
      1.36922831
      1.78269687
      2.18061671
      2.55768720
      2.92043426
     -3.00119368
     -2.62693631
     -2.23135564
     -1.81750926
     -1.40118132
     -1.00042258
     -0.62252611
     -0.26152646
      0.09628838
      0.46615894
      0.85870665
      1.27270766
      1.69219900
      2.09654772
      2.47585493
      2.83517415
     -3.09446720
     -2.73003722
     -2.34179883
     -1.92846658
     -1.50558078
     -1.09664940
     -0.71503942
     -0.35716602
     -0.00846991
      0.34916484
      0.73126028
      1.14247880
      1.56875084
      1.98357076
      2.36887897
      2.72586728
      3.06914330
     -2.86494183
     -2.49165859
     -2.08510324
     -1.65609799
     -1.23373383
     -0.84247815
     -0.48515807
     -0.14771493
      0.19065042
      0.55119585
      0.94853095
      1.37795570
      1.80966311
      2.21060448
      2.57087283
      2.90266761
     -3.05552890
     -2.71350175
     -2.33364885
     -1.91042639
     -1.46883261
     -1.05193715
     -0.68284189
     -0.35457790
     -0.04557370
      0.26962978
      0.61699027
      1.01600150
      1.45950975
      1.90120352
      2.29350285
      2.62718259
      2.92032691
     -3.08507490
     -2.79629536
     -2.46833973
     -2.07654635
     -1.62642684
     -1.17879465
     -0.79887364
     -0.49927906
     -0.26156314
     -0.06564382
      0.10272190
      0.25311228
      0.39252260
      0.52661939
      0.66010805
      0.79658507
      0.93832521
      1.08628783
      1.24037353
      1.39980659
      1.56350285
      1.73034259
      1.89933038
      2.06966167
      2.24072802
      2.41209048
      2.58344192
      2.75457067
      2.92533070
      3.09561956
     -3.01782206
     -2.84867902
     -2.68017982
     -2.51235925
     -2.34524607
     -2.17886456
     -2.01323546
     -1.84837671
     -1.68430393
     -1.52103077
     -1.35856929
     -1.19693010
     -1.03612267
     -0.87615541
     -0.71703587
     -0.55877082
     -0.40136635
     -0.24482799
     -0.08916072
      0.06563092
      0.21954283
      0.37257124
      0.52471276
      0.67596427
      0.82632294
      0.97578620
      1.12435170
      1.27201733
      1.41878116
      1.56464145
      1.70959668
      1.85364544
      1.99678652
      2.13901886
      2.28034153
      2.42075377
      2.56025494
      2.69884453
      2.83652217
      2.97328762
      3.10914076
     -3.03910371
     -2.90507506
     -2.77195832
     -2.63975314
     -2.50845903
     -2.37807536
     -2.24860141
     -2.12003633
     -1.99237914
     -1.86562874
     -1.73978391
     -1.61484330
     -1.49080546
     -1.36766876
     -1.24543150
     -1.12409181
     -1.00364769
     -0.88409702
     -0.76543754
     -0.64766684
     -0.53078237
     -0.41478144
     -0.29966121
     -0.18541869
     -0.07205074
      0.04044594
      0.15207483
      0.26283953
      0.37274384
      0.48179172
      0.58998731
      0.69733491
      0.80383901
      0.90950429
      1.01433561
      1.11833803
      1.22151678
      1.32387733
      1.42542532
      1.52616660
      1.62610724
      1.72525353
      1.82361196
      1.92118924
      2.01799233
      2.11402839
      2.20930482
      2.30382926
      2.39760959
      2.49065392
      2.58297060
      2.67456825
      2.76545571
      2.85564208
      2.94513674
      3.03394927
      3.12208956
     -3.07361759
     -2.98679117
     -2.90060585
     -2.81505074
     -2.73011466
     -2.64578619
     -2.56205367
     -2.47890514
     -2.39632842
     -2.31431106
     -2.23284034
     -2.15190332
     -2.07148680
     -1.99157732
     -1.91216119
     -1.83322448
     -1.75475304
     -1.67673245
     -1.59914812
     -1.52198519
     -1.44522862
     -1.36886314
     -1.29287329
     -1.21724341
     -1.14195765
     -1.06699997
     -0.99235418
     -0.91800390
     -0.84393259
     -0.77012358
     -0.69656003
     -0.62322499
     -0.55010137
     -0.47717197
     -0.40441948
     -0.33182648
     -0.25937549
     -0.18704893
     -0.11482915
     -0.04269844
      0.02936094
      0.10136680
      0.17333695
      0.24528925
      0.31724155
      0.38921171
      0.46121757
      0.53327695
      0.60540765
      0.67762743
      0.74995400
      0.82240499
      0.89499798
      0.96775048
      1.04067988
      1.11380350
      1.18713854
      1.26070208
      1.33451110
      1.40858240
      1.48293269
      1.55757848
      1.63253615
      1.70782192
      1.78345180
      1.85944165
      1.93580713
      2.01256370
      2.08972663
      2.16731096
      2.24533154
      2.32380299
      2.40273969
      2.48215582
      2.56206530
      2.64248183
      2.72341885
      2.80488956
      2.88690693
      2.96948365
      3.05263217
      3.13636470
     -3.06249215
     -2.97755607
     -2.89200095
     -2.80581563
     -2.71898921
     -2.63151105
     -2.54337077
     -2.45455823
     -2.36506358
     -2.27487720
     -2.18398974
     -2.09239210
     -2.00007541
     -1.90703109
     -1.81325076
     -1.71872632
     -1.62344988
     -1.52741383
     -1.43061074
     -1.33303345
     -1.23467503
     -1.13552874
     -1.03558809
     -0.93484681
     -0.83329882
     -0.73093828
     -0.62775952
     -0.52375711
     -0.41892579
     -0.31326050
     -0.20675640
     -0.09940880
      0.00878678
      0.11783466
      0.22773898
      0.33850368
      0.45013256
      0.56262925
      0.67599720
      0.79023972
      0.90535994
      1.02136087
      1.13824534
      1.25601604
      1.37467553
      1.49422619
      1.61467031
      1.73601001
      1.85824727
      1.98138396
      2.10542181
      2.23036241
      2.35620724
      2.48295764
      2.61061484
      2.73917992
      2.86865387
      2.99903753
      3.13033165
     -3.02064848
     -2.88753175
     -2.75350309
     -2.61856225
     -2.48270911
     -2.34594366
     -2.20826602
     -2.06967643
     -1.93017527
     -1.78976303
     -1.64844035
     -1.50620801
     -1.36306693
     -1.21901817
     -1.07406295
     -0.92820265
     -0.78143882
     -0.63377320
     -0.48520769
     -0.33574444
     -0.18538576
     -0.03413425
      0.11800726
      0.27103568
      0.42494758
      0.57973923
      0.73540650
      0.89194486
      1.04934932
      1.20761437
      1.36673392
      1.52670117
      1.68750861
      1.84914779
      2.01160928
      2.17488243
      2.33895521
      2.50381396
      2.66944306
      2.83582458
      3.00293776
     -3.11242698
     -2.94392778
     -2.77478475
     -2.60504106
     -2.43475220
     -2.26399217
     -2.09286341
     -1.92151197
     -1.75014952
     -1.57908316
     -1.40875187
     -1.23976408
     -1.07292434
     -0.90922808
     -0.74979503
     -0.59570932
     -0.44774671
     -0.30600656
     -0.16952954
     -0.03604088
      0.09805590
      0.23746622
      0.38785661
      0.55622232
      0.75214165
      0.98985757
      1.28945214
      1.66937315
      2.11700535
      2.56712486
      2.95891824
     -2.99631144
     -2.70753190
     -2.42974840
     -2.13660409
     -1.80292434
     -1.41062501
     -0.96893125
     -0.52542300
     -0.12641176
      0.22094872
      0.53615221
      0.84515641
      1.17342039
      1.54251566
      1.95941112
      2.40100489
      2.82422736
     -3.07910505
     -2.73707790
     -2.41208910
     -2.08029433
     -1.72002597
     -1.31908460
     -0.88737720
     -0.45795244
     -0.06061734
      0.29992809
      0.63829344
      0.97573657
      1.33305665
      1.72431234
      2.14667650
      2.57568175
      2.98223709
     -2.92766497
     -2.57856479
     -2.23528877
     -1.87830046
     -1.49299226
     -1.07817233
     -0.65190029
     -0.24068177
      0.14141367
      0.49904841
      0.84774452
      1.20561792
      1.58722790
      1.99615929
      2.41904509
      2.83237734
     -3.06256958
     -2.69813960
     -2.34459565
     -1.98527643
     -1.60596922
     -1.20162049
     -0.78212915
     -0.36812814
      0.02441957
      0.39429012
      0.75210496
      1.11310461
      1.49100109
      1.89175983
      2.30808776
      2.72193414
      3.11751481
     -2.79141312
     -2.42985575
     -2.06710869
     -1.69003821
     -1.29211836
     -0.87864981
     -0.46542353
     -0.06771062
      0.31011013
      0.67494471
      1.03941919
      1.41605473
      1.81170765
      2.22262570
      2.63497649
      3.03417770
     -2.86827004
     -2.50051671
     -2.13351069
      0.00000000
