      0.00000000
      1.23780799
      0.91474256
      0.59021685
      0.23017276
     -0.18977797
     -0.66058195
     -1.12534419
     -1.53276303
     -1.88114213
     -2.19740070
     -2.51444289
     -2.86600099
      3.00247286
      2.52778151
      2.05221388
      1.63685889
      1.28731648
      0.97541221
      0.66653374
      0.32503667
     -0.08227210
     -0.55987994
     -1.04806007
     -1.47368819
     -1.82549732
     -2.13303256
     -2.43286001
     -2.76241263
      3.12376567
      2.64512157
      2.14230075
      1.70311415
      1.34734317
      1.04399965
      0.75416981
      0.43879110
      0.05595025
     -0.42030879
     -0.93978349
     -1.39727816
     -1.75970618
     -2.05939602
     -2.33827026
     -2.63687277
     -3.00045895
      2.81485144
      2.27748504
      1.79462074
      1.42104291
      1.12376932
      0.85670698
      0.57784097
      0.24004905
     -0.20926977
     -0.76280706
     -1.28173568
     -1.67446196
     -1.97200085
     -2.22676194
     -2.48268389
     -2.78664841
      3.08217609
      2.52306487
      1.95236268
      1.52485343
      1.22105103
      0.97804497
      0.74819328
      0.48713590
      0.13168989
     -0.39913028
     -1.03833863
     -1.53551634
     -1.86070022
     -2.09552037
     -2.29714301
     -2.50658589
     -2.77482120
      3.08535601
      2.41061836
      1.75414015
      1.35747403
      1.11604818
      0.94093462
      0.78839217
      0.62719581
      0.41106914
      0.01539184
     -0.82904435
     -1.62419039
     -1.97447680
     -2.14786992
     -2.25061524
     -2.31496669
     -2.35142808
     -2.36293560
     -2.34971862
     -2.31147066
     -2.24845635
     -2.16200869
     -2.05458869
     -1.92951949
     -1.79052184
     -1.64121198
     -1.48471475
     -1.32347404
     -1.15924928
     -0.99322789
     -0.82617703
     -0.65858318
     -0.49075809
     -0.32290963
     -0.15518508
      0.01230419
      0.17946929
      0.34623661
      0.51254388
      0.67833778
      0.84357243
      1.00820818
      1.17221065
      1.33554995
      1.49820003
      1.66013801
      1.82134383
      1.98179973
      2.14148997
      2.30040055
      2.45851894
      2.61583393
      2.77233542
      2.92801430
      3.08286234
     -3.04631322
     -2.89314854
     -2.74083509
     -2.58937847
     -2.43878380
     -2.28905575
     -2.14019856
     -1.99221611
     -1.84511195
     -1.69888930
     -1.55355109
     -1.40909999
     -1.26553840
     -1.12286849
     -0.98109221
     -0.84021130
     -0.70022730
     -0.56114157
     -0.42295525
     -0.28566936
     -0.14928470
     -0.01380195
      0.12077841
      0.25445601
      0.38723067
      0.51910233
      0.65007108
      0.78013718
      0.90930100
      1.03756306
      1.16492402
      1.29138470
      1.41694602
      1.54160907
      1.66537508
      1.78824539
      1.91022153
      2.03130512
      2.15149797
      2.27080200
      2.38921930
      2.50675210
      2.62340278
      2.73917387
      2.85406806
      2.96808821
      3.08123731
     -3.08966676
     -2.97825007
     -2.86769441
     -2.75799610
     -2.64915131
     -2.54115598
     -2.43400593
     -2.32769674
     -2.22222385
     -2.11758247
     -2.01376763
     -1.91077418
     -1.80859673
     -1.70722971
     -1.60666735
     -1.50690363
     -1.40793235
     -1.30974707
     -1.21234114
     -1.11570767
     -1.01983954
     -0.92472941
     -0.83036969
     -0.73675256
     -0.64386995
     -0.55171356
     -0.46027481
     -0.36954491
     -0.27951478
     -0.19017512
     -0.10151635
     -0.01352864
      0.07379809
      0.16047420
      0.24651029
      0.33191723
      0.41670615
      0.50088844
      0.58447575
      0.66747999
      0.74991332
      0.83178816
      0.91311720
      0.99391336
      1.07418982
      1.15396000
      1.23323756
      1.31203642
      1.39037071
      1.46825480
      1.54570328
      1.62273097
      1.69935290
      1.77558431
      1.85144063
      1.92693750
      2.00209075
      2.07691638
      2.15143058
      2.22564970
      2.29959024
      2.37326887
      2.44670238
      2.51990771
      2.59290192
      2.66570219
      2.73832581
      2.81079016
      2.88311270
      2.95531100
      3.02740267
      3.09940539
     -3.11184842
     -3.03997037
     -2.96812797
     -2.89630340
     -2.82447883
     -2.75263643
     -2.68075838
     -2.60882688
     -2.53682416
     -2.46473249
     -2.39253420
     -2.32021165
     -2.24774730
     -2.17512369
     -2.10232341
     -2.02932920
     -1.95612387
     -1.88269036
     -1.80901174
     -1.73507120
     -1.66085208
     -1.58633788
     -1.51151224
     -1.43635899
     -1.36086212
     -1.28500580
     -1.20877440
     -1.13215247
     -1.05512478
     -0.97767629
     -0.89979220
     -0.82145792
     -0.74265906
     -0.66338149
     -0.58361131
     -0.50333486
     -0.42253870
     -0.34120966
     -0.25933481
     -0.17690148
     -0.09389724
     -0.01030994
      0.07387235
      0.15866127
      0.24406821
      0.33010430
      0.41678041
      0.50410715
      0.59209485
      0.68075363
      0.77009329
      0.86012341
      0.95085332
      1.04229206
      1.13444846
      1.22733107
      1.32094820
      1.41530791
      1.51041804
      1.60628617
      1.70291965
      1.80032558
      1.89851086
      1.99748214
      2.09724585
      2.19780822
      2.29917523
      2.40135268
      2.50434614
      2.60816097
      2.71280235
      2.81827525
      2.92458443
      3.03173449
      3.13972981
     -3.03461070
     -2.92491239
     -2.81435673
     -2.70294004
     -2.59065881
     -2.47750970
     -2.36348956
     -2.24859536
     -2.13282427
     -2.01617359
     -1.89864079
     -1.78022349
     -1.66091946
     -1.54072662
     -1.41964302
     -1.29766689
     -1.17479657
     -1.05103057
     -0.92636751
     -0.80080619
     -0.67434552
     -0.54698455
     -0.41872249
     -0.28955868
     -0.15949258
     -0.02852382
      0.10334784
      0.23612249
      0.36980010
      0.50438045
      0.63986321
      0.77624786
      0.91353376
      1.05172007
      1.19080581
      1.33078981
      1.47167071
      1.61344699
      1.75611690
      1.89967849
      2.04412960
      2.18946781
      2.33569046
      2.48279462
      2.63077706
      2.77963425
      2.92936231
      3.07995698
     -3.05177171
     -2.89945826
     -2.74629358
     -2.59228384
     -2.43743579
     -2.28175691
     -2.12525543
     -1.96794044
     -1.80982205
     -1.65091147
     -1.49122122
     -1.33076533
     -1.16955951
     -1.00762152
     -0.84497145
     -0.68163214
     -0.51762967
     -0.35299393
     -0.18775928
     -0.02196537
      0.14434189
      0.31110922
      0.47827432
      0.64576358
      0.81348813
      0.98133659
      1.14916169
      1.31675553
      1.48380639
      1.64982778
      1.81405255
      1.97529326
      2.13179049
      2.28110034
      2.42009799
      2.54516720
      2.65258719
      2.73903485
      2.80204917
      2.84029713
      2.85351410
      2.84200659
      2.80554519
      2.74119374
      2.63844842
      2.46505530
      2.11476889
      1.31962286
      0.47518667
      0.07950936
     -0.13661730
     -0.29781366
     -0.45035612
     -0.62546968
     -0.86689553
     -1.26356164
     -1.92003986
     -2.59477750
     -3.01778560
      2.99716440
      2.78772152
      2.58609888
      2.35127873
      2.02609484
      1.52891714
      0.88970879
      0.35888862
      0.00344260
     -0.25761477
     -0.48746646
     -0.73047253
     -1.03427493
     -1.46178417
     -2.03248637
     -2.59159758
     -3.00595839
      2.97326240
      2.71734045
      2.46257935
      2.16504046
      1.77231418
      1.25338557
      0.69984828
      0.25052946
     -0.08726246
     -0.36612847
     -0.63319082
     -0.93046440
     -1.30404223
     -1.78690654
     -2.32427294
     -2.79214785
      3.12745128
      2.82884876
      2.54997452
      2.25028468
      1.88785667
      1.43036200
      0.91088729
      0.43462826
      0.05178740
     -0.26359131
     -0.55342115
     -0.85676467
     -1.21253564
     -1.65172225
     -2.15454306
     -2.63318716
     -3.03019417
      2.92343852
      2.62361107
      2.31607583
      1.96426670
      1.53863858
      1.05045844
      0.57285060
      0.16554184
     -0.17595524
     -0.48483371
     -0.79673798
     -1.14628038
     -1.56163537
     -2.03720300
     -2.51189435
     -2.92660582
      3.00502139
      2.68797921
      2.37172063
      2.02334153
      1.61592269
      1.15116046
      0.68035647
      0.26040575
     -0.09963835
     -0.42416405
     -0.74722949
      0.00000000
