      0.00000000
      0.00000000
      0.00000000
      0.00000000
      0.00000000
      0.00000000
      0.00000000
      0.00000000
      0.00000000
      0.00000000
      0.00000000
      0.00000000
      0.00000000
      0.00000000
      0.00000000
      0.00000000
      0.00000000
      0.00000000
      0.00000000
      0.00000000
      0.00000000
      0.00000000
      0.00000000
      0.00000000
      0.00000000
      0.00000000
      0.00000000
      0.00000000
      0.00000000
      0.00000000
      0.00000000
      0.00000000
      0.00000000
      0.00000000
      0.00000000
      0.00000000
      0.00000000
      0.00000000
      0.00000000
      0.00000000
      0.00000000
      0.00000000
      0.00000000
      0.00000000
      0.00000000
      0.00000000
      0.00000000
      0.00000000
      0.00000000
      0.00000000
      0.00000000
      0.00000000
      0.00000000
      0.00000000
      0.00000000
      0.00000000
      0.00000000
      0.00000000
      0.00000000
      0.00000000
      0.00000000
      0.00000000
      0.00000000
      0.00000000
      0.00000000
      0.00000000
      0.00000000
      0.00000000
      0.00000000
      0.00000000
      0.00000000
      0.00000000
      0.00000000
      0.00000000
      0.00000000
      0.00000000
      0.00000000
      0.00000000
      0.00000000
      0.00000000
      0.00000000
      0.00000000
      0.00000000
      0.00000000
      0.00000000
      0.00000000
      0.00000000
      0.00000000
      0.00000000
      0.00000000
      0.00000000
      0.00000000
      0.00000000
      0.00000000
      0.00000000
      0.00000000
      0.00000000
      0.00000000
      0.00000000
      0.00000000
      0.00000000
      0.00000000
      0.00000000
      0.00000000
      0.00000000
      0.00000000
      0.00000000
      0.00000000
      0.00000000
      0.00000000
      0.00000000
      0.00000000
      0.00000000
      0.00000000
      0.00000000
      0.00000000
      0.00000000
      0.00000000
      0.00000000
      0.00000000
      0.00000000
      0.00000000
      0.00000000
      0.00000000
      0.00000000
      0.00000000
      0.00000000
      0.00000000
      0.00000000
      0.00000000
      0.00000000
      0.00000000
      0.00000000
      0.00000000
      0.00000000
      0.00000000
      0.00000000
      0.00000000
      0.00000000
      0.00000000
      0.00000000
      0.00000000
      0.00000000
      0.00000000
      0.00000000
      0.00000000
      0.00000000
      0.00000000
      0.00000000
      0.00000002
      0.00000009
      0.00000052
      0.00000293
      0.00001332
      0.00004649
      0.00012403
      0.00025781
      0.00043535
      0.00063045
      0.00082393
      0.00100956
      0.00118842
      0.00136301
      0.00153504
      0.00170522
      0.00187372
      0.00204051
      0.00220554
      0.00236876
      0.00253017
      0.00268973
      0.00284746
      0.00300334
      0.00315738
      0.00330958
      0.00345993
      0.00360844
      0.00375510
      0.00389992
      0.00404289
      0.00418402
      0.00432330
      0.00446074
      0.00459633
      0.00473008
      0.00486198
      0.00499204
      0.00512026
      0.00524662
      0.00537115
      0.00549383
      0.00561466
      0.00573365
      0.00585080
      0.00596610
      0.00607955
      0.00619116
      0.00630093
      0.00640885
      0.00651492
      0.00661915
      0.00672154
      0.00682208
      0.00692078
      0.00701763
      0.00711264
      0.00720580
      0.00729712
      0.00738659
      0.00747422
      0.00756000
      0.00764394
      0.00772603
      0.00780628
      0.00788468
      0.00796124
      0.00803596
      0.00810883
      0.00817985
      0.00824904
      0.00831638
      0.00838190
      0.00844561
      0.00850755
      0.00856785
      0.00862674
      0.00868485
      0.00874349
      0.00880558
      0.00887658
      0.00896370
      0.00906145
      0.00908641
      0.00874026
      0.00795339
      0.00827187
      0.00907194
      0.00931249
      0.00932224
      0.00930985
      0.00931902
      0.00935207
      0.00940926
      0.00948232
      0.00949161
      0.00914506
      0.00832521
      0.00856743
      0.00936838
      0.00960538
      0.00960150
      0.00957945
      0.00959065
      0.00963250
      0.00963915
      0.00935194
      0.00852112
      0.00851532
      0.00934556
      0.00963408
      0.00962629
      0.00958243
      0.00956905
      0.00958902
      0.00959184
      0.00935725
      0.00855878
      0.00830008
      0.00911697
      0.00946732
      0.00945785
      0.00938293
      0.00932358
      0.00928831
      0.00927684
      0.00928708
      0.00927692
      0.00904238
      0.00824972
      0.00790204
      0.00868294
      0.00903844
      0.00901523
      0.00891579
      0.00882643
      0.00875329
      0.00868920
      0.00862864
      0.00856866
      0.00850790
      0.00844576
      0.00838197
      0.00831641
      0.00824905
      0.00817986
      0.00810883
      0.00803596
      0.00796124
      0.00788468
      0.00780628
      0.00772603
      0.00764394
      0.00756000
      0.00747422
      0.00738659
      0.00729712
      0.00720580
      0.00711264
      0.00701763
      0.00692078
      0.00682208
      0.00672154
      0.00661916
      0.00651492
      0.00640885
      0.00630093
      0.00619116
      0.00607955
      0.00596610
      0.00585080
      0.00573365
      0.00561466
      0.00549383
      0.00537115
      0.00524663
      0.00512026
      0.00499204
      0.00486198
      0.00473008
      0.00459633
      0.00446074
      0.00432330
      0.00418402
      0.00404289
      0.00389992
      0.00375510
      0.00360844
      0.00345993
      0.00330958
      0.00315738
      0.00300334
      0.00284746
      0.00268973
      0.00253017
      0.00236877
      0.00220554
      0.00204051
      0.00187372
      0.00170522
      0.00153504
      0.00136301
      0.00118842
      0.00100956
      0.00082393
      0.00063045
      0.00043535
      0.00025781
      0.00012403
      0.00004649
      0.00001332
      0.00000293
      0.00000052
      0.00000009
      0.00000002
      0.00000000
      0.00000000
      0.00000000
      0.00000000
      0.00000000
      0.00000000
      0.00000000
      0.00000000
      0.00000000
      0.00000000
      0.00000000
      0.00000000
      0.00000000
      0.00000000
      0.00000000
      0.00000000
      0.00000000
      0.00000000
      0.00000000
      0.00000000
      0.00000000
      0.00000000
      0.00000000
      0.00000000
      0.00000000
      0.00000000
      0.00000000
      0.00000000
      0.00000000
      0.00000000
      0.00000000
      0.00000000
      0.00000000
      0.00000000
      0.00000000
      0.00000000
      0.00000000
      0.00000000
      0.00000000
      0.00000000
      0.00000000
      0.00000000
      0.00000000
      0.00000000
      0.00000000
      0.00000000
      0.00000000
      0.00000000
      0.00000000
      0.00000000
      0.00000000
      0.00000000
      0.00000000
      0.00000000
      0.00000000
      0.00000000
      0.00000000
      0.00000000
      0.00000000
      0.00000000
      0.00000000
      0.00000000
      0.00000000
      0.00000000
      0.00000000
      0.00000000
      0.00000000
      0.00000000
      0.00000000
      0.00000000
      0.00000000
      0.00000000
      0.00000000
      0.00000000
      0.00000000
      0.00000000
      0.00000000
      0.00000000
      0.00000000
      0.00000000
      0.00000000
      0.00000000
      0.00000000
      0.00000000
      0.00000000
      0.00000000
      0.00000000
      0.00000000
      0.00000000
      0.00000000
      0.00000000
      0.00000000
      0.00000000
      0.00000000
      0.00000000
      0.00000000
      0.00000000
      0.00000000
      0.00000000
      0.00000000
      0.00000000
      0.00000000
      0.00000000
      0.00000000
      0.00000000
      0.00000000
      0.00000000
      0.00000000
      0.00000000
      0.00000000
      0.00000000
      0.00000000
      0.00000000
      0.00000000
      0.00000000
      0.00000000
      0.00000000
      0.00000000
      0.00000000
      0.00000000
      0.00000000
      0.00000000
      0.00000000
      0.00000000
      0.00000000
      0.00000000
      0.00000000
      0.00000000
      0.00000000
      0.00000000
      0.00000000
      0.00000000
      0.00000000
      0.00000000
      0.00000000
      0.00000000
      0.00000000
      0.00000000
      0.00000000
      0.00000000
      0.00000000
      0.00000000
      0.00000000
      0.00000000
      0.00000000
      0.00000000
      0.00000000
      0.00000000
      0.00000000
