      0.00000000
     -1.18446894
     -1.57602624
     -1.97589413
     -2.37869268
     -2.77700332
      3.11698464
      2.73608225
      2.35810181
      1.97607897
      1.58498065
      1.18473038
      0.78092169
      0.38161555
     -0.00794502
     -0.38837768
     -0.76530625
     -1.14623314
     -1.53679692
     -1.93743468
     -2.34235214
     -2.74277867
     -3.13277014
      2.77047916
      2.39470911
      2.01501662
      1.62508900
      1.22406286
      0.81792519
      0.41623280
      0.02572961
     -0.35368095
     -0.72817037
     -1.10646680
     -1.49563533
     -1.89704425
     -2.30452874
     -2.70765814
     -3.09877072
      2.80555993
      2.43249196
      2.05578221
      1.66752336
      1.26574699
      0.85677114
      0.45200107
      0.06015922
     -0.31810794
     -0.68959067
     -1.06448645
     -1.45164860
     -1.85376232
     -2.26439532
     -2.67105166
     -3.06377247
      2.84176483
      2.47205959
      2.09925220
      1.71342256
      1.31102417
      0.89854310
      0.48969998
      0.09590975
     -0.28108948
     -0.64878941
     -1.01917250
     -1.40336724
     -1.80596277
     -2.22051210
     -2.63191557
     -3.02702273
      2.87983602
      2.51441423
      2.14687274
      1.76470777
      1.36205721
      0.94518656
      0.53075027
      0.13399717
     -0.24164530
     -0.60445886
     -0.96863184
     -1.34824102
     -1.75071720
     -2.17019621
     -2.58827407
     -2.98712186
      2.92109168
      2.56128986
      2.20116249
      1.82482587
      1.42289667
      1.00049475
      0.57797504
      0.17640185
     -0.19796100
     -0.55425338
     -0.90944763
     -1.28150945
     -1.68227614
     -2.10791653
     -2.53595347
     -2.94117156
      2.96810280
      2.61593734
      2.26686597
      1.90052361
      1.50196387
      1.07284750
      0.63781451
      0.22754807
     -0.14626198
     -0.49353591
     -0.83484768
     -1.19331135
     -1.58782412
     -2.02035481
     -2.46446009
     -2.88204756
      3.02665944
      2.68520214
      2.35396976
      2.00675577
      1.61969742
      1.18474679
      0.72864263
      0.29975568
     -0.07714336
     -0.41176539
     -0.72951923
     -1.05993531
     -1.43280664
     -1.86628390
     -2.33818337
     -2.78610366
      3.11336011
      2.78623958
      2.48710436
      2.18322232
      1.83898077
      1.42070811
      0.93131754
      0.44715276
      0.04321087
     -0.27863959
     -0.55142377
     -0.81032908
     -1.09183807
     -1.44275412
     -1.91321747
     -2.47072752
     -2.95684007
      2.98193924
      2.74163613
      2.56468625
      2.42851838
      2.32226098
      2.24051057
      2.17964547
      2.13603732
      2.10571052
      2.08482687
      2.07023746
      2.05969502
      2.05174998
      2.04551997
      2.04047543
      2.03629071
      2.03275564
      2.02972697
      2.02710235
      2.02480594
      2.02278006
      2.02097990
      2.01937013
      2.01792245
      2.01661396
      2.01542589
      2.01434276
      2.01335160
      2.01244155
      2.01160339
      2.01082926
      2.01011240
      2.00944700
      2.00882800
      2.00825099
      2.00771211
      2.00720795
      2.00673551
      2.00629212
      2.00587541
      2.00548326
      2.00511376
      2.00476520
      2.00443605
      2.00412491
      2.00383051
      2.00355171
      2.00328745
      2.00303678
      2.00279883
      2.00257279
      2.00235792
      2.00215355
      2.00195903
      2.00177380
      2.00159732
      2.00142907
      2.00126861
      2.00111549
      2.00096932
      2.00082970
      2.00069629
      2.00056874
      2.00044671
      2.00032983
      2.00021768
      2.00010960
      2.00000444
      1.99989985
      1.99979059
      1.99966465
      1.99949408
      1.99921342
      1.99866907
      1.99750069
      1.99486465
      1.98879526
      1.97475933
      1.94251123
      1.86969677
      1.70992660
      1.37188336
      0.70921137
     -0.14645770
     -0.67342619
     -0.93061888
     -1.05080723
     -1.10667567
     -1.13579576
     -1.15930798
     -1.19463743
     -1.26674480
     -1.42223762
     -1.75096418
     -2.39906756
      3.02271556
      2.48098191
      2.21430144
      2.08636117
      2.01945140
      1.96809766
      1.89569231
      1.75377563
      1.45780952
      0.86455771
     -0.00622392
     -0.60178239
     -0.89910937
     -1.04167671
     -1.11432151
     -1.16562171
     -1.23214714
     -1.35915758
     -1.62390115
     -2.16215192
     -3.02236062
      2.60898062
      2.27785473
      2.12116279
      2.04850397
      2.01297929
      1.98951473
      1.96072078
      1.90566744
      1.78725926
      1.53372606
      1.01343452
      0.16071979
     -0.50924382
     -0.85208825
     -1.01427736
     -1.08825452
     -1.12103666
     -1.13530999
     -1.14148357
     -1.14416587
     -1.14535579
     -1.14591132
     -1.14619887
     -1.14637464
     -1.14650519
     -1.14661894
     -1.14672811
     -1.14683801
     -1.14695106
     -1.14706843
     -1.14719079
     -1.14731860
     -1.14745224
     -1.14759207
     -1.14773846
     -1.14789179
     -1.14805246
     -1.14822090
     -1.14839760
     -1.14858303
     -1.14877775
     -1.14898233
     -1.14919740
     -1.14942364
     -1.14966179
     -1.14991266
     -1.15017711
     -1.15045611
     -1.15075071
     -1.15106205
     -1.15139139
     -1.15174014
     -1.15210983
     -1.15250217
     -1.15291907
     -1.15336264
     -1.15383527
     -1.15433961
     -1.15487867
     -1.15545586
     -1.15607503
     -1.15674060
     -1.15745763
     -1.15823193
     -1.15907026
     -1.15998047
     -1.16097179
     -1.16205509
     -1.16324330
     -1.16455195
     -1.16599978
     -1.16760970
     -1.16941000
     -1.17143602
     -1.17373256
     -1.17635732
     -1.17938611
     -1.18292131
     -1.18710614
     -1.19215080
     -1.19838091
     -1.20632606
     -1.21686859
     -1.23145808
     -1.25234180
     -1.28266866
     -1.32627687
     -1.38714201
     -1.46889246
     -1.57514990
     -1.71131780
     -1.88826770
     -2.12857084
     -2.47297686
     -2.95908938
      2.76658593
      2.29612260
      1.94520654
      1.66369753
      1.40479220
      1.13200799
      0.81015752
      0.40621563
     -0.07794912
     -0.56733966
     -0.98561232
     -1.32985388
     -1.63373594
     -1.93287118
     -2.25999173
     -2.64371327
     -3.09163354
      2.71965232
      2.28617507
      1.91330373
      1.58288764
      1.26513378
      0.93051174
      0.55361270
      0.12472575
     -0.33137839
     -0.76632901
     -1.15338736
     -1.50060136
     -1.83183375
     -2.17329106
     -2.54776938
     -2.96535683
      2.87372320
      2.44119252
      2.04667975
      1.68821607
      1.34690429
      0.99963035
      0.62582030
      0.21555386
     -0.21947912
     -0.64859548
     -1.04715521
     -1.41349758
     -1.76256896
     -2.11473443
     -2.48864539
     -2.89386347
      2.96128491
      2.53564452
      2.13487784
      1.76281601
      1.40762176
      1.05132937
      0.67696651
      0.27539332
     -0.14712637
     -0.56952830
     -0.97145749
     -1.34779411
     -1.70792149
     -2.06772331
     -2.44269509
     -2.84154288
      3.02356458
      2.60408557
      2.20160939
      1.82200021
      1.45782722
      1.09501366
      0.71937119
      0.32261809
     -0.09181820
     -0.50868885
     -0.91133940
     -1.29350437
     -1.66104586
     -2.02646766
     -2.40279423
     -2.79790139
      3.07388045
      2.65933113
      2.25673560
      1.87254087
      1.50215777
      1.13445783
      0.75745860
      0.36366837
     -0.04517474
     -0.45765581
     -0.86005420
     -1.24588384
     -1.61869123
     -1.98839648
     -2.36604449
     -2.75876529
      3.11776367
      2.70713068
      2.30501696
      1.91785480
      1.54295902
      1.17147629
      0.79320913
      0.40136727
     -0.00340279
     -0.41237864
     -0.81415500
     -1.20241385
     -1.57912360
     -1.95219158
     -2.33104624
     -2.72215883
     -3.12528822
      2.75041260
      2.34900369
      1.95983515
      1.58153872
      1.20704930
      0.82763873
      0.43713554
      0.03544316
     -0.37069451
     -0.77172065
     -1.16164827
     -1.54134077
     -1.91711082
     -2.29704682
     -2.68703830
     -3.08746483
      2.79080303
      2.39016527
      1.99960149
      1.61867459
      1.24174602
      0.86131336
      0.47175279
      0.07244665
     -0.33136204
     -0.73161230
     -1.12271062
     -1.50473346
     -1.88271391
     -2.26361630
     -2.65281365
     -3.05112429
      2.82926247
      2.42939459
      2.03783729
      0.00000000
