      0.00000000
      2.02696651
      2.41852381
      2.81839067
     -3.06199749
     -2.66368768
     -2.27449006
     -1.89358641
     -1.51560437
     -1.13358040
     -0.74248201
     -0.34223281
      0.06157435
      0.46087954
      0.85044035
      1.23087433
      1.60780462
      1.98873279
      2.37929670
      2.77993336
     -3.09833615
     -2.69791071
     -2.30791903
     -1.92798164
     -1.55220973
     -1.17251582
     -0.78258796
     -0.38156298
      0.02457289
      0.42626404
      0.81676738
      1.19617940
      1.57067083
      1.94896885
      2.33813772
      2.73954545
     -3.13615733
     -2.73302935
     -2.34191668
     -1.96306049
     -1.58999033
     -1.21327880
     -0.82501950
     -0.42324434
     -0.01427064
      0.39049782
      0.78233968
      1.16060845
      1.53209355
      1.90699133
      2.29415409
      2.69626657
      3.10689721
     -2.76963359
     -2.37691286
     -1.99926317
     -1.62955533
     -1.25674569
     -0.87091528
     -0.46851815
     -0.05603966
      0.35280136
      0.74659140
      1.12359241
      1.49129515
      1.86168079
      2.24587652
      2.64847078
      3.06301728
     -2.80876698
     -2.41366016
     -2.03733172
     -1.67190684
     -1.30436248
     -0.92219626
     -0.51954695
     -0.10267942
      0.31175407
      0.70850665
      1.08415110
      1.44696804
      1.81114429
      2.19075504
      2.59323003
      3.01270559
     -2.85240513
     -2.45355809
     -2.07858423
     -1.71877869
     -1.35864760
     -0.98230899
     -0.58038088
     -0.15798277
      0.26453308
      0.66610521
      1.04047025
      1.39676675
      1.75196526
      2.12402959
      2.52479539
      2.95043155
     -2.90472140
     -2.49950481
     -2.12559157
     -1.77342153
     -1.42434525
     -1.05799970
     -0.65944051
     -0.23032882
      0.20469863
      0.61496297
      0.98877537
      1.33605440
      1.67737189
      2.03583966
      2.43035246
      2.86287805
     -2.97620881
     -2.55862437
     -2.18414371
     -1.84268068
     -1.51144159
     -1.16422228
     -0.77716288
     -0.34221762
      0.11387791
      0.54276035
      0.91966155
      1.25429004
      1.57205183
      1.90247492
      2.27534913
      2.70882137
     -3.10247560
     -2.65456257
     -2.27083952
     -1.94371171
     -1.64456698
     -1.34067557
     -0.99642786
     -0.57815779
     -0.08878133
      0.39537027
      0.79931137
      1.12116983
      1.39396547
      1.65288326
      1.93440404
      2.28532651
      2.75577919
     -2.96992447
     -2.48382546
     -2.13941283
     -1.89909604
     -1.72213084
     -1.58594674
     -1.47967157
     -1.39790082
     -1.33701171
     -1.29337492
     -1.26301422
     -1.24209124
     -1.22745727
     -1.21686544
     -1.20886668
     -1.20257911
     -1.19747356
     -1.19322473
     -1.18962271
     -1.18652449
     -1.18382787
     -1.18145715
     -1.17935476
     -1.17747599
     -1.17578557
     -1.17425527
     -1.17286224
     -1.17158777
     -1.17041639
     -1.16933521
     -1.16833338
     -1.16740171
     -1.16653238
     -1.16571866
     -1.16495476
     -1.16423565
     -1.16355695
     -1.16291482
     -1.16230588
     -1.16172715
     -1.16117599
     -1.16065006
     -1.16014724
     -1.15966567
     -1.15920366
     -1.15875969
     -1.15833240
     -1.15792053
     -1.15752297
     -1.15713870
     -1.15676678
     -1.15640635
     -1.15605665
     -1.15571696
     -1.15538662
     -1.15506502
     -1.15475162
     -1.15444591
     -1.15414739
     -1.15385565
     -1.15357026
     -1.15329086
     -1.15301709
     -1.15274861
     -1.15248511
     -1.15222628
     -1.15197179
     -1.15172121
     -1.15147394
     -1.15122886
     -1.15098363
     -1.15073306
     -1.15046519
     -1.15015215
     -1.14972857
     -1.14904109
     -1.14772979
     -1.14495182
     -1.13874301
     -1.12457283
     -1.09219987
     -1.01927546
     -0.85941420
     -0.52128916
      0.14152473
      0.99740989
      1.52448437
      1.78176031
      1.90204861
      1.95803456
      1.98728291
      2.01092627
      2.04638188
      2.11860268
      2.27419074
      2.60300200
     -3.03194101
     -2.17032009
     -1.62847518
     -1.36170938
     -1.23366893
     -1.16664451
     -1.11517125
     -1.04265267
     -0.90063802
     -0.60458675
     -0.01121074
      0.85979462
      1.45547789
      1.75288997
      1.89555510
      1.96831294
      2.01973253
      2.08637254
      2.21348314
      2.47831190
      3.01667296
     -2.40608570
     -1.75410183
     -1.42289147
     -1.26610484
     -1.19333315
     -1.15768286
     -1.13408762
     -1.10516579
     -1.04999519
     -0.93148722
     -0.67787113
     -0.15747548
      0.69545354
      1.36556088
      1.70848672
      1.87076588
      1.94485188
      1.97775781
      1.99216437
      1.99847639
      2.00129964
      2.00263150
      2.00332915
      2.00375860
      2.00407580
      2.00434721
      2.00460116
      2.00484983
      2.00509851
      2.00534956
      2.00560414
      2.00586288
      2.00612622
      2.00639452
      2.00666809
      2.00694729
      2.00723247
      2.00752401
      2.00782232
      2.00812783
      2.00844102
      2.00876241
      2.00909255
      2.00943204
      2.00978154
      2.01014177
      2.01051349
      2.01089757
      2.01129493
      2.01170660
      2.01213370
      2.01257747
      2.01303929
      2.01352067
      2.01402330
      2.01454905
      2.01510002
      2.01567856
      2.01628732
      2.01692927
      2.01760780
      2.01832673
      2.01909046
      2.01990400
      2.02077317
      2.02170467
      2.02270634
      2.02378736
      2.02495858
      2.02623289
      2.02762577
      2.02915592
      2.03084620
      2.03272482
      2.03482707
      2.03719765
      2.03989414
      2.04299224
      2.04659413
      2.05084284
      2.05594828
      2.06223575
      2.07023441
      2.08082614
      2.09546003
      2.11638294
      2.14674357
      2.19038031
      2.25126938
      2.33304008
      2.43931522
      2.57549930
      2.75246447
      2.99278123
     -2.94599146
     -2.45989242
     -1.90241072
     -1.43195803
     -1.08103556
     -0.79951481
     -0.54059705
     -0.26780142
      0.05405702
      0.45799812
      0.94214975
      1.43152624
      1.84979631
      2.19404401
      2.49793540
      2.79708011
      3.12420791
     -2.77525435
     -2.32734130
     -1.85545295
     -1.42198070
     -1.04910650
     -0.71868342
     -0.40092165
     -0.06629317
      0.31060803
      0.73949047
      1.19558602
      1.63053130
      2.01759069
      2.36480999
      2.69604907
      3.03751209
     -2.87119257
     -2.45360812
     -2.00950966
     -1.57698406
     -1.18247126
     -0.82400350
     -0.48268602
     -0.13540699
      0.23840540
      0.64866975
      1.08369720
      1.51280890
      1.91136809
      2.27771364
      2.62678991
      2.97895994
     -2.93031214
     -2.52509554
     -2.09706318
     -1.67142701
     -1.27066121
     -0.89859688
     -0.54339838
     -0.18710189
      0.18726315
      0.58883528
      1.01135114
      1.43374926
      1.83567737
      2.21201597
      2.57214706
      2.93195259
     -2.97625886
     -2.57741182
     -2.15933723
     -1.73986166
     -1.33738667
     -0.95777592
     -0.59359968
     -0.23078274
      0.14486170
      0.54161429
      0.95604778
      1.37291531
      1.77556463
      2.15773085
      2.52527520
      2.89070007
     -3.01615680
     -2.62104997
     -2.20964892
     -1.79510242
     -1.39250815
     -1.00831243
     -0.63792680
     -0.27022405
      0.10677695
      0.50056699
      0.90940801
      1.32188651
      1.72428364
      2.11011405
      2.48292369
      2.85263152
     -3.05290409
     -2.66018337
     -2.25352886
     -1.84289821
     -1.44078573
     -1.05362298
     -0.67872520
     -0.30724010
      0.07102866
      0.46287053
      0.86763899
      1.27661269
      1.67838785
      2.06664715
      2.44335869
      2.81642884
     -3.08790029
     -2.69678762
     -2.29365963
     -1.88617710
     -1.48476937
     -1.09560050
     -0.71730248
     -0.34281105
      0.03660096
      0.42710430
      0.82879545
      1.23493133
      1.63595631
      2.02588417
      2.40557808
      2.78134999
     -3.12189794
     -2.73190626
     -2.33148081
     -1.92656502
     -1.52592836
     -1.13536444
     -0.75443628
     -0.37750598
      0.00292799
      0.39248880
      0.79179399
      1.19560116
      1.59585036
      1.98694874
      2.36897272
      2.74695475
      3.12785840
     -2.76612929
     -2.36781948
     -1.96502233
     -1.56515547
     -1.17359816
      0.00000000
