      0.00000000
      0.00035359
      0.00092658
      0.00124963
      0.00136622
      0.00139776
      0.00140617
      0.00141250
      0.00142138
      0.00143259
      0.00144511
      0.00145824
      0.00147157
      0.00148493
      0.00149827
      0.00151155
      0.00152477
      0.00153794
      0.00155105
      0.00156411
      0.00157711
      0.00159006
      0.00160295
      0.00161579
      0.00162857
      0.00164130
      0.00165397
      0.00166658
      0.00167915
      0.00169165
      0.00170411
      0.00171650
      0.00172884
      0.00174113
      0.00175336
      0.00176554
      0.00177766
      0.00178973
      0.00180174
      0.00181370
      0.00182560
      0.00183745
      0.00184924
      0.00186097
      0.00187266
      0.00188428
      0.00189586
      0.00190737
      0.00191883
      0.00193024
      0.00194159
      0.00195289
      0.00196413
      0.00197532
      0.00198645
      0.00199753
      0.00200855
      0.00201952
      0.00203043
      0.00204129
      0.00205209
      0.00206284
      0.00207353
      0.00208417
      0.00209475
      0.00210528
      0.00211575
      0.00212617
      0.00213653
      0.00214684
      0.00215709
      0.00216729
      0.00217743
      0.00218751
      0.00219755
      0.00220752
      0.00221745
      0.00222731
      0.00223713
      0.00224688
      0.00225659
      0.00226623
      0.00227583
      0.00228537
      0.00229485
      0.00230428
      0.00231365
      0.00232297
      0.00233223
      0.00234144
      0.00235059
      0.00235969
      0.00236873
      0.00237772
      0.00238665
      0.00239553
      0.00240435
      0.00241312
      0.00242183
      0.00243049
      0.00243909
      0.00244764
      0.00245613
      0.00246457
      0.00247295
      0.00248128
      0.00248956
      0.00249777
      0.00250594
      0.00251405
      0.00252210
      0.00253010
      0.00253804
      0.00254593
      0.00255376
      0.00256154
      0.00256926
      0.00257693
      0.00258454
      0.00259210
      0.00259961
      0.00260705
      0.00261445
      0.00262179
      0.00262907
      0.00263630
      0.00264347
      0.00265059
      0.00265765
      0.00266466
      0.00267162
      0.00267852
      0.00268536
      0.00269215
      0.00269888
      0.00270556
      0.00271218
      0.00271875
      0.00272527
      0.00273173
      0.00273813
      0.00274448
      0.00275077
      0.00275701
      0.00276320
      0.00276933
      0.00277540
      0.00278142
      0.00278738
      0.00279329
      0.00279915
      0.00280495
      0.00281069
      0.00281638
      0.00282201
      0.00282759
      0.00283312
      0.00283859
      0.00284400
      0.00284936
      0.00285466
      0.00285991
      0.00286511
      0.00287025
      0.00287533
      0.00288036
      0.00288534
      0.00289026
      0.00289512
      0.00289993
      0.00290469
      0.00290939
      0.00291403
      0.00291862
      0.00292316
      0.00292764
      0.00293206
      0.00293643
      0.00294075
      0.00294501
      0.00294921
      0.00295336
      0.00295746
      0.00296150
      0.00296548
      0.00296941
      0.00297329
      0.00297711
      0.00298087
      0.00298458
      0.00298824
      0.00299184
      0.00299538
      0.00299887
      0.00300231
      0.00300569
      0.00300902
      0.00301229
      0.00301550
      0.00301866
      0.00302177
      0.00302482
      0.00302782
      0.00303076
      0.00303364
      0.00303647
      0.00303925
      0.00304197
      0.00304464
      0.00304725
      0.00304980
      0.00305230
      0.00305475
      0.00305714
      0.00305948
      0.00306176
      0.00306398
      0.00306616
      0.00306827
      0.00307033
      0.00307234
      0.00307429
      0.00307619
      0.00307803
      0.00307981
      0.00308155
      0.00308322
      0.00308484
      0.00308641
      0.00308792
      0.00308938
      0.00309078
      0.00309213
      0.00309342
      0.00309466
      0.00309584
      0.00309696
      0.00309804
      0.00309905
      0.00310002
      0.00310092
      0.00310177
      0.00310257
      0.00310331
      0.00310400
      0.00310463
      0.00310521
      0.00310573
      0.00310620
      0.00310661
      0.00310697
      0.00310727
      0.00310752
      0.00310771
      0.00310785
      0.00310793
      0.00310796
      0.00310793
      0.00310785
      0.00310771
      0.00310752
      0.00310727
      0.00310697
      0.00310661
      0.00310620
      0.00310573
      0.00310521
      0.00310463
      0.00310400
      0.00310331
      0.00310257
      0.00310177
      0.00310092
      0.00310002
      0.00309905
      0.00309804
      0.00309696
      0.00309584
      0.00309466
      0.00309342
      0.00309213
      0.00309078
      0.00308938
      0.00308792
      0.00308641
      0.00308484
      0.00308322
      0.00308155
      0.00307981
      0.00307803
      0.00307619
      0.00307429
      0.00307234
      0.00307033
      0.00306827
      0.00306616
      0.00306398
      0.00306176
      0.00305948
      0.00305714
      0.00305475
      0.00305230
      0.00304980
      0.00304725
      0.00304464
      0.00304197
      0.00303925
      0.00303647
      0.00303364
      0.00303076
      0.00302782
      0.00302482
      0.00302177
      0.00301866
      0.00301550
      0.00301229
      0.00300902
      0.00300569
      0.00300231
      0.00299887
      0.00299538
      0.00299184
      0.00298824
      0.00298458
      0.00298087
      0.00297711
      0.00297329
      0.00296941
      0.00296548
      0.00296150
      0.00295746
      0.00295336
      0.00294921
      0.00294501
      0.00294075
      0.00293643
      0.00293206
      0.00292764
      0.00292316
      0.00291862
      0.00291403
      0.00290939
      0.00290469
      0.00289993
      0.00289512
      0.00289026
      0.00288534
      0.00288036
      0.00287533
      0.00287025
      0.00286511
      0.00285991
      0.00285466
      0.00284936
      0.00284400
      0.00283859
      0.00283312
      0.00282759
      0.00282201
      0.00281638
      0.00281069
      0.00280495
      0.00279915
      0.00279329
      0.00278738
      0.00278142
      0.00277540
      0.00276933
      0.00276320
      0.00275701
      0.00275077
      0.00274448
      0.00273813
      0.00273173
      0.00272527
      0.00271875
      0.00271218
      0.00270556
      0.00269888
      0.00269215
      0.00268536
      0.00267852
      0.00267162
      0.00266466
      0.00265765
      0.00265059
      0.00264347
      0.00263630
      0.00262907
      0.00262179
      0.00261445
      0.00260705
      0.00259961
      0.00259210
      0.00258454
      0.00257693
      0.00256926
      0.00256154
      0.00255376
      0.00254593
      0.00253804
      0.00253010
      0.00252210
      0.00251405
      0.00250594
      0.00249777
      0.00248956
      0.00248128
      0.00247295
      0.00246457
      0.00245613
      0.00244764
      0.00243909
      0.00243049
      0.00242183
      0.00241312
      0.00240435
      0.00239553
      0.00238665
      0.00237772
      0.00236873
      0.00235969
      0.00235059
      0.00234144
      0.00233223
      0.00232297
      0.00231365
      0.00230428
      0.00229485
      0.00228537
      0.00227583
      0.00226623
      0.00225659
      0.00224688
      0.00223713
      0.00222731
      0.00221745
      0.00220752
      0.00219755
      0.00218751
      0.00217743
      0.00216729
      0.00215709
      0.00214684
      0.00213653
      0.00212617
      0.00211575
      0.00210528
      0.00209475
      0.00208417
      0.00207353
      0.00206284
      0.00205209
      0.00204129
      0.00203043
      0.00201952
      0.00200855
      0.00199753
      0.00198645
      0.00197532
      0.00196413
      0.00195289
      0.00194159
      0.00193024
      0.00191883
      0.00190737
      0.00189586
      0.00188428
      0.00187266
      0.00186097
      0.00184924
      0.00183745
      0.00182560
      0.00181370
      0.00180174
      0.00178973
      0.00177766
      0.00176554
      0.00175336
      0.00174113
      0.00172884
      0.00171650
      0.00170411
      0.00169165
      0.00167915
      0.00166658
      0.00165397
      0.00164130
      0.00162857
      0.00161579
      0.00160295
      0.00159006
      0.00157711
      0.00156411
      0.00155105
      0.00153794
      0.00152477
      0.00151155
      0.00149827
      0.00148493
      0.00147157
      0.00145824
      0.00144511
      0.00143259
      0.00142138
      0.00141250
      0.00140617
      0.00139776
      0.00136622
      0.00124963
      0.00092658
      0.00035359
      0.00000000
