      0.00000000
      0.00035359
      0.00092659
      0.00124964
      0.00136625
      0.00139779
      0.00140621
      0.00141256
      0.00142146
      0.00143267
      0.00144521
      0.00145835
      0.00147169
      0.00148506
      0.00149841
      0.00151170
      0.00152494
      0.00153812
      0.00155124
      0.00156431
      0.00157733
      0.00159028
      0.00160319
      0.00161603
      0.00162883
      0.00164157
      0.00165425
      0.00166688
      0.00167945
      0.00169197
      0.00170443
      0.00171684
      0.00172919
      0.00174149
      0.00175373
      0.00176592
      0.00177805
      0.00179013
      0.00180215
      0.00181412
      0.00182603
      0.00183789
      0.00184969
      0.00186144
      0.00187314
      0.00188477
      0.00189636
      0.00190788
      0.00191936
      0.00193077
      0.00194214
      0.00195344
      0.00196470
      0.00197589
      0.00198704
      0.00199812
      0.00200916
      0.00202013
      0.00203106
      0.00204192
      0.00205274
      0.00206349
      0.00207420
      0.00208484
      0.00209544
      0.00210597
      0.00211646
      0.00212688
      0.00213726
      0.00214757
      0.00215783
      0.00216804
      0.00217819
      0.00218829
      0.00219833
      0.00220832
      0.00221825
      0.00222813
      0.00223795
      0.00224772
      0.00225743
      0.00226709
      0.00227669
      0.00228624
      0.00229573
      0.00230517
      0.00231455
      0.00232388
      0.00233315
      0.00234236
      0.00235153
      0.00236063
      0.00236968
      0.00237868
      0.00238762
      0.00239651
      0.00240534
      0.00241412
      0.00242284
      0.00243151
      0.00244012
      0.00244868
      0.00245718
      0.00246562
      0.00247402
      0.00248235
      0.00249063
      0.00249886
      0.00250703
      0.00251515
      0.00252321
      0.00253122
      0.00253917
      0.00254706
      0.00255491
      0.00256269
      0.00257042
      0.00257810
      0.00258572
      0.00259329
      0.00260080
      0.00260825
      0.00261566
      0.00262300
      0.00263029
      0.00263753
      0.00264471
      0.00265184
      0.00265891
      0.00266592
      0.00267288
      0.00267979
      0.00268664
      0.00269344
      0.00270018
      0.00270686
      0.00271349
      0.00272007
      0.00272659
      0.00273306
      0.00273947
      0.00274582
      0.00275212
      0.00275837
      0.00276456
      0.00277070
      0.00277678
      0.00278280
      0.00278877
      0.00279469
      0.00280055
      0.00280635
      0.00281211
      0.00281780
      0.00282344
      0.00282903
      0.00283456
      0.00284003
      0.00284545
      0.00285082
      0.00285613
      0.00286138
      0.00286658
      0.00287173
      0.00287682
      0.00288185
      0.00288683
      0.00289176
      0.00289663
      0.00290144
      0.00290620
      0.00291091
      0.00291556
      0.00292015
      0.00292469
      0.00292918
      0.00293361
      0.00293798
      0.00294230
      0.00294657
      0.00295078
      0.00295493
      0.00295903
      0.00296308
      0.00296707
      0.00297100
      0.00297488
      0.00297871
      0.00298247
      0.00298619
      0.00298985
      0.00299345
      0.00299700
      0.00300050
      0.00300394
      0.00300732
      0.00301065
      0.00301392
      0.00301714
      0.00302031
      0.00302342
      0.00302647
      0.00302947
      0.00303241
      0.00303530
      0.00303814
      0.00304092
      0.00304364
      0.00304631
      0.00304892
      0.00305148
      0.00305399
      0.00305643
      0.00305883
      0.00306117
      0.00306345
      0.00306568
      0.00306785
      0.00306997
      0.00307204
      0.00307404
      0.00307600
      0.00307790
      0.00307974
      0.00308153
      0.00308326
      0.00308494
      0.00308656
      0.00308813
      0.00308964
      0.00309110
      0.00309251
      0.00309385
      0.00309515
      0.00309639
      0.00309757
      0.00309870
      0.00309977
      0.00310079
      0.00310175
      0.00310266
      0.00310351
      0.00310431
      0.00310505
      0.00310574
      0.00310637
      0.00310695
      0.00310747
      0.00310794
      0.00310835
      0.00310871
      0.00310902
      0.00310926
      0.00310946
      0.00310959
      0.00310968
      0.00310970
      0.00310968
      0.00310959
      0.00310946
      0.00310926
      0.00310902
      0.00310871
      0.00310835
      0.00310794
      0.00310747
      0.00310695
      0.00310637
      0.00310574
      0.00310505
      0.00310431
      0.00310351
      0.00310266
      0.00310175
      0.00310079
      0.00309977
      0.00309870
      0.00309757
      0.00309639
      0.00309515
      0.00309385
      0.00309251
      0.00309110
      0.00308964
      0.00308813
      0.00308656
      0.00308494
      0.00308326
      0.00308153
      0.00307974
      0.00307790
      0.00307600
      0.00307404
      0.00307204
      0.00306997
      0.00306785
      0.00306568
      0.00306345
      0.00306117
      0.00305883
      0.00305643
      0.00305399
      0.00305148
      0.00304892
      0.00304631
      0.00304364
      0.00304092
      0.00303814
      0.00303530
      0.00303241
      0.00302947
      0.00302647
      0.00302342
      0.00302031
      0.00301714
      0.00301392
      0.00301065
      0.00300732
      0.00300394
      0.00300050
      0.00299700
      0.00299345
      0.00298985
      0.00298619
      0.00298247
      0.00297871
      0.00297488
      0.00297100
      0.00296707
      0.00296308
      0.00295903
      0.00295493
      0.00295078
      0.00294657
      0.00294230
      0.00293798
      0.00293361
      0.00292918
      0.00292469
      0.00292015
      0.00291556
      0.00291091
      0.00290620
      0.00290144
      0.00289663
      0.00289176
      0.00288683
      0.00288185
      0.00287682
      0.00287173
      0.00286658
      0.00286138
      0.00285613
      0.00285082
      0.00284545
      0.00284003
      0.00283456
      0.00282903
      0.00282344
      0.00281780
      0.00281211
      0.00280635
      0.00280055
      0.00279469
      0.00278877
      0.00278280
      0.00277678
      0.00277070
      0.00276456
      0.00275837
      0.00275212
      0.00274582
      0.00273947
      0.00273306
      0.00272659
      0.00272007
      0.00271349
      0.00270686
      0.00270018
      0.00269344
      0.00268664
      0.00267979
      0.00267288
      0.00266592
      0.00265891
      0.00265184
      0.00264471
      0.00263753
      0.00263029
      0.00262300
      0.00261566
      0.00260825
      0.00260080
      0.00259329
      0.00258572
      0.00257810
      0.00257042
      0.00256269
      0.00255491
      0.00254706
      0.00253917
      0.00253122
      0.00252321
      0.00251515
      0.00250703
      0.00249886
      0.00249063
      0.00248235
      0.00247402
      0.00246562
      0.00245718
      0.00244868
      0.00244012
      0.00243151
      0.00242284
      0.00241412
      0.00240534
      0.00239651
      0.00238762
      0.00237868
      0.00236968
      0.00236063
      0.00235153
      0.00234236
      0.00233315
      0.00232388
      0.00231455
      0.00230517
      0.00229573
      0.00228624
      0.00227669
      0.00226709
      0.00225743
      0.00224772
      0.00223795
      0.00222813
      0.00221825
      0.00220832
      0.00219833
      0.00218829
      0.00217819
      0.00216804
      0.00215783
      0.00214757
      0.00213726
      0.00212688
      0.00211646
      0.00210597
      0.00209544
      0.00208484
      0.00207420
      0.00206349
      0.00205274
      0.00204192
      0.00203106
      0.00202013
      0.00200916
      0.00199812
      0.00198704
      0.00197589
      0.00196470
      0.00195344
      0.00194214
      0.00193077
      0.00191936
      0.00190788
      0.00189636
      0.00188477
      0.00187314
      0.00186144
      0.00184969
      0.00183789
      0.00182603
      0.00181412
      0.00180215
      0.00179013
      0.00177805
      0.00176592
      0.00175373
      0.00174149
      0.00172919
      0.00171684
      0.00170443
      0.00169197
      0.00167945
      0.00166688
      0.00165425
      0.00164157
      0.00162883
      0.00161603
      0.00160319
      0.00159028
      0.00157733
      0.00156431
      0.00155124
      0.00153812
      0.00152494
      0.00151170
      0.00149841
      0.00148506
      0.00147169
      0.00145835
      0.00144521
      0.00143267
      0.00142146
      0.00141256
      0.00140621
      0.00139779
      0.00136625
      0.00124964
      0.00092659
      0.00035359
      0.00000000
