             NaN
      2.76591791
      2.96072495
      3.07907869
     -3.13817977
     -3.10523937
     -3.09061056
     -3.08488651
     -3.08294953
     -3.08240430
     -3.08228007
     -3.08224150
     -3.08219699
     -3.08213316
     -3.08205512
     -3.08196895
     -3.08187835
     -3.08178514
     -3.08169007
     -3.08159339
     -3.08149519
     -3.08139549
     -3.08129430
     -3.08119160
     -3.08108741
     -3.08098173
     -3.08087456
     -3.08076591
     -3.08065577
     -3.08054417
     -3.08043110
     -3.08031657
     -3.08020058
     -3.08008314
     -3.07996426
     -3.07984393
     -3.07972218
     -3.07959900
     -3.07947439
     -3.07934837
     -3.07922095
     -3.07909211
     -3.07896189
     -3.07883027
     -3.07869727
     -3.07856289
     -3.07842714
     -3.07829002
     -3.07815155
     -3.07801173
     -3.07787055
     -3.07772804
     -3.07758420
     -3.07743903
     -3.07729254
     -3.07714474
     -3.07699563
     -3.07684522
     -3.07669352
     -3.07654053
     -3.07638626
     -3.07623072
     -3.07607390
     -3.07591583
     -3.07575651
     -3.07559593
     -3.07543412
     -3.07527106
     -3.07510679
     -3.07494129
     -3.07477457
     -3.07460665
     -3.07443752
     -3.07426720
     -3.07409569
     -3.07392300
     -3.07374913
     -3.07357409
     -3.07339789
     -3.07322053
     -3.07304202
     -3.07286237
     -3.07268158
     -3.07249967
     -3.07231663
     -3.07213247
     -3.07194720
     -3.07176082
     -3.07157335
     -3.07138479
     -3.07119514
     -3.07100441
     -3.07081261
     -3.07061974
     -3.07042582
     -3.07023084
     -3.07003482
     -3.06983775
     -3.06963966
     -3.06944053
     -3.06924039
     -3.06903923
     -3.06883706
     -3.06863390
     -3.06842973
     -3.06822458
     -3.06801845
     -3.06781134
     -3.06760326
     -3.06739422
     -3.06718422
     -3.06697328
     -3.06676138
     -3.06654856
     -3.06633480
     -3.06612011
     -3.06590451
     -3.06568800
     -3.06547058
     -3.06525226
     -3.06503305
     -3.06481296
     -3.06459198
     -3.06437014
     -3.06414742
     -3.06392384
     -3.06369941
     -3.06347414
     -3.06324802
     -3.06302106
     -3.06279328
     -3.06256468
     -3.06233526
     -3.06210503
     -3.06187400
     -3.06164217
     -3.06140955
     -3.06117615
     -3.06094197
     -3.06070701
     -3.06047130
     -3.06023483
     -3.05999760
     -3.05975963
     -3.05952092
     -3.05928148
     -3.05904131
     -3.05880043
     -3.05855883
     -3.05831652
     -3.05807351
     -3.05782981
     -3.05758542
     -3.05734035
     -3.05709461
     -3.05684819
     -3.05660112
     -3.05635339
     -3.05610501
     -3.05585599
     -3.05560633
     -3.05535604
     -3.05510513
     -3.05485360
     -3.05460147
     -3.05434873
     -3.05409539
     -3.05384146
     -3.05358695
     -3.05333185
     -3.05307619
     -3.05281996
     -3.05256318
     -3.05230584
     -3.05204795
     -3.05178953
     -3.05153058
     -3.05127109
     -3.05101109
     -3.05075058
     -3.05048956
     -3.05022804
     -3.04996602
     -3.04970352
     -3.04944054
     -3.04917708
     -3.04891316
     -3.04864877
     -3.04838393
     -3.04811864
     -3.04785291
     -3.04758675
     -3.04732016
     -3.04705314
     -3.04678571
     -3.04651787
     -3.04624963
     -3.04598099
     -3.04571197
     -3.04544256
     -3.04517277
     -3.04490262
     -3.04463210
     -3.04436122
     -3.04409000
     -3.04381843
     -3.04354653
     -3.04327429
     -3.04300173
     -3.04272886
     -3.04245567
     -3.04218218
     -3.04190839
     -3.04163431
     -3.04135995
     -3.04108531
     -3.04081040
     -3.04053522
     -3.04025979
     -3.03998410
     -3.03970817
     -3.03943201
     -3.03915561
     -3.03887898
     -3.03860214
     -3.03832508
     -3.03804782
     -3.03777037
     -3.03749272
     -3.03721488
     -3.03693687
     -3.03665868
     -3.03638033
     -3.03610182
     -3.03582315
     -3.03554435
     -3.03526540
     -3.03498632
     -3.03470711
     -3.03442779
     -3.03414835
     -3.03386880
     -3.03358916
     -3.03330942
     -3.03302960
     -3.03274970
     -3.03246973
     -3.03218969
     -3.03190958
     -3.03162943
     -3.03134923
     -3.03106899
     -3.03078872
     -3.03050842
     -3.03022810
     -3.02994777
     -3.02966743
     -3.02938709
     -3.02910676
     -3.02882644
     -3.02854614
     -3.02826587
     -3.02798563
     -3.02770543
     -3.02742528
     -3.02714518
     -3.02686513
     -3.02658516
     -3.02630526
     -3.02602544
     -3.02574570
     -3.02546606
     -3.02518651
     -3.02490707
     -3.02462775
     -3.02434854
     -3.02406946
     -3.02379052
     -3.02351171
     -3.02323304
     -3.02295453
     -3.02267618
     -3.02239799
     -3.02211998
     -3.02184214
     -3.02156449
     -3.02128704
     -3.02100978
     -3.02073272
     -3.02045588
     -3.02017925
     -3.01990285
     -3.01962669
     -3.01935076
     -3.01907507
     -3.01879964
     -3.01852446
     -3.01824955
     -3.01797491
     -3.01770055
     -3.01742647
     -3.01715268
     -3.01687919
     -3.01660600
     -3.01633313
     -3.01606057
     -3.01578833
     -3.01551643
     -3.01524486
     -3.01497364
     -3.01470276
     -3.01443224
     -3.01416209
     -3.01389230
     -3.01362289
     -3.01335387
     -3.01308523
     -3.01281699
     -3.01254915
     -3.01228172
     -3.01201470
     -3.01174811
     -3.01148195
     -3.01121622
     -3.01095093
     -3.01068609
     -3.01042170
     -3.01015778
     -3.00989432
     -3.00963134
     -3.00936884
     -3.00910682
     -3.00884530
     -3.00858428
     -3.00832377
     -3.00806376
     -3.00780428
     -3.00754533
     -3.00728690
     -3.00702902
     -3.00677168
     -3.00651490
     -3.00625867
     -3.00600300
     -3.00574791
     -3.00549340
     -3.00523947
     -3.00498613
     -3.00473339
     -3.00448125
     -3.00422973
     -3.00397882
     -3.00372853
     -3.00347887
     -3.00322985
     -3.00298147
     -3.00273374
     -3.00248667
     -3.00224025
     -3.00199451
     -3.00174944
     -3.00150505
     -3.00126135
     -3.00101834
     -3.00077603
     -3.00053443
     -3.00029355
     -3.00005338
     -2.99981394
     -2.99957523
     -2.99933726
     -2.99910003
     -2.99886356
     -2.99862784
     -2.99839289
     -2.99815871
     -2.99792531
     -2.99769269
     -2.99746086
     -2.99722983
     -2.99699960
     -2.99677018
     -2.99654158
     -2.99631379
     -2.99608684
     -2.99586072
     -2.99563544
     -2.99541101
     -2.99518744
     -2.99496472
     -2.99474287
     -2.99452190
     -2.99430180
     -2.99408259
     -2.99386428
     -2.99364686
     -2.99343035
     -2.99321474
     -2.99300006
     -2.99278630
     -2.99257347
     -2.99236158
     -2.99215063
     -2.99194064
     -2.99173160
     -2.99152352
     -2.99131641
     -2.99111028
     -2.99090512
     -2.99070096
     -2.99049779
     -2.99029563
     -2.99009447
     -2.98989432
     -2.98969520
     -2.98949710
     -2.98930004
     -2.98910402
     -2.98890904
     -2.98871511
     -2.98852225
     -2.98833045
     -2.98813972
     -2.98795007
     -2.98776151
     -2.98757404
     -2.98738766
     -2.98720239
     -2.98701823
     -2.98683519
     -2.98665327
     -2.98647248
     -2.98629283
     -2.98611433
     -2.98593697
     -2.98576077
     -2.98558573
     -2.98541186
     -2.98523917
     -2.98506766
     -2.98489734
     -2.98472821
     -2.98456029
     -2.98439357
     -2.98422807
     -2.98406379
     -2.98390074
     -2.98373893
     -2.98357835
     -2.98341902
     -2.98326095
     -2.98310414
     -2.98294860
     -2.98279433
     -2.98264134
     -2.98248963
     -2.98233922
     -2.98219012
     -2.98204231
     -2.98189582
     -2.98175066
     -2.98160681
     -2.98146430
     -2.98132313
     -2.98118331
     -2.98104483
     -2.98090772
     -2.98077197
     -2.98063759
     -2.98050459
     -2.98037297
     -2.98024274
     -2.98011391
     -2.97998648
     -2.97986046
     -2.97973586
     -2.97961268
     -2.97949092
     -2.97937060
     -2.97925171
     -2.97913428
     -2.97901829
     -2.97890375
     -2.97879068
     -2.97867908
     -2.97856895
     -2.97846030
     -2.97835313
     -2.97824745
     -2.97814325
     -2.97804056
     -2.97793936
     -2.97783966
     -2.97774147
     -2.97764479
     -2.97754971
     -2.97745650
     -2.97736591
     -2.97727973
     -2.97720170
     -2.97713787
     -2.97709335
     -2.97705478
     -2.97693056
     -2.97638533
     -2.97444835
     -2.96872430
     -2.95409549
     -2.92115509
     -2.85522824
     -2.73687449
     -2.54206746
      0.00000000
