      0.00000000
      0.50254988
      0.30774594
      0.18939812
      0.12348137
      0.09055659
      0.07594976
      0.07025430
      0.06835238
      0.06784841
      0.06777138
      0.06778573
      0.06779973
      0.06779986
      0.06779116
      0.06777960
      0.06776882
      0.06776055
      0.06775548
      0.06775380
      0.06775552
      0.06776060
      0.06776898
      0.06778060
      0.06779540
      0.06781333
      0.06783434
      0.06785838
      0.06788539
      0.06791533
      0.06794816
      0.06798383
      0.06802230
      0.06806353
      0.06810747
      0.06815409
      0.06820336
      0.06825522
      0.06830965
      0.06836661
      0.06842607
      0.06848799
      0.06855234
      0.06861909
      0.06868821
      0.06875967
      0.06883343
      0.06890947
      0.06898777
      0.06906828
      0.06915100
      0.06923588
      0.06932291
      0.06941206
      0.06950331
      0.06959662
      0.06969199
      0.06978938
      0.06988876
      0.06999013
      0.07009346
      0.07019873
      0.07030591
      0.07041498
      0.07052593
      0.07063874
      0.07075338
      0.07086984
      0.07098810
      0.07110814
      0.07122995
      0.07135349
      0.07147877
      0.07160575
      0.07173443
      0.07186478
      0.07199679
      0.07213045
      0.07226574
      0.07240263
      0.07254113
      0.07268121
      0.07282285
      0.07296605
      0.07311078
      0.07325704
      0.07340481
      0.07355407
      0.07370482
      0.07385703
      0.07401069
      0.07416580
      0.07432234
      0.07448029
      0.07463964
      0.07480039
      0.07496251
      0.07512599
      0.07529083
      0.07545701
      0.07562451
      0.07579334
      0.07596347
      0.07613489
      0.07630759
      0.07648156
      0.07665679
      0.07683327
      0.07701099
      0.07718993
      0.07737008
      0.07755144
      0.07773400
      0.07791773
      0.07810264
      0.07828871
      0.07847593
      0.07866429
      0.07885378
      0.07904439
      0.07923611
      0.07942893
      0.07962284
      0.07981783
      0.08001390
      0.08021102
      0.08040919
      0.08060841
      0.08080866
      0.08100993
      0.08121221
      0.08141550
      0.08161978
      0.08182505
      0.08203129
      0.08223850
      0.08244666
      0.08265578
      0.08286583
      0.08307681
      0.08328872
      0.08350153
      0.08371525
      0.08392987
      0.08414537
      0.08436174
      0.08457899
      0.08479709
      0.08501605
      0.08523584
      0.08545647
      0.08567793
      0.08590020
      0.08612328
      0.08634716
      0.08657183
      0.08679728
      0.08702351
      0.08725050
      0.08747825
      0.08770675
      0.08793599
      0.08816596
      0.08839666
      0.08862807
      0.08886019
      0.08909301
      0.08932652
      0.08956072
      0.08979559
      0.09003113
      0.09026732
      0.09050417
      0.09074166
      0.09097978
      0.09121854
      0.09145791
      0.09169789
      0.09193847
      0.09217965
      0.09242142
      0.09266377
      0.09290668
      0.09315016
      0.09339420
      0.09363878
      0.09388391
      0.09412956
      0.09437574
      0.09462244
      0.09486964
      0.09511735
      0.09536555
      0.09561423
      0.09586339
      0.09611302
      0.09636311
      0.09661366
      0.09686465
      0.09711608
      0.09736794
      0.09762023
      0.09787293
      0.09812604
      0.09837955
      0.09863345
      0.09888774
      0.09914241
      0.09939744
      0.09965284
      0.09990859
      0.10016468
      0.10042112
      0.10067789
      0.10093498
      0.10119239
      0.10145011
      0.10170813
      0.10196644
      0.10222504
      0.10248391
      0.10274306
      0.10300247
      0.10326214
      0.10352205
      0.10378220
      0.10404259
      0.10430321
      0.10456404
      0.10482508
      0.10508632
      0.10534776
      0.10560939
      0.10587120
      0.10613318
      0.10639532
      0.10665763
      0.10692008
      0.10718267
      0.10744541
      0.10770826
      0.10797124
      0.10823433
      0.10849753
      0.10876082
      0.10902421
      0.10928767
      0.10955121
      0.10981482
      0.11007849
      0.11034221
      0.11060598
      0.11086978
      0.11113362
      0.11139747
      0.11166134
      0.11192522
      0.11218910
      0.11245297
      0.11271683
      0.11298066
      0.11324447
      0.11350823
      0.11377195
      0.11403562
      0.11429923
      0.11456277
      0.11482624
      0.11508962
      0.11535292
      0.11561611
      0.11587920
      0.11614218
      0.11640504
      0.11666777
      0.11693037
      0.11719282
      0.11745512
      0.11771727
      0.11797925
      0.11824106
      0.11850269
      0.11876412
      0.11902537
      0.11928641
      0.11954724
      0.11980785
      0.12006824
      0.12032840
      0.12058831
      0.12084798
      0.12110739
      0.12136653
      0.12162541
      0.12188401
      0.12214232
      0.12240034
      0.12265806
      0.12291547
      0.12317256
      0.12342933
      0.12368576
      0.12394186
      0.12419761
      0.12445301
      0.12470804
      0.12496271
      0.12521699
      0.12547090
      0.12572441
      0.12597751
      0.12623022
      0.12648250
      0.12673436
      0.12698580
      0.12723679
      0.12748734
      0.12773743
      0.12798706
      0.12823622
      0.12848490
      0.12873310
      0.12898080
      0.12922801
      0.12947471
      0.12972088
      0.12996654
      0.13021166
      0.13045625
      0.13070028
      0.13094376
      0.13118668
      0.13142903
      0.13167079
      0.13191197
      0.13215256
      0.13239254
      0.13263191
      0.13287066
      0.13310879
      0.13334628
      0.13358313
      0.13381932
      0.13405486
      0.13428973
      0.13452392
      0.13475744
      0.13499026
      0.13522238
      0.13545379
      0.13568448
      0.13591446
      0.13614370
      0.13637220
      0.13659995
      0.13682694
      0.13705316
      0.13727862
      0.13750329
      0.13772717
      0.13795025
      0.13817252
      0.13839397
      0.13861460
      0.13883440
      0.13905336
      0.13927146
      0.13948871
      0.13970508
      0.13992058
      0.14013520
      0.14034892
      0.14056173
      0.14077364
      0.14098462
      0.14119467
      0.14140379
      0.14161195
      0.14181916
      0.14202540
      0.14223067
      0.14243495
      0.14263824
      0.14284052
      0.14304179
      0.14324204
      0.14344125
      0.14363943
      0.14383655
      0.14403262
      0.14422761
      0.14442152
      0.14461434
      0.14480606
      0.14499667
      0.14518616
      0.14537452
      0.14556174
      0.14574781
      0.14593272
      0.14611645
      0.14629901
      0.14648037
      0.14666052
      0.14683946
      0.14701718
      0.14719366
      0.14736889
      0.14754286
      0.14771556
      0.14788698
      0.14805711
      0.14822594
      0.14839344
      0.14855962
      0.14872446
      0.14888794
      0.14905006
      0.14921081
      0.14937016
      0.14952811
      0.14968465
      0.14983976
      0.14999342
      0.15014563
      0.15029638
      0.15044564
      0.15059341
      0.15073967
      0.15088440
      0.15102760
      0.15116924
      0.15130932
      0.15144782
      0.15158471
      0.15172000
      0.15185366
      0.15198567
      0.15211602
      0.15224470
      0.15237168
      0.15249696
      0.15262050
      0.15274231
      0.15286235
      0.15298061
      0.15309707
      0.15321171
      0.15332452
      0.15343547
      0.15354454
      0.15365172
      0.15375699
      0.15386032
      0.15396169
      0.15406108
      0.15415846
      0.15425383
      0.15434714
      0.15443839
      0.15452754
      0.15461457
      0.15469945
      0.15478217
      0.15486268
      0.15494098
      0.15501702
      0.15509079
      0.15516224
      0.15523136
      0.15529811
      0.15536246
      0.15542438
      0.15548384
      0.15554080
      0.15559523
      0.15564710
      0.15569636
      0.15574298
      0.15578692
      0.15582815
      0.15586662
      0.15590229
      0.15593512
      0.15596506
      0.15599208
      0.15601611
      0.15603712
      0.15605505
      0.15606985
      0.15608147
      0.15608985
      0.15609493
      0.15609665
      0.15609497
      0.15608990
      0.15608163
      0.15607085
      0.15605929
      0.15605059
      0.15605072
      0.15606472
      0.15607907
      0.15600204
      0.15549807
      0.15359615
      0.14790069
      0.13329386
      0.10036908
      0.03445233
     -0.08389549
     -0.27869943
      0.00000000
