      0.00000000
      0.00000000
      0.00000000
      0.00000000
      0.00000000
      0.00000000
      0.00000000
      0.00000000
      0.00000000
      0.00000000
      0.00000000
      0.00000000
      0.00000000
      0.00000000
      0.00000000
      0.00000000
      0.00000000
      0.00000000
      0.00000000
      0.00000000
      0.00000000
      0.00000000
      0.00000000
      0.00000000
      0.00000000
      0.00000000
      0.00000000
      0.00000000
      0.00000000
      0.00000000
      0.00000000
      0.00000000
      0.00000000
      0.00000000
      0.00000000
      0.00000000
      0.00000000
      0.00000000
      0.00000000
      0.00000000
      0.00000000
      0.00000000
      0.00000000
      0.00000000
      0.00000000
      0.00000000
      0.00000000
      0.00000000
      0.00000000
      0.00000000
      0.00000000
      0.00000000
      0.00000000
      0.00000000
      0.00000000
      0.00000000
      0.00000000
      0.00000000
      0.00000000
      0.00000000
      0.00000000
      0.00000000
      0.00000000
      0.00000000
      0.00000000
      0.00000000
      0.00000000
      0.00000000
      0.00000000
      0.00000000
      0.00000000
      0.00000000
      0.00000000
      0.00000000
      0.00000000
      0.00000000
      0.00000000
      0.00000000
      0.00000000
      0.00000000
      0.00000000
      0.00000000
      0.00000000
      0.00000000
      0.00000000
      0.00000000
      0.00000000
      0.00000000
      0.00000000
      0.00000000
      0.00000000
      0.00000000
      0.00000000
      0.00000000
      0.00000000
      0.00000000
      0.00000000
      0.00000000
      0.00000000
      0.00000000
      0.00000000
      0.00000000
      0.00000000
      0.00000000
      0.00000000
      0.00000000
      0.00000000
      0.00000000
      0.00000000
      0.00000000
      0.00000000
      0.00000000
      0.00000000
      0.00000000
      0.00000000
      0.00000000
      0.00000000
      0.00000000
      0.00000000
      0.00000000
      0.00000000
      0.00000000
      0.00000000
      0.00000000
      0.00000000
      0.00000000
      0.00000000
      0.00000000
      0.00000000
      0.00000000
      0.00000000
      0.00000000
      0.00000000
      0.00000000
      0.00000000
      0.00000000
      0.00000000
      0.00000000
      0.00000000
      0.00000000
      0.00000000
      0.00000000
      0.00000000
      0.00000000
      0.00000000
      0.00000000
      0.00000001
      0.00000003
      0.00000015
      0.00000091
      0.00000483
      0.00002007
      0.00006360
      0.00015459
      0.00029637
      0.00047030
      0.00065271
      0.00083046
      0.00100103
      0.00116632
      0.00132842
      0.00148849
      0.00164695
      0.00180386
      0.00195919
      0.00211288
      0.00226491
      0.00241527
      0.00256395
      0.00271095
      0.00285628
      0.00299992
      0.00314188
      0.00328215
      0.00342075
      0.00355767
      0.00369290
      0.00382645
      0.00395833
      0.00408852
      0.00421703
      0.00434386
      0.00446901
      0.00459248
      0.00471427
      0.00483438
      0.00495281
      0.00506956
      0.00518463
      0.00529802
      0.00540973
      0.00551977
      0.00562812
      0.00573479
      0.00583978
      0.00594309
      0.00604472
      0.00614467
      0.00624295
      0.00633954
      0.00643446
      0.00652769
      0.00661925
      0.00670912
      0.00679732
      0.00688383
      0.00696867
      0.00705183
      0.00713331
      0.00721311
      0.00729123
      0.00736767
      0.00744243
      0.00751552
      0.00758692
      0.00765664
      0.00772469
      0.00779106
      0.00785574
      0.00791875
      0.00798008
      0.00803972
      0.00809768
      0.00815398
      0.00820864
      0.00826168
      0.00831308
      0.00836269
      0.00841008
      0.00845462
      0.00849590
      0.00853531
      0.00857885
      0.00863978
      0.00873657
      0.00888054
      0.00905693
      0.00920892
      0.00921670
      0.00889179
      0.00840241
      0.00871411
      0.00941862
      0.00983018
      0.01001385
      0.01004819
      0.00990383
      0.00948363
      0.00895017
      0.00909530
      0.00971710
      0.01012556
      0.01029022
      0.01028616
      0.01010197
      0.00965527
      0.00908436
      0.00915160
      0.00974040
      0.01013984
      0.01028895
      0.01026595
      0.01006781
      0.00961190
      0.00899843
      0.00899006
      0.00954832
      0.00991804
      0.01002533
      0.00996560
      0.00975301
      0.00929156
      0.00857118
      0.00841379
      0.00893684
      0.00919723
      0.00915339
      0.00899177
      0.00881930
      0.00868396
      0.00859434
      0.00853669
      0.00849321
      0.00845222
      0.00840891
      0.00836239
      0.00831316
      0.00826183
      0.00820876
      0.00815405
      0.00809773
      0.00803975
      0.00798011
      0.00791878
      0.00785578
      0.00779109
      0.00772472
      0.00765668
      0.00758695
      0.00751555
      0.00744247
      0.00736770
      0.00729126
      0.00721314
      0.00713334
      0.00705186
      0.00696870
      0.00688386
      0.00679735
      0.00670915
      0.00661927
      0.00652772
      0.00643448
      0.00633957
      0.00624297
      0.00614470
      0.00604475
      0.00594311
      0.00583980
      0.00573481
      0.00562814
      0.00551979
      0.00540976
      0.00529805
      0.00518465
      0.00506958
      0.00495283
      0.00483440
      0.00471429
      0.00459250
      0.00446903
      0.00434388
      0.00421705
      0.00408853
      0.00395834
      0.00382647
      0.00369291
      0.00355768
      0.00342076
      0.00328216
      0.00314189
      0.00299993
      0.00285628
      0.00271096
      0.00256396
      0.00241527
      0.00226491
      0.00211288
      0.00195919
      0.00180387
      0.00164696
      0.00148850
      0.00132842
      0.00116632
      0.00100103
      0.00083046
      0.00065271
      0.00047030
      0.00029637
      0.00015459
      0.00006360
      0.00002007
      0.00000483
      0.00000091
      0.00000015
      0.00000003
      0.00000001
      0.00000000
      0.00000000
      0.00000000
      0.00000000
      0.00000000
      0.00000000
      0.00000000
      0.00000000
      0.00000000
      0.00000000
      0.00000000
      0.00000000
      0.00000000
      0.00000000
      0.00000000
      0.00000000
      0.00000000
      0.00000000
      0.00000000
      0.00000000
      0.00000000
      0.00000000
      0.00000000
      0.00000000
      0.00000000
      0.00000000
      0.00000000
      0.00000000
      0.00000000
      0.00000000
      0.00000000
      0.00000000
      0.00000000
      0.00000000
      0.00000000
      0.00000000
      0.00000000
      0.00000000
      0.00000000
      0.00000000
      0.00000000
      0.00000000
      0.00000000
      0.00000000
      0.00000000
      0.00000000
      0.00000000
      0.00000000
      0.00000000
      0.00000000
      0.00000000
      0.00000000
      0.00000000
      0.00000000
      0.00000000
      0.00000000
      0.00000000
      0.00000000
      0.00000000
      0.00000000
      0.00000000
      0.00000000
      0.00000000
      0.00000000
      0.00000000
      0.00000000
      0.00000000
      0.00000000
      0.00000000
      0.00000000
      0.00000000
      0.00000000
      0.00000000
      0.00000000
      0.00000000
      0.00000000
      0.00000000
      0.00000000
      0.00000000
      0.00000000
      0.00000000
      0.00000000
      0.00000000
      0.00000000
      0.00000000
      0.00000000
      0.00000000
      0.00000000
      0.00000000
      0.00000000
      0.00000000
      0.00000000
      0.00000000
      0.00000000
      0.00000000
      0.00000000
      0.00000000
      0.00000000
      0.00000000
      0.00000000
      0.00000000
      0.00000000
      0.00000000
      0.00000000
      0.00000000
      0.00000000
      0.00000000
      0.00000000
      0.00000000
      0.00000000
      0.00000000
      0.00000000
      0.00000000
      0.00000000
      0.00000000
      0.00000000
      0.00000000
      0.00000000
      0.00000000
      0.00000000
      0.00000000
      0.00000000
      0.00000000
      0.00000000
      0.00000000
      0.00000000
      0.00000000
      0.00000000
      0.00000000
      0.00000000
      0.00000000
      0.00000000
      0.00000000
      0.00000000
      0.00000000
      0.00000000
      0.00000000
      0.00000000
      0.00000000
      0.00000000
      0.00000000
      0.00000000
      0.00000000
      0.00000000
      0.00000000
      0.00000000
