      0.00000000
      0.00000000
      0.00000000
      0.00000000
      0.00000000
      0.00000000
      0.00000000
      0.00000000
      0.00000000
      0.00000000
      0.00000000
      0.00000000
      0.00000000
      0.00000000
      0.00000000
      0.00000000
      0.00000000
      0.00000000
      0.00000000
      0.00000000
      0.00000000
      0.00000000
      0.00000000
      0.00000000
      0.00000000
      0.00000000
      0.00000000
      0.00000000
      0.00000000
      0.00000000
      0.00000000
      0.00000000
      0.00000000
      0.00000000
      0.00000000
      0.00000000
      0.00000000
      0.00000000
      0.00000000
      0.00000000
      0.00000000
      0.00000000
      0.00000000
      0.00000000
      0.00000000
      0.00000000
      0.00000000
      0.00000000
      0.00000000
      0.00000000
      0.00000000
      0.00000000
      0.00000000
      0.00000000
      0.00000000
      0.00000000
      0.00000000
      0.00000000
      0.00000000
      0.00000000
      0.00000000
      0.00000000
      0.00000000
      0.00000000
      0.00000000
      0.00000000
      0.00000000
      0.00000000
      0.00000000
      0.00000000
      0.00000000
      0.00000000
      0.00000000
      0.00000000
      0.00000000
      0.00000000
      0.00000000
      0.00000000
      0.00000000
      0.00000000
      0.00000000
      0.00000000
      0.00000000
      0.00000000
      0.00000000
      0.00000000
      0.00000000
      0.00000000
      0.00000000
      0.00000000
      0.00000000
      0.00000000
      0.00000000
      0.00000000
      0.00000000
      0.00000000
      0.00000000
      0.00000000
      0.00000000
      0.00000000
      0.00000000
      0.00000000
      0.00000000
      0.00000000
      0.00000000
      0.00000000
      0.00000000
      0.00000000
      0.00000000
      0.00000000
      0.00000000
      0.00000000
      0.00000000
      0.00000000
      0.00000000
      0.00000000
      0.00000000
      0.00000000
      0.00000000
      0.00000000
      0.00000000
      0.00000000
      0.00000000
      0.00000000
      0.00000000
      0.00000000
      0.00000000
      0.00000000
      0.00000000
      0.00000000
      0.00000000
      0.00000000
      0.00000000
      0.00000000
      0.00000000
      0.00000000
      0.00000000
      0.00000000
      0.00000000
      0.00000000
      0.00000000
      0.00000000
      0.00000000
      0.00000000
      0.00000000
      0.00000000
      0.00000001
      0.00000003
      0.00000015
      0.00000091
      0.00000483
      0.00002007
      0.00006361
      0.00015461
      0.00029640
      0.00047036
      0.00065281
      0.00083061
      0.00100124
      0.00116660
      0.00132879
      0.00148896
      0.00164753
      0.00180455
      0.00195999
      0.00211381
      0.00226597
      0.00241646
      0.00256528
      0.00271242
      0.00285789
      0.00300167
      0.00314377
      0.00328419
      0.00342293
      0.00355999
      0.00369537
      0.00382907
      0.00396109
      0.00409142
      0.00422008
      0.00434705
      0.00447234
      0.00459595
      0.00471788
      0.00483813
      0.00495669
      0.00507357
      0.00518877
      0.00530229
      0.00541413
      0.00552429
      0.00563276
      0.00573955
      0.00584466
      0.00594809
      0.00604983
      0.00614989
      0.00624828
      0.00634497
      0.00643999
      0.00653333
      0.00662498
      0.00671495
      0.00680324
      0.00688984
      0.00697476
      0.00705800
      0.00713956
      0.00721944
      0.00729763
      0.00737414
      0.00744897
      0.00752212
      0.00759358
      0.00766337
      0.00773147
      0.00779788
      0.00786262
      0.00792567
      0.00798703
      0.00804671
      0.00810470
      0.00816103
      0.00821570
      0.00826874
      0.00832014
      0.00836972
      0.00841707
      0.00846153
      0.00850266
      0.00854178
      0.00858479
      0.00864491
      0.00874061
      0.00888340
      0.00905873
      0.00920988
      0.00921695
      0.00889128
      0.00840119
      0.00871313
      0.00941830
      0.00983025
      0.01001406
      0.01004838
      0.00990387
      0.00948336
      0.00894954
      0.00909475
      0.00971692
      0.01012565
      0.01029041
      0.01028634
      0.01010202
      0.00965504
      0.00908380
      0.00915108
      0.00974023
      0.01013992
      0.01028914
      0.01026613
      0.01006786
      0.00961167
      0.00899783
      0.00898947
      0.00954810
      0.00991811
      0.01002553
      0.00996580
      0.00975303
      0.00929112
      0.00857006
      0.00841261
      0.00893644
      0.00919759
      0.00915447
      0.00899373
      0.00882234
      0.00868816
      0.00859958
      0.00854267
      0.00849966
      0.00845893
      0.00841575
      0.00836930
      0.00832011
      0.00826880
      0.00821573
      0.00816101
      0.00810467
      0.00804667
      0.00798699
      0.00792563
      0.00786258
      0.00779785
      0.00773143
      0.00766333
      0.00759355
      0.00752209
      0.00744894
      0.00737411
      0.00729760
      0.00721941
      0.00713953
      0.00705797
      0.00697473
      0.00688981
      0.00680321
      0.00671492
      0.00662495
      0.00653330
      0.00643996
      0.00634495
      0.00624825
      0.00614987
      0.00604981
      0.00594806
      0.00584464
      0.00573953
      0.00563274
      0.00552426
      0.00541411
      0.00530227
      0.00518875
      0.00507355
      0.00495667
      0.00483811
      0.00471786
      0.00459594
      0.00447233
      0.00434704
      0.00422006
      0.00409141
      0.00396108
      0.00382906
      0.00369536
      0.00355998
      0.00342292
      0.00328418
      0.00314376
      0.00300166
      0.00285788
      0.00271242
      0.00256528
      0.00241646
      0.00226596
      0.00211380
      0.00195999
      0.00180455
      0.00164753
      0.00148896
      0.00132879
      0.00116660
      0.00100124
      0.00083060
      0.00065281
      0.00047036
      0.00029640
      0.00015461
      0.00006361
      0.00002007
      0.00000483
      0.00000091
      0.00000015
      0.00000003
      0.00000001
      0.00000000
      0.00000000
      0.00000000
      0.00000000
      0.00000000
      0.00000000
      0.00000000
      0.00000000
      0.00000000
      0.00000000
      0.00000000
      0.00000000
      0.00000000
      0.00000000
      0.00000000
      0.00000000
      0.00000000
      0.00000000
      0.00000000
      0.00000000
      0.00000000
      0.00000000
      0.00000000
      0.00000000
      0.00000000
      0.00000000
      0.00000000
      0.00000000
      0.00000000
      0.00000000
      0.00000000
      0.00000000
      0.00000000
      0.00000000
      0.00000000
      0.00000000
      0.00000000
      0.00000000
      0.00000000
      0.00000000
      0.00000000
      0.00000000
      0.00000000
      0.00000000
      0.00000000
      0.00000000
      0.00000000
      0.00000000
      0.00000000
      0.00000000
      0.00000000
      0.00000000
      0.00000000
      0.00000000
      0.00000000
      0.00000000
      0.00000000
      0.00000000
      0.00000000
      0.00000000
      0.00000000
      0.00000000
      0.00000000
      0.00000000
      0.00000000
      0.00000000
      0.00000000
      0.00000000
      0.00000000
      0.00000000
      0.00000000
      0.00000000
      0.00000000
      0.00000000
      0.00000000
      0.00000000
      0.00000000
      0.00000000
      0.00000000
      0.00000000
      0.00000000
      0.00000000
      0.00000000
      0.00000000
      0.00000000
      0.00000000
      0.00000000
      0.00000000
      0.00000000
      0.00000000
      0.00000000
      0.00000000
      0.00000000
      0.00000000
      0.00000000
      0.00000000
      0.00000000
      0.00000000
      0.00000000
      0.00000000
      0.00000000
      0.00000000
      0.00000000
      0.00000000
      0.00000000
      0.00000000
      0.00000000
      0.00000000
      0.00000000
      0.00000000
      0.00000000
      0.00000000
      0.00000000
      0.00000000
      0.00000000
      0.00000000
      0.00000000
      0.00000000
      0.00000000
      0.00000000
      0.00000000
      0.00000000
      0.00000000
      0.00000000
      0.00000000
      0.00000000
      0.00000000
      0.00000000
      0.00000000
      0.00000000
      0.00000000
      0.00000000
      0.00000000
      0.00000000
      0.00000000
      0.00000000
      0.00000000
      0.00000000
      0.00000000
      0.00000000
      0.00000000
      0.00000000
      0.00000000
      0.00000000
      0.00000000
      0.00000000
