      0.00000000
     -0.28411787
      0.10650713
      0.49713213
      0.88775713
      1.27838213
      1.66900713
      2.05963213
      2.45025713
      2.84088213
     -3.05167818
     -2.66105318
     -2.27042818
     -1.87980318
     -1.48917818
     -1.09855318
     -0.70792818
     -0.31730318
      0.07332182
      0.46394682
      0.85457182
      1.24519682
      1.63582182
      2.02644682
      2.41707182
      2.80769682
     -3.08486348
     -2.69423848
     -2.30361348
     -1.91298848
     -1.52236348
     -1.13173848
     -0.74111348
     -0.35048848
      0.04013652
      0.43076152
      0.82138652
      1.21201152
      1.60263652
      1.99326152
      2.38388652
      2.77451152
     -3.11804879
     -2.72742379
     -2.33679879
     -1.94617379
     -1.55554879
     -1.16492379
     -0.77429879
     -0.38367379
      0.00695121
      0.39757621
      0.78820121
      1.17882621
      1.56945121
      1.96007621
      2.35070121
      2.74132621
      3.13195121
     -2.76060910
     -2.36998410
     -1.97935910
     -1.58873410
     -1.19810910
     -0.80748410
     -0.41685910
     -0.02623410
      0.36439090
      0.75501590
      1.14564090
      1.53626590
      1.92689090
      2.31751590
      2.70814090
      3.09876590
     -2.79379440
     -2.40316941
     -2.01254441
     -1.62191941
     -1.23129441
     -0.84066941
     -0.45004441
     -0.05941941
      0.33120559
      0.72183059
      1.11245558
      1.50308058
      1.89370558
      2.28433058
      2.67495557
      3.06558057
     -2.82697974
     -2.43635474
     -2.04572974
     -1.65510474
     -1.26447974
     -0.87385473
     -0.48322972
     -0.09260471
      0.29802031
      0.68864534
      1.07927037
      1.46989541
      1.86052047
      2.25114553
      2.64177060
      3.03239567
     -2.86016456
     -2.46953949
     -2.07891442
     -1.68828936
     -1.29766432
     -0.90703930
     -0.51641432
     -0.12578937
      0.26483554
      0.65546040
      1.04608521
      1.43670997
      1.82733466
      2.21795929
      2.60858385
      2.99920834
     -2.89335255
     -2.50272822
     -2.11210398
     -1.72147985
     -1.33085584
     -0.94023196
     -0.54960825
     -0.15898473
      0.23163857
      0.62226162
      1.01288436
      1.40350677
      1.79412878
      2.18475035
      2.57537141
      2.96599191
     -2.92657352
     -2.53595433
     -2.14533590
     -1.75471829
     -1.36410158
     -0.97348584
     -0.58287113
     -0.19225753
      0.19835494
      0.58896645
      0.97957866
      1.37020216
      1.76088274
      2.15171343
      2.54256925
      2.93229734
     -2.96475608
     -2.58389794
     -2.20592517
     -1.82359663
     -1.42820750
     -1.01652632
     -0.59734573
     -0.18881240
      0.19504474
      0.55431398
      0.90189235
      1.25772821
      1.64261239
      2.06692354
      2.51416262
      2.94442647
     -2.95361755
     -2.61116776
     -2.29009941
     -1.96230352
     -1.59751510
     -1.17311484
     -0.70224443
     -0.24520337
      0.14887886
      0.48142339
      0.78016836
      1.07812579
      1.41091765
      1.81425373
      2.29498379
      2.78654224
     -3.07718445
     -2.74118640
     -2.45661624
     -2.18668764
     -1.89460012
     -1.53821790
     -1.08169759
     -0.55933603
     -0.08867130
      0.27552370
      0.56190721
      0.81274828
      1.06519358
      1.35871073
      1.74250609
      2.24629888
      2.78424910
     -3.06342262
     -2.74363664
     -2.49165824
     -2.26475965
     -2.02724664
     -1.73789698
     -1.34102987
     -0.80875722
     -0.26238289
      0.15306540
      0.44797801
      0.67835133
      0.88621827
      1.10527795
      1.37542715
      1.75557974
      2.28964818
      2.85813532
     -2.99781990
     -2.70507433
     -2.48412635
     -2.29091342
     -2.09343924
     -1.85672548
     -1.52685104
     -1.03609497
     -0.43940624
      0.04303554
      0.36375075
      0.59129240
      0.77891394
      0.96010491
      1.16032424
      1.40341675
      1.71420298
      2.11385709
      2.59753925
      3.10196567
     -2.74069699
     -2.38180545
     -2.07548057
     -1.77995655
     -1.45352532
     -1.06116342
     -0.59326190
     -0.09600306
      0.35246938
      0.72478792
      1.04225482
      1.34365402
      1.67037423
      2.05872196
      2.52167273
      3.01812761
     -2.81261432
     -2.43558744
     -2.11542159
     -1.81427414
     -1.49065522
     -1.10703599
     -0.64733134
     -0.14888860
      0.30880306
      0.68930480
      1.00825575
      1.30252989
      1.61430608
      1.98478544
      2.43866205
      2.94707814
     -2.86271074
     -2.47758278
     -2.17898662
     -1.94408778
     -1.74802841
     -1.56681748
     -1.37409912
     -1.13386508
     -0.78842823
     -0.27544561
      0.31682651
      0.77611118
      1.08489393
      1.31237718
      1.50798058
      1.70514997
      1.93720870
      2.25211972
      2.71168745
     -2.99313158
     -2.48802693
     -2.13452724
     -1.87740006
     -1.66196463
     -1.45068884
     -1.20909249
     -0.89186801
     -0.44438353
      0.11422174
      0.61990408
      0.98881926
      1.26379757
      1.49742778
      1.72860243
      1.99376257
      2.33804595
      2.80354731
     -2.93698873
     -2.46053125
     -2.10211475
     -1.82101049
     -1.57044393
     -1.31249192
     -1.00910082
     -0.61824437
     -0.12579871
      0.38769459
      0.81736555
      1.15423487
      1.43871337
      1.71107754
      2.00749333
      2.36450057
      2.80702041
     -2.97975501
     -2.51786831
     -2.13577149
     -1.81439203
     -1.51744240
     -1.21049900
     -0.86171988
     -0.44842994
      0.01736169
      0.47790459
      0.88462946
      1.23754078
      1.56262422
      1.88934685
      2.24385751
      2.64284767
      3.08015598
     -2.76107745
     -2.34853771
     -1.97266062
     -1.61916571
     -1.26764524
     -0.90059231
     -0.50915110
     -0.09767528
      0.31849689
      0.72468246
      1.11664318
      1.49950718
      1.88093642
      2.26565875
      2.65404311
      3.04426664
     -2.84826771
     -2.45762031
     -2.06700099
     -1.67638868
     -1.28577636
     -0.89516292
     -0.50454829
     -0.11393255
      0.27668424
      0.66730199
      1.05792064
      1.44854011
      1.83916034
      2.22978125
      2.62040278
      3.01102486
     -2.88153788
     -2.49091489
     -2.10029153
     -1.70966786
     -1.31904391
     -0.92841975
     -0.53779542
     -0.14717094
      0.24345365
      0.63407832
      1.02470305
      1.41532782
      1.80595262
      2.19657744
      2.58720227
      2.97782711
     -2.91473336
     -2.52410851
     -2.13348364
     -1.74285877
     -1.35223388
     -0.96160897
     -0.57098405
     -0.18035911
      0.21026585
      0.60089083
      0.99151583
      1.38214084
      1.77276585
      2.16339088
      2.55401591
      2.94464094
     -2.94791934
     -2.55729431
     -2.16666928
     -1.77604426
     -1.38541924
     -0.99479422
     -0.60416921
     -0.21354420
      0.17708080
      0.56770581
      0.95833081
      1.34895581
      1.73958081
      2.13020581
      2.52083081
      2.91145581
     -2.98110450
     -2.59047950
     -2.19985450
     -1.80922951
     -1.41860451
     -1.02797951
     -0.63735451
     -0.24672951
      0.14389549
      0.53452049
      0.92514549
      1.31577049
      1.70639549
      2.09702049
      2.48764549
      2.87827049
     -3.01428982
     -2.62366482
     -2.23303982
     -1.84241482
     -1.45178982
     -1.06116482
     -0.67053982
     -0.27991482
      0.11071018
      0.50133518
      0.89196018
      1.28258518
      1.67321018
      2.06383518
      2.45446018
      2.84508518
     -3.04747513
     -2.65685013
     -2.26622513
     -1.87560013
     -1.48497513
     -1.09435013
     -0.70372513
     -0.31310013
      0.07752487
      0.46814987
      0.85877487
      1.24939987
      1.64002487
      2.03064987
      2.42127487
      2.81189987
     -3.08066043
     -2.69003543
     -2.29941043
     -1.90878543
     -1.51816043
     -1.12753543
     -0.73691043
     -0.34628543
      0.04433957
      0.43496457
      0.82558957
      1.21621457
      1.60683957
      1.99746457
      2.38808957
      2.77871457
     -3.11384574
     -2.72322074
     -2.33259574
     -1.94197074
     -1.55134574
     -1.16072074
     -0.77009574
     -0.37947074
      0.01115426
      0.40177926
      0.79240426
      1.18302926
      1.57365426
      1.96427926
      2.35490426
      2.74552926
      3.13615426
     -2.75640605
     -2.36578105
     -1.97515605
     -1.58453105
     -1.19390605
     -0.80328105
      0.00000000
