      0.00000000
      0.00093005
      0.00191102
      0.00225828
      0.00232652
      0.00232145
      0.00230795
      0.00229975
      0.00229681
      0.00229699
      0.00229868
      0.00230100
      0.00230356
      0.00230621
      0.00230888
      0.00231154
      0.00231419
      0.00231683
      0.00231946
      0.00232208
      0.00232469
      0.00232729
      0.00232988
      0.00233245
      0.00233502
      0.00233757
      0.00234011
      0.00234265
      0.00234517
      0.00234767
      0.00235017
      0.00235266
      0.00235514
      0.00235760
      0.00236006
      0.00236250
      0.00236493
      0.00236735
      0.00236976
      0.00237216
      0.00237455
      0.00237692
      0.00237929
      0.00238164
      0.00238399
      0.00238632
      0.00238864
      0.00239095
      0.00239325
      0.00239553
      0.00239781
      0.00240008
      0.00240233
      0.00240457
      0.00240681
      0.00240903
      0.00241124
      0.00241344
      0.00241562
      0.00241780
      0.00241997
      0.00242212
      0.00242426
      0.00242640
      0.00242852
      0.00243063
      0.00243273
      0.00243482
      0.00243689
      0.00243896
      0.00244101
      0.00244306
      0.00244509
      0.00244711
      0.00244912
      0.00245112
      0.00245311
      0.00245509
      0.00245705
      0.00245901
      0.00246095
      0.00246288
      0.00246480
      0.00246671
      0.00246861
      0.00247050
      0.00247238
      0.00247424
      0.00247610
      0.00247794
      0.00247978
      0.00248160
      0.00248341
      0.00248521
      0.00248700
      0.00248877
      0.00249054
      0.00249230
      0.00249404
      0.00249577
      0.00249749
      0.00249921
      0.00250091
      0.00250259
      0.00250427
      0.00250594
      0.00250759
      0.00250924
      0.00251087
      0.00251249
      0.00251410
      0.00251570
      0.00251729
      0.00251887
      0.00252044
      0.00252199
      0.00252354
      0.00252507
      0.00252660
      0.00252811
      0.00252961
      0.00253110
      0.00253258
      0.00253404
      0.00253550
      0.00253694
      0.00253838
      0.00253980
      0.00254121
      0.00254262
      0.00254401
      0.00254538
      0.00254675
      0.00254811
      0.00254946
      0.00255079
      0.00255211
      0.00255343
      0.00255473
      0.00255602
      0.00255730
      0.00255857
      0.00255983
      0.00256107
      0.00256231
      0.00256353
      0.00256475
      0.00256595
      0.00256714
      0.00256832
      0.00256949
      0.00257065
      0.00257179
      0.00257293
      0.00257406
      0.00257517
      0.00257627
      0.00257737
      0.00257845
      0.00257952
      0.00258058
      0.00258163
      0.00258266
      0.00258369
      0.00258470
      0.00258571
      0.00258670
      0.00258768
      0.00258866
      0.00258962
      0.00259056
      0.00259150
      0.00259243
      0.00259335
      0.00259425
      0.00259515
      0.00259603
      0.00259690
      0.00259776
      0.00259861
      0.00259945
      0.00260028
      0.00260110
      0.00260190
      0.00260270
      0.00260348
      0.00260426
      0.00260502
      0.00260577
      0.00260651
      0.00260724
      0.00260796
      0.00260867
      0.00260936
      0.00261005
      0.00261072
      0.00261139
      0.00261204
      0.00261268
      0.00261331
      0.00261393
      0.00261454
      0.00261514
      0.00261572
      0.00261630
      0.00261686
      0.00261742
      0.00261796
      0.00261849
      0.00261901
      0.00261952
      0.00262002
      0.00262051
      0.00262099
      0.00262145
      0.00262191
      0.00262235
      0.00262278
      0.00262321
      0.00262362
      0.00262402
      0.00262441
      0.00262478
      0.00262515
      0.00262551
      0.00262585
      0.00262619
      0.00262651
      0.00262682
      0.00262712
      0.00262741
      0.00262769
      0.00262796
      0.00262822
      0.00262847
      0.00262870
      0.00262893
      0.00262914
      0.00262934
      0.00262953
      0.00262971
      0.00262988
      0.00263004
      0.00263019
      0.00263033
      0.00263045
      0.00263057
      0.00263067
      0.00263076
      0.00263085
      0.00263092
      0.00263098
      0.00263103
      0.00263106
      0.00263109
      0.00263111
      0.00263111
      0.00263111
      0.00263109
      0.00263106
      0.00263102
      0.00263097
      0.00263091
      0.00263084
      0.00263076
      0.00263067
      0.00263056
      0.00263045
      0.00263032
      0.00263018
      0.00263003
      0.00262987
      0.00262970
      0.00262952
      0.00262933
      0.00262913
      0.00262891
      0.00262869
      0.00262845
      0.00262820
      0.00262795
      0.00262768
      0.00262740
      0.00262711
      0.00262680
      0.00262649
      0.00262617
      0.00262583
      0.00262549
      0.00262513
      0.00262476
      0.00262438
      0.00262399
      0.00262359
      0.00262318
      0.00262276
      0.00262233
      0.00262188
      0.00262143
      0.00262096
      0.00262048
      0.00261999
      0.00261949
      0.00261898
      0.00261846
      0.00261793
      0.00261739
      0.00261683
      0.00261627
      0.00261569
      0.00261510
      0.00261451
      0.00261390
      0.00261328
      0.00261265
      0.00261200
      0.00261135
      0.00261069
      0.00261001
      0.00260933
      0.00260863
      0.00260792
      0.00260720
      0.00260647
      0.00260573
      0.00260498
      0.00260422
      0.00260344
      0.00260266
      0.00260186
      0.00260106
      0.00260024
      0.00259941
      0.00259857
      0.00259772
      0.00259686
      0.00259598
      0.00259510
      0.00259421
      0.00259330
      0.00259238
      0.00259146
      0.00259052
      0.00258957
      0.00258861
      0.00258764
      0.00258665
      0.00258566
      0.00258465
      0.00258364
      0.00258261
      0.00258157
      0.00258053
      0.00257947
      0.00257840
      0.00257731
      0.00257622
      0.00257512
      0.00257400
      0.00257288
      0.00257174
      0.00257059
      0.00256943
      0.00256826
      0.00256708
      0.00256589
      0.00256469
      0.00256347
      0.00256225
      0.00256101
      0.00255977
      0.00255851
      0.00255724
      0.00255596
      0.00255467
      0.00255337
      0.00255205
      0.00255073
      0.00254939
      0.00254805
      0.00254669
      0.00254532
      0.00254394
      0.00254255
      0.00254115
      0.00253974
      0.00253832
      0.00253688
      0.00253544
      0.00253398
      0.00253251
      0.00253103
      0.00252954
      0.00252804
      0.00252653
      0.00252501
      0.00252347
      0.00252193
      0.00252037
      0.00251880
      0.00251723
      0.00251564
      0.00251404
      0.00251243
      0.00251080
      0.00250917
      0.00250752
      0.00250587
      0.00250420
      0.00250252
      0.00250084
      0.00249914
      0.00249742
      0.00249570
      0.00249397
      0.00249223
      0.00249047
      0.00248870
      0.00248693
      0.00248514
      0.00248334
      0.00248153
      0.00247971
      0.00247787
      0.00247603
      0.00247418
      0.00247231
      0.00247043
      0.00246854
      0.00246664
      0.00246473
      0.00246281
      0.00246088
      0.00245894
      0.00245698
      0.00245502
      0.00245304
      0.00245105
      0.00244905
      0.00244704
      0.00244502
      0.00244299
      0.00244095
      0.00243889
      0.00243683
      0.00243475
      0.00243266
      0.00243056
      0.00242846
      0.00242633
      0.00242420
      0.00242206
      0.00241991
      0.00241774
      0.00241556
      0.00241338
      0.00241118
      0.00240897
      0.00240675
      0.00240452
      0.00240227
      0.00240002
      0.00239776
      0.00239548
      0.00239319
      0.00239090
      0.00238859
      0.00238627
      0.00238394
      0.00238159
      0.00237924
      0.00237688
      0.00237450
      0.00237211
      0.00236972
      0.00236731
      0.00236489
      0.00236246
      0.00236001
      0.00235756
      0.00235510
      0.00235262
      0.00235014
      0.00234764
      0.00234513
      0.00234261
      0.00234008
      0.00233754
      0.00233499
      0.00233243
      0.00232985
      0.00232727
      0.00232467
      0.00232206
      0.00231944
      0.00231681
      0.00231417
      0.00231152
      0.00230886
      0.00230620
      0.00230355
      0.00230099
      0.00229866
      0.00229698
      0.00229681
      0.00229974
      0.00230795
      0.00232145
      0.00232651
      0.00225828
      0.00191102
      0.00093005
      0.00000000
