      0.00000000
      0.00093004
      0.00191101
      0.00225826
      0.00232648
      0.00232140
      0.00230788
      0.00229966
      0.00229671
      0.00229687
      0.00229854
      0.00230085
      0.00230340
      0.00230603
      0.00230868
      0.00231132
      0.00231396
      0.00231659
      0.00231921
      0.00232181
      0.00232441
      0.00232699
      0.00232956
      0.00233212
      0.00233467
      0.00233721
      0.00233974
      0.00234226
      0.00234476
      0.00234726
      0.00234974
      0.00235222
      0.00235468
      0.00235713
      0.00235957
      0.00236200
      0.00236442
      0.00236683
      0.00236923
      0.00237161
      0.00237399
      0.00237635
      0.00237871
      0.00238105
      0.00238338
      0.00238570
      0.00238801
      0.00239031
      0.00239260
      0.00239488
      0.00239714
      0.00239940
      0.00240164
      0.00240388
      0.00240610
      0.00240831
      0.00241051
      0.00241270
      0.00241488
      0.00241705
      0.00241921
      0.00242135
      0.00242349
      0.00242561
      0.00242773
      0.00242983
      0.00243192
      0.00243400
      0.00243607
      0.00243813
      0.00244018
      0.00244222
      0.00244424
      0.00244626
      0.00244826
      0.00245026
      0.00245224
      0.00245421
      0.00245617
      0.00245812
      0.00246006
      0.00246199
      0.00246391
      0.00246581
      0.00246771
      0.00246959
      0.00247147
      0.00247333
      0.00247518
      0.00247702
      0.00247885
      0.00248067
      0.00248248
      0.00248428
      0.00248607
      0.00248784
      0.00248961
      0.00249136
      0.00249310
      0.00249483
      0.00249655
      0.00249826
      0.00249996
      0.00250165
      0.00250333
      0.00250500
      0.00250665
      0.00250830
      0.00250993
      0.00251155
      0.00251316
      0.00251476
      0.00251635
      0.00251793
      0.00251950
      0.00252106
      0.00252260
      0.00252414
      0.00252566
      0.00252718
      0.00252868
      0.00253017
      0.00253165
      0.00253312
      0.00253458
      0.00253603
      0.00253746
      0.00253889
      0.00254030
      0.00254171
      0.00254310
      0.00254448
      0.00254585
      0.00254721
      0.00254856
      0.00254990
      0.00255123
      0.00255254
      0.00255385
      0.00255514
      0.00255643
      0.00255770
      0.00255896
      0.00256021
      0.00256145
      0.00256268
      0.00256390
      0.00256510
      0.00256630
      0.00256748
      0.00256866
      0.00256982
      0.00257097
      0.00257211
      0.00257324
      0.00257436
      0.00257547
      0.00257656
      0.00257765
      0.00257872
      0.00257979
      0.00258084
      0.00258188
      0.00258291
      0.00258393
      0.00258494
      0.00258594
      0.00258693
      0.00258790
      0.00258887
      0.00258982
      0.00259076
      0.00259169
      0.00259261
      0.00259352
      0.00259442
      0.00259531
      0.00259619
      0.00259705
      0.00259791
      0.00259875
      0.00259958
      0.00260041
      0.00260122
      0.00260202
      0.00260280
      0.00260358
      0.00260435
      0.00260510
      0.00260585
      0.00260658
      0.00260731
      0.00260802
      0.00260872
      0.00260941
      0.00261009
      0.00261075
      0.00261141
      0.00261205
      0.00261269
      0.00261331
      0.00261393
      0.00261453
      0.00261512
      0.00261570
      0.00261626
      0.00261682
      0.00261737
      0.00261790
      0.00261843
      0.00261894
      0.00261944
      0.00261993
      0.00262041
      0.00262088
      0.00262134
      0.00262179
      0.00262222
      0.00262265
      0.00262306
      0.00262347
      0.00262386
      0.00262424
      0.00262461
      0.00262497
      0.00262532
      0.00262565
      0.00262598
      0.00262629
      0.00262660
      0.00262689
      0.00262717
      0.00262744
      0.00262770
      0.00262795
      0.00262819
      0.00262841
      0.00262863
      0.00262883
      0.00262903
      0.00262921
      0.00262938
      0.00262954
      0.00262969
      0.00262983
      0.00262995
      0.00263007
      0.00263018
      0.00263027
      0.00263035
      0.00263043
      0.00263049
      0.00263054
      0.00263058
      0.00263060
      0.00263062
      0.00263063
      0.00263062
      0.00263060
      0.00263058
      0.00263054
      0.00263049
      0.00263043
      0.00263036
      0.00263028
      0.00263018
      0.00263008
      0.00262996
      0.00262984
      0.00262970
      0.00262955
      0.00262939
      0.00262922
      0.00262904
      0.00262884
      0.00262864
      0.00262843
      0.00262820
      0.00262796
      0.00262771
      0.00262746
      0.00262719
      0.00262690
      0.00262661
      0.00262631
      0.00262600
      0.00262567
      0.00262533
      0.00262499
      0.00262463
      0.00262426
      0.00262388
      0.00262349
      0.00262309
      0.00262267
      0.00262225
      0.00262181
      0.00262137
      0.00262091
      0.00262044
      0.00261996
      0.00261947
      0.00261897
      0.00261846
      0.00261793
      0.00261740
      0.00261685
      0.00261629
      0.00261573
      0.00261515
      0.00261456
      0.00261396
      0.00261335
      0.00261272
      0.00261209
      0.00261144
      0.00261079
      0.00261012
      0.00260944
      0.00260875
      0.00260805
      0.00260734
      0.00260662
      0.00260589
      0.00260514
      0.00260439
      0.00260362
      0.00260285
      0.00260206
      0.00260126
      0.00260045
      0.00259963
      0.00259879
      0.00259795
      0.00259710
      0.00259623
      0.00259536
      0.00259447
      0.00259357
      0.00259266
      0.00259174
      0.00259081
      0.00258987
      0.00258891
      0.00258795
      0.00258697
      0.00258599
      0.00258499
      0.00258398
      0.00258296
      0.00258193
      0.00258089
      0.00257984
      0.00257878
      0.00257770
      0.00257662
      0.00257552
      0.00257441
      0.00257329
      0.00257217
      0.00257103
      0.00256987
      0.00256871
      0.00256754
      0.00256635
      0.00256516
      0.00256395
      0.00256274
      0.00256151
      0.00256027
      0.00255902
      0.00255776
      0.00255649
      0.00255520
      0.00255391
      0.00255260
      0.00255129
      0.00254996
      0.00254862
      0.00254728
      0.00254592
      0.00254455
      0.00254316
      0.00254177
      0.00254037
      0.00253895
      0.00253753
      0.00253609
      0.00253464
      0.00253319
      0.00253172
      0.00253024
      0.00252875
      0.00252724
      0.00252573
      0.00252421
      0.00252267
      0.00252113
      0.00251957
      0.00251800
      0.00251642
      0.00251483
      0.00251323
      0.00251162
      0.00251000
      0.00250836
      0.00250672
      0.00250506
      0.00250340
      0.00250172
      0.00250003
      0.00249833
      0.00249662
      0.00249490
      0.00249317
      0.00249143
      0.00248968
      0.00248791
      0.00248614
      0.00248435
      0.00248255
      0.00248074
      0.00247892
      0.00247709
      0.00247525
      0.00247340
      0.00247154
      0.00246966
      0.00246778
      0.00246588
      0.00246398
      0.00246206
      0.00246013
      0.00245819
      0.00245624
      0.00245428
      0.00245231
      0.00245032
      0.00244833
      0.00244633
      0.00244431
      0.00244228
      0.00244025
      0.00243820
      0.00243614
      0.00243407
      0.00243199
      0.00242989
      0.00242779
      0.00242568
      0.00242355
      0.00242142
      0.00241927
      0.00241711
      0.00241494
      0.00241276
      0.00241057
      0.00240837
      0.00240616
      0.00240393
      0.00240170
      0.00239945
      0.00239720
      0.00239493
      0.00239265
      0.00239036
      0.00238806
      0.00238575
      0.00238343
      0.00238110
      0.00237876
      0.00237640
      0.00237404
      0.00237166
      0.00236927
      0.00236687
      0.00236447
      0.00236205
      0.00235961
      0.00235717
      0.00235472
      0.00235226
      0.00234978
      0.00234729
      0.00234480
      0.00234229
      0.00233977
      0.00233724
      0.00233470
      0.00233215
      0.00232959
      0.00232701
      0.00232443
      0.00232183
      0.00231923
      0.00231661
      0.00231398
      0.00231134
      0.00230869
      0.00230604
      0.00230341
      0.00230086
      0.00229855
      0.00229688
      0.00229672
      0.00229967
      0.00230789
      0.00232141
      0.00232649
      0.00225826
      0.00191101
      0.00093004
      0.00000000
