      0.00000000
      0.85461882
      0.64539320
      0.51836440
      0.44953499
      0.41603676
      0.40124514
      0.39527022
      0.39305825
      0.39231723
      0.39210479
      0.39206598
      0.39207851
      0.39210451
      0.39213398
      0.39216507
      0.39219787
      0.39223266
      0.39226965
      0.39230894
      0.39235056
      0.39239450
      0.39244075
      0.39248931
      0.39254014
      0.39259323
      0.39264856
      0.39270611
      0.39276584
      0.39282775
      0.39289180
      0.39295798
      0.39302626
      0.39309661
      0.39316901
      0.39324343
      0.39331985
      0.39339824
      0.39347858
      0.39356084
      0.39364498
      0.39373099
      0.39381884
      0.39390849
      0.39399992
      0.39409309
      0.39418799
      0.39428458
      0.39438283
      0.39448271
      0.39458419
      0.39468724
      0.39479184
      0.39489794
      0.39500552
      0.39511454
      0.39522499
      0.39533682
      0.39545000
      0.39556451
      0.39568031
      0.39579736
      0.39591565
      0.39603513
      0.39615577
      0.39627755
      0.39640043
      0.39652438
      0.39664937
      0.39677537
      0.39690234
      0.39703025
      0.39715908
      0.39728879
      0.39741935
      0.39755073
      0.39768289
      0.39781581
      0.39794946
      0.39808381
      0.39821882
      0.39835447
      0.39849072
      0.39862755
      0.39876493
      0.39890283
      0.39904121
      0.39918005
      0.39931932
      0.39945900
      0.39959905
      0.39973945
      0.39988016
      0.40002117
      0.40016245
      0.40030396
      0.40044568
      0.40058760
      0.40072967
      0.40087188
      0.40101419
      0.40115660
      0.40129906
      0.40144157
      0.40158408
      0.40172659
      0.40186907
      0.40201149
      0.40215383
      0.40229607
      0.40243820
      0.40258018
      0.40272201
      0.40286365
      0.40300509
      0.40314631
      0.40328728
      0.40342800
      0.40356845
      0.40370860
      0.40384843
      0.40398794
      0.40412710
      0.40426590
      0.40440432
      0.40454235
      0.40467997
      0.40481717
      0.40495393
      0.40509024
      0.40522609
      0.40536146
      0.40549634
      0.40563071
      0.40576458
      0.40589792
      0.40603072
      0.40616297
      0.40629467
      0.40642581
      0.40655636
      0.40668633
      0.40681571
      0.40694448
      0.40707265
      0.40720019
      0.40732712
      0.40745340
      0.40757906
      0.40770406
      0.40782842
      0.40795212
      0.40807515
      0.40819753
      0.40831923
      0.40844026
      0.40856061
      0.40868027
      0.40879926
      0.40891755
      0.40903516
      0.40915207
      0.40926829
      0.40938381
      0.40949864
      0.40961276
      0.40972619
      0.40983892
      0.40995095
      0.41006227
      0.41017290
      0.41028283
      0.41039206
      0.41050060
      0.41060844
      0.41071558
      0.41082204
      0.41092780
      0.41103287
      0.41113726
      0.41124097
      0.41134399
      0.41144634
      0.41154802
      0.41164903
      0.41174936
      0.41184904
      0.41194806
      0.41204643
      0.41214414
      0.41224121
      0.41233764
      0.41243344
      0.41252860
      0.41262315
      0.41271707
      0.41281038
      0.41290308
      0.41299517
      0.41308668
      0.41317759
      0.41326792
      0.41335767
      0.41344685
      0.41353547
      0.41362353
      0.41371105
      0.41379802
      0.41388445
      0.41397035
      0.41405574
      0.41414061
      0.41422497
      0.41430884
      0.41439221
      0.41447511
      0.41455753
      0.41463948
      0.41472097
      0.41480201
      0.41488261
      0.41496278
      0.41504252
      0.41512185
      0.41520077
      0.41527928
      0.41535741
      0.41543516
      0.41551253
      0.41558954
      0.41566619
      0.41574250
      0.41581847
      0.41589411
      0.41596944
      0.41604445
      0.41611917
      0.41619359
      0.41626774
      0.41634161
      0.41641522
      0.41648858
      0.41656169
      0.41663457
      0.41670723
      0.41677967
      0.41685191
      0.41692396
      0.41699582
      0.41706750
      0.41713902
      0.41721038
      0.41728160
      0.41735269
      0.41742365
      0.41749449
      0.41756523
      0.41763587
      0.41770643
      0.41777691
      0.41784732
      0.41791769
      0.41798800
      0.41805828
      0.41812854
      0.41819878
      0.41826902
      0.41833926
      0.41840952
      0.41847980
      0.41855012
      0.41862048
      0.41869091
      0.41876139
      0.41883195
      0.41890260
      0.41897335
      0.41904420
      0.41911516
      0.41918625
      0.41925748
      0.41932885
      0.41940038
      0.41947208
      0.41954395
      0.41961600
      0.41968825
      0.41976070
      0.41983337
      0.41990626
      0.41997938
      0.42005275
      0.42012637
      0.42020024
      0.42027439
      0.42034882
      0.42042354
      0.42049855
      0.42057387
      0.42064951
      0.42072547
      0.42080176
      0.42087839
      0.42095538
      0.42103272
      0.42111043
      0.42118851
      0.42126698
      0.42134584
      0.42142509
      0.42150476
      0.42158483
      0.42166533
      0.42174626
      0.42182762
      0.42190943
      0.42199168
      0.42207439
      0.42215757
      0.42224121
      0.42232533
      0.42240993
      0.42249502
      0.42258061
      0.42266669
      0.42275328
      0.42284037
      0.42292798
      0.42301611
      0.42310477
      0.42319395
      0.42328367
      0.42337392
      0.42346471
      0.42355604
      0.42364793
      0.42374036
      0.42383334
      0.42392688
      0.42402098
      0.42411564
      0.42421086
      0.42430664
      0.42440299
      0.42449990
      0.42459738
      0.42469543
      0.42479404
      0.42489322
      0.42499297
      0.42509329
      0.42519417
      0.42529561
      0.42539762
      0.42550018
      0.42560331
      0.42570699
      0.42581123
      0.42591601
      0.42602135
      0.42612723
      0.42623365
      0.42634060
      0.42644809
      0.42655610
      0.42666463
      0.42677368
      0.42688324
      0.42699330
      0.42710386
      0.42721490
      0.42732643
      0.42743844
      0.42755091
      0.42766384
      0.42777722
      0.42789105
      0.42800530
      0.42811998
      0.42823507
      0.42835056
      0.42846644
      0.42858271
      0.42869934
      0.42881633
      0.42893366
      0.42905133
      0.42916932
      0.42928761
      0.42940620
      0.42952507
      0.42964421
      0.42976359
      0.42988322
      0.43000306
      0.43012311
      0.43024335
      0.43036377
      0.43048434
      0.43060506
      0.43072590
      0.43084684
      0.43096788
      0.43108898
      0.43121014
      0.43133133
      0.43145254
      0.43157375
      0.43169493
      0.43181607
      0.43193714
      0.43205814
      0.43217903
      0.43229979
      0.43242041
      0.43254086
      0.43266113
      0.43278118
      0.43290101
      0.43302057
      0.43313986
      0.43325886
      0.43337752
      0.43349585
      0.43361380
      0.43373136
      0.43384851
      0.43396521
      0.43408146
      0.43419721
      0.43431245
      0.43442716
      0.43454130
      0.43465486
      0.43476780
      0.43488011
      0.43499176
      0.43510273
      0.43521298
      0.43532249
      0.43543125
      0.43553921
      0.43564636
      0.43575268
      0.43585813
      0.43596269
      0.43606634
      0.43616904
      0.43627078
      0.43637153
      0.43647126
      0.43656995
      0.43666757
      0.43676410
      0.43685951
      0.43695377
      0.43704687
      0.43713877
      0.43722945
      0.43731889
      0.43740706
      0.43749394
      0.43757950
      0.43766372
      0.43774658
      0.43782804
      0.43790809
      0.43798671
      0.43806386
      0.43813953
      0.43821370
      0.43828634
      0.43835743
      0.43842694
      0.43849486
      0.43856116
      0.43862583
      0.43868884
      0.43875017
      0.43880980
      0.43886771
      0.43892388
      0.43897829
      0.43903092
      0.43908176
      0.43913079
      0.43917798
      0.43922332
      0.43926680
      0.43930839
      0.43934808
      0.43938586
      0.43942171
      0.43945562
      0.43948760
      0.43951769
      0.43954598
      0.43957268
      0.43959810
      0.43962230
      0.43964344
      0.43965154
      0.43960873
      0.43939272
      0.43864858
      0.43643396
      0.43045686
      0.41566356
      0.38216413
      0.31333394
      0.18630470
     -0.02292113
      0.00000000
