             NaN
      3.06948843
     -3.00446873
     -2.87743483
     -2.80859643
     -2.77508421
     -2.76027297
     -2.75427269
     -2.75202975
     -2.75125236
     -2.75099831
     -2.75091280
     -2.75087361
     -2.75084294
     -2.75081083
     -2.75077549
     -2.75073701
     -2.75069574
     -2.75065190
     -2.75060563
     -2.75055699
     -2.75050603
     -2.75045277
     -2.75039723
     -2.75033943
     -2.75027940
     -2.75021715
     -2.75015270
     -2.75008609
     -2.75001732
     -2.74994643
     -2.74987343
     -2.74979836
     -2.74972123
     -2.74964207
     -2.74956091
     -2.74947776
     -2.74939267
     -2.74930565
     -2.74921673
     -2.74912594
     -2.74903331
     -2.74893886
     -2.74884262
     -2.74874462
     -2.74864489
     -2.74854346
     -2.74844036
     -2.74833561
     -2.74822925
     -2.74812131
     -2.74801181
     -2.74790079
     -2.74778828
     -2.74767430
     -2.74755890
     -2.74744209
     -2.74732392
     -2.74720441
     -2.74708359
     -2.74696150
     -2.74683816
     -2.74671361
     -2.74658788
     -2.74646100
     -2.74633301
     -2.74620392
     -2.74607379
     -2.74594263
     -2.74581047
     -2.74567736
     -2.74554332
     -2.74540838
     -2.74527257
     -2.74513593
     -2.74499849
     -2.74486027
     -2.74472130
     -2.74458163
     -2.74444127
     -2.74430025
     -2.74415862
     -2.74401639
     -2.74387361
     -2.74373028
     -2.74358646
     -2.74344215
     -2.74329740
     -2.74315224
     -2.74300668
     -2.74286076
     -2.74271451
     -2.74256795
     -2.74242111
     -2.74227401
     -2.74212669
     -2.74197917
     -2.74183148
     -2.74168363
     -2.74153566
     -2.74138760
     -2.74123946
     -2.74109127
     -2.74094305
     -2.74079483
     -2.74064663
     -2.74049847
     -2.74035038
     -2.74020238
     -2.74005448
     -2.73990672
     -2.73975911
     -2.73961167
     -2.73946442
     -2.73931738
     -2.73917058
     -2.73902402
     -2.73887774
     -2.73873174
     -2.73858604
     -2.73844067
     -2.73829563
     -2.73815095
     -2.73800664
     -2.73786272
     -2.73771920
     -2.73757610
     -2.73743343
     -2.73729120
     -2.73714944
     -2.73700815
     -2.73686734
     -2.73672703
     -2.73658724
     -2.73644796
     -2.73630922
     -2.73617102
     -2.73603338
     -2.73589630
     -2.73575980
     -2.73562388
     -2.73548855
     -2.73535383
     -2.73521972
     -2.73508622
     -2.73495335
     -2.73482111
     -2.73468951
     -2.73455856
     -2.73442826
     -2.73429862
     -2.73416964
     -2.73404133
     -2.73391369
     -2.73378673
     -2.73366045
     -2.73353485
     -2.73340994
     -2.73328573
     -2.73316221
     -2.73303938
     -2.73291725
     -2.73279583
     -2.73267511
     -2.73255508
     -2.73243577
     -2.73231716
     -2.73219925
     -2.73208205
     -2.73196556
     -2.73184977
     -2.73173469
     -2.73162031
     -2.73150663
     -2.73139365
     -2.73128137
     -2.73116979
     -2.73105891
     -2.73094871
     -2.73083921
     -2.73073040
     -2.73062227
     -2.73051482
     -2.73040806
     -2.73030196
     -2.73019654
     -2.73009178
     -2.72998769
     -2.72988425
     -2.72978147
     -2.72967934
     -2.72957785
     -2.72947700
     -2.72937679
     -2.72927720
     -2.72917824
     -2.72907989
     -2.72898216
     -2.72888503
     -2.72878850
     -2.72869257
     -2.72859722
     -2.72850245
     -2.72840825
     -2.72831463
     -2.72822156
     -2.72812905
     -2.72803708
     -2.72794565
     -2.72785475
     -2.72776438
     -2.72767452
     -2.72758517
     -2.72749632
     -2.72740797
     -2.72732010
     -2.72723271
     -2.72714578
     -2.72705932
     -2.72697331
     -2.72688775
     -2.72680262
     -2.72671792
     -2.72663363
     -2.72654976
     -2.72646629
     -2.72638321
     -2.72630051
     -2.72621819
     -2.72613624
     -2.72605464
     -2.72597339
     -2.72589248
     -2.72581189
     -2.72573163
     -2.72565168
     -2.72557203
     -2.72549267
     -2.72541359
     -2.72533478
     -2.72525624
     -2.72517796
     -2.72509991
     -2.72502210
     -2.72494452
     -2.72486715
     -2.72478998
     -2.72471301
     -2.72463623
     -2.72455962
     -2.72448317
     -2.72440689
     -2.72433074
     -2.72425474
     -2.72417885
     -2.72410309
     -2.72402743
     -2.72395186
     -2.72387638
     -2.72380098
     -2.72372564
     -2.72365035
     -2.72357511
     -2.72349991
     -2.72342473
     -2.72334956
     -2.72327440
     -2.72319923
     -2.72312404
     -2.72304883
     -2.72297358
     -2.72289829
     -2.72282294
     -2.72274752
     -2.72267203
     -2.72259645
     -2.72252077
     -2.72244498
     -2.72236908
     -2.72229305
     -2.72221688
     -2.72214057
     -2.72206409
     -2.72198745
     -2.72191064
     -2.72183364
     -2.72175644
     -2.72167903
     -2.72160141
     -2.72152357
     -2.72144549
     -2.72136716
     -2.72128858
     -2.72120974
     -2.72113062
     -2.72105123
     -2.72097154
     -2.72089155
     -2.72081126
     -2.72073064
     -2.72064970
     -2.72056842
     -2.72048680
     -2.72040483
     -2.72032249
     -2.72023978
     -2.72015670
     -2.72007323
     -2.71998937
     -2.71990510
     -2.71982043
     -2.71973534
     -2.71964982
     -2.71956387
     -2.71947748
     -2.71939065
     -2.71930336
     -2.71921561
     -2.71912739
     -2.71903870
     -2.71894953
     -2.71885988
     -2.71876973
     -2.71867909
     -2.71858794
     -2.71849628
     -2.71840411
     -2.71831142
     -2.71821821
     -2.71812446
     -2.71803019
     -2.71793538
     -2.71784002
     -2.71774412
     -2.71764768
     -2.71755068
     -2.71745312
     -2.71735501
     -2.71725634
     -2.71715710
     -2.71705730
     -2.71695693
     -2.71685599
     -2.71675448
     -2.71665240
     -2.71654975
     -2.71644653
     -2.71634273
     -2.71623836
     -2.71613342
     -2.71602790
     -2.71592182
     -2.71581516
     -2.71570793
     -2.71560014
     -2.71549178
     -2.71538286
     -2.71527338
     -2.71516334
     -2.71505274
     -2.71494160
     -2.71482991
     -2.71471767
     -2.71460490
     -2.71449159
     -2.71437776
     -2.71426340
     -2.71414853
     -2.71403314
     -2.71391725
     -2.71380087
     -2.71368399
     -2.71356663
     -2.71344879
     -2.71333049
     -2.71321173
     -2.71309252
     -2.71297287
     -2.71285279
     -2.71273229
     -2.71261138
     -2.71249007
     -2.71236837
     -2.71224629
     -2.71212384
     -2.71200105
     -2.71187791
     -2.71175444
     -2.71163065
     -2.71150656
     -2.71138218
     -2.71125753
     -2.71113261
     -2.71100745
     -2.71088206
     -2.71075645
     -2.71063065
     -2.71050465
     -2.71037849
     -2.71025218
     -2.71012574
     -2.70999917
     -2.70987251
     -2.70974577
     -2.70961896
     -2.70949211
     -2.70936523
     -2.70923834
     -2.70911147
     -2.70898462
     -2.70885783
     -2.70873111
     -2.70860449
     -2.70847797
     -2.70835159
     -2.70822537
     -2.70809932
     -2.70797347
     -2.70784784
     -2.70772245
     -2.70759733
     -2.70747250
     -2.70734797
     -2.70722378
     -2.70709994
     -2.70697649
     -2.70685344
     -2.70673081
     -2.70660864
     -2.70648694
     -2.70636574
     -2.70624506
     -2.70612493
     -2.70600537
     -2.70588641
     -2.70576808
     -2.70565039
     -2.70553337
     -2.70541705
     -2.70530145
     -2.70518660
     -2.70507252
     -2.70495924
     -2.70484678
     -2.70473518
     -2.70462444
     -2.70451461
     -2.70440570
     -2.70429775
     -2.70419077
     -2.70408479
     -2.70397983
     -2.70387593
     -2.70377311
     -2.70367139
     -2.70357080
     -2.70347136
     -2.70337309
     -2.70327603
     -2.70318020
     -2.70308562
     -2.70299231
     -2.70290031
     -2.70280962
     -2.70272029
     -2.70263233
     -2.70254576
     -2.70246061
     -2.70237691
     -2.70229466
     -2.70221391
     -2.70213467
     -2.70205695
     -2.70198080
     -2.70190621
     -2.70183323
     -2.70176186
     -2.70169214
     -2.70162407
     -2.70155768
     -2.70149299
     -2.70143002
     -2.70136879
     -2.70130932
     -2.70125162
     -2.70119571
     -2.70114162
     -2.70108935
     -2.70103894
     -2.70099038
     -2.70094370
     -2.70089892
     -2.70085605
     -2.70081511
     -2.70077615
     -2.70073922
     -2.70070444
     -2.70067206
     -2.70064240
     -2.70061557
     -2.70058975
     -2.70055499
     -2.70047348
     -2.70022300
     -2.69944873
     -2.69720845
     -2.69121034
     -2.67640078
     -2.64288976
     -2.57405214
     -2.44701867
     -2.23779074
      0.00000000
