      0.00000000
      0.00114157
      0.00216441
      0.00249662
      0.00255936
      0.00246858
      0.00215981
      0.00180997
      0.00197251
      0.00236679
      0.00256433
      0.00261288
      0.00259040
      0.00244765
      0.00209281
      0.00181007
      0.00207622
      0.00244404
      0.00260039
      0.00263179
      0.00259478
      0.00241738
      0.00203423
      0.00183577
      0.00217143
      0.00250492
      0.00262915
      0.00264812
      0.00259764
      0.00238925
      0.00199240
      0.00187594
      0.00225049
      0.00255154
      0.00265274
      0.00266307
      0.00260097
      0.00236735
      0.00196745
      0.00191938
      0.00231284
      0.00258764
      0.00267306
      0.00267744
      0.00260584
      0.00235277
      0.00195546
      0.00196000
      0.00236166
      0.00261663
      0.00269132
      0.00269156
      0.00261251
      0.00234487
      0.00195228
      0.00199565
      0.00240037
      0.00264084
      0.00270819
      0.00270553
      0.00262084
      0.00234260
      0.00195485
      0.00202603
      0.00243157
      0.00266167
      0.00272399
      0.00271934
      0.00263063
      0.00234499
      0.00196117
      0.00205142
      0.00245697
      0.00267997
      0.00273890
      0.00273294
      0.00264166
      0.00235123
      0.00196998
      0.00207227
      0.00247774
      0.00269623
      0.00275300
      0.00274630
      0.00265371
      0.00236070
      0.00198049
      0.00208902
      0.00249462
      0.00271076
      0.00276635
      0.00275936
      0.00266658
      0.00237287
      0.00199226
      0.00210210
      0.00250815
      0.00272378
      0.00277897
      0.00277207
      0.00268008
      0.00238732
      0.00200500
      0.00211190
      0.00251870
      0.00273539
      0.00279087
      0.00278439
      0.00269403
      0.00240369
      0.00201861
      0.00211875
      0.00252652
      0.00274569
      0.00280206
      0.00279628
      0.00270827
      0.00242171
      0.00203308
      0.00212293
      0.00253174
      0.00275468
      0.00281253
      0.00280769
      0.00272271
      0.00244124
      0.00204851
      0.00212460
      0.00253437
      0.00276235
      0.00282224
      0.00281858
      0.00273728
      0.00246229
      0.00206518
      0.00212383
      0.00253423
      0.00276858
      0.00283116
      0.00282894
      0.00275200
      0.00248505
      0.00208356
      0.00212054
      0.00253091
      0.00277319
      0.00283922
      0.00283873
      0.00276692
      0.00250993
      0.00210443
      0.00211456
      0.00252371
      0.00277581
      0.00284632
      0.00284792
      0.00278217
      0.00253758
      0.00212903
      0.00210567
      0.00251145
      0.00277589
      0.00285230
      0.00285646
      0.00279783
      0.00256875
      0.00215919
      0.00209389
      0.00249249
      0.00277253
      0.00285693
      0.00286426
      0.00281388
      0.00260410
      0.00219730
      0.00208004
      0.00246467
      0.00276447
      0.00285990
      0.00287120
      0.00283000
      0.00264349
      0.00224571
      0.00206666
      0.00242602
      0.00275006
      0.00286081
      0.00287721
      0.00284548
      0.00268516
      0.00230482
      0.00205877
      0.00237635
      0.00272782
      0.00285927
      0.00288228
      0.00285936
      0.00272548
      0.00237082
      0.00206221
      0.00231958
      0.00269767
      0.00285494
      0.00288645
      0.00287100
      0.00276077
      0.00243643
      0.00207933
      0.00226311
      0.00266169
      0.00284784
      0.00288957
      0.00288032
      0.00278962
      0.00249615
      0.00210754
      0.00221281
      0.00262259
      0.00283817
      0.00289140
      0.00288753
      0.00281290
      0.00254932
      0.00214361
      0.00216999
      0.00258108
      0.00282581
      0.00289171
      0.00289290
      0.00283226
      0.00259838
      0.00218705
      0.00213338
      0.00253515
      0.00280972
      0.00289021
      0.00289663
      0.00284894
      0.00264599
      0.00223989
      0.00210280
      0.00248136
      0.00278793
      0.00288653
      0.00289888
      0.00286324
      0.00269260
      0.00230352
      0.00208174
      0.00241761
      0.00275824
      0.00288022
      0.00289986
      0.00287476
      0.00273546
      0.00237428
      0.00207622
      0.00234704
      0.00271993
      0.00287087
      0.00289979
      0.00288317
      0.00277082
      0.00244327
      0.00208852
      0.00227840
      0.00267543
      0.00285848
      0.00289860
      0.00288866
      0.00279750
      0.00250340
      0.00211406
      0.00221910
      0.00262859
      0.00284351
      0.00289605
      0.00289169
      0.00281706
      0.00255396
      0.00214726
      0.00217042
      0.00258096
      0.00282618
      0.00289196
      0.00289270
      0.00283176
      0.00259800
      0.00218619
      0.00213020
      0.00253105
      0.00280580
      0.00288617
      0.00289203
      0.00284326
      0.00263865
      0.00223186
      0.00209712
      0.00247595
      0.00278091
      0.00287846
      0.00288992
      0.00285220
      0.00267698
      0.00228498
      0.00207284
      0.00241403
      0.00274996
      0.00286854
      0.00288662
      0.00285851
      0.00271131
      0.00234256
      0.00206092
      0.00234777
      0.00271280
      0.00285628
      0.00288235
      0.00286200
      0.00273883
      0.00239755
      0.00206240
      0.00228392
      0.00267182
      0.00284198
      0.00287717
      0.00286282
      0.00275824
      0.00244346
      0.00207317
      0.00222892
      0.00263100
      0.00282643
      0.00287105
      0.00286132
      0.00277031
      0.00247807
      0.00208728
      0.00218483
      0.00259335
      0.00281055
      0.00286402
      0.00285792
      0.00277666
      0.00250251
      0.00210067
      0.00215022
      0.00255993
      0.00279490
      0.00285617
      0.00285299
      0.00277885
      0.00251895
      0.00211154
      0.00212260
      0.00253046
      0.00277968
      0.00284763
      0.00284681
      0.00277798
      0.00252939
      0.00211951
      0.00209976
      0.00250420
      0.00276483
      0.00283845
      0.00283957
      0.00277482
      0.00253531
      0.00212468
      0.00208010
      0.00248039
      0.00275023
      0.00282868
      0.00283142
      0.00276984
      0.00253770
      0.00212729
      0.00206257
      0.00245846
      0.00273579
      0.00281835
      0.00282244
      0.00276334
      0.00253716
      0.00212751
      0.00204649
      0.00243806
      0.00272144
      0.00280747
      0.00281268
      0.00275548
      0.00253401
      0.00212539
      0.00203149
      0.00241905
      0.00270718
      0.00279609
      0.00280218
      0.00274633
      0.00252839
      0.00212083
      0.00201734
      0.00240146
      0.00269310
      0.00278423
      0.00279097
      0.00273593
      0.00252025
      0.00211365
      0.00200397
      0.00238545
      0.00267929
      0.00277193
      0.00277905
      0.00272422
      0.00250944
      0.00210357
      0.00199141
      0.00237131
      0.00266592
      0.00275924
      0.00276642
      0.00271113
      0.00249568
      0.00209022
      0.00197979
      0.00235941
      0.00265317
      0.00274620
      0.00275306
      0.00269653
      0.00247861
      0.00207324
      0.00196938
      0.00235018
      0.00264122
      0.00273287
      0.00273895
      0.00268022
      0.00245769
      0.00205219
      0.00196067
      0.00234415
      0.00263029
      0.00271928
      0.00272404
      0.00266188
      0.00243215
      0.00202662
      0.00195443
      0.00234195
      0.00262058
      0.00270549
      0.00270823
      0.00264102
      0.00240085
      0.00199610
      0.00195191
      0.00234436
      0.00261231
      0.00269153
      0.00269136
      0.00261678
      0.00236205
      0.00196032
      0.00195513
      0.00235237
      0.00260570
      0.00267742
      0.00267309
      0.00258778
      0.00231318
      0.00191961
      0.00196715
      0.00236705
      0.00260086
      0.00266306
      0.00265277
      0.00255167
      0.00225078
      0.00187608
      0.00199213
      0.00238902
      0.00259756
      0.00264812
      0.00262918
      0.00250504
      0.00217167
      0.00183583
      0.00203399
      0.00241722
      0.00259474
      0.00263179
      0.00260042
      0.00244414
      0.00207639
      0.00181007
      0.00209264
      0.00244755
      0.00259038
      0.00261289
      0.00256436
      0.00236686
      0.00197260
      0.00180994
      0.00215973
      0.00246854
      0.00255936
      0.00249662
      0.00216442
      0.00114158
      0.00000000
