      0.00000000
      0.00114157
      0.00216441
      0.00249662
      0.00255936
      0.00246858
      0.00215982
      0.00180998
      0.00197252
      0.00236680
      0.00256434
      0.00261288
      0.00259041
      0.00244765
      0.00209282
      0.00181009
      0.00207623
      0.00244404
      0.00260039
      0.00263179
      0.00259479
      0.00241739
      0.00203424
      0.00183579
      0.00217145
      0.00250492
      0.00262915
      0.00264813
      0.00259764
      0.00238926
      0.00199242
      0.00187596
      0.00225051
      0.00255155
      0.00265274
      0.00266308
      0.00260098
      0.00236737
      0.00196747
      0.00191941
      0.00231286
      0.00258765
      0.00267306
      0.00267744
      0.00260585
      0.00235279
      0.00195549
      0.00196003
      0.00236168
      0.00261664
      0.00269133
      0.00269157
      0.00261252
      0.00234489
      0.00195232
      0.00199569
      0.00240039
      0.00264085
      0.00270820
      0.00270554
      0.00262085
      0.00234263
      0.00195489
      0.00202606
      0.00243159
      0.00266168
      0.00272400
      0.00271935
      0.00263065
      0.00234501
      0.00196121
      0.00205146
      0.00245700
      0.00267998
      0.00273891
      0.00273295
      0.00264167
      0.00235126
      0.00197002
      0.00207231
      0.00247776
      0.00269624
      0.00275301
      0.00274630
      0.00265373
      0.00236073
      0.00198054
      0.00208907
      0.00249464
      0.00271077
      0.00276635
      0.00275936
      0.00266660
      0.00237291
      0.00199231
      0.00210215
      0.00250817
      0.00272379
      0.00277897
      0.00277208
      0.00268010
      0.00238736
      0.00200505
      0.00211195
      0.00251872
      0.00273540
      0.00279088
      0.00278440
      0.00269404
      0.00240373
      0.00201867
      0.00211880
      0.00252654
      0.00274570
      0.00280207
      0.00279629
      0.00270829
      0.00242175
      0.00203313
      0.00212298
      0.00253177
      0.00275469
      0.00281253
      0.00280769
      0.00272273
      0.00244128
      0.00204857
      0.00212465
      0.00253440
      0.00276236
      0.00282225
      0.00281859
      0.00273730
      0.00246232
      0.00206524
      0.00212388
      0.00253426
      0.00276860
      0.00283117
      0.00282895
      0.00275202
      0.00248508
      0.00208362
      0.00212060
      0.00253095
      0.00277320
      0.00283923
      0.00283874
      0.00276694
      0.00250997
      0.00210449
      0.00211462
      0.00252374
      0.00277583
      0.00284632
      0.00284793
      0.00278218
      0.00253761
      0.00212909
      0.00210573
      0.00251149
      0.00277590
      0.00285231
      0.00285646
      0.00279784
      0.00256879
      0.00215925
      0.00209395
      0.00249253
      0.00277255
      0.00285694
      0.00286426
      0.00281389
      0.00260413
      0.00219736
      0.00208010
      0.00246472
      0.00276449
      0.00285991
      0.00287121
      0.00283002
      0.00264352
      0.00224576
      0.00206672
      0.00242606
      0.00275008
      0.00286082
      0.00287722
      0.00284549
      0.00268519
      0.00230488
      0.00205884
      0.00237640
      0.00272785
      0.00285928
      0.00288229
      0.00285937
      0.00272551
      0.00237087
      0.00206228
      0.00231964
      0.00269770
      0.00285496
      0.00288646
      0.00287101
      0.00276079
      0.00243647
      0.00207940
      0.00226317
      0.00266172
      0.00284785
      0.00288958
      0.00288033
      0.00278964
      0.00249619
      0.00210761
      0.00221287
      0.00262263
      0.00283819
      0.00289141
      0.00288754
      0.00281292
      0.00254936
      0.00214367
      0.00217005
      0.00258112
      0.00282583
      0.00289172
      0.00289291
      0.00283228
      0.00259842
      0.00218712
      0.00213345
      0.00253520
      0.00280974
      0.00289022
      0.00289664
      0.00284895
      0.00264603
      0.00223995
      0.00210287
      0.00248141
      0.00278795
      0.00288654
      0.00289889
      0.00286326
      0.00269263
      0.00230357
      0.00208181
      0.00241766
      0.00275827
      0.00288023
      0.00289986
      0.00287478
      0.00273549
      0.00237433
      0.00207629
      0.00234710
      0.00271996
      0.00287088
      0.00289979
      0.00288318
      0.00277084
      0.00244332
      0.00208859
      0.00227846
      0.00267546
      0.00285849
      0.00289861
      0.00288867
      0.00279752
      0.00250345
      0.00211413
      0.00221917
      0.00262862
      0.00284352
      0.00289606
      0.00289170
      0.00281708
      0.00255400
      0.00214733
      0.00217049
      0.00258100
      0.00282620
      0.00289197
      0.00289271
      0.00283178
      0.00259804
      0.00218626
      0.00213027
      0.00253109
      0.00280582
      0.00288618
      0.00289204
      0.00284327
      0.00263869
      0.00223192
      0.00209719
      0.00247600
      0.00278093
      0.00287847
      0.00288993
      0.00285221
      0.00267701
      0.00228504
      0.00207291
      0.00241408
      0.00274999
      0.00286855
      0.00288662
      0.00285852
      0.00271133
      0.00234261
      0.00206099
      0.00234782
      0.00271283
      0.00285630
      0.00288235
      0.00286202
      0.00273886
      0.00239760
      0.00206247
      0.00228398
      0.00267185
      0.00284199
      0.00287718
      0.00286283
      0.00275826
      0.00244351
      0.00207324
      0.00222898
      0.00263104
      0.00282644
      0.00287106
      0.00286133
      0.00277033
      0.00247812
      0.00208735
      0.00218489
      0.00259339
      0.00281056
      0.00286402
      0.00285793
      0.00277668
      0.00250255
      0.00210073
      0.00215028
      0.00255997
      0.00279492
      0.00285618
      0.00285300
      0.00277887
      0.00251899
      0.00211161
      0.00212267
      0.00253050
      0.00277970
      0.00284764
      0.00284682
      0.00277800
      0.00252943
      0.00211957
      0.00209983
      0.00250424
      0.00276485
      0.00283846
      0.00283958
      0.00277483
      0.00253535
      0.00212474
      0.00208017
      0.00248043
      0.00275025
      0.00282869
      0.00283143
      0.00276986
      0.00253773
      0.00212735
      0.00206263
      0.00245850
      0.00273581
      0.00281836
      0.00282245
      0.00276335
      0.00253719
      0.00212757
      0.00204656
      0.00243810
      0.00272145
      0.00280748
      0.00281269
      0.00275549
      0.00253405
      0.00212544
      0.00203155
      0.00241909
      0.00270720
      0.00279610
      0.00280219
      0.00274635
      0.00252842
      0.00212089
      0.00201740
      0.00240150
      0.00269312
      0.00278424
      0.00279098
      0.00273594
      0.00252028
      0.00211371
      0.00200403
      0.00238549
      0.00267931
      0.00277194
      0.00277906
      0.00272423
      0.00250947
      0.00210362
      0.00199146
      0.00237135
      0.00266594
      0.00275925
      0.00276642
      0.00271115
      0.00249571
      0.00209027
      0.00197984
      0.00235944
      0.00265319
      0.00274621
      0.00275307
      0.00269655
      0.00247864
      0.00207328
      0.00196944
      0.00235022
      0.00264124
      0.00273287
      0.00273896
      0.00268023
      0.00245772
      0.00205223
      0.00196072
      0.00234418
      0.00263030
      0.00271929
      0.00272405
      0.00266190
      0.00243218
      0.00202666
      0.00195447
      0.00234198
      0.00262059
      0.00270550
      0.00270824
      0.00264103
      0.00240087
      0.00199614
      0.00195195
      0.00234439
      0.00261232
      0.00269154
      0.00269137
      0.00261679
      0.00236208
      0.00196036
      0.00195517
      0.00235240
      0.00260571
      0.00267742
      0.00267310
      0.00258779
      0.00231320
      0.00191964
      0.00196718
      0.00236707
      0.00260087
      0.00266306
      0.00265278
      0.00255168
      0.00225079
      0.00187611
      0.00199216
      0.00238903
      0.00259757
      0.00264812
      0.00262919
      0.00250505
      0.00217169
      0.00183585
      0.00203401
      0.00241723
      0.00259474
      0.00263179
      0.00260043
      0.00244415
      0.00207640
      0.00181008
      0.00209266
      0.00244756
      0.00259039
      0.00261289
      0.00256436
      0.00236687
      0.00197261
      0.00180994
      0.00215973
      0.00246854
      0.00255936
      0.00249662
      0.00216442
      0.00114158
      0.00000000
