             NaN
      1.50096882
      1.74624906
      1.93278606
      2.10848791
      2.34174501
      2.72837231
     -2.90423825
     -2.15526545
     -1.65687557
     -1.36778724
     -1.17457474
     -0.99143321
     -0.73587507
     -0.30259951
      0.39920084
      1.11149666
      1.55624898
      1.81709323
      2.00069057
      2.18960839
      2.46809402
      2.94689748
     -2.59928272
     -1.93064042
     -1.52906539
     -1.28982389
     -1.11268784
     -0.91731670
     -0.61754119
     -0.09913971
      0.65665439
      1.28486355
      1.65426576
      1.87795544
      2.05110812
      2.25264550
      2.57055013
      3.12050997
     -2.39961431
     -1.80399788
     -1.45748423
     -1.24456867
     -1.07369054
     -0.86677043
     -0.53425104
      0.03960685
      0.80372931
      1.37473794
      1.70520203
      1.91071899
      2.08034239
      2.29166593
      2.63552753
     -3.05624062
     -2.29376156
     -1.74076881
     -1.42153537
     -1.22112287
     -1.05221091
     -0.83749357
     -0.48515734
      0.11879952
      0.87881963
      1.41894961
      1.73038639
      1.92727195
      2.09572849
      2.31287354
      2.67120352
     -2.99946737
     -2.24178741
     -1.71047312
     -1.40429178
     -1.20980528
     -1.04170871
     -0.82302981
     -0.46085938
      0.15699036
      0.91287683
      1.43863338
      1.74152684
      1.93446210
      2.10221082
      2.32161323
      2.68574796
     -2.97692038
     -2.22212258
     -1.69923014
     -1.39803619
     -1.20598207
     -1.03860679
     -0.81920313
     -0.45473855
      0.16619004
      0.92061172
      1.44291704
      1.74373873
      1.93546548
      2.10242985
      2.32119976
      2.68457275
     -2.97921672
     -2.22453720
     -1.70085734
     -1.39926551
     -1.20739059
     -1.04087346
     -0.82329294
     -0.46225219
      0.15389430
      0.90933928
      1.43612167
      1.73949857
      1.93194561
      2.09798472
      2.31388300
      2.67148809
     -3.00037249
     -2.24380454
     -1.71234356
     -1.40623962
     -1.21282498
     -1.04729013
     -0.83352996
     -0.48038623
      0.12459094
      0.88247635
      1.42013644
      1.72989944
      1.92467469
      2.08968012
      2.30084865
      2.64850577
     -3.03765145
     -2.27843526
     -1.73298932
     -1.41856321
     -1.22200227
     -1.05755323
     -0.84946948
     -0.50841855
      0.07882710
      0.83915964
      1.39420067
      1.71447823
      1.91333201
      2.07719802
      2.28161821
      2.61473961
     -3.09324321
     -2.33234731
     -1.76548232
     -1.43782312
     -1.23601193
     -1.07274042
     -0.87269040
     -0.54913845
      0.01110386
      0.77144012
      1.35300994
      1.69014430
      1.89585032
      2.05857393
      2.25340203
      2.56534585
      3.10683757
     -2.41869481
     -1.81866922
     -1.46910426
     -1.25811929
     -1.09573967
     -0.90707419
     -0.60914061
     -0.09112112
      0.66004342
      1.28317294
      1.64932701
      1.86765627
      2.03024613
      2.21193674
      2.49341629
      2.98274794
     -2.56198118
     -1.91080683
     -1.52252085
     -1.29389202
     -1.12991025
     -0.95543006
     -0.69211093
     -0.23581679
      0.48140171
      1.16399202
      1.58081937
      1.82346558
      1.99079542
      2.15889739
      2.40408674
      2.82587781
     -2.76989187
     -2.05686864
     -1.60599219
     -1.34572085
     -1.17272147
     -1.00917023
     -0.78012783
     -0.39059551
      0.26191277
      0.99908420
      1.48654520
      1.76673054
      1.94721734
      2.10819566
      2.32388749
      2.68537802
     -2.98108120
     -2.22869989
     -1.70506132
     -1.40413763
     -1.21520948
     -1.05540964
     -0.85081579
     -0.51369453
      0.06800983
      0.82695519
      1.38562230
      1.70784574
      1.90582597
      2.06525586
      2.25995329
      2.57457962
      3.12099056
     -2.40471681
     -1.81082947
     -1.46553687
     -1.25740597
     -1.09765777
     -0.91243288
     -0.62007597
     -0.11109061
      0.63599164
      1.26707812
      1.63935638
      1.85989324
      2.02113472
      2.19729750
      2.46713990
      2.93601441
     -2.62138926
     -1.95124590
     -1.54611618
     -1.30962569
     -1.14478310
     -0.97635205
     -0.72800773
     -0.29956352
      0.39403241
      1.10098232
      1.54461347
      1.80089704
      1.97203784
      2.13520543
      2.36514844
      2.75702043
     -2.87094530
     -2.13567479
     -1.65128880
     -1.37288503
     -1.19335580
     -1.03286600
     -0.81738717
     -0.45595451
      0.16071910
      0.91292407
      1.43645415
      1.73730522
      1.92610307
      2.08564499
      2.28975823
      2.62601253
     -3.07673140
     -2.31773886
     -1.75784249
     -1.43481702
     -1.23645569
     -1.07694746
     -0.88244286
     -0.56832363
     -0.02272262
      0.73470874
      1.32949930
      1.67544871
      1.88401735
      2.04415275
      2.22986539
      2.52300835
      3.03329745
     -2.50212360
     -1.87211168
     -1.50064981
     -1.28028172
     -1.11853392
     -0.94097291
     -0.66833379
     -0.19452702
      0.53465914
      1.20042285
      1.60149364
      1.83622083
      2.00122733
      2.17188713
      2.42530203
      2.86313113
     -2.71779413
     -2.01853638
     -1.58407559
     -1.33232434
     -1.16202857
     -0.99617954
     -0.75911430
     -0.35347770
      0.31742455
      1.04349420
      1.51226967
      1.78236094
      1.95946334
      2.12277239
      2.34727647
      2.72682401
     -2.91588987
     -2.17194029
     -1.67160232
     -1.38388446
     -1.19958094
     -1.03713925
     -0.82171346
     -0.46204593
      0.15224617
      0.90630295
      1.43331777
      1.73656406
      1.92755381
      2.09004140
      2.29899437
      2.64380593
     -3.04631243
     -2.28739415
     -1.73882308
     -1.42253618
     -1.22575845
     -1.06283201
     -0.85857461
     -0.52495610
      0.05120468
      0.81190143
      1.37765583
      1.70470747
      1.90635438
      2.06984710
      2.27059612
      2.59560351
     -3.12494358
     -2.36415664
     -1.78464100
     -1.44869600
     -1.24297307
     -1.07889784
     -0.88084627
     -0.56261508
     -0.01092193
      0.74907279
      1.33973646
      1.68308656
      1.89223966
      2.05687668
      2.25281509
      2.56562644
      3.10837793
     -2.41602901
     -1.81625067
     -1.46669873
     -1.25464340
     -1.08947204
     -0.89519089
     -0.58672706
     -0.05126816
      0.70614873
      1.31337119
      1.66809435
      1.88259751
      2.04827819
      2.24129395
      2.54633669
      3.07597824
     -2.45109963
     -1.83792047
     -1.47898788
     -1.26246244
     -1.09629532
     -0.90417393
     -0.60167262
     -0.07640501
      0.67861054
      1.29630005
      1.65846056
      1.87657198
      2.04320108
      2.23480857
      2.53567443
      3.05809038
     -2.47079901
     -1.85011588
     -1.48580015
     -1.26658209
     -1.09952074
     -0.90801394
     -0.60779420
     -0.08654063
      0.66755281
      1.28955312
      1.65480547
      1.87458413
      2.04204194
      2.23391538
      2.53461207
      3.05663531
     -2.47201965
     -1.85061598
     -1.48583126
     -1.26611952
     -1.09830243
     -0.90551534
     -0.60303023
     -0.07798505
      0.67769631
      1.29627288
      1.65897076
      1.87790003
      2.04605114
      2.24041607
      2.54626397
      3.07700221
     -2.44864800
     -1.83554414
     -1.47679414
     -1.25945086
     -1.09095301
     -0.89416789
     -0.58300284
     -0.04333528
      0.71659516
      1.32102546
      1.67369008
      1.88856078
      2.05750174
      2.25782981
      2.57684045
      3.12946321
     -2.39128417
     -1.79948882
     -1.45537420
     -1.24393455
     -1.07429322
     -0.86884944
     -0.53857148
      0.03213983
      0.79626316
      1.37042358
      1.70313639
      1.91014285
      2.08102926
      2.29387876
      2.64023214
     -3.04757758
     -2.28447862
     -1.73427528
     -1.41622310
     -1.21462249
     -1.04146947
     -0.81784138
     -0.44858108
      0.17943501
      0.93530003
      1.45389670
      1.75378377
      1.94920030
      2.12633115
      2.36551602
      2.76696698
     -2.84771856
     -2.11061915
     -1.63166673
     -1.35310050
     -1.16415140
     -0.98056100
     -0.71976322
     -0.27510780
      0.43710591
      1.13899972
      1.57237383
      1.82798332
      2.01114479
      2.20435331
      2.49341360
      2.99174802
     -2.54248951
     -1.89185415
     -1.50517861
     -1.27189578
     -1.09618103
     -0.90963840
     -0.66435638
      0.00000000
