      0.00000000
     -0.66358927
     -0.90886950
     -1.09540648
     -1.27110828
     -1.50436531
     -1.89099266
     -2.54156835
      2.99264266
      2.49425243
      2.20516412
      2.01195168
      1.82881023
      1.57325220
      1.13997631
      0.43817359
     -0.27412474
     -0.71887747
     -0.97972165
     -1.16331892
     -1.35223663
     -1.63072216
     -2.10952644
     -2.84653544
      2.76800465
      2.36642928
      2.12718787
      1.95005189
      1.75468085
      1.45490539
      0.93650244
      0.18070313
     -0.44750900
     -0.81691147
     -1.04060107
     -1.21375371
     -1.41529099
     -1.73319568
     -2.28315769
     -3.04622496
      2.64134101
      2.29482714
      2.08191164
      1.91103352
      1.70411347
      1.37159392
      0.79773315
      0.03360363
     -0.53740785
     -0.86787213
     -1.07338907
     -1.24301251
     -1.45433601
     -1.79819790
     -2.38961860
      3.13107992
      2.57808435
      2.25885071
      2.05843819
      1.88952613
      1.67480880
      1.32247216
      0.71851116
     -0.04151726
     -0.58165008
     -0.89308707
     -1.08997270
     -1.25842939
     -1.47557448
     -1.83390497
     -2.44642405
      3.07907246
      2.54775528
      2.24157370
      2.04708707
      1.87899031
      1.66031133
      1.29814028
      0.68028542
     -0.07561037
     -0.60136991
     -0.90426364
     -1.09719908
     -1.26494805
     -1.48435058
     -1.84848603
     -2.46900848
      3.05936924
      2.53647368
      2.23527942
      2.04322507
      1.87584949
      1.65644565
      1.29198029
      0.67104592
     -0.08338601
     -0.60569460
     -0.90651666
     -1.09824369
     -1.26520842
     -1.48397855
     -1.84735238
     -2.46675421
      3.06174088
      2.53805755
      2.23646530
      2.04459005
      1.87807250
      1.66049171
      1.29945008
      0.68329745
     -0.07215867
     -0.59894475
     -0.90232214
     -1.09476955
     -1.26080913
     -1.47670774
     -1.83431374
     -2.44564468
      3.08096112
      2.54949617
      2.24339169
      2.04997663
      1.88444124
      1.67068069
      1.31753604
      0.71255266
     -0.04534473
     -0.58300909
     -0.89277270
     -1.08754841
     -1.25255443
     -1.46372338
     -1.81138143
     -2.40841566
      3.11554108
      2.57009053
      2.25566374
      2.05910229
      1.89465261
      1.68656838
      1.34551653
      0.75826489
     -0.00208037
     -0.55712642
     -0.87740475
     -1.07625908
     -1.24012578
     -1.44454651
     -1.77766880
     -2.35287704
     -3.11378595
      2.60252886
      2.27486879
      2.07305702
      1.90978476
      1.70973414
      1.38618133
      0.82593362
      0.06558415
     -0.51599175
     -0.85312712
     -1.05883376
     -1.22155816
     -1.41638692
     -1.72833157
     -2.26982823
     -3.02749442
      2.65565850
      2.30609237
      2.09510674
      1.93272627
      1.74406007
      1.44612569
      0.92810185
      0.17692422
     -0.44621303
     -0.81236850
     -1.03069844
     -1.19328920
     -1.37498061
     -1.65646091
     -2.14579623
     -2.88426504
      2.74773703
      2.35944932
      2.13081978
      1.96683708
      1.79235600
      1.52903614
      1.07273903
      0.35550876
     -0.32709181
     -0.74392138
     -0.98656832
     -1.15389913
     -1.32200205
     -1.56719214
     -1.98898555
     -2.67641176
      2.89373860
      2.44285924
      2.18258712
      2.00958678
      1.84603452
      1.61699136
      1.22745718
      0.57493964
     -0.16224479
     -0.64970959
     -0.92989579
     -1.11038353
     -1.27136290
     -1.48705554
     -1.84854757
     -2.46528162
      3.06550844
      2.54186504
      2.24094036
      2.05201130
      1.89221038
      1.68761567
      1.35049316
      0.76878203
      0.00982225
     -0.54885084
     -0.87107542
     -1.06905655
     -1.22848754
     -1.42318588
     -1.73781330
     -2.28422987
     -3.04172224
      2.64756847
      2.30227449
      2.09414272
      1.93439340
      1.74916754
      1.45680966
      0.94781977
      0.20072357
     -0.43037162
     -0.80265159
     -1.02318932
     -1.18443192
     -1.36059574
     -1.63043903
     -2.09931705
     -2.82511160
      2.78791999
      2.38278804
      2.14629669
      1.98145298
      1.81302085
      1.56467566
      1.13622880
      0.44262143
     -0.26434054
     -0.70797465
     -0.96425910
     -1.13540098
     -1.29856969
     -1.52851358
     -1.92038758
     -2.57561697
      2.97228434
      2.48789442
      2.20948972
      2.02995946
      1.86946853
      1.65398881
      1.29255457
      0.67587267
     -0.07634673
     -0.59988185
     -0.90073395
     -1.08953277
     -1.24907583
     -1.45318997
     -1.78944558
     -2.36989389
     -3.12890127
      2.59438145
      2.27135479
      2.07299255
      1.91348319
      1.71897766
      1.40485733
      0.85925059
      0.10180446
     -0.49299355
     -0.83894435
     -1.04751386
     -1.20765037
     -1.39336398
     -1.68650791
     -2.19680162
     -2.94458008
      2.70858452
      2.33712096
      2.11675204
      1.95500314
      1.77744114
      1.50480115
      1.03099076
      0.30179142
     -0.36398252
     -0.76505543
     -0.99978343
     -1.16479098
     -1.33545180
     -1.58886751
     -2.02669939
     -2.72897126
      2.85494461
      2.42048111
      2.16872907
      1.99843231
      1.83258226
      1.59551624
      1.18987750
      0.51896487
     -0.20711769
     -0.67589660
     -0.94598868
     -1.12309199
     -1.28640204
     -1.51090687
     -1.89045613
     -2.53093660
      3.00828535
      2.50794316
      2.22022447
      2.03592010
      1.87347746
      1.65805093
      1.29838199
      0.68408191
     -0.06998912
     -0.59700889
     -0.90025606
     -1.09124658
     -1.25373508
     -1.46268875
     -1.80750152
     -2.40057558
      3.12367700
      2.57510036
      2.25881252
      2.06203410
      1.89910679
      1.69484872
      1.36122916
      0.78506194
      0.02435077
     -0.54140970
     -0.86846232
     -1.07010986
     -1.23360340
     -1.43435306
     -1.75936137
     -2.32200548
     -3.08280668
      2.62085653
      2.28491053
      2.07918701
      1.91511102
      1.71705886
      1.39882683
      0.84712825
      0.08711952
     -0.50355088
     -0.84690201
     -1.05605564
     -1.22069336
     -1.41663233
     -1.72944443
     -2.27220095
     -3.03099301
      2.65240703
      2.30285405
      2.09079824
      1.92562624
      1.73134457
      1.42288007
      0.88741648
      0.12998625
     -0.47724322
     -0.83196743
     -1.04647101
     -1.21215228
     -1.40516851
     -1.71021185
     -2.23985779
     -2.99597817
      2.67402093
      2.31508732
      2.09856151
      1.93239385
      1.74027204
      1.43777020
      0.91249847
      0.15747038
     -0.46022610
     -0.82238761
     -1.04049934
     -1.20712891
     -1.39873678
     -1.69960310
     -2.22202295
     -2.97633096
      2.68616438
      2.32184769
      2.10262937
      1.93556761
      1.74406050
      1.44384034
      0.92258307
      0.16847799
     -0.45352894
     -0.81878218
     -1.03856105
     -1.20601921
     -1.39789290
     -1.69858995
     -2.22061673
     -2.97515825
      2.68661708
      2.32183154
      2.10211966
      1.93430228
      1.74151499
      1.43902956
      0.91398096
      0.15828892
     -0.46029355
     -0.82299214
     -1.04192151
     -1.21007284
     -1.40443791
     -1.71028609
     -2.24102766
     -2.99857292
      2.67150313
      2.31275252
      2.09540919
      1.92691119
      1.73012598
      1.41896069
      0.87928985
      0.11934981
     -0.48508530
     -0.83775039
     -1.05262109
     -1.22156215
     -1.42189026
     -1.74090112
     -2.29352715
     -3.05597404
      2.63541179
      2.29129684
      2.07985722
      1.91021586
      1.70477210
      1.37449391
      0.80377928
      0.03964775
     -0.53451604
     -0.86722904
     -1.07423542
     -1.24512183
     -1.45797126
     -1.80432489
     -2.39970386
      3.12037519
      2.57016931
      2.25211707
      2.05051657
      1.87736360
      1.65373561
      1.28447500
      0.65645544
     -0.09941568
     -0.61801407
     -0.91790109
     -1.11331750
     -1.29044826
     -1.52963302
     -1.93108439
     -2.59958757
      2.94649376
      2.46754037
      2.18897426
      2.00002529
      1.81643498
      1.55563728
      1.11098137
      0.39876473
     -0.30313188
     -0.73650636
     -0.99211573
     -1.17527711
     -1.36848556
     -1.65754582
     -2.15588066
     -2.90483019
      2.72771864
      2.34104305
      2.10776030
      1.93204561
      1.74550300
      1.50022100
      0.00000000
