             NaN
      1.39248227
      1.78211781
      2.17231238
      2.56333159
      2.95496082
     -2.93656352
     -2.54547859
     -2.15524892
     -1.76565845
     -1.37611625
     -0.98599235
     -0.59498191
     -0.20329260
      0.18846340
      0.57962267
      0.96986160
      1.35938938
      1.74883178
      2.13887613
      2.52987464
      2.92162871
     -2.96969558
     -2.57845254
     -2.18820113
     -1.79874114
     -1.40940919
     -1.01945459
     -0.62847173
     -0.23664763
      0.15532982
      0.54666750
      0.93693516
      1.32632161
      1.71553087
      2.10538388
      2.49634669
      2.88824680
     -3.00283145
     -2.61138651
     -2.22109813
     -1.83179181
     -1.44271942
     -1.05298178
     -0.66204429
     -0.27006133
      0.12219064
      0.51375765
      0.90407208
      1.29329068
      1.68220963
      2.07181562
      2.46272145
      2.85479513
     -3.03597528
     -2.64426867
     -2.25392172
     -1.86479971
     -1.47605379
     -1.08659885
     -0.69573246
     -0.30355885
      0.08904037
      0.48090764
      0.87129502
      1.26031002
      1.64885945
      2.03813987
      2.42895718
      2.82124151
     -3.06913444
     -2.67708088
     -2.28664320
     -1.89774765
     -1.50942319
     -1.12034611
     -0.72959005
     -0.33718210
      0.05586894
      0.44814050
      0.83864098
      1.22740203
      1.61546639
      2.00430418
      2.39498334
      2.78753046
     -3.10232288
     -2.70979338
     -2.31921398
     -1.93060592
     -1.54284578
     -1.15429300
     -0.76371125
     -0.37100588
      0.02265676
      0.41549548
      0.80617504
      1.19460697
      1.58200635
      1.97021471
      2.36067153
      2.75355890
     -3.13556865
     -2.74235329
     -2.35154489
     -1.96331868
     -1.57635425
     -1.18856948
     -0.79827563
     -0.40517607
     -0.01063755
      0.38304562
      0.77402283
      1.16200460
      1.54843386
      1.93568609
      2.32576249
      2.71911326
      3.11425007
     -2.77465647
     -2.38345240
     -1.99576716
     -1.61001345
     -1.22344992
     -0.83367306
     -0.44001970
     -0.04411655
      0.35094563
      0.74246590
      1.12978235
      1.51465419
      1.90029230
      2.28963712
      2.68366148
      3.08058476
     -2.80645978
     -2.41447396
     -2.02763003
     -1.64396417
     -1.25964026
     -0.87096421
     -0.47647958
     -0.07812140
      0.31961009
      0.71234488
      1.09856321
      1.48046093
      1.86274785
      2.25025940
      2.64530009
      3.04585732
     -2.83696106
     -2.44281373
     -2.05743518
     -1.67845214
     -1.29986813
     -0.91489554
     -0.51939730
     -0.11491981
      0.29098500
      0.68889589
      1.07347274
      1.44637883
      1.81519142
      2.19049958
      2.58220524
      2.99429061
     -2.86385143
     -2.44374432
     -2.04577208
     -1.67517196
     -1.32387759
     -0.97574811
     -0.61283287
     -0.22226079
      0.19570464
      0.62376982
      1.03728493
      1.42193475
      1.78110521
      2.13066450
      2.49045694
      2.87610164
     -2.99265259
     -2.56420260
     -2.14657176
     -1.75678930
     -1.39414899
     -1.04396786
     -0.68620892
     -0.30403773
      0.10751081
      0.53568741
      0.95595648
      1.34951468
      1.71493801
      2.06574110
      2.42188257
      2.80104662
     -3.07331515
     -2.64573539
     -2.22342835
     -1.82659557
     -1.45858443
     -1.10705872
     -0.75226860
     -0.37586344
      0.03027671
      0.45701858
      0.88099351
      1.28083741
      1.65138322
      2.00375830
      2.35740934
      2.73122816
      3.13468830
     -2.72280127
     -2.29744331
     -1.89476316
     -1.52168231
     -1.16832294
     -0.81562269
     -0.44424899
     -0.04347812
      0.38098134
      0.80747494
      1.21285351
      1.58849181
      1.94297255
      2.29489821
      2.66395435
      3.06202456
     -2.79811504
     -2.37071513
     -1.96276078
     -1.58453426
     -1.22879545
     -0.87747466
     -0.51061410
     -0.11525322
      0.30621159
      0.73429757
      1.14470972
      1.52555687
      1.88268888
      2.23357087
      2.59835633
      2.99100419
     -2.87245519
     -2.44389879
     -2.03114775
     -1.64764959
     -1.28899135
     -0.93838409
     -0.57555270
     -0.18561555
      0.23222184
      0.66103518
      1.07600218
      1.46217769
      1.82249285
      2.17298845
      2.53398843
      2.92122329
     -2.94615531
     -2.51729777
     -2.10024356
     -1.71136948
     -1.34926889
     -0.99872207
     -0.63942880
     -0.25488220
      0.15875805
      0.58744659
      1.00645240
      1.39804084
      1.76205376
      2.11281517
      2.47052850
      2.85240520
     -3.01943753
     -2.59113297
     -2.17031856
     -1.77600506
     -1.40995339
     -1.05881250
     -0.70255073
     -0.32332344
      0.08559167
      0.51329338
      0.93576559
      1.33281118
      1.70102977
      2.05271802
      2.40765739
      2.78425384
     -3.09257776
     -2.66570566
     -2.24173458
     -1.84195055
     -1.47143076
     -1.11902161
     -0.76527652
     -0.39130165
      0.01234186
      0.43814169
      0.86344390
      1.26597830
      1.63894842
      1.99226294
      2.34493713
      2.71627507
      3.11702224
     -2.74171188
     -2.31525711
     -1.90994085
     -1.53433695
     -1.17991014
     -0.82819710
     -0.45957191
     -0.06199914
      0.36074806
      0.78815975
      1.19634408
      1.57485012
      1.93064838
      2.28146995
      2.64714147
      3.04100588
     -2.82171415
     -2.39358324
     -1.98227612
     -1.60034331
     -1.24276165
     -0.89291513
     -0.53104380
     -0.14240915
      0.27427790
      0.70270240
      1.11818793
      1.50538093
      1.86591918
      2.21332587
      2.56500314
      2.93581398
     -2.95066187
     -2.53361152
     -2.11221603
     -1.70267301
     -1.31166692
     -0.93552072
     -0.56499772
     -0.19016504
      0.19592608
      0.59439776
      0.99974002
      1.40294955
      1.79722850
      2.18162131
      2.56044440
      2.94029187
     -2.95646952
     -2.56162817
     -2.16127888
     -1.76139459
     -1.36724354
     -0.98033350
     -0.59807824
     -0.21567115
      0.17131041
      0.56464767
      0.96248861
      1.36042356
      1.75423235
      2.14237772
      2.52658919
      2.91059253
     -2.98515936
     -2.59266045
     -2.19637171
     -1.79973736
     -1.40624707
     -1.01736297
     -0.63186512
     -0.24675601
      0.14103276
      0.53299368
      0.92821463
      1.32391160
      1.71713091
      2.10650611
      2.49292086
      2.87884687
     -3.01626519
     -2.62467838
     -2.23024060
     -1.83525447
     -1.44226368
     -1.05254016
     -0.66543710
     -0.27888062
      0.10942565
      0.50073873
      0.89457682
      1.28900398
      1.68180046
      2.07178191
      2.45942082
      2.84647970
     -3.04820437
     -2.65709866
     -2.26373433
     -1.86975892
     -1.47712966
     -1.08695129
     -0.69888377
     -0.31141458
      0.07725282
      0.46819747
      0.86117851
      1.25478082
      1.64726441
      2.03759655
      2.42601424
      2.81382521
     -3.08054885
     -2.68973168
     -2.29706668
     -1.90377795
     -1.51142268
     -1.12096839
     -0.73225968
     -0.34415940
      0.04477802
      0.43549284
      0.82789318
      1.22091449
      1.61315560
      2.00370823
      2.39266225
      2.78101072
     -3.11312523
     -2.72249355
     -2.33031771
     -1.93752726
     -1.54538859
     -1.15475593
     -0.76559269
     -0.37702888
      0.01212069
      0.40268426
      0.79466761
      1.18725672
      1.57930278
      1.97000106
      2.35934449
      2.74809693
      3.13733697
     -2.75534093
     -2.36352412
     -1.97111215
     -1.57915036
     -1.18839794
     -0.79889803
     -0.40997904
     -0.02065678
      0.36980415
      0.76147580
      1.15373077
      1.54561545
      1.93641264
      2.32604936
      2.71511642
      3.10451387
     -2.78824904
     -2.39670470
     -2.00458974
     -1.61277599
     -1.22194171
     -0.83218472
     -0.44298525
     -0.05351869
      0.33687179
      0.72830392
      1.12029335
      1.51204158
      1.90290651
      2.29276972
      2.68208818
      3.07161855
     -2.82120262
     -2.42986979
     -2.03799341
     -1.64630595
     -1.25541578
     -0.86545841
     -0.47603260
     -0.08644305
      0.30389947
      0.69514413
      1.08691830
      1.47854923
      1.86946002
      2.25950110
      2.64902415
      3.03866874
     -2.85419160
     -2.46302545
     -2.07134398
     -1.67976582
     -1.28883836
     -0.89872047
      0.00000000
