      0.00000000
     -0.55224508
     -0.94188062
     -1.33207519
     -1.72309440
     -2.11472363
     -2.50638460
     -2.89746953
      2.99548611
      2.60589564
      2.21635344
      1.82622954
      1.43521910
      1.04352979
      0.65177379
      0.26061452
     -0.12962441
     -0.51915219
     -0.90859459
     -1.29863894
     -1.68963745
     -2.08139152
     -2.47325254
     -2.86449558
      3.02843832
      2.63897833
      2.24964638
      1.85969178
      1.46870892
      1.07688482
      0.68490737
      0.29356969
     -0.09669797
     -0.48608442
     -0.87529368
     -1.26514669
     -1.65610950
     -2.04800961
     -2.44011667
     -2.83156161
      3.06133532
      2.67202900
      2.28295661
      1.89321897
      1.50228148
      1.11029852
      0.71804655
      0.32647954
     -0.06383489
     -0.45305349
     -0.84197244
     -1.23157843
     -1.62248426
     -2.01455794
     -2.40697284
     -2.79867945
      3.09415891
      2.70503690
      2.31629098
      1.92683604
      1.53596965
      1.14379604
      0.75119682
      0.35932955
     -0.03105783
     -0.42007283
     -0.80862226
     -1.19790268
     -1.58871999
     -1.98100432
     -2.37381368
     -2.76586723
      3.12688039
      2.73798484
      2.34966038
      1.96058330
      1.56982724
      1.17741929
      0.78436825
      0.39209669
      0.00159621
     -0.38716484
     -0.77522920
     -1.16406699
     -1.55474615
     -1.94729327
     -2.34062524
     -2.73315474
     -3.12373414
      2.77084311
      2.38308297
      1.99453019
      1.60394843
      1.21124307
      0.81758043
      0.42474171
      0.03406215
     -0.35436978
     -0.74176916
     -1.12997753
     -1.52043434
     -1.91332171
     -2.30737946
     -2.70059483
     -3.09140323
      2.80355587
      2.41659143
      2.02880667
      1.63851282
      1.24541326
      0.85087474
      0.45719157
      0.06621436
     -0.32176741
     -0.70819667
     -1.09544890
     -1.48552530
     -1.87887607
     -2.27401288
     -2.66829165
     -3.05949572
      2.83600435
      2.45025064
      2.06368711
      1.67391025
      1.28025689
      0.88435374
      0.48929156
      0.09777129
     -0.28954516
     -0.67441700
     -1.06005511
     -1.44939993
     -1.84342429
     -2.24034757
     -2.63648834
     -3.02847416
      2.86786722
      2.48420136
      2.09987745
      1.71120140
      1.31671677
      0.91835859
      0.52062710
      0.12789231
     -0.25832602
     -0.64022374
     -1.02251066
     -1.41002221
     -1.80506290
     -2.20562013
     -2.60598706
     -3.00013439
      2.89767237
      2.51868933
      2.14010532
      1.75513273
      1.35963449
      0.95515700
      0.54925219
      0.15134130
     -0.23323555
     -0.60614164
     -0.97495423
     -1.35026239
     -1.74196805
     -2.15405342
     -2.57909669
     -2.99920379
      2.88600927
      2.51540915
      2.16411478
      1.81598530
      1.45307006
      1.06249798
      0.64453255
      0.21646737
     -0.19704774
     -0.58169756
     -0.94086802
     -1.29042731
     -1.65021975
     -2.03586445
     -2.45029553
     -2.87874552
      2.98680895
      2.59702649
      2.23438619
      1.88420505
      1.52644611
      1.14427492
      0.73272639
      0.30454979
     -0.11571928
     -0.50927749
     -0.87470082
     -1.22550391
     -1.58164538
     -1.96080942
     -2.36963296
     -2.79721272
      3.06366555
      2.66683277
      2.29882163
      1.94729592
      1.59250580
      1.21610064
      0.80996049
      0.38321861
     -0.04075631
     -0.44060021
     -0.81114602
     -1.16352110
     -1.51717214
     -1.89099096
     -2.29445110
     -2.72014683
      3.13768051
      2.73500036
      2.36191951
      2.00856014
      1.65585989
      1.28448619
      0.88371532
      0.45925587
      0.03276226
     -0.37261630
     -0.74825460
     -1.10273534
     -1.45466100
     -1.82371714
     -2.22178736
     -2.64483306
     -3.07223297
      2.80299799
      2.42477147
      2.06903266
      1.71771187
      1.35085131
      0.95549043
      0.53402562
      0.10593965
     -0.30447251
     -0.68531965
     -1.04245167
     -1.39333366
     -1.75811912
     -2.15076698
     -2.57049291
     -2.99904930
      2.87138496
      2.48788681
      2.12922857
      1.77862131
      1.41578992
      1.02585277
      0.60801538
      0.17920204
     -0.23576496
     -0.62194047
     -0.98225563
     -1.33275123
     -1.69375121
     -2.08098607
     -2.49679278
     -2.92565032
      2.94048079
      2.55160671
      2.18950611
      1.83895930
      1.47966602
      1.09511943
      0.68147918
      0.25279064
     -0.16621518
     -0.55780361
     -0.92181653
     -1.27257794
     -1.63029127
     -2.01216797
     -2.42351055
     -2.85181511
      3.01055579
      2.61624229
      2.25019063
      1.89904973
      1.54278796
      1.16356067
      0.75464556
      0.32694386
     -0.09552836
     -0.49257394
     -0.86079253
     -1.21248078
     -1.56742015
     -1.94401661
     -2.35037032
     -2.77724241
      3.08197181
      2.68218779
      2.31166800
      1.95925885
      1.60551376
      1.23153889
      0.82789538
      0.40209555
     -0.02320666
     -0.42574106
     -0.79871118
     -1.15202570
     -1.50469989
     -1.87603783
     -2.27678500
     -2.70123619
     -3.12769096
      2.75017809
      2.37457419
      2.02014738
      1.66843435
      1.29980915
      0.90223638
      0.47948919
      0.05207750
     -0.35610683
     -0.73461287
     -1.09041114
     -1.44123270
     -1.80690423
     -2.20076864
     -2.62123391
     -3.04936482
      2.82251336
      2.44058056
      2.08299889
      1.73315238
      1.37128105
      0.98264640
      0.56595934
      0.13753485
     -0.27795068
     -0.66514368
     -1.02568194
     -1.37308862
     -1.72476589
     -2.09557673
     -2.49228619
     -2.90933654
      2.95245328
      2.54291026
      2.15190417
      1.77575797
      1.40523497
      1.03040229
      0.64431117
      0.24583949
     -0.15950277
     -0.56271231
     -0.95699125
     -1.34138407
     -1.72020715
     -2.10005462
     -2.48647854
     -2.88131989
      3.00151613
      2.60163184
      2.20748078
      1.82057075
      1.43831549
      1.05590840
      0.66892684
      0.27558958
     -0.12225136
     -0.52018631
     -0.91399510
     -1.30214047
     -1.68635195
     -2.07035528
     -2.45778870
     -2.85028761
      3.03660895
      2.63997460
      2.24648432
      1.85760021
      1.47210236
      1.08699325
      0.69920448
      0.30724356
     -0.08797738
     -0.48367435
     -0.87689366
     -1.26626886
     -1.65268361
     -2.03860962
     -2.42668287
     -2.81826968
      3.07047785
      2.67549171
      2.28250093
      1.89277741
      1.50567435
      1.11911787
      0.73081160
      0.33949852
     -0.05433957
     -0.44876673
     -0.84156321
     -1.23154467
     -1.61918357
     -2.00624245
     -2.39474369
     -2.78584940
      3.10397157
      2.70999617
      2.31736691
      1.92718853
      1.53912102
      1.15165182
      0.76298442
      0.37203977
     -0.02094126
     -0.41454357
     -0.80702717
     -1.19735930
     -1.58577699
     -1.97358796
     -2.36239921
     -2.75321638
      3.13730393
      2.74401520
      2.35165992
      1.96120564
      1.57249692
      1.18439665
      0.79545922
      0.40474441
      0.01234407
     -0.38067724
     -0.77291835
     -1.16347098
     -1.55242501
     -1.94077347
     -2.32982283
     -2.72045451
     -3.11263035
      2.77776451
      2.38562583
      1.99499318
      1.60582994
      1.21726613
      0.82811656
      0.43755299
      0.04556964
     -0.34701947
     -0.73906553
     -1.12976381
     -1.51910725
     -1.90785968
     -2.29709972
     -2.68760713
     -3.07942394
      2.81134940
      2.41938760
      2.02863519
      1.63913528
      1.25021629
      0.86089403
      0.47043310
      0.07876145
     -0.31349352
     -0.70537820
     -1.09617539
     -1.48581211
     -1.87487917
     -2.26427662
     -2.65469902
     -3.04624336
      2.84482699
      2.45301324
      2.06217896
      1.67242197
      1.28322250
      0.89375594
      0.50336546
      0.11193332
     -0.28005610
     -0.67180433
     -1.06266926
     -1.45253248
     -1.84185093
     -2.23138130
     -2.62174544
     -3.01307827
      2.87823066
      2.48654319
      2.09565303
      1.70569566
      1.31626984
      0.92668030
      0.53633777
      0.14509312
     -0.24668106
     -0.63831198
     -1.02922277
     -1.41926386
     -1.80878690
     -2.19843149
     -2.58875646
     -2.97992261
      2.91158123
      2.52000307
      2.12907560
      1.73895772
      0.00000000
