      0.00000000
      0.00074949
      0.00169178
      0.00213603
      0.00227245
      0.00226347
      0.00218837
      0.00212060
      0.00212926
      0.00221249
      0.00230594
      0.00236029
      0.00236139
      0.00230952
      0.00222102
      0.00214868
      0.00215568
      0.00223853
      0.00233207
      0.00238659
      0.00238780
      0.00233597
      0.00224719
      0.00217418
      0.00218058
      0.00226334
      0.00235714
      0.00241194
      0.00241339
      0.00236168
      0.00227267
      0.00219893
      0.00220455
      0.00228712
      0.00238120
      0.00243636
      0.00243813
      0.00238664
      0.00229745
      0.00222290
      0.00222759
      0.00230988
      0.00240425
      0.00245985
      0.00246204
      0.00241086
      0.00232154
      0.00224611
      0.00224971
      0.00233162
      0.00242631
      0.00248242
      0.00248511
      0.00243431
      0.00234491
      0.00226855
      0.00227092
      0.00235235
      0.00244737
      0.00250406
      0.00250733
      0.00245700
      0.00236756
      0.00229022
      0.00229123
      0.00237208
      0.00246744
      0.00252478
      0.00252870
      0.00247891
      0.00238948
      0.00231113
      0.00231063
      0.00239082
      0.00248653
      0.00254458
      0.00254921
      0.00250004
      0.00241068
      0.00233127
      0.00232915
      0.00240858
      0.00250464
      0.00256344
      0.00256886
      0.00252037
      0.00243112
      0.00235064
      0.00234679
      0.00242537
      0.00252177
      0.00258138
      0.00258765
      0.00253990
      0.00245082
      0.00236925
      0.00236356
      0.00244118
      0.00253793
      0.00259840
      0.00260556
      0.00255862
      0.00246977
      0.00238709
      0.00237946
      0.00245604
      0.00255312
      0.00261449
      0.00262260
      0.00257653
      0.00248794
      0.00240416
      0.00239451
      0.00246995
      0.00256734
      0.00262965
      0.00263876
      0.00259361
      0.00250535
      0.00242047
      0.00240871
      0.00248292
      0.00258060
      0.00264388
      0.00265404
      0.00260985
      0.00252197
      0.00243600
      0.00242206
      0.00249496
      0.00259291
      0.00265718
      0.00266844
      0.00262526
      0.00253781
      0.00245077
      0.00243459
      0.00250607
      0.00260426
      0.00266956
      0.00268194
      0.00263982
      0.00255286
      0.00246477
      0.00244628
      0.00251626
      0.00261467
      0.00268101
      0.00269455
      0.00265353
      0.00256710
      0.00247800
      0.00245715
      0.00252555
      0.00262413
      0.00269153
      0.00270627
      0.00266638
      0.00258053
      0.00249045
      0.00246721
      0.00253393
      0.00263265
      0.00270113
      0.00271708
      0.00267836
      0.00259314
      0.00250212
      0.00247646
      0.00254143
      0.00264024
      0.00270980
      0.00272700
      0.00268947
      0.00260493
      0.00251302
      0.00248491
      0.00254804
      0.00264689
      0.00271754
      0.00273601
      0.00269970
      0.00261589
      0.00252312
      0.00249255
      0.00255377
      0.00265262
      0.00272436
      0.00274412
      0.00270905
      0.00262601
      0.00253245
      0.00249940
      0.00255863
      0.00265744
      0.00273026
      0.00275131
      0.00271752
      0.00263528
      0.00254097
      0.00250546
      0.00256263
      0.00266133
      0.00273524
      0.00275760
      0.00272509
      0.00264370
      0.00254871
      0.00251073
      0.00256578
      0.00266432
      0.00273930
      0.00276298
      0.00273176
      0.00265126
      0.00255563
      0.00251522
      0.00256809
      0.00266640
      0.00274244
      0.00276745
      0.00273754
      0.00265795
      0.00256175
      0.00251891
      0.00256955
      0.00266759
      0.00274466
      0.00277100
      0.00274241
      0.00266376
      0.00256706
      0.00252183
      0.00257018
      0.00266788
      0.00274598
      0.00277365
      0.00274638
      0.00266870
      0.00257155
      0.00252396
      0.00256999
      0.00266729
      0.00274638
      0.00277538
      0.00274943
      0.00267274
      0.00257521
      0.00252531
      0.00256897
      0.00266582
      0.00274588
      0.00277620
      0.00275157
      0.00267590
      0.00257804
      0.00252587
      0.00256714
      0.00266347
      0.00274448
      0.00277611
      0.00275280
      0.00267816
      0.00258003
      0.00252565
      0.00256451
      0.00266026
      0.00274218
      0.00277511
      0.00275311
      0.00267951
      0.00258117
      0.00252464
      0.00256107
      0.00265619
      0.00273898
      0.00277319
      0.00275250
      0.00267995
      0.00258146
      0.00252285
      0.00255683
      0.00265126
      0.00273489
      0.00277037
      0.00275097
      0.00267948
      0.00258089
      0.00252026
      0.00255180
      0.00264549
      0.00272992
      0.00276665
      0.00274851
      0.00267809
      0.00257945
      0.00251687
      0.00254597
      0.00263887
      0.00272406
      0.00276202
      0.00274514
      0.00267578
      0.00257713
      0.00251268
      0.00253937
      0.00263143
      0.00271733
      0.00275648
      0.00274084
      0.00267253
      0.00257394
      0.00250769
      0.00253197
      0.00262315
      0.00270972
      0.00275005
      0.00273561
      0.00266836
      0.00256985
      0.00250189
      0.00252380
      0.00261406
      0.00270125
      0.00274271
      0.00272946
      0.00266325
      0.00256486
      0.00249528
      0.00251485
      0.00260415
      0.00269191
      0.00273448
      0.00272239
      0.00265719
      0.00255897
      0.00248784
      0.00250512
      0.00259343
      0.00268172
      0.00272536
      0.00271439
      0.00265019
      0.00255217
      0.00247958
      0.00249462
      0.00258192
      0.00267068
      0.00271535
      0.00270546
      0.00264225
      0.00254445
      0.00247048
      0.00248334
      0.00256961
      0.00265880
      0.00270445
      0.00269561
      0.00263335
      0.00253581
      0.00246055
      0.00247129
      0.00255651
      0.00264608
      0.00269267
      0.00268484
      0.00262351
      0.00252623
      0.00244977
      0.00245846
      0.00254263
      0.00263253
      0.00268001
      0.00267314
      0.00261270
      0.00251571
      0.00243814
      0.00244486
      0.00252797
      0.00261815
      0.00266647
      0.00266052
      0.00260093
      0.00250424
      0.00242564
      0.00243049
      0.00251255
      0.00260296
      0.00265206
      0.00264697
      0.00258820
      0.00249182
      0.00241228
      0.00241535
      0.00249636
      0.00258695
      0.00263678
      0.00263251
      0.00257451
      0.00247844
      0.00239805
      0.00239943
      0.00247942
      0.00257014
      0.00262064
      0.00261712
      0.00255984
      0.00246409
      0.00238294
      0.00238273
      0.00246172
      0.00255254
      0.00260364
      0.00260081
      0.00254421
      0.00244877
      0.00236693
      0.00236526
      0.00244328
      0.00253414
      0.00258578
      0.00258359
      0.00252760
      0.00243246
      0.00235004
      0.00234702
      0.00242410
      0.00251495
      0.00256707
      0.00256544
      0.00251001
      0.00241517
      0.00233224
      0.00232799
      0.00240419
      0.00249499
      0.00254751
      0.00254637
      0.00249145
      0.00239689
      0.00231353
      0.00230819
      0.00238355
      0.00247426
      0.00252711
      0.00252639
      0.00247189
      0.00237760
      0.00229390
      0.00228761
      0.00236219
      0.00245276
      0.00250586
      0.00250549
      0.00245135
      0.00235730
      0.00227336
      0.00226626
      0.00234011
      0.00243051
      0.00248378
      0.00248367
      0.00242982
      0.00233599
      0.00225189
      0.00224412
      0.00231733
      0.00240751
      0.00246087
      0.00246093
      0.00240729
      0.00231366
      0.00222949
      0.00222121
      0.00229384
      0.00238377
      0.00243712
      0.00243726
      0.00238376
      0.00229030
      0.00220615
      0.00219753
      0.00226966
      0.00235929
      0.00241255
      0.00241268
      0.00235922
      0.00226591
      0.00218186
      0.00217307
      0.00224479
      0.00233408
      0.00238715
      0.00238717
      0.00233367
      0.00224047
      0.00215664
      0.00214784
      0.00221924
      0.00230814
      0.00236093
      0.00236072
      0.00230704
      0.00221380
      0.00212989
      0.00212004
      0.00218722
      0.00226261
      0.00227221
      0.00213632
      0.00169239
      0.00074992
      0.00000000
