      0.00000000
     -0.32767811
     -0.68065503
     -1.00808024
     -1.32851418
     -1.67061284
     -2.06146225
     -2.50821426
     -2.97937913
      2.86168802
      2.47632808
      2.13719794
      1.81401558
      1.47183565
      1.08140662
      0.63500807
      0.16395380
     -0.27827429
     -0.66378594
     -1.00296403
     -1.32603497
     -1.66794392
     -2.05799313
     -2.50405594
     -2.97503964
      2.86570880
      2.47993850
      2.14064712
      1.81768338
      1.47610211
      1.08652909
      0.64088181
      0.16996256
     -0.27277245
     -0.65890416
     -0.99837242
     -1.32123447
     -1.66243580
     -2.05144218
     -2.49659761
     -2.96745592
      2.87261321
      2.48602273
      2.14631629
      1.82354911
      1.48277559
      1.09442047
      0.64983010
      0.17903207
     -0.26454202
     -0.65168353
     -0.99168747
     -1.31436803
     -1.65467033
     -2.04229515
     -2.48625013
     -2.95698547
      2.88209723
      2.49431729
      2.15395827
      1.83135451
      1.49156246
      1.10474148
      0.66148960
      0.19082250
     -0.25387312
     -0.64237428
     -0.98314436
     -1.30568280
     -1.64492994
     -2.03087888
     -2.47336246
     -2.94395252
      2.89388563
      2.50458493
      2.16334919
      1.84086291
      1.50219103
      1.11717717
      0.67552470
      0.20502367
     -0.24102765
     -0.63120191
     -0.97295658
     -1.29540557
     -1.63347603
     -2.01749688
     -2.45825776
     -2.92865456
      2.90772841
      2.51661074
      2.17428512
      1.85185684
      1.51440983
      1.13143498
      0.69162385
      0.22134957
     -0.22624496
     -0.61837179
     -0.96131919
     -1.28374497
     -1.62055053
     -2.00243125
     -2.44123677
     -2.91136727
      2.92339569
      2.53019794
      2.18657913
      1.86413603
      1.52798606
      1.14724285
      0.70949644
      0.23953379
     -0.20974654
     -0.60407301
     -0.94841169
     -1.27089343
     -1.60637744
     -1.98594438
     -2.42258060
     -2.89234867
      2.94067343
      2.54516436
      2.20005858
      1.87751546
      1.54270415
      1.16434768
      0.72887027
      0.25932591
     -0.19173985
     -0.58848154
     -0.93440038
     -1.25702895
     -1.59116428
     -1.96828050
     -2.40255303
     -2.87184237
      2.95935996
      2.56133950
      2.21456294
      1.89182369
      1.55836429
      1.18251378
      0.74948952
      0.28048847
     -0.17242153
     -0.57176306
     -0.91944058
     -1.24231682
     -1.57510347
     -1.94966705
     -2.38140239
     -2.85008023
      2.97926297
      2.57856191
      2.22994166
      1.90690121
      1.57478112
      1.20152157
      0.77111297
      0.30279465
     -0.15198012
     -0.55407534
     -0.90367852
     -1.22691117
     -1.55837368
     -1.93031609
     -2.35936311
     -2.82728451
      3.00019715
      2.59667697
      2.24605232
      1.92259889
      1.59178232
      1.22116626
      0.79351264
      0.32602634
     -0.13059826
     -0.53557035
     -0.88725322
     -1.21095649
     -1.54114121
     -1.91042546
     -2.33665702
     -2.80366956
      3.02198206
      2.61553492
      2.26275894
      1.93877651
      1.60920727
      1.24125662
      0.81647258
      0.34997264
     -0.10845459
     -0.51639609
     -0.87029805
     -1.19458910
     -1.52356130
     -1.89018007
     -2.31349444
     -2.77944311
      3.04444045
      2.63498907
      2.27993036
      1.95530129
      1.62690577
      1.26161378
      0.83978786
      0.37442870
     -0.08572533
     -0.49669830
     -0.85294233
     -1.17793858
     -1.50577949
     -1.86975306
     -2.29007518
     -2.75480736
      3.06739683
      2.65489429
      2.29743873
      1.97204653
      1.64473662
      1.28207000
      0.86326357
      0.39919477
     -0.06258555
     -0.47662191
     -0.83531275
     -1.16112911
     -1.48793295
     -1.84930707
     -2.26658945
     -2.72995982
      3.09067626
      2.67510552
      2.31515819
      1.98889021
      1.66256635
      1.30246744
      0.88671393
      0.42407541
     -0.03921031
     -0.45631235
     -0.81753472
     -1.14428087
     -1.47015180
     -1.82899546
     -2.24321883
     -2.70509402
      3.11410332
      2.69547661
      2.33296345
      2.00571368
      1.68026783
      1.32265692
      0.90996138
      0.44887883
     -0.01577560
     -0.43591683
     -0.79973369
     -1.12751129
     -1.45256050
     -1.80896357
     -2.22013712
     -2.68040015
      3.13750127
      2.71585909
      2.35072862
      2.02240037
      1.69771895
      1.34249657
      0.93283558
      0.47341629
      0.00754090
     -0.41558534
     -0.78203629
     -1.11093640
     -1.43527915
     -1.78935010
     -2.19751146
     -2.65606568
     -3.12249402
      2.73610114
      2.36832598
      2.03883452
      1.71480126
      1.36185053
      0.95517235
      0.49750144
      0.03055904
     -0.39547175
     -0.76457160
     -1.09467203
     -1.41842489
     -1.77028846
     -2.17550336
     -2.63227601
     -3.09969355
      2.75604662
      2.38562489
      2.05489991
      1.73139860
      1.38058748
      0.97681252
      0.52094960
      0.05309556
     -0.37573470
     -0.74747215
     -1.07883507
     -1.40211327
     -1.75190821
     -2.15426997
     -2.60921529
     -3.07746774
      2.77553417
      2.40249063
      2.07047867
      1.74739569
      1.39857922
      0.99760061
      0.54357696
      0.07496335
     -0.35653852
     -0.73087506
     -1.06354469
     -1.38645963
     -1.73433664
     -2.13396547
     -2.58706726
     -3.05600589
      2.79439626
      2.41878340
      2.08545002
      1.76267677
      1.41569902
      1.01738336
      0.56519957
      0.09597071
     -0.33805413
     -0.71492306
     -1.04892356
     -1.37158051
     -1.71770030
     -2.11474261
     -2.56601638
     -3.03550228
      2.81245838
      2.43435729
      2.09968911
      1.77712415
      1.43182002
      1.03600808
      0.58563210
      0.11592053
     -0.32045989
     -0.69976553
     -1.03509903
     -1.35759513
     -1.70212680
     -2.09675449
     -2.54624920
     -3.01615713
      2.82953808
      2.44905923
      2.11306579
      1.79061669
      1.44681345
      1.05332079
      0.60468641
      0.13460923
     -0.30394252
     -0.68555948
     -1.02220435
     -1.34462691
     -1.68774655
     -2.08015648
     -2.52795592
     -2.99817766
      2.84544410
      2.46272799
      2.12544338
      1.80302832
      1.46054673
      1.06916417
      0.62216974
      0.15182561
     -0.28869811
     -0.67247060
     -1.01037995
     -1.33280502
     -1.67469482
     -2.06510848
     -2.51133238
     -2.98177941
      2.85997530
      2.47519315
      2.13667741
      1.81422636
      1.47288138
      1.08337509
      0.63788260
      0.16734938
     -0.27493312
     -0.66067431
     -0.99977466
     -1.32226605
     -1.66311389
     -2.05177747
     -2.49658235
     -2.96718788
      2.87291959
      2.48627403
      2.14661433
      1.82406981
      1.48367073
      1.09578201
      0.65161623
      0.18094939
     -0.26286558
     -0.65035681
     -0.99054709
     -1.31315590
     -1.65315543
     -2.04034037
     -2.48392032
     -2.95464036
      2.88405269
      2.49577861
      2.15509011
      1.83240741
      1.49275739
      1.10620178
      0.66314959
      0.19238160
     -0.25272637
     -0.64171628
     -0.98286707
     -1.30563173
     -1.64498328
     -2.03098743
     -2.47357477
     -2.94438828
      2.89313674
      2.50350229
      2.16192874
      1.83907553
      1.49997030
      1.11443611
      0.67224583
      0.20138654
     -0.24476070
     -0.63496404
     -0.97691722
     -1.29986424
     -1.63877657
     -2.02392607
     -2.46579201
     -2.93669988
      2.89991875
      2.50922664
      2.16694054
      1.84389571
      1.50512133
      1.12026727
      0.67864801
      0.20768640
     -0.23922978
     -0.63032596
     -0.97289474
     -1.29604033
     -1.63473344
     -2.01938556
     -2.46084078
     -2.93186337
      2.90412886
      2.51271800
      2.16992028
      1.84667185
      1.50800127
      1.12345309
      0.68207423
      0.21098165
     -0.23641264
     -0.62804393
     -0.97101346
     -1.29436621
     -1.63307539
     -2.01762246
     -2.45901766
     -2.93019061
      2.90547833
      2.51372585
      2.17064492
      1.84718670
      1.50837496
      1.12372097
      0.68221170
      0.21094709
     -0.23660823
     -0.62837756
     -0.97150630
     -1.29507093
     -1.63405159
     -2.01892456
     -2.46065370
     -2.93205321
      2.90352318
      2.51169940
      2.16886696
      1.84802200
      1.52045533
      1.16749822
      0.00000000
