      0.00000000
      1.16475486
      1.51773177
      1.84515698
      2.16559093
      2.50768958
      2.89853899
     -2.93789431
     -2.46672943
     -2.02461128
     -1.63925134
     -1.30012120
     -0.97693884
     -0.63475891
     -0.24432988
      0.20206866
      0.67312293
      1.11535101
      1.50086267
      1.84004076
      2.16311169
      2.50502064
      2.89506985
     -2.94205265
     -2.47106896
     -2.02863209
     -1.64286180
     -1.30357042
     -0.98060668
     -0.63902541
     -0.24945240
      0.19619487
      0.66711412
      1.10984912
      1.49598083
      1.83544908
      2.15831113
      2.49951245
      2.88851883
     -2.94951105
     -2.47865275
     -2.03553658
     -1.64894611
     -1.30923967
     -0.98647250
     -0.64569898
     -0.25734387
      0.18724649
      0.65804452
      1.10161860
      1.48876011
      1.82876404
      2.15144459
      2.49174688
      2.87937170
     -2.95985864
     -2.48912331
     -2.04502071
     -1.65724077
     -1.31688177
     -0.99427801
     -0.65448597
     -0.26766499
      0.17558688
      0.64625396
      1.09094957
      1.47945073
      1.82022080
      2.14275923
      2.48200637
      2.86795529
     -2.97274645
     -2.50215639
     -2.05680925
     -1.66750856
     -1.32627283
     -1.00378656
     -0.66511469
     -0.28010084
      0.16155162
      0.63205263
      1.07810394
      1.46827819
      1.81003285
      2.13248184
      2.47055229
      2.85457312
     -2.98785132
     -2.51745453
     -2.07065220
     -1.67953455
     -1.33720894
     -1.01478067
     -0.67733367
     -0.29435883
      0.14545228
      0.61572655
      1.06332107
      1.45544789
      1.79839527
      2.12082104
      2.45762658
      2.83950729
     -3.00487251
     -2.53474202
     -2.08631969
     -1.69312196
     -1.34950315
     -1.02706007
     -0.69091012
     -0.31016692
      0.12757948
      0.59754211
      1.04682243
      1.44114888
      1.78548755
      2.10796927
      2.44345327
      2.82302020
     -3.02352891
     -2.55376085
     -2.10359767
     -1.70808861
     -1.36298285
     -1.04043974
     -0.70562844
     -0.32727199
      0.10820540
      0.57774975
      1.02881549
      1.42555716
      1.77147599
      2.09410454
      2.42823986
      2.80535605
     -3.04355674
     -2.57426742
     -2.12228445
     -1.72426401
     -1.37748747
     -1.05474824
     -0.72128886
     -0.34543836
      0.08758588
      0.55658691
      1.00949689
      1.40883841
      1.75651590
      2.07939213
      2.41217877
      2.78674233
     -3.06470766
     -2.59602984
     -2.14218776
     -1.74148671
     -1.39286648
     -1.06982604
     -0.73770598
     -0.36444645
      0.06596214
      0.53428044
      0.98905518
      1.39115039
      1.74075355
      2.06398618
      2.39544867
      2.76739106
     -3.08674724
     -2.61882586
     -2.16312224
     -1.75960208
     -1.40897745
     -1.08552404
     -0.75470748
     -0.38409145
      0.04356216
      0.51104843
      0.96767300
      1.37264508
      1.72432793
      2.04803118
      2.37821588
      2.74750011
     -3.10945366
     -2.64244114
     -2.18490748
     -1.77846036
     -1.42568440
     -1.10170199
     -0.77213277
     -0.40418214
      0.02060187
      0.48710180
      0.94552900
      1.35347048
      1.70737242
      2.03166345
      2.36063563
      2.72725438
     -3.13261658
     -2.66666794
     -2.20736621
     -1.79791486
     -1.44285616
     -1.11822712
     -0.78983162
     -0.42453965
     -0.00271375
      0.46264538
      0.92279939
      1.33377234
      1.69001635
      2.01501257
      2.34285347
      2.70682701
      3.12714911
     -2.69130404
     -2.23032295
     -1.81782043
     -1.46036490
     -1.13497272
     -0.80766283
     -0.44499623
     -0.02618982
      0.43787895
      0.89965924
      1.31369558
      1.67238640
      1.99820274
      2.32500656
      2.68638066
      3.10366302
     -2.71615195
     -2.25360275
     -1.83803203
     -1.47808472
     -1.15181676
     -0.82549293
     -0.46539404
     -0.04964056
      0.41299795
      0.87628364
      1.29338566
      1.65460800
      1.98135412
      2.30722504
      2.66606867
      3.08029202
     -2.74101812
     -2.27703018
     -1.85840350
     -1.49589035
     -1.16864061
     -0.84319478
     -0.48558389
     -0.07288838
      0.38819415
      0.85284855
      1.27298975
      1.63680659
      1.96458417
      2.28963335
      2.64603640
      3.05720993
     -2.76571237
     -2.30042851
     -1.87878635
     -1.51365590
     -1.18532768
     -0.86064628
     -0.50542392
     -0.09576296
      0.36365631
      0.82953167
      1.25265789
      1.61910882
      1.94800890
      2.27235162
      2.62642255
      3.03458389
     -2.79004722
     -2.32361891
     -1.89902878
     -1.53125365
     -1.20176221
     -0.87772897
     -0.52477826
     -0.11810011
      0.33957078
      0.80651315
      1.23254392
      1.60164374
      1.93174415
      2.25549699
      2.60736053
      3.01257541
     -2.81383726
     -2.34641975
     -1.91897464
     -1.54855293
     -1.21782798
     -0.89432668
     -0.54351559
     -0.13974065
      0.31612224
      0.78397626
      1.21280650
      1.58454392
      1.91590682
      2.23918500
      2.58897992
      2.99134165
     -2.83689836
     -2.36864593
     -1.93846256
     -1.56541904
     -1.23340710
     -0.91032414
     -0.56150770
     -0.16052911
      0.29349451
      0.76210811
      1.19360996
      1.56794647
      1.90061608
      2.22353099
      2.57140798
      2.97103679
     -2.85904675
     -2.39010814
     -1.95732501
     -1.58171217
     -1.24837881
     -0.92560558
     -0.57862785
     -0.18031221
      0.27187155
      0.74110039
      1.17512521
      1.55199412
      1.88599460
      2.20865152
      2.55477130
      2.95181359
     -2.88009797
     -2.41061209
     -1.97538747
     -1.59728640
     -1.26261824
     -0.94005330
     -0.59474919
     -0.19893727
      0.25143868
      0.72115024
      1.15753063
      1.53683625
      1.87216973
      2.19466582
      2.53919746
      2.93382514
     -2.89986548
     -2.42995757
     -1.99246750
     -1.61198866
     -1.27599524
     -0.95354617
     -0.60974295
     -0.21625031
      0.23238406
      0.70246122
      1.14101295
      1.52262988
      1.85927474
      2.18169729
      2.52481690
      2.91722681
     -2.91815907
     -2.44793735
     -2.00837382
     -1.62565773
     -1.28837313
     -0.96595810
     -0.62347653
     -0.23209398
      0.21490043
      0.68524454
      1.12576825
      1.50954072
      1.84745005
      2.16987510
      2.51176489
      2.90217853
     -2.93478290
     -2.46433588
     -2.02290531
     -1.63812317
     -1.29960744
     -0.97715641
     -0.63581144
     -0.24630517
      0.19918730
      0.66972051
      1.11200299
      1.49774416
      1.83684449
      2.15933587
      2.50018369
      2.88884726
     -2.94953318
     -2.47892767
     -2.03584985
     -1.64920430
     -1.30954461
     -0.98700011
     -0.64660104
     -0.25871233
      0.18545343
      0.65612025
      1.09993521
      1.48742643
      1.82761669
      2.15022549
      2.49022500
      2.87740994
     -2.96219544
     -2.49147541
     -2.04698317
     -1.65870910
     -1.31802062
     -0.99533792
     -0.65568792
     -0.26913232
      0.17391985
      0.64468783
      1.08979579
      1.47878569
      1.81993647
      2.14270111
      2.48205265
      2.86805679
     -2.97254118
     -2.50172768
     -2.05606741
     -1.66643297
     -1.32485943
     -1.00200622
     -0.66290101
     -0.27736683
      0.16482345
      0.63568272
      1.08182995
      1.47203328
      1.81398645
      2.13693346
      2.47584579
      2.86099528
     -2.98032410
     -2.50941624
     -2.06284957
     -1.67215747
     -1.32987138
     -1.00682656
     -0.66805218
     -0.28319813
      0.15842112
      0.62938272
      1.07629890
      1.46739507
      1.80996384
      2.13310943
      2.47180253
      2.85645465
     -2.98527545
     -2.51425286
     -2.06705979
     -1.67564894
     -1.33285123
     -1.00960280
     -0.67093223
     -0.28638406
      0.15499480
      0.62608737
      1.07348166
      1.46511295
      1.80808248
      2.13143522
      2.47014439
      2.85469146
     -2.98709866
     -2.51592571
     -2.06840934
     -1.67665686
     -1.33357593
     -1.01011772
     -0.67130599
     -0.28665200
      0.15485728
      0.62612188
      1.07367720
      1.46544652
      1.80857526
      2.13213989
      2.47112056
      2.85599352
     -2.98546265
     -2.51406314
     -2.06645423
     -1.67463044
     -1.33179801
     -1.01095305
     -0.68338638
     -0.33042926
      0.00000000
