             NaN
      2.27262342
      2.59430440
      2.89714078
     -3.06877355
     -2.70375595
     -2.26867080
     -1.78662885
     -1.32981315
     -0.94358145
     -0.61736375
     -0.31916972
     -0.01485771
      0.33055942
      0.74732749
      1.22889776
      1.70509250
      2.11094370
      2.44596332
      2.74184492
      3.03388931
     -2.92523788
     -2.53323763
     -2.06127611
     -1.56680620
     -1.13493926
     -0.78503823
     -0.48773823
     -0.20618850
      0.09590418
      0.45731127
      0.90699126
      1.41299406
      1.87750854
      2.25118815
      2.55585542
      2.83027598
      3.11145418
     -2.84477303
     -2.43184136
     -1.93053889
     -1.43007083
     -1.01998173
     -0.69832306
     -0.42517893
     -0.16161380
      0.13031660
      0.49424456
      0.96373866
      1.49092271
      1.95298483
      2.30750346
      2.58949053
      2.84190880
      3.10244134
     -2.87107160
     -2.46390705
     -1.94603796
     -1.42339092
     -1.01040951
     -0.70131503
     -0.44843362
     -0.21073671
      0.04906172
      0.37650471
      0.82358427
      1.37379948
      1.87661080
      2.24752955
      2.52290371
      2.75311760
      2.97664229
     -3.05265534
     -2.71873244
     -2.24748610
     -1.67599291
     -1.18511974
     -0.83966250
     -0.58735058
     -0.37691675
     -0.17208984
      0.06212199
      0.37548323
      0.83587315
      1.42549379
      1.93805943
      2.28581279
      2.52834443
      2.72182412
      2.90185241
      3.09841401
     -2.93135458
     -2.55256276
     -1.98764506
     -1.39264306
     -0.97871765
     -0.71411061
     -0.52481765
     -0.36779743
     -0.21652305
     -0.04630595
      0.18016535
      0.53503187
      1.10664922
      1.73844363
      2.15991434
      2.41070610
      2.57786479
      2.70604958
      2.81808699
      2.92936018
      3.05602588
     -3.05868073
     -2.79117858
     -2.30592882
     -1.60580612
     -1.08656364
     -0.80884371
     -0.64927732
     -0.54525692
     -0.47047715
     -0.41281883
     -0.36606003
     -0.32670303
     -0.29263300
     -0.26249394
     -0.23537369
     -0.21063364
     -0.18781139
     -0.16656226
     -0.14662269
     -0.12778657
     -0.10988932
     -0.09279697
     -0.07639844
     -0.06059990
     -0.04532061
     -0.03048966
     -0.01604350
     -0.00192373
      0.01192471
      0.02555528
      0.03902157
      0.05237917
      0.06568770
      0.07901289
      0.09242804
      0.10601251
      0.11984111
      0.13395267
      0.14828433
      0.16257849
      0.17632473
      0.18883710
      0.19948113
      0.20791423
      0.21418430
      0.21864248
      0.22175564
      0.22394927
      0.22554015
      0.22673793
      0.22767345
      0.22842734
      0.22905036
      0.22957565
      0.23002581
      0.23041688
      0.23076058
      0.23106572
      0.23133907
      0.23158592
      0.23181048
      0.23201610
      0.23220556
      0.23238109
      0.23254458
      0.23269759
      0.23284145
      0.23297728
      0.23310605
      0.23322857
      0.23334557
      0.23345766
      0.23356538
      0.23366921
      0.23376956
      0.23386680
      0.23396127
      0.23405323
      0.23414297
      0.23423070
      0.23431663
      0.23440096
      0.23448384
      0.23456542
      0.23464583
      0.23472520
      0.23480361
      0.23488118
      0.23495802
      0.23503428
      0.23511008
      0.23518548
      0.23526034
      0.23533419
      0.23540622
      0.23547543
      0.23554117
      0.23560397
      0.23566634
      0.23573283
      0.23580861
      0.23589607
      0.23598984
      0.23607185
      0.23610953
      0.23605994
      0.23588126
      0.23554938
      0.23507353
      0.23450264
      0.23391722
      0.23340786
      0.23304925
      0.23288070
      0.23290045
      0.23307358
      0.23334753
      0.23366807
      0.23399100
      0.23428763
      0.23454505
      0.23476298
      0.23494926
      0.23511533
      0.23527272
      0.23543074
      0.23559551
      0.23576994
      0.23595428
      0.23614702
      0.23634576
      0.23654786
      0.23675097
      0.23695324
      0.23715344
      0.23735088
      0.23754531
      0.23773683
      0.23792571
      0.23811235
      0.23829718
      0.23848062
      0.23866307
      0.23884487
      0.23902637
      0.23920786
      0.23938967
      0.23957211
      0.23975555
      0.23994038
      0.24012703
      0.24031591
      0.24050742
      0.24070186
      0.24089929
      0.24109949
      0.24130177
      0.24150488
      0.24170698
      0.24190571
      0.24209846
      0.24228280
      0.24245722
      0.24262199
      0.24278001
      0.24293740
      0.24310348
      0.24328976
      0.24350769
      0.24376511
      0.24406174
      0.24438467
      0.24470521
      0.24497915
      0.24515229
      0.24517204
      0.24500348
      0.24464487
      0.24413552
      0.24355010
      0.24297921
      0.24250335
      0.24217148
      0.24199279
      0.24194320
      0.24198088
      0.24206290
      0.24215666
      0.24224413
      0.24231991
      0.24238639
      0.24244876
      0.24251157
      0.24257731
      0.24264651
      0.24271854
      0.24279240
      0.24286726
      0.24294266
      0.24301846
      0.24309471
      0.24317156
      0.24324913
      0.24332754
      0.24340690
      0.24348732
      0.24356890
      0.24365178
      0.24373610
      0.24382204
      0.24390977
      0.24399950
      0.24409147
      0.24418593
      0.24428317
      0.24438353
      0.24448735
      0.24459507
      0.24470716
      0.24482416
      0.24494668
      0.24507545
      0.24521128
      0.24535515
      0.24550816
      0.24567165
      0.24584718
      0.24603663
      0.24624226
      0.24646681
      0.24671367
      0.24698702
      0.24729216
      0.24763586
      0.24802692
      0.24847709
      0.24900237
      0.24962539
      0.25037929
      0.25131480
      0.25251258
      0.25410347
      0.25629710
      0.25941026
      0.26386844
      0.27013851
      0.27857160
      0.28921564
      0.30172800
      0.31547425
      0.32976840
      0.34410006
      0.35821162
      0.37204022
      0.38562469
      0.39903985
      0.41236504
      0.42567357
      0.43903117
      0.45249746
      0.46612802
      0.47997646
      0.49409623
      0.50854240
      0.52337334
      0.53865264
      0.55445118
      0.57084971
      0.58794205
      0.60583931
      0.62467543
      0.64461499
      0.66586413
      0.68868637
      0.71342642
      0.74054668
      0.77068574
      0.80475577
      0.84411277
      0.89087156
      0.94852988
      1.02330965
      1.12733005
      1.28689645
      1.56461637
      2.08385886
      2.78398156
     -3.01395399
     -2.74645184
     -2.57797315
     -2.45130744
     -2.34003425
     -2.22799685
     -2.09981205
     -1.93265336
     -1.68186160
     -1.26039090
     -0.62859648
     -0.05697914
      0.29788739
      0.52435868
      0.69457578
      0.84585016
      1.00287038
      1.19216334
      1.45677038
      1.87069580
      2.46569780
      3.03061550
     -2.87377799
     -2.62036128
     -2.42379968
     -2.24377138
     -2.05029170
     -1.80776005
     -1.46000670
     -0.94744106
     -0.35782041
      0.10256950
      0.41593074
      0.65014258
      0.85496948
      1.06540332
      1.31771523
      1.66317247
      2.15404565
      2.72553883
     -3.08640013
     -2.75247723
     -2.49858955
     -2.27506486
     -2.04485097
     -1.76947682
     -1.39855806
     -0.89574675
     -0.34553153
      0.10154802
      0.42899102
      0.68878944
      0.92648636
      1.17936777
      1.48846225
      1.90144366
      2.42409069
      2.94195978
     -2.93406097
     -2.62438860
     -2.36385606
     -2.11143779
     -1.82945072
     -1.47493210
     -1.01286998
     -0.48568592
     -0.01619182
      0.34773614
      0.63966654
      0.90323166
      1.17637579
      1.49803446
      1.90812357
      2.40859163
      2.90989410
     -2.96035954
     -2.63340144
     -2.35222325
     -2.07780268
     -1.77313542
     -1.39945580
     -0.93494132
     -0.42893853
      0.02074146
      0.38214856
      0.68424124
      0.96579097
      1.26309097
      1.61299199
      2.04485893
      2.53932885
      3.01129036
     -2.87989469
     -2.55583657
     -2.26379218
     -1.96791059
     -1.63289096
     -1.22703977
     -0.75084503
     -0.26927476
      0.14749331
      0.49291045
      0.79722246
      1.09541649
      1.42163419
      1.80786589
      2.26468159
      2.74672354
     -3.10137662
     -2.73635902
     -2.41908805
     -2.11625167
     -1.79457068
      0.00000000
