      0.00000000
     -2.38954861
     -1.99892361
     -1.60829861
     -1.21767361
     -0.82704861
     -0.43642361
     -0.04579861
      0.34482639
      0.73545139
      1.12607639
      1.51670139
      1.90732639
      2.29795139
      2.68857639
      3.07920139
     -2.81335892
     -2.42273392
     -2.03210892
     -1.64148392
     -1.25085892
     -0.86023392
     -0.46960892
     -0.07898392
      0.31164108
      0.70226608
      1.09289108
      1.48351608
      1.87414108
      2.26476608
      2.65539108
      3.04601608
     -2.84654422
     -2.45591922
     -2.06529422
     -1.67466922
     -1.28404422
     -0.89341922
     -0.50279422
     -0.11216922
      0.27845578
      0.66908078
      1.05970578
      1.45033078
      1.84095578
      2.23158078
      2.62220578
      3.01283078
     -2.87972953
     -2.48910453
     -2.09847953
     -1.70785453
     -1.31722953
     -0.92660453
     -0.53597953
     -0.14535453
      0.24527047
      0.63589547
      1.02652047
      1.41714547
      1.80777047
      2.19839547
      2.58902047
      2.97964547
     -2.91291484
     -2.52228984
     -2.13166484
     -1.74103984
     -1.35041484
     -0.95978984
     -0.56916484
     -0.17853984
      0.21208516
      0.60271016
      0.99333516
      1.38396016
      1.77458516
      2.16521016
      2.55583516
      2.94646016
     -2.94610014
     -2.55547514
     -2.16485014
     -1.77422514
     -1.38360014
     -0.99297514
     -0.60235014
     -0.21172514
      0.17889986
      0.56952485
      0.96014985
      1.35077485
      1.74139985
      2.13202485
      2.52264985
      2.91327485
     -2.97928545
     -2.58866046
     -2.19803546
     -1.80741046
     -1.41678546
     -1.02616046
     -0.63553546
     -0.24491046
      0.14571454
      0.53633955
      0.92696455
      1.31758956
      1.70821457
      2.09883959
      2.48946461
      2.88008964
     -3.01247064
     -2.62184560
     -2.23122056
     -1.84059551
     -1.44997047
     -1.05934544
     -0.66872041
     -0.27809541
      0.11252956
      0.50315450
      0.89377939
      1.28440422
      1.67502899
      2.06565368
      2.45627828
      2.84690279
     -3.04565810
     -2.65503380
     -2.26440962
     -1.87378555
     -1.48316162
     -1.09253782
     -0.70191417
     -0.31129068
      0.07933263
      0.46995576
      0.86057868
      1.25120137
      1.64182381
      2.03244597
      2.42306781
      2.81368932
     -3.07887485
     -2.68825407
     -2.29763362
     -1.90701488
     -1.51640960
     -1.12586101
     -0.73539613
     -0.34457036
      0.04855920
      0.44695555
      0.84858974
      1.23960114
      1.60249698
      1.93485781
      2.25643409
      2.60699241
      3.04196100
     -2.69784979
     -2.15591067
     -1.74166399
     -1.44557841
     -1.21360158
     -0.99888983
     -0.75004722
     -0.37031011
      0.31051524
      1.07606903
      1.51353293
      1.75299207
      1.91455120
      2.05075351
      2.19865252
      2.42468883
      2.98207434
     -2.11314158
     -1.55351456
     -1.34566063
     -1.23209937
     -1.15103493
     -1.07811356
     -0.99069505
     -0.82388585
      0.02939147
      1.60872658
      1.84888104
      1.93223972
      1.97677195
      2.00550874
      2.02624554
      2.04304621
      2.06115612
      2.13417814
     -1.12881119
     -1.10616935
     -1.10283401
     -1.10604751
     -1.11492798
     -1.13114311
     -1.15958266
     -1.21437772
     -1.35388623
     -2.15717483
      2.51205620
      2.27316424
      2.18854065
      2.13694858
      2.09415165
      2.05038446
      1.99813178
      1.92698734
      1.81582015
      1.60891555
      1.13717304
      0.26560343
     -0.31645036
     -0.56913894
     -0.70254257
     -0.78943795
     -0.85571650
     -0.91258713
     -0.96574364
     -1.01841904
     -1.07255051
     -1.12926307
     -1.18908149
     -1.25203380
     -1.31772346
     -1.38540875
     -1.45410494
     -1.52270613
     -1.59011028
     -1.65532613
     -1.71754562
     -1.77617590
     -1.83083593
     -1.88132931
     -1.92760577
     -1.96972150
     -2.00780436
     -2.04202636
     -2.07258355
     -2.09968204
     -2.12352864
     -2.14432455
     -2.16226095
     -2.17751581
     -2.19025127
     -2.20061152
     -2.20872088
     -2.21468218
     -2.21857537
     -2.22045636
     -2.22035614
     -2.21828008
     -2.21420754
     -2.20809170
     -2.19985972
     -2.18941318
     -2.17662897
     -2.16136072
     -2.14344075
     -2.12268289
     -2.09888616
     -2.07183954
     -2.04132785
     -2.00713907
     -1.96907291
     -1.92695068
     -1.88062622
     -1.82999730
     -1.77501646
     -1.71569984
     -1.65213158
     -1.58446135
     -1.51289186
     -1.43765426
     -1.35897044
     -1.27700341
     -1.19179895
     -1.10322231
     -1.01089266
     -0.91411371
     -0.81179266
     -0.70233249
     -0.58347574
     -0.45207678
     -0.30379645
     -0.13278867
      0.06830724
      0.30715967
      0.58764438
      0.90249658
      1.22953799
      1.54181863
      1.82379152
      2.07526947
      2.30493716
      2.52438434
      2.74586478
      2.98220510
     -3.03633832
     -2.73156462
     -2.38389688
     -2.00983325
     -1.64179301
     -1.30531772
     -1.00481453
     -0.72974843
     -0.46430147
     -0.19166623
      0.10466487
      0.43816111
      0.81136663
      1.20657061
      1.59210015
      1.94592787
      2.26729084
      2.56921600
      2.86931132
     -3.09782774
     -2.75121502
     -2.36930917
     -1.96536067
     -1.56650301
     -1.19374736
     -0.84937702
     -0.52176338
     -0.19414682
      0.14981351
      0.52119773
      0.91921831
      1.32791455
      1.72555857
      2.10043879
      2.45576166
      2.80376613
     -3.12442887
     -2.75139924
     -2.35754045
     -1.95124273
     -1.54759663
     -1.15779491
     -0.78276763
     -0.41524635
     -0.04524654
      0.33500697
      0.72756882
      1.12785943
      1.52787676
      1.92172837
      2.30877618
      2.69249534
      3.07716459
     -2.81812386
     -2.42747146
     -2.03587038
     -1.64456604
     -1.25372607
     -0.86308916
     -0.47248366
     -0.08187019
      0.30874884
      0.69936956
      1.08999088
      1.48061265
      1.87123483
      2.26185740
      2.65248032
      3.04310355
     -2.84945826
     -2.45883451
     -2.06821055
     -1.67758640
     -1.28696209
     -0.89633764
     -0.50571308
     -0.11508842
      0.27553632
      0.66616112
      1.05678598
      1.44741088
      1.83803581
      2.22866077
      2.61928575
      3.00991075
     -2.88264956
     -2.49202455
     -2.10139953
     -1.71077452
     -1.32014950
     -0.92952448
     -0.53889946
     -0.14827445
      0.24235056
      0.63297557
      1.02360058
      1.41422559
      1.80485060
      2.19547560
      2.58610060
      2.97672560
     -2.91583470
     -2.52520970
     -2.13458470
     -1.74395970
     -1.35333470
     -0.96270970
     -0.57208470
     -0.18145970
      0.20916530
      0.59979030
      0.99041530
      1.38104030
      1.77166530
      2.16229030
      2.55291530
      2.94354030
     -2.94902001
     -2.55839501
     -2.16777001
     -1.77714501
     -1.38652001
     -0.99589501
     -0.60527001
     -0.21464501
      0.17597999
      0.56660499
      0.95722999
      1.34785499
      1.73847999
      2.12910499
      2.51972999
      2.91035499
     -2.98220532
     -2.59158032
     -2.20095532
     -1.81033032
     -1.41970532
     -1.02908032
     -0.63845532
     -0.24783032
      0.14279468
      0.53341968
      0.92404468
      1.31466968
      1.70529468
      2.09591968
      2.48654468
      2.87716968
     -3.01539063
     -2.62476563
     -2.23414063
     -1.84351563
     -1.45289063
     -1.06226563
     -0.67164063
     -0.28101563
      0.10960937
      0.50023437
      0.89085937
      1.28148437
      1.67210937
      2.06273437
      2.45335937
      2.84398437
     -3.04857593
     -2.65795093
     -2.26732593
     -1.87670093
     -1.48607593
     -1.09545093
     -0.70482593
     -0.31420093
      0.07642407
      0.46704907
      0.85767407
      1.24829907
      1.63892407
      2.02954907
      2.42017407
      2.81079907
     -3.08176124
     -2.69113624
     -2.30051124
     -1.90988624
     -1.51926124
     -1.12863624
     -0.73801124
     -0.34738624
      0.04323876
      0.43386376
      0.82448876
      1.21511376
      1.60573876
      1.99636376
      2.38698876
      2.77761376
     -3.11494655
     -2.72432155
     -2.33369655
     -1.94307155
     -1.55244655
     -1.16182155
     -0.77119655
     -0.38057155
      0.01005345
      0.40067845
      0.79130345
      0.00000000
