      0.00000000
      0.00000000
      0.00000000
      0.00000000
      0.00000000
      0.00000000
      0.00000000
      0.00000000
      0.00000000
      0.00000000
      0.00000000
      0.00000000
      0.00000000
      0.00000000
      0.00000000
      0.00000000
      0.00000000
      0.00000000
      0.00000000
      0.00000000
      0.00000000
      0.00000000
      0.00000000
      0.00000000
      0.00000000
      0.00000000
      0.00000000
      0.00000000
      0.00000000
      0.00000000
      0.00000000
      0.00000000
      0.00000000
      0.00000000
      0.00000000
      0.00000000
      0.00000000
      0.00000000
      0.00000000
      0.00000000
      0.00000000
      0.00000000
      0.00000000
      0.00000000
      0.00000000
      0.00000000
      0.00000000
      0.00000000
      0.00000000
      0.00000000
      0.00000000
      0.00000000
      0.00000000
      0.00000000
      0.00000000
      0.00000000
      0.00000000
      0.00000000
      0.00000000
      0.00000000
      0.00000000
      0.00000000
      0.00000000
      0.00000000
      0.00000000
      0.00000000
      0.00000000
      0.00000000
      0.00000000
      0.00000000
      0.00000000
      0.00000000
      0.00000000
      0.00000000
      0.00000000
      0.00000000
      0.00000000
      0.00000000
      0.00000000
      0.00000000
      0.00000000
      0.00000000
      0.00000000
      0.00000000
      0.00000000
      0.00000000
      0.00000000
      0.00000000
      0.00000000
      0.00000000
      0.00000000
      0.00000000
      0.00000000
      0.00000000
      0.00000000
      0.00000000
      0.00000000
      0.00000000
      0.00000000
      0.00000000
      0.00000000
      0.00000000
      0.00000000
      0.00000000
      0.00000000
      0.00000000
      0.00000000
      0.00000000
      0.00000000
      0.00000000
      0.00000000
      0.00000000
      0.00000000
      0.00000000
      0.00000000
      0.00000000
      0.00000000
      0.00000000
      0.00000000
      0.00000000
      0.00000000
      0.00000000
      0.00000000
      0.00000000
      0.00000000
      0.00000000
      0.00000000
      0.00000000
      0.00000000
      0.00000000
      0.00000000
      0.00000000
      0.00000000
      0.00000000
      0.00000000
      0.00000000
      0.00000000
      0.00000000
      0.00000000
      0.00000000
      0.00000000
      0.00000000
      0.00000000
      0.00000000
      0.00000000
      0.00000000
      0.00000002
      0.00000014
      0.00000067
      0.00000286
      0.00001037
      0.00003150
      0.00007955
      0.00016690
      0.00029513
      0.00045277
      0.00062405
      0.00079780
      0.00096916
      0.00113707
      0.00130185
      0.00146402
      0.00162396
      0.00178189
      0.00193794
      0.00209216
      0.00224461
      0.00239531
      0.00254428
      0.00269154
      0.00283708
      0.00298091
      0.00312305
      0.00326348
      0.00340223
      0.00353928
      0.00367465
      0.00380833
      0.00394031
      0.00407062
      0.00419923
      0.00432617
      0.00445142
      0.00457498
      0.00469686
      0.00481706
      0.00493557
      0.00505241
      0.00516756
      0.00528102
      0.00539281
      0.00550291
      0.00561133
      0.00571807
      0.00582313
      0.00592650
      0.00602820
      0.00612821
      0.00622654
      0.00632319
      0.00641816
      0.00651145
      0.00660307
      0.00669299
      0.00678124
      0.00686780
      0.00695267
      0.00703586
      0.00711738
      0.00719729
      0.00727562
      0.00735242
      0.00742770
      0.00750139
      0.00757330
      0.00764322
      0.00771096
      0.00777657
      0.00784050
      0.00790380
      0.00796798
      0.00803484
      0.00810587
      0.00818187
      0.00826255
      0.00834660
      0.00843202
      0.00851664
      0.00859860
      0.00867665
      0.00875017
      0.00881911
      0.00888381
      0.00894476
      0.00900250
      0.00905746
      0.00910997
      0.00916020
      0.00920821
      0.00925397
      0.00929741
      0.00933841
      0.00937689
      0.00941278
      0.00944601
      0.00947655
      0.00950439
      0.00952954
      0.00955199
      0.00957176
      0.00958888
      0.00960334
      0.00961516
      0.00962434
      0.00963090
      0.00963483
      0.00963614
      0.00963483
      0.00963090
      0.00962434
      0.00961516
      0.00960334
      0.00958888
      0.00957176
      0.00955199
      0.00952954
      0.00950439
      0.00947655
      0.00944601
      0.00941278
      0.00937689
      0.00933841
      0.00929741
      0.00925397
      0.00920821
      0.00916020
      0.00910997
      0.00905746
      0.00900250
      0.00894476
      0.00888381
      0.00881911
      0.00875017
      0.00867665
      0.00859860
      0.00851664
      0.00843202
      0.00834660
      0.00826255
      0.00818187
      0.00810587
      0.00803484
      0.00796798
      0.00790380
      0.00784050
      0.00777657
      0.00771096
      0.00764322
      0.00757330
      0.00750139
      0.00742770
      0.00735242
      0.00727562
      0.00719729
      0.00711738
      0.00703586
      0.00695267
      0.00686780
      0.00678124
      0.00669299
      0.00660307
      0.00651145
      0.00641816
      0.00632319
      0.00622654
      0.00612821
      0.00602820
      0.00592650
      0.00582313
      0.00571807
      0.00561133
      0.00550291
      0.00539281
      0.00528102
      0.00516756
      0.00505241
      0.00493557
      0.00481706
      0.00469686
      0.00457498
      0.00445142
      0.00432617
      0.00419923
      0.00407062
      0.00394031
      0.00380833
      0.00367465
      0.00353928
      0.00340223
      0.00326348
      0.00312305
      0.00298091
      0.00283708
      0.00269154
      0.00254428
      0.00239531
      0.00224461
      0.00209216
      0.00193794
      0.00178189
      0.00162396
      0.00146402
      0.00130185
      0.00113707
      0.00096916
      0.00079780
      0.00062405
      0.00045277
      0.00029513
      0.00016690
      0.00007955
      0.00003150
      0.00001037
      0.00000286
      0.00000067
      0.00000014
      0.00000002
      0.00000000
      0.00000000
      0.00000000
      0.00000000
      0.00000000
      0.00000000
      0.00000000
      0.00000000
      0.00000000
      0.00000000
      0.00000000
      0.00000000
      0.00000000
      0.00000000
      0.00000000
      0.00000000
      0.00000000
      0.00000000
      0.00000000
      0.00000000
      0.00000000
      0.00000000
      0.00000000
      0.00000000
      0.00000000
      0.00000000
      0.00000000
      0.00000000
      0.00000000
      0.00000000
      0.00000000
      0.00000000
      0.00000000
      0.00000000
      0.00000000
      0.00000000
      0.00000000
      0.00000000
      0.00000000
      0.00000000
      0.00000000
      0.00000000
      0.00000000
      0.00000000
      0.00000000
      0.00000000
      0.00000000
      0.00000000
      0.00000000
      0.00000000
      0.00000000
      0.00000000
      0.00000000
      0.00000000
      0.00000000
      0.00000000
      0.00000000
      0.00000000
      0.00000000
      0.00000000
      0.00000000
      0.00000000
      0.00000000
      0.00000000
      0.00000000
      0.00000000
      0.00000000
      0.00000000
      0.00000000
      0.00000000
      0.00000000
      0.00000000
      0.00000000
      0.00000000
      0.00000000
      0.00000000
      0.00000000
      0.00000000
      0.00000000
      0.00000000
      0.00000000
      0.00000000
      0.00000000
      0.00000000
      0.00000000
      0.00000000
      0.00000000
      0.00000000
      0.00000000
      0.00000000
      0.00000000
      0.00000000
      0.00000000
      0.00000000
      0.00000000
      0.00000000
      0.00000000
      0.00000000
      0.00000000
      0.00000000
      0.00000000
      0.00000000
      0.00000000
      0.00000000
      0.00000000
      0.00000000
      0.00000000
      0.00000000
      0.00000000
      0.00000000
      0.00000000
      0.00000000
      0.00000000
      0.00000000
      0.00000000
      0.00000000
      0.00000000
      0.00000000
      0.00000000
      0.00000000
      0.00000000
      0.00000000
      0.00000000
      0.00000000
      0.00000000
      0.00000000
      0.00000000
      0.00000000
      0.00000000
      0.00000000
      0.00000000
      0.00000000
      0.00000000
      0.00000000
      0.00000000
      0.00000000
      0.00000000
      0.00000000
      0.00000000
      0.00000000
      0.00000000
      0.00000000
      0.00000000
      0.00000000
      0.00000000
      0.00000000
