             NaN
      2.58755666
      2.91781210
     -3.02301884
     -2.64391548
     -2.21699049
     -1.76304394
     -1.32803808
     -0.94074084
     -0.59565649
     -0.26948530
      0.06546736
      0.43594932
      0.85776831
      1.31497581
      1.75902138
      2.15354863
      2.50038626
      2.82292849
     -3.13322273
     -2.77289666
     -2.35856063
     -1.89956462
     -1.44545303
     -1.04158419
     -0.69145569
     -0.37195047
     -0.05321746
      0.29533753
      0.69923988
      1.15754386
      1.62242794
      2.03831429
      2.39392116
      2.71141532
      3.02170851
     -2.92628898
     -2.53633933
     -2.08263159
     -1.60709910
     -1.17589061
     -0.81166718
     -0.49448551
     -0.19235631
      0.12805523
      0.50009408
      0.94344724
      1.42772028
      1.87806535
      2.25543990
      2.57507378
      2.87000329
     -3.10850465
     -2.75844321
     -2.33329268
     -1.84557431
     -1.37246070
     -0.97538844
     -0.64879840
     -0.35895780
     -0.07011972
      0.25439290
      0.65177558
      1.13205348
      1.62916838
      2.05512618
      2.39610529
      2.68493131
      2.95929437
     -3.02710019
     -2.66726191
     -2.21259256
     -1.69818408
     -1.23191685
     -0.86408208
     -0.56864357
     -0.30489564
     -0.03543001
      0.27969143
      0.68528492
      1.19242559
      1.70673157
      2.12210449
      2.43873598
      2.70023828
      2.94683922
     -3.06716998
     -2.73040204
     -2.27868114
     -1.73612104
     -1.24460534
     -0.87759647
     -0.60055233
     -0.36573380
     -0.13522666
      0.12883228
      0.47702762
      0.96106487
      1.52636337
      1.99931386
      2.33362696
      2.58174000
      2.79199427
      2.99966154
     -3.04264590
     -2.71640278
     -2.23815677
     -1.64694494
     -1.15367966
     -0.82232998
     -0.58982118
     -0.40316344
     -0.22889960
     -0.03829577
      0.20824384
      0.58036518
      1.14656942
      1.75074649
      2.16560376
      2.42406774
      2.60325703
      2.74603986
      2.87656766
      3.01400539
     -3.09997824
     -2.85153784
     -2.42532232
     -1.76483875
     -1.18758144
     -0.85915651
     -0.67098790
     -0.54946831
     -0.46256940
     -0.39563949
     -0.34125164
     -0.29527723
     -0.25524026
     -0.21956041
     -0.18717514
     -0.15733718
     -0.12949929
     -0.10324518
     -0.07824591
     -0.05423119
     -0.03096955
     -0.00825444
      0.01410472
      0.03628443
      0.05843534
      0.08064294
      0.10284510
      0.12471425
      0.14557927
      0.16451759
      0.18065237
      0.19348864
      0.20307528
      0.20990957
      0.21467989
      0.21803023
      0.22044835
      0.22225999
      0.22366886
      0.22480012
      0.22573205
      0.22651553
      0.22718507
      0.22776506
      0.22827331
      0.22872318
      0.22912491
      0.22948647
      0.22981422
      0.23011322
      0.23038764
      0.23064085
      0.23087567
      0.23109448
      0.23129924
      0.23149166
      0.23167316
      0.23184500
      0.23200823
      0.23216379
      0.23231248
      0.23245503
      0.23259205
      0.23272410
      0.23285166
      0.23297518
      0.23309503
      0.23321157
      0.23332510
      0.23343591
      0.23354425
      0.23365035
      0.23375440
      0.23385658
      0.23395702
      0.23405589
      0.23415332
      0.23424952
      0.23434475
      0.23443923
      0.23453304
      0.23462581
      0.23471645
      0.23480308
      0.23488353
      0.23495648
      0.23502337
      0.23509014
      0.23516744
      0.23526762
      0.23539753
      0.23554790
      0.23568309
      0.23573694
      0.23562122
      0.23524903
      0.23456927
      0.23359911
      0.23243766
      0.23124899
      0.23021722
      0.22949252
      0.22915182
      0.22918871
      0.22953101
      0.23007272
      0.23070578
      0.23134213
      0.23192377
      0.23242286
      0.23283575
      0.23317470
      0.23345984
      0.23371273
      0.23395211
      0.23419179
      0.23444012
      0.23470067
      0.23497342
      0.23525613
      0.23554556
      0.23583838
      0.23613171
      0.23642344
      0.23671225
      0.23699752
      0.23727916
      0.23755748
      0.23783296
      0.23810619
      0.23837777
      0.23864829
      0.23891828
      0.23918828
      0.23945879
      0.23973038
      0.24000361
      0.24027909
      0.24055740
      0.24083905
      0.24112431
      0.24141312
      0.24170485
      0.24199818
      0.24229100
      0.24258043
      0.24286315
      0.24313590
      0.24339644
      0.24364477
      0.24388445
      0.24412383
      0.24437672
      0.24466186
      0.24500082
      0.24541370
      0.24591279
      0.24649444
      0.24713078
      0.24776384
      0.24830555
      0.24864785
      0.24868474
      0.24834404
      0.24761934
      0.24658757
      0.24539890
      0.24423745
      0.24326729
      0.24258753
      0.24221535
      0.24209962
      0.24215348
      0.24228866
      0.24243904
      0.24256895
      0.24266913
      0.24274642
      0.24281319
      0.24288009
      0.24295304
      0.24303348
      0.24312012
      0.24321075
      0.24330352
      0.24339733
      0.24349182
      0.24358704
      0.24368324
      0.24378068
      0.24387954
      0.24397999
      0.24408216
      0.24418621
      0.24429231
      0.24440065
      0.24451146
      0.24462500
      0.24474154
      0.24486139
      0.24498490
      0.24511246
      0.24524451
      0.24538153
      0.24552408
      0.24567278
      0.24582834
      0.24599157
      0.24616340
      0.24634491
      0.24653732
      0.24674209
      0.24696089
      0.24719572
      0.24744893
      0.24772334
      0.24802235
      0.24835009
      0.24871166
      0.24911338
      0.24956325
      0.25007150
      0.25065150
      0.25132104
      0.25210451
      0.25303645
      0.25416770
      0.25557657
      0.25738821
      0.25980633
      0.26315667
      0.26792700
      0.27476128
      0.28434792
      0.29718420
      0.31331897
      0.33225729
      0.35312231
      0.37499146
      0.39719363
      0.41940122
      0.44155213
      0.46373185
      0.48609100
      0.50880611
      0.53206775
      0.55608248
      0.58108175
      0.60733586
      0.63517374
      0.66501170
      0.69739697
      0.73307682
      0.77311380
      0.81908820
      0.87347605
      0.94040597
      1.02730487
      1.14882446
      1.33699307
      1.66541801
      2.24267531
      2.90315889
     -2.95381090
     -2.70537050
     -2.53616883
     -2.39873110
     -2.26820330
     -2.12542046
     -1.94623117
     -1.68776720
     -1.27290992
     -0.66873286
     -0.10252861
      0.26959272
      0.51613234
      0.70673616
      0.88100000
      1.06765775
      1.30016654
      1.63151622
      2.12478151
      2.71599334
     -3.08894596
     -2.76270284
     -2.52182497
     -2.31415771
     -2.10390344
     -1.85579039
     -1.52147729
     -1.04852681
     -0.48322830
      0.00080894
      0.34900428
      0.61306322
      0.84357037
      1.07838889
      1.35543303
      1.72244190
      2.21395760
      2.75651771
     -3.07494671
     -2.73817877
     -2.46900266
     -2.22240172
     -1.96089941
     -1.64426793
     -1.22889501
     -0.71458902
     -0.20744836
      0.19814514
      0.51326657
      0.78273220
      1.04648013
      1.34191865
      1.70975342
      2.17602064
      2.69042913
     -3.13808683
     -2.77824856
     -2.48145781
     -2.20709475
     -1.91826873
     -1.57728962
     -1.15133182
     -0.65421692
     -0.17393902
      0.22344366
      0.54795628
      0.83679436
      1.12663496
      1.45322501
      1.85029726
      2.32341087
      2.81112924
     -3.04690553
     -2.69684410
     -2.39216672
     -2.09723721
     -1.77760333
     -1.40022878
     -0.94988372
     -0.46561067
     -0.02225751
      0.34978134
      0.67019288
      0.97232208
      1.28950374
      1.65372717
      2.08493566
      2.56046816
      3.01417589
     -2.87905976
     -2.54387195
     -2.23357876
     -1.91608460
     -1.56047772
     -1.14459137
     -0.67970729
     -0.22140331
      0.18249903
      0.53105403
      0.84978703
      1.16929226
      1.51942076
      1.92328959
      2.37740118
      2.83639719
     -3.03245208
     -2.67212601
     -2.34509193
     -2.02254970
     -1.67571207
     -1.28118482
     -0.83713924
     -0.37993174
      0.04188725
      0.41236920
      0.74732187
      1.07349305
      1.41857740
      1.80587464
      2.24088050
      2.69482705
      3.12175204
     -2.78232991
     -2.43997554
     -2.10972010
      0.00000000
