      0.00000000
      1.02346312
      0.69320923
      0.35085618
     -0.02824674
     -0.45517271
     -0.90912122
     -1.34412838
     -1.73142545
     -2.07650857
     -2.40267812
     -2.73762931
     -3.10811059
      2.75325492
      2.29604535
      1.85199816
      1.45747088
      1.11063445
      0.78809393
      0.46106149
      0.10073635
     -0.31360024
     -0.77259837
     -1.22671193
     -1.63058106
     -1.98070843
     -2.30021189
     -2.61894309
     -2.96749687
      2.91178586
      2.45347981
      1.98859337
      1.57270636
      1.21710049
      0.89960813
      0.58931690
      0.25413060
     -0.13581886
     -0.58952849
     -1.06506373
     -1.49627337
     -1.86049600
     -2.17767585
     -2.47980296
     -2.80021270
      3.11093445
      2.66757979
      2.18330367
      1.73295680
      1.35558272
      1.03595061
      0.74102331
      0.43634802
      0.08628781
     -0.33886357
     -0.82658513
     -1.29970139
     -1.69677372
     -2.02336211
     -2.31320043
     -2.60203619
     -2.92654704
      2.95925563
      2.47897487
      1.98185637
      1.55589762
      1.21491987
      0.92609614
      0.65173560
      0.35494710
     -0.00489013
     -0.45956131
     -0.97397410
     -1.44024369
     -1.80807772
     -2.10351403
     -2.36725933
     -2.63672235
     -2.95184179
      2.92574987
      2.41860527
      1.90429498
      1.48892147
      1.17229184
      0.91079219
      0.66419407
      0.39502062
      0.05825430
     -0.39346825
     -0.93603389
     -1.42755293
     -1.79456101
     -2.07160268
     -2.30641830
     -2.53692249
     -2.80097867
      3.13401272
      2.64997262
      2.08466749
      1.61171442
      1.27740286
      1.02929262
      0.81904138
      0.61137719
      0.37050233
      0.04426114
     -0.43398743
     -1.02520717
     -1.51847584
     -1.84982390
     -2.08232977
     -2.26898444
     -2.44324518
     -2.63384582
     -2.88038237
      3.03068261
      2.46447188
      1.86028619
      1.44542841
      1.18696717
      1.00778095
      0.86500106
      0.73447616
      0.59704145
      0.42784307
      0.17940588
     -0.24681006
     -0.90730528
     -1.48456982
     -1.81299301
     -2.00115851
     -2.12267533
     -2.20957186
     -2.27649970
     -2.33088568
     -2.37685834
     -2.41689366
     -2.45257191
     -2.48495560
     -2.51479199
     -2.54262830
     -2.56888081
     -2.59387845
     -2.61789150
     -2.64115139
     -2.66386468
     -2.68622192
     -2.70839960
     -2.73054832
     -2.75275353
     -2.77495305
     -2.79681921
     -2.81768078
     -2.83661502
     -2.85274488
     -2.86557516
     -2.87515450
     -2.88197999
     -2.88673987
     -2.89007801
     -2.89248212
     -2.89427791
     -2.89566905
     -2.89678071
     -2.89769116
     -2.89845126
     -2.89909554
     -2.89964837
     -2.90012758
     -2.90054651
     -2.90091541
     -2.90124228
     -2.90153344
     -2.90179399
     -2.90202807
     -2.90223909
     -2.90242988
     -2.90260279
     -2.90275982
     -2.90290267
     -2.90303278
     -2.90315141
     -2.90325963
     -2.90335838
     -2.90344849
     -2.90353068
     -2.90360558
     -2.90367377
     -2.90373574
     -2.90379194
     -2.90384277
     -2.90388860
     -2.90392975
     -2.90396651
     -2.90399917
     -2.90402796
     -2.90405309
     -2.90407475
     -2.90409312
     -2.90410834
     -2.90412061
     -2.90413013
     -2.90413717
     -2.90414200
     -2.90414470
     -2.90414493
     -2.90414162
     -2.90413292
     -2.90411667
     -2.90409157
     -2.90405911
     -2.90402524
     -2.90400063
     -2.90399767
     -2.90402324
     -2.90406809
     -2.90409657
     -2.90404256
     -2.90381780
     -2.90333546
     -2.90254448
     -2.90146212
     -2.90018767
     -2.89888535
     -2.89773948
     -2.89690040
     -2.89644515
     -2.89636736
     -2.89659487
     -2.89702164
     -2.89753955
     -2.89806050
     -2.89852646
     -2.89890955
     -2.89920610
     -2.89942840
     -2.89959658
     -2.89973220
     -2.89985404
     -2.89997592
     -2.90010621
     -2.90024849
     -2.90040277
     -2.90056682
     -2.90073741
     -2.90091121
     -2.90108537
     -2.90125777
     -2.90142712
     -2.90159281
     -2.90175477
     -2.90191331
     -2.90206893
     -2.90222225
     -2.90237387
     -2.90252439
     -2.90267437
     -2.90282435
     -2.90297488
     -2.90312650
     -2.90327981
     -2.90343543
     -2.90359397
     -2.90375593
     -2.90392162
     -2.90409097
     -2.90426338
     -2.90443753
     -2.90461133
     -2.90478192
     -2.90494597
     -2.90510025
     -2.90524254
     -2.90537283
     -2.90549470
     -2.90561655
     -2.90575217
     -2.90592034
     -2.90614264
     -2.90643920
     -2.90682228
     -2.90728824
     -2.90780920
     -2.90832711
     -2.90875388
     -2.90898138
     -2.90890360
     -2.90844834
     -2.90760926
     -2.90646340
     -2.90516108
     -2.90388662
     -2.90280426
     -2.90201328
     -2.90153094
     -2.90130619
     -2.90125218
     -2.90128066
     -2.90132551
     -2.90135107
     -2.90134812
     -2.90132351
     -2.90128963
     -2.90125717
     -2.90123208
     -2.90121582
     -2.90120712
     -2.90120381
     -2.90120404
     -2.90120674
     -2.90121157
     -2.90121862
     -2.90122814
     -2.90124040
     -2.90125563
     -2.90127399
     -2.90129566
     -2.90132079
     -2.90134957
     -2.90138223
     -2.90141900
     -2.90146015
     -2.90150598
     -2.90155681
     -2.90161301
     -2.90167497
     -2.90174316
     -2.90181806
     -2.90190025
     -2.90199036
     -2.90208912
     -2.90219734
     -2.90231597
     -2.90244608
     -2.90258893
     -2.90274596
     -2.90291887
     -2.90310965
     -2.90332067
     -2.90355476
     -2.90381531
     -2.90410647
     -2.90443333
     -2.90480223
     -2.90522116
     -2.90570037
     -2.90625321
     -2.90689748
     -2.90765759
     -2.90856803
     -2.90967969
     -2.91107084
     -2.91286662
     -2.91527074
     -2.91860888
     -2.92336875
     -2.93019424
     -2.93977359
     -2.95260387
     -2.96873372
     -2.98766796
     -3.00852954
     -3.03039570
     -3.05259522
     -3.07480043
     -3.09694914
     -3.11912682
     -3.14148406
      3.11898796
      3.09572806
      3.07171502
      3.04671738
      3.02046486
      2.99262855
      2.96279216
      2.93040847
      2.89473022
      2.85469490
      2.80872224
      2.75433626
      2.68740842
      2.60051189
      2.47899508
      2.29082958
      1.96240639
      1.38514184
      0.72464662
      0.29843068
      0.04999349
     -0.11920488
     -0.25663960
     -0.38716450
     -0.52994439
     -0.70913060
     -0.96759184
     -1.38244963
     -1.98663532
     -2.55284605
     -2.92496637
      3.11168238
      2.92108174
      2.74682100
      2.56016633
      2.32766046
      1.99631241
      1.50304374
      0.91182399
      0.43357542
      0.10733424
     -0.13354063
     -0.34120481
     -0.55145605
     -0.79956630
     -1.13387785
     -1.60683093
     -2.17213606
     -2.65617616
     -3.00437008
      3.01475905
      2.78425487
      2.54943924
      2.27239757
      1.90538949
      1.41387045
      0.87130482
      0.41958226
      0.08281595
     -0.18635750
     -0.43295563
     -0.69445528
     -1.01108491
     -1.42645842
     -1.94076871
     -2.44791330
     -2.85350695
      3.11455891
      2.84509589
      2.58135059
      2.28591428
      1.91808025
      1.45181066
      0.93739787
      0.48272669
      0.12288946
     -0.17389904
     -0.44825958
     -0.73708330
     -1.07806105
     -1.50401981
     -2.00113831
     -2.48141906
     -2.87880171
      3.07987275
      2.79103700
      2.50119868
      2.17461028
      1.77753796
      1.30442169
      0.81670014
      0.39154875
      0.04148855
     -0.26318674
     -0.55811405
     -0.87774615
     -1.25512023
     -1.70546711
     -2.18974323
     -2.63309788
     -3.00513605
      2.95763953
      2.65551242
      2.33833257
      1.97410994
      1.54290030
      1.06736505
      0.61365543
      0.22370597
     -0.11148033
     -0.42177157
     -0.73926392
     -1.09486980
     -1.51075681
     -1.97564324
     -2.43394930
     -2.83785187
      3.09677966
      2.77804846
      2.45854500
      2.10841762
      1.70454849
      1.25043493
      0.79143681
      0.37710021
      0.01677507
     -0.31025736
     -0.63279788
     -0.97963432
     -1.37416160
     -1.81820879
     -2.27541835
     -2.69723816
     -3.06771943
      2.88051469
      2.55434514
      2.20926202
      1.82196495
      1.38695779
      0.93300928
      0.50608330
      0.12698038
     -0.21537267
     -0.54562655
      0.00000000
