      0.00000000
     -0.09490479
      0.29572021
      0.68634521
      1.07697021
      1.46759521
      1.85822021
      2.24884521
      2.63947021
      3.03009521
     -2.86246509
     -2.47184009
     -2.08121509
     -1.69059009
     -1.29996509
     -0.90934009
     -0.51871509
     -0.12809009
      0.26253491
      0.65315991
      1.04378491
      1.43440991
      1.82503491
      2.21565991
      2.60628491
      2.99690991
     -2.89565040
     -2.50502540
     -2.11440040
     -1.72377540
     -1.33315040
     -0.94252540
     -0.55190040
     -0.16127540
      0.22934960
      0.61997460
      1.01059960
      1.40122460
      1.79184960
      2.18247460
      2.57309960
      2.96372460
     -2.92883571
     -2.53821071
     -2.14758571
     -1.75696071
     -1.36633571
     -0.97571071
     -0.58508571
     -0.19446071
      0.19616429
      0.58678929
      0.97741429
      1.36803929
      1.75866429
      2.14928929
      2.53991429
      2.93053929
     -2.96202102
     -2.57139602
     -2.18077102
     -1.79014602
     -1.39952102
     -1.00889602
     -0.61827102
     -0.22764602
      0.16297898
      0.55360398
      0.94422898
      1.33485398
      1.72547898
      2.11610398
      2.50672898
      2.89735398
     -2.99520632
     -2.60458132
     -2.21395632
     -1.82333132
     -1.43270632
     -1.04208132
     -0.65145632
     -0.26083132
      0.12979368
      0.52041868
      0.91104368
      1.30166868
      1.69229368
      2.08291868
      2.47354368
      2.86416868
     -3.02839163
     -2.63776663
     -2.24714163
     -1.85651663
     -1.46589163
     -1.07526663
     -0.68464163
     -0.29401663
      0.09660837
      0.48723337
      0.87785837
      1.26848336
      1.65910836
      2.04973336
      2.44035836
      2.83098335
     -3.06157696
     -2.67095196
     -2.28032696
     -1.88970196
     -1.49907696
     -1.10845196
     -0.71782694
     -0.32720193
      0.06342310
      0.45404815
      0.84467320
      1.23529827
      1.62592336
      2.01654846
      2.40717356
      2.79779867
     -3.09476154
     -2.70413646
     -2.31351141
     -1.92288641
     -1.53226148
     -1.14163664
     -0.75101190
     -0.36038729
      0.03023717
      0.42086147
      0.81148558
      1.20210949
      1.59273318
      1.98335662
      2.37397979
      2.76460267
     -3.12796007
     -2.73733785
     -2.34671601
     -1.95609459
     -1.56547363
     -1.17485317
     -0.78423328
     -0.39361397
     -0.00299520
      0.38762286
      0.77823541
      1.16881239
      1.55927230
      1.94965131
      2.34093488
      2.73605407
      3.13758400
     -2.74294784
     -2.35486375
     -1.99463764
     -1.65890470
     -1.32608800
     -0.96047296
     -0.52195183
     -0.00986610
      0.48756116
      0.88763749
      1.19606766
      1.45410203
      1.70452900
      1.99850698
      2.41741891
      3.03413281
     -2.61949132
     -2.19737352
     -1.92723510
     -1.72630317
     -1.54469870
     -1.33865513
     -1.03075663
     -0.43802687
      0.41665796
      0.94333243
      1.20791317
      1.37338405
      1.50355459
      1.63185984
      1.79713698
      2.10420112
      2.93844412
     -2.34240853
     -1.97200414
     -1.80648654
     -1.70392920
     -1.62375896
     -1.54620640
     -1.44896795
     -1.26820414
     -0.57320188
      0.94126202
      1.28740755
      1.40507818
      1.46851469
      1.51147797
      1.54542041
      1.57665723
      1.61260576
      1.67625778
      2.08784037
     -1.75355519
     -1.63872049
     -1.60505560
     -1.58979382
     -1.58329773
     -1.58337354
     -1.59046363
     -1.60745812
     -1.64231907
     -1.71992418
     -1.96103171
      2.95810097
      2.04890393
      1.87413512
      1.80374459
      1.76247703
      1.73180922
      1.70485637
      1.67834420
      1.65044837
      1.62007186
      1.58657957
      1.54970110
      1.50949368
      1.46631584
      1.42078643
      1.37371898
      1.32603405
      1.27866225
      1.23245503
      1.18811867
      1.14617910
      1.10697670
      1.07068382
      1.03733518
      1.00686224
      0.97912527
      0.95393995
      0.93109730
      0.91037758
      0.89155926
      0.87442427
      0.85876074
      0.84436416
      0.83103749
      0.81859071
      0.80683996
      0.79560655
      0.78471579
      0.77399566
      0.76327553
      0.75238477
      0.74115137
      0.72940061
      0.71695383
      0.70362716
      0.68923058
      0.67356705
      0.65643206
      0.63761374
      0.61689402
      0.59405137
      0.56886605
      0.54112908
      0.51065614
      0.47730750
      0.44101462
      0.40181222
      0.35987265
      0.31553629
      0.26932907
      0.22195727
      0.17427235
      0.12720489
      0.08167548
      0.03849764
     -0.00170977
     -0.03858825
     -0.07208054
     -0.10245705
     -0.13035288
     -0.15686505
     -0.18381790
     -0.21448571
     -0.25575327
     -0.32614380
     -0.50091261
     -1.41010965
     -2.77416227
     -3.01526981
     -3.09287491
     -3.12773587
      3.13845496
      3.13136487
      3.13128906
      3.13778514
     -3.13013839
     -3.09647349
     -2.98163880
     -0.53984905
     -0.12826646
     -0.06461444
     -0.02866591
      0.00257091
      0.03651335
      0.07947663
      0.14291314
      0.26058377
      0.60672930
      2.12119320
      2.81619546
      2.99695927
      3.09419772
     -3.11143503
     -3.03126478
     -2.92870745
     -2.76318984
     -2.39278546
     -1.39045279
     -0.55620980
     -0.24914566
     -0.08386852
      0.04443673
      0.17460727
      0.34007815
      0.60465890
      1.13133336
      1.98601819
      2.57874796
      2.88664646
      3.09269002
     -3.00889081
     -2.80795888
     -2.53782046
     -2.11570267
     -1.48614149
     -0.86942759
     -0.45051566
     -0.15653768
      0.09388930
      0.35192366
      0.66035384
      1.06043016
      1.55785742
      2.06994315
      2.50846428
      2.87407932
     -3.07628928
     -2.74055635
     -2.38033024
     -1.99224615
     -1.58959268
     -1.18806275
     -0.79294356
     -0.40165999
     -0.01128097
      0.37917893
      0.76975591
      1.16036846
      1.55098652
      1.94160529
      2.33222460
      2.72284449
      3.11346495
     -2.77909940
     -2.38847798
     -1.99785614
     -1.60723392
     -1.21661135
     -0.82598847
     -0.43536529
     -0.04474185
      0.34588183
      0.73650574
      1.12712985
      1.51775415
      1.90837861
      2.29900322
      2.68962796
      3.08025281
     -2.81230757
     -2.42168257
     -2.03105753
     -1.64043245
     -1.24980735
     -0.85918224
     -0.46855713
     -0.07793204
      0.31269305
      0.70331812
      1.09394317
      1.48456822
      1.87519325
      2.26581827
      2.65644328
      3.04706828
     -2.84549202
     -2.45486702
     -2.06424203
     -1.67361703
     -1.28299203
     -0.89236704
     -0.50174204
     -0.11111704
      0.27950796
      0.67013296
      1.06075795
      1.45138295
      1.84200795
      2.23263295
      2.62325795
      3.01388295
     -2.87867736
     -2.48805236
     -2.09742736
     -1.70680236
     -1.31617736
     -0.92555236
     -0.53492736
     -0.14430236
      0.24632264
      0.63694764
      1.02757264
      1.41819764
      1.80882264
      2.19944764
      2.59007264
      2.98069764
     -2.91186266
     -2.52123766
     -2.13061266
     -1.73998766
     -1.34936266
     -0.95873766
     -0.56811266
     -0.17748766
      0.21313734
      0.60376234
      0.99438734
      1.38501234
      1.77563734
      2.16626234
      2.55688734
      2.94751234
     -2.94504797
     -2.55442297
     -2.16379797
     -1.77317297
     -1.38254797
     -0.99192297
     -0.60129797
     -0.21067297
      0.17995203
      0.57057703
      0.96120203
      1.35182703
      1.74245203
      2.13307703
      2.52370203
      2.91432703
     -2.97823328
     -2.58760828
     -2.19698328
     -1.80635828
     -1.41573328
     -1.02510828
     -0.63448328
     -0.24385828
      0.14676672
      0.53739172
      0.92801672
      1.31864172
      1.70926672
      2.09989172
      2.49051672
      2.88114172
     -3.01141858
     -2.62079358
     -2.23016858
     -1.83954358
     -1.44891858
     -1.05829358
     -0.66766858
     -0.27704358
      0.11358142
      0.50420642
      0.89483142
      1.28545642
      1.67608142
      2.06670642
      2.45733142
      2.84795642
     -3.04460389
     -2.65397889
     -2.26335389
     -1.87272889
     -1.48210389
     -1.09147889
     -0.70085389
     -0.31022889
      0.08039611
      0.47102111
      0.86164611
      1.25227111
      1.64289611
      0.00000000
