      0.00000000
      0.00000000
      0.00000000
      0.00000000
      0.00000000
      0.00000000
      0.00000000
      0.00000000
      0.00000000
      0.00000000
      0.00000000
      0.00000000
      0.00000000
      0.00000000
      0.00000000
      0.00000000
      0.00000000
      0.00000000
      0.00000000
      0.00000000
      0.00000000
      0.00000000
      0.00000000
      0.00000000
      0.00000000
      0.00000000
      0.00000000
      0.00000000
      0.00000000
      0.00000000
      0.00000000
      0.00000000
      0.00000000
      0.00000000
      0.00000000
      0.00000000
      0.00000000
      0.00000000
      0.00000000
      0.00000000
      0.00000000
      0.00000000
      0.00000000
      0.00000000
      0.00000000
      0.00000000
      0.00000000
      0.00000000
      0.00000000
      0.00000000
      0.00000000
      0.00000000
      0.00000000
      0.00000000
      0.00000000
      0.00000000
      0.00000000
      0.00000000
      0.00000000
      0.00000000
      0.00000000
      0.00000000
      0.00000000
      0.00000000
      0.00000000
      0.00000000
      0.00000000
      0.00000000
      0.00000000
      0.00000000
      0.00000000
      0.00000000
      0.00000000
      0.00000000
      0.00000000
      0.00000000
      0.00000000
      0.00000000
      0.00000000
      0.00000000
      0.00000000
      0.00000000
      0.00000000
      0.00000000
      0.00000000
      0.00000000
      0.00000000
      0.00000000
      0.00000000
      0.00000000
      0.00000000
      0.00000000
      0.00000000
      0.00000000
      0.00000000
      0.00000000
      0.00000000
      0.00000000
      0.00000000
      0.00000000
      0.00000000
      0.00000000
      0.00000000
      0.00000000
      0.00000000
      0.00000000
      0.00000000
      0.00000000
      0.00000000
      0.00000000
      0.00000000
      0.00000000
      0.00000000
      0.00000000
      0.00000000
      0.00000000
      0.00000000
      0.00000000
      0.00000000
      0.00000000
      0.00000000
      0.00000000
      0.00000000
      0.00000000
      0.00000000
      0.00000000
      0.00000000
      0.00000000
      0.00000000
      0.00000000
      0.00000000
      0.00000000
      0.00000000
      0.00000000
      0.00000000
      0.00000000
      0.00000000
      0.00000000
      0.00000000
      0.00000000
      0.00000000
      0.00000000
      0.00000000
      0.00000000
      0.00000000
      0.00000000
      0.00000001
      0.00000008
      0.00000047
      0.00000270
      0.00001236
      0.00004330
      0.00011576
      0.00024091
      0.00040702
      0.00058962
      0.00077088
      0.00094508
      0.00111316
      0.00127740
      0.00143931
      0.00159952
      0.00175818
      0.00191527
      0.00207075
      0.00222458
      0.00237675
      0.00252724
      0.00267605
      0.00282319
      0.00296865
      0.00311243
      0.00325453
      0.00339494
      0.00353368
      0.00367074
      0.00380611
      0.00393980
      0.00407182
      0.00420215
      0.00433080
      0.00445777
      0.00458306
      0.00470667
      0.00482860
      0.00494884
      0.00506741
      0.00518429
      0.00529949
      0.00541302
      0.00552486
      0.00563501
      0.00574349
      0.00585029
      0.00595540
      0.00605883
      0.00616058
      0.00626065
      0.00635904
      0.00645575
      0.00655077
      0.00664412
      0.00673578
      0.00682576
      0.00691406
      0.00700068
      0.00708561
      0.00716887
      0.00725044
      0.00733033
      0.00740854
      0.00748506
      0.00755991
      0.00763307
      0.00770455
      0.00777435
      0.00784247
      0.00790891
      0.00797366
      0.00803674
      0.00809813
      0.00815784
      0.00821586
      0.00827221
      0.00832687
      0.00837985
      0.00843115
      0.00848077
      0.00852871
      0.00857496
      0.00861953
      0.00866242
      0.00870363
      0.00874316
      0.00878100
      0.00881716
      0.00885165
      0.00888444
      0.00891556
      0.00894500
      0.00897275
      0.00899882
      0.00902321
      0.00904591
      0.00906694
      0.00908628
      0.00910394
      0.00911992
      0.00913422
      0.00914683
      0.00915777
      0.00916702
      0.00917459
      0.00918047
      0.00918468
      0.00918720
      0.00918804
      0.00918720
      0.00918468
      0.00918047
      0.00917459
      0.00916702
      0.00915777
      0.00914683
      0.00913422
      0.00911992
      0.00910394
      0.00908628
      0.00906694
      0.00904591
      0.00902321
      0.00899882
      0.00897275
      0.00894500
      0.00891556
      0.00888444
      0.00885165
      0.00881716
      0.00878100
      0.00874316
      0.00870363
      0.00866242
      0.00861953
      0.00857496
      0.00852871
      0.00848077
      0.00843115
      0.00837985
      0.00832687
      0.00827221
      0.00821586
      0.00815784
      0.00809813
      0.00803674
      0.00797366
      0.00790891
      0.00784247
      0.00777435
      0.00770455
      0.00763307
      0.00755991
      0.00748506
      0.00740854
      0.00733033
      0.00725044
      0.00716887
      0.00708561
      0.00700068
      0.00691406
      0.00682576
      0.00673578
      0.00664412
      0.00655077
      0.00645575
      0.00635904
      0.00626065
      0.00616058
      0.00605883
      0.00595540
      0.00585029
      0.00574349
      0.00563501
      0.00552486
      0.00541302
      0.00529949
      0.00518429
      0.00506741
      0.00494884
      0.00482860
      0.00470667
      0.00458306
      0.00445777
      0.00433080
      0.00420215
      0.00407182
      0.00393980
      0.00380611
      0.00367074
      0.00353368
      0.00339494
      0.00325453
      0.00311243
      0.00296865
      0.00282319
      0.00267605
      0.00252724
      0.00237675
      0.00222458
      0.00207075
      0.00191527
      0.00175818
      0.00159952
      0.00143931
      0.00127740
      0.00111316
      0.00094508
      0.00077088
      0.00058962
      0.00040702
      0.00024091
      0.00011576
      0.00004330
      0.00001236
      0.00000270
      0.00000047
      0.00000008
      0.00000001
      0.00000000
      0.00000000
      0.00000000
      0.00000000
      0.00000000
      0.00000000
      0.00000000
      0.00000000
      0.00000000
      0.00000000
      0.00000000
      0.00000000
      0.00000000
      0.00000000
      0.00000000
      0.00000000
      0.00000000
      0.00000000
      0.00000000
      0.00000000
      0.00000000
      0.00000000
      0.00000000
      0.00000000
      0.00000000
      0.00000000
      0.00000000
      0.00000000
      0.00000000
      0.00000000
      0.00000000
      0.00000000
      0.00000000
      0.00000000
      0.00000000
      0.00000000
      0.00000000
      0.00000000
      0.00000000
      0.00000000
      0.00000000
      0.00000000
      0.00000000
      0.00000000
      0.00000000
      0.00000000
      0.00000000
      0.00000000
      0.00000000
      0.00000000
      0.00000000
      0.00000000
      0.00000000
      0.00000000
      0.00000000
      0.00000000
      0.00000000
      0.00000000
      0.00000000
      0.00000000
      0.00000000
      0.00000000
      0.00000000
      0.00000000
      0.00000000
      0.00000000
      0.00000000
      0.00000000
      0.00000000
      0.00000000
      0.00000000
      0.00000000
      0.00000000
      0.00000000
      0.00000000
      0.00000000
      0.00000000
      0.00000000
      0.00000000
      0.00000000
      0.00000000
      0.00000000
      0.00000000
      0.00000000
      0.00000000
      0.00000000
      0.00000000
      0.00000000
      0.00000000
      0.00000000
      0.00000000
      0.00000000
      0.00000000
      0.00000000
      0.00000000
      0.00000000
      0.00000000
      0.00000000
      0.00000000
      0.00000000
      0.00000000
      0.00000000
      0.00000000
      0.00000000
      0.00000000
      0.00000000
      0.00000000
      0.00000000
      0.00000000
      0.00000000
      0.00000000
      0.00000000
      0.00000000
      0.00000000
      0.00000000
      0.00000000
      0.00000000
      0.00000000
      0.00000000
      0.00000000
      0.00000000
      0.00000000
      0.00000000
      0.00000000
      0.00000000
      0.00000000
      0.00000000
      0.00000000
      0.00000000
      0.00000000
      0.00000000
      0.00000000
      0.00000000
      0.00000000
      0.00000000
      0.00000000
      0.00000000
      0.00000000
      0.00000000
      0.00000000
      0.00000000
      0.00000000
      0.00000000
      0.00000000
      0.00000000
      0.00000000
