      0.00000000
      0.00000000
      0.00000000
      0.00000000
      0.00000000
      0.00000000
      0.00000000
      0.00000000
      0.00000000
      0.00000000
      0.00000000
      0.00000000
      0.00000000
      0.00000000
      0.00000000
      0.00000000
      0.00000000
      0.00000000
      0.00000000
      0.00000000
      0.00000000
      0.00000000
      0.00000000
      0.00000000
      0.00000000
      0.00000000
      0.00000000
      0.00000000
      0.00000000
      0.00000000
      0.00000000
      0.00000000
      0.00000000
      0.00000000
      0.00000000
      0.00000000
      0.00000000
      0.00000000
      0.00000000
      0.00000000
      0.00000000
      0.00000000
      0.00000000
      0.00000000
      0.00000000
      0.00000000
      0.00000000
      0.00000000
      0.00000000
      0.00000000
      0.00000000
      0.00000000
      0.00000000
      0.00000000
      0.00000000
      0.00000000
      0.00000000
      0.00000000
      0.00000000
      0.00000000
      0.00000000
      0.00000000
      0.00000000
      0.00000000
      0.00000000
      0.00000000
      0.00000000
      0.00000000
      0.00000000
      0.00000000
      0.00000000
      0.00000000
      0.00000000
      0.00000000
      0.00000000
      0.00000000
      0.00000000
      0.00000000
      0.00000000
      0.00000000
      0.00000000
      0.00000000
      0.00000000
      0.00000000
      0.00000000
      0.00000000
      0.00000000
      0.00000000
      0.00000000
      0.00000000
      0.00000000
      0.00000000
      0.00000000
      0.00000000
      0.00000000
      0.00000000
      0.00000000
      0.00000000
      0.00000000
      0.00000000
      0.00000000
      0.00000000
      0.00000000
      0.00000000
      0.00000000
      0.00000000
      0.00000000
      0.00000000
      0.00000000
      0.00000000
      0.00000000
      0.00000000
      0.00000000
      0.00000000
      0.00000000
      0.00000000
      0.00000000
      0.00000000
      0.00000000
      0.00000000
      0.00000000
      0.00000000
      0.00000000
      0.00000000
      0.00000000
      0.00000000
      0.00000000
      0.00000000
      0.00000000
      0.00000000
      0.00000000
      0.00000000
      0.00000000
      0.00000000
      0.00000000
      0.00000000
      0.00000000
      0.00000000
      0.00000000
      0.00000000
      0.00000000
      0.00000000
      0.00000000
      0.00000000
      0.00000000
      0.00000000
      0.00000001
      0.00000008
      0.00000047
      0.00000270
      0.00001236
      0.00004329
      0.00011575
      0.00024088
      0.00040698
      0.00058954
      0.00077077
      0.00094491
      0.00111293
      0.00127710
      0.00143893
      0.00159905
      0.00175761
      0.00191460
      0.00206997
      0.00222369
      0.00237574
      0.00252611
      0.00267480
      0.00282181
      0.00296714
      0.00311079
      0.00325275
      0.00339304
      0.00353164
      0.00366856
      0.00380380
      0.00393736
      0.00406923
      0.00419943
      0.00432794
      0.00445478
      0.00457993
      0.00470340
      0.00482519
      0.00494530
      0.00506373
      0.00518048
      0.00529555
      0.00540894
      0.00552065
      0.00563067
      0.00573902
      0.00584569
      0.00595067
      0.00605398
      0.00615561
      0.00625555
      0.00635382
      0.00645040
      0.00654531
      0.00663854
      0.00673008
      0.00681995
      0.00690813
      0.00699464
      0.00707946
      0.00716261
      0.00724407
      0.00732386
      0.00740196
      0.00747839
      0.00755314
      0.00762620
      0.00769759
      0.00776730
      0.00783532
      0.00790167
      0.00796634
      0.00802932
      0.00809063
      0.00815026
      0.00820820
      0.00826447
      0.00831906
      0.00837197
      0.00842320
      0.00847275
      0.00852062
      0.00856681
      0.00861132
      0.00865415
      0.00869530
      0.00873477
      0.00877256
      0.00880867
      0.00884310
      0.00887586
      0.00890693
      0.00893632
      0.00896404
      0.00899007
      0.00901442
      0.00903710
      0.00905809
      0.00907741
      0.00909505
      0.00911100
      0.00912528
      0.00913788
      0.00914879
      0.00915803
      0.00916559
      0.00917147
      0.00917567
      0.00917819
      0.00917903
      0.00917819
      0.00917567
      0.00917147
      0.00916559
      0.00915803
      0.00914879
      0.00913788
      0.00912528
      0.00911100
      0.00909505
      0.00907741
      0.00905809
      0.00903710
      0.00901442
      0.00899007
      0.00896404
      0.00893632
      0.00890693
      0.00887586
      0.00884310
      0.00880867
      0.00877256
      0.00873477
      0.00869530
      0.00865415
      0.00861132
      0.00856681
      0.00852062
      0.00847275
      0.00842320
      0.00837197
      0.00831906
      0.00826447
      0.00820820
      0.00815026
      0.00809063
      0.00802932
      0.00796634
      0.00790167
      0.00783532
      0.00776730
      0.00769759
      0.00762620
      0.00755314
      0.00747839
      0.00740196
      0.00732386
      0.00724407
      0.00716261
      0.00707946
      0.00699464
      0.00690813
      0.00681995
      0.00673008
      0.00663854
      0.00654531
      0.00645040
      0.00635382
      0.00625555
      0.00615561
      0.00605398
      0.00595067
      0.00584569
      0.00573902
      0.00563067
      0.00552065
      0.00540894
      0.00529555
      0.00518048
      0.00506373
      0.00494530
      0.00482519
      0.00470340
      0.00457993
      0.00445478
      0.00432794
      0.00419943
      0.00406923
      0.00393736
      0.00380380
      0.00366856
      0.00353164
      0.00339304
      0.00325275
      0.00311079
      0.00296714
      0.00282181
      0.00267480
      0.00252611
      0.00237574
      0.00222369
      0.00206997
      0.00191460
      0.00175761
      0.00159905
      0.00143893
      0.00127710
      0.00111293
      0.00094491
      0.00077077
      0.00058954
      0.00040698
      0.00024088
      0.00011575
      0.00004329
      0.00001236
      0.00000270
      0.00000047
      0.00000008
      0.00000001
      0.00000000
      0.00000000
      0.00000000
      0.00000000
      0.00000000
      0.00000000
      0.00000000
      0.00000000
      0.00000000
      0.00000000
      0.00000000
      0.00000000
      0.00000000
      0.00000000
      0.00000000
      0.00000000
      0.00000000
      0.00000000
      0.00000000
      0.00000000
      0.00000000
      0.00000000
      0.00000000
      0.00000000
      0.00000000
      0.00000000
      0.00000000
      0.00000000
      0.00000000
      0.00000000
      0.00000000
      0.00000000
      0.00000000
      0.00000000
      0.00000000
      0.00000000
      0.00000000
      0.00000000
      0.00000000
      0.00000000
      0.00000000
      0.00000000
      0.00000000
      0.00000000
      0.00000000
      0.00000000
      0.00000000
      0.00000000
      0.00000000
      0.00000000
      0.00000000
      0.00000000
      0.00000000
      0.00000000
      0.00000000
      0.00000000
      0.00000000
      0.00000000
      0.00000000
      0.00000000
      0.00000000
      0.00000000
      0.00000000
      0.00000000
      0.00000000
      0.00000000
      0.00000000
      0.00000000
      0.00000000
      0.00000000
      0.00000000
      0.00000000
      0.00000000
      0.00000000
      0.00000000
      0.00000000
      0.00000000
      0.00000000
      0.00000000
      0.00000000
      0.00000000
      0.00000000
      0.00000000
      0.00000000
      0.00000000
      0.00000000
      0.00000000
      0.00000000
      0.00000000
      0.00000000
      0.00000000
      0.00000000
      0.00000000
      0.00000000
      0.00000000
      0.00000000
      0.00000000
      0.00000000
      0.00000000
      0.00000000
      0.00000000
      0.00000000
      0.00000000
      0.00000000
      0.00000000
      0.00000000
      0.00000000
      0.00000000
      0.00000000
      0.00000000
      0.00000000
      0.00000000
      0.00000000
      0.00000000
      0.00000000
      0.00000000
      0.00000000
      0.00000000
      0.00000000
      0.00000000
      0.00000000
      0.00000000
      0.00000000
      0.00000000
      0.00000000
      0.00000000
      0.00000000
      0.00000000
      0.00000000
      0.00000000
      0.00000000
      0.00000000
      0.00000000
      0.00000000
      0.00000000
      0.00000000
      0.00000000
      0.00000000
      0.00000000
      0.00000000
      0.00000000
      0.00000000
      0.00000000
      0.00000000
      0.00000000
      0.00000000
