      0.00000000
      0.00110195
      0.00217275
      0.00254181
      0.00262737
      0.00256728
      0.00224321
      0.00166357
      0.00167337
      0.00225975
      0.00258927
      0.00267437
      0.00267492
      0.00258291
      0.00222927
      0.00165166
      0.00172854
      0.00231573
      0.00262157
      0.00269647
      0.00269414
      0.00259673
      0.00223008
      0.00165509
      0.00176708
      0.00235386
      0.00264766
      0.00271741
      0.00271373
      0.00261384
      0.00224074
      0.00166621
      0.00179488
      0.00238206
      0.00267027
      0.00273749
      0.00273325
      0.00263270
      0.00225705
      0.00168119
      0.00181581
      0.00240431
      0.00269066
      0.00275679
      0.00275245
      0.00265229
      0.00227641
      0.00169811
      0.00183239
      0.00242284
      0.00270950
      0.00277536
      0.00277114
      0.00267197
      0.00229719
      0.00171586
      0.00184625
      0.00243896
      0.00272716
      0.00279321
      0.00278923
      0.00269133
      0.00231834
      0.00173378
      0.00185840
      0.00245349
      0.00274385
      0.00281034
      0.00280666
      0.00271013
      0.00233926
      0.00175149
      0.00186945
      0.00246690
      0.00275971
      0.00282676
      0.00282339
      0.00272823
      0.00235959
      0.00176873
      0.00187975
      0.00247946
      0.00277482
      0.00284246
      0.00283940
      0.00274557
      0.00237914
      0.00178538
      0.00188948
      0.00249133
      0.00278920
      0.00285745
      0.00285467
      0.00276212
      0.00239782
      0.00180137
      0.00189873
      0.00250259
      0.00280290
      0.00287174
      0.00286922
      0.00277785
      0.00241561
      0.00181665
      0.00190754
      0.00251326
      0.00281590
      0.00288531
      0.00288303
      0.00279277
      0.00243249
      0.00183121
      0.00191591
      0.00252336
      0.00282822
      0.00289816
      0.00289610
      0.00280690
      0.00244848
      0.00184506
      0.00192381
      0.00253287
      0.00283985
      0.00291031
      0.00290845
      0.00282023
      0.00246360
      0.00185820
      0.00193125
      0.00254178
      0.00285078
      0.00292174
      0.00292006
      0.00283277
      0.00247786
      0.00187065
      0.00193818
      0.00255007
      0.00286102
      0.00293246
      0.00293095
      0.00284454
      0.00249132
      0.00188241
      0.00194457
      0.00255771
      0.00287055
      0.00294245
      0.00294111
      0.00285556
      0.00250400
      0.00189354
      0.00195037
      0.00256466
      0.00287936
      0.00295173
      0.00295055
      0.00286585
      0.00251599
      0.00190410
      0.00195552
      0.00257086
      0.00288743
      0.00296029
      0.00295927
      0.00287544
      0.00252742
      0.00191419
      0.00195987
      0.00257616
      0.00289470
      0.00296810
      0.00296727
      0.00288442
      0.00253853
      0.00192406
      0.00196319
      0.00258033
      0.00290110
      0.00297515
      0.00297456
      0.00289293
      0.00254980
      0.00193416
      0.00196498
      0.00258287
      0.00290646
      0.00298138
      0.00298115
      0.00290124
      0.00256218
      0.00194544
      0.00196432
      0.00258281
      0.00291042
      0.00298668
      0.00298704
      0.00290987
      0.00257751
      0.00195987
      0.00195941
      0.00257813
      0.00291227
      0.00299084
      0.00299223
      0.00291977
      0.00259938
      0.00198171
      0.00194688
      0.00256458
      0.00291044
      0.00299336
      0.00299661
      0.00293255
      0.00263454
      0.00202056
      0.00192110
      0.00253293
      0.00290140
      0.00299325
      0.00299974
      0.00294999
      0.00269348
      0.00209751
      0.00187710
      0.00246337
      0.00287700
      0.00298889
      0.00300070
      0.00297073
      0.00278059
      0.00224317
      0.00183480
      0.00232565
      0.00282099
      0.00297936
      0.00300162
      0.00298694
      0.00286017
      0.00241664
      0.00185820
      0.00215369
      0.00273190
      0.00296295
      0.00300489
      0.00299757
      0.00290296
      0.00252619
      0.00191818
      0.00204333
      0.00265536
      0.00294473
      0.00300566
      0.00300335
      0.00292623
      0.00259272
      0.00197413
      0.00197747
      0.00259613
      0.00292731
      0.00300352
      0.00300555
      0.00294360
      0.00265136
      0.00203840
      0.00192158
      0.00253086
      0.00290457
      0.00299787
      0.00300483
      0.00296158
      0.00272631
      0.00214471
      0.00186136
      0.00242501
      0.00286341
      0.00298741
      0.00300148
      0.00297820
      0.00281567
      0.00231430
      0.00183346
      0.00225409
      0.00278598
      0.00297149
      0.00300022
      0.00298795
      0.00287416
      0.00245665
      0.00187348
      0.00210369
      0.00269751
      0.00295062
      0.00299926
      0.00299250
      0.00289986
      0.00252953
      0.00191845
      0.00202309
      0.00263650
      0.00293270
      0.00299610
      0.00299269
      0.00290943
      0.00256275
      0.00194525
      0.00198246
      0.00259999
      0.00291951
      0.00299164
      0.00299016
      0.00291146
      0.00257699
      0.00195836
      0.00195976
      0.00257732
      0.00290933
      0.00298636
      0.00298596
      0.00290966
      0.00258197
      0.00196354
      0.00194488
      0.00256154
      0.00290050
      0.00298037
      0.00298059
      0.00290567
      0.00258214
      0.00196431
      0.00193333
      0.00254888
      0.00289204
      0.00297369
      0.00297428
      0.00290026
      0.00257960
      0.00196255
      0.00192305
      0.00253741
      0.00288341
      0.00296631
      0.00296715
      0.00289379
      0.00257540
      0.00195922
      0.00191305
      0.00252614
      0.00287432
      0.00295822
      0.00295925
      0.00288643
      0.00257004
      0.00195482
      0.00190285
      0.00251459
      0.00286462
      0.00294941
      0.00295061
      0.00287828
      0.00256378
      0.00194961
      0.00189220
      0.00250249
      0.00285423
      0.00293988
      0.00294124
      0.00286939
      0.00255674
      0.00194373
      0.00188099
      0.00248970
      0.00284312
      0.00292963
      0.00293115
      0.00285976
      0.00254901
      0.00193726
      0.00186914
      0.00247616
      0.00283126
      0.00291865
      0.00292035
      0.00284943
      0.00254061
      0.00193024
      0.00185664
      0.00246182
      0.00281863
      0.00290695
      0.00290883
      0.00283839
      0.00253157
      0.00192268
      0.00184346
      0.00244666
      0.00280522
      0.00289452
      0.00289659
      0.00282665
      0.00252188
      0.00191459
      0.00182962
      0.00243068
      0.00279105
      0.00288137
      0.00288365
      0.00281419
      0.00251152
      0.00190594
      0.00181514
      0.00241393
      0.00277611
      0.00286749
      0.00286999
      0.00280100
      0.00250041
      0.00189664
      0.00180009
      0.00239646
      0.00276044
      0.00285290
      0.00285561
      0.00278704
      0.00248843
      0.00188654
      0.00178460
      0.00237846
      0.00274410
      0.00283762
      0.00284052
      0.00277225
      0.00247531
      0.00187533
      0.00176889
      0.00236023
      0.00272721
      0.00282167
      0.00282472
      0.00275649
      0.00246059
      0.00186244
      0.00175336
      0.00234235
      0.00270998
      0.00280511
      0.00280819
      0.00273953
      0.00244345
      0.00184688
      0.00173872
      0.00232582
      0.00269281
      0.00278806
      0.00279092
      0.00272097
      0.00242247
      0.00182699
      0.00172624
      0.00231235
      0.00267635
      0.00277069
      0.00277288
      0.00270004
      0.00239505
      0.00179998
      0.00171829
      0.00230484
      0.00266169
      0.00275329
      0.00275394
      0.00267518
      0.00235630
      0.00176138
      0.00171969
      0.00230816
      0.00265060
      0.00273637
      0.00273372
      0.00264285
      0.00229626
      0.00170483
      0.00174103
      0.00233033
      0.00264572
      0.00272059
      0.00271073
      0.00259414
      0.00219434
      0.00162695
      0.00180511
      0.00238178
      0.00264939
      0.00270568
      0.00267952
      0.00250860
      0.00202034
      0.00155640
      0.00194266
      0.00246199
      0.00265701
      0.00268649
      0.00262943
      0.00236929
      0.00179668
      0.00157511
      0.00212171
      0.00252719
      0.00262690
      0.00254995
      0.00218079
      0.00110728
      0.00000000
