      0.00000000
     -0.71361299
     -0.93139579
     -1.08246141
     -1.21150880
     -1.38075587
     -1.68209785
     -2.28177211
      3.10771306
      2.51472364
      2.21728553
      2.05000343
      1.91802533
      1.74373197
      1.42863126
      0.80131385
     -0.08880673
     -0.65422535
     -0.93810506
     -1.09948152
     -1.23007332
     -1.40683921
     -1.72955122
     -2.37144278
      3.02522775
      2.47375281
      2.19660300
      2.03819877
      1.90834968
      1.73042299
      1.40403641
      0.75533655
     -0.12896276
     -0.67402564
     -0.94811137
     -1.10510162
     -1.23448803
     -1.41272785
     -1.74037460
     -2.39130088
      3.00856246
      2.46559847
      2.19250138
      2.03604466
      1.90697493
      1.72893125
      1.40145257
      0.75096116
     -0.13220051
     -0.67554517
     -0.94884454
     -1.10527659
     -1.23411981
     -1.41168646
     -1.73820140
     -2.38678163
      3.01294642
      2.46784185
      2.19367480
      2.03697828
      1.90830038
      1.73134685
      1.40619685
      0.76027655
     -0.12368708
     -0.67126152
     -0.94664258
     -1.10375872
     -1.23231401
     -1.40860443
     -1.73222369
     -2.37516887
      3.02348133
      2.47312673
      2.19637661
      2.03876680
      1.91030443
      1.73467947
      1.41262428
      0.77272344
     -0.11237109
     -0.66558716
     -0.94375103
     -1.10188106
     -1.23027095
     -1.40525203
     -1.72577868
     -2.36269580
      3.03488290
      2.47884701
      2.19928472
      2.04063425
      1.91230275
      1.73793378
      1.41886868
      0.78481376
     -0.10124545
     -0.66000007
     -0.94091586
     -1.10007354
     -1.22835647
     -1.40214781
     -1.71982895
     -2.35116514
      3.04556823
      2.48421902
      2.20200668
      2.04236089
      1.91411956
      1.74087244
      1.42449805
      0.79573606
     -0.09105351
     -0.65486999
     -0.93831962
     -1.09843275
     -1.22663760
     -1.39937093
     -1.71450994
     -2.34083262
      3.05527391
      2.48911021
      2.20447973
      2.04391943
      1.91574727
      1.74350117
      1.42953480
      0.80553177
     -0.08179471
     -0.65019849
     -0.93595912
     -1.09694823
     -1.22509031
     -1.39687120
     -1.70971710
     -2.33150089
      3.06414516
      2.49359140
      2.20674356
      2.04534141
      1.91722803
      1.74589605
      1.43413170
      0.81449136
     -0.07323189
     -0.64586791
     -0.93377051
     -1.09557340
     -1.22365756
     -1.39454892
     -1.70525210
     -2.32278982
      3.07251108
      2.49782805
      2.20888780
      2.04669155
      1.91864028
      1.74819413
      1.43856125
      0.82314145
     -0.06488739
     -0.64163503
     -0.93162120
     -1.09421129
     -1.22222004
     -1.39219362
     -1.70069527
     -2.31388257
      3.08113960
      2.50221532
      2.21112934
      2.04813098
      1.92018583
      1.75075486
      1.44354211
      0.83288819
     -0.05540584
     -0.63679735
     -0.92912380
     -1.09257122
     -1.22040942
     -1.38914531
     -1.69472494
     -2.30218342
      3.09257782
      2.50807949
      2.21420108
      2.05021175
      1.92256723
      1.75484042
      1.45160347
      0.84871523
     -0.03981594
     -0.62875727
     -0.92484344
     -1.08957404
     -1.21685463
     -1.38294074
     -1.68240624
     -2.27792890
      3.11677401
      2.52063812
      2.22097667
      2.05507838
      1.92848652
      1.76529200
      1.47243296
      0.88990876
      0.00222844
     -0.60678368
     -0.91291135
     -1.08092023
     -1.20624844
     -1.36414238
     -1.64490711
     -2.20324900
     -3.08688262
      2.56258976
      2.24367579
      2.07131223
      1.94801142
      1.79965023
      1.54078980
      1.02741387
      0.16071851
     -0.52166964
     -0.86773300
     -1.05034402
     -1.17207016
     -1.30592574
     -1.53022191
     -1.97029292
     -2.78062159
      2.73494030
      2.33178502
      2.12450345
      1.99724654
      1.87480827
      1.68406658
      1.31823375
      0.60376439
     -0.24550568
     -0.73062966
     -0.97588856
     -1.11806203
     -1.23946228
     -1.41316614
     -1.73716226
     -2.38050492
      3.02204476
      2.47331978
      2.19756222
      2.04265757
      1.91995575
      1.75555219
      1.45604544
      0.85952125
     -0.02772222
     -0.62173206
     -0.91996632
     -1.08388074
     -1.20663444
     -1.36216203
     -1.63942694
     -2.19123621
     -3.07272889
      2.57039953
      2.24818190
      2.07515569
      1.95366831
      1.81058183
      1.56313564
      1.07338194
      0.22091137
     -0.48818771
     -0.85059100
     -1.03986347
     -1.16200808
     -1.29003610
     -1.49950511
     -1.90747937
     -2.68123931
      2.79705296
      2.36219145
      2.14031043
      2.00742137
      1.88567599
      1.70208270
      1.35357047
      0.66704214
     -0.19769927
     -0.70738902
     -0.96447902
     -1.11207250
     -1.23521963
     -1.40795298
     -1.72793412
     -2.36366949
      3.03634978
      2.47994849
      2.20014721
      2.04267946
      1.91746343
      1.74931491
      1.44273475
      0.83281727
     -0.05477817
     -0.63639329
     -0.92878892
     -1.09177578
     -1.21830399
     -1.38424707
     -1.68407843
     -2.28056928
      3.11413621
      2.51898032
      2.21970675
      2.05370870
      1.92646156
      1.76172966
      1.46561075
      0.87659015
     -0.01195033
     -0.61475302
     -0.91794152
     -1.08564368
     -1.21327152
     -1.37724069
     -1.67108229
     -2.25551797
      3.13923656
      2.53171593
      2.22610863
      2.05736371
      1.92953312
      1.76611705
      1.47386411
      0.89261071
      0.00431440
     -0.60648131
     -0.91376294
     -1.08322122
     -1.21116370
     -1.37412454
     -1.66511671
     -2.24386099
     -3.13202254
      2.53778891
      2.22919520
      2.05918402
      1.93117514
      1.76862616
      1.47874565
      0.90220250
      0.01417845
     -0.60145452
     -0.91119318
     -1.08168308
     -1.20973623
     -1.37188926
     -1.66071671
     -2.23518041
     -3.12305736
      2.54236055
      2.23154312
      2.06060411
      1.93251676
      1.77075802
      1.48297205
      0.91056346
      0.02284983
     -0.59702967
     -0.90891314
     -1.08029522
     -1.20841309
     -1.36977159
     -1.65650260
     -2.22682810
     -3.11435642
      2.54680392
      2.23383790
      2.06200585
      1.93385755
      1.77290919
      1.48725995
      0.91907385
      0.03175775
     -0.59247674
     -0.90655819
     -1.07885447
     -1.20703548
     -1.36756239
     -1.65209719
     -2.21807454
     -3.10514760
      2.55151474
      2.23627681
      2.06349807
      1.93527993
      1.77518454
      1.49179575
      0.92809540
      0.04129818
     -0.58759246
     -0.90402853
     -1.07730910
     -1.20557132
     -1.36523031
     -1.64745212
     -2.20882778
     -3.09531851
      2.55654933
      2.23888348
      2.06508436
      1.93676743
      1.77753776
      1.49647749
      0.93742121
      0.05125688
     -0.58249226
     -0.90139148
     -1.07571681
     -1.20410485
     -1.36293593
     -1.64289397
     -2.19974597
     -3.08559162
      2.56152269
      2.24144674
      2.06660806
      1.93812329
      1.77961616
      1.50059946
      0.94562797
      0.06003454
     -0.57802800
     -0.89910733
     -1.07440570
     -1.20302759
     -1.36136401
     -1.63978364
     -2.19357706
     -3.07909655
      2.56476733
      2.24307163
      2.06744280
      1.93861904
      1.78016217
      1.50167164
      0.94768451
      0.06186811
     -0.57726920
     -0.89881852
     -1.07451594
     -1.20364916
     -1.36275995
     -1.64255877
     -2.19928477
     -3.08605731
      2.56084881
      2.24084913
      2.06556646
      1.93593105
      1.77519496
      1.49182575
      0.92772938
      0.03903145
     -0.58958978
     -0.90556990
     -1.07960587
     -1.21013154
     -1.37430588
     -1.66545575
     -2.24541248
     -3.13687645
      2.53385018
      2.22609792
      2.05463974
      1.92233354
      1.75115122
      1.44400049
      0.83222649
     -0.06027453
     -0.64165583
     -0.93427850
     -1.10125993
     -1.23755430
     -1.42316399
     -1.76324064
     -2.43653087
      2.96719637
      2.44139531
      2.17421156
      2.01390694
      1.86870092
      1.65418014
      1.24822592
      0.47216501
     -0.34520717
     -0.78615147
     -1.01659923
     -1.16809721
     -1.32819128
     -1.58876080
     -2.09889771
     -2.97273964
      2.61693387
      2.26461893
      2.07129183
      1.93090617
      1.77510170
      1.55579086
      0.00000000
