             NaN
      1.55122592
      1.76900872
      1.92007433
      2.04912172
      2.21836881
      2.51971079
      3.11938482
     -2.27010109
     -1.67711190
     -1.37967379
     -1.21239171
     -1.08041362
     -0.90612025
     -0.59101955
      0.03629734
      0.92641646
      1.49183470
      1.77571440
      1.93709084
      2.06768261
      2.24444850
      2.56716047
     -3.07413409
     -2.18762139
     -1.63614694
     -1.35899715
     -1.20059295
     -1.07074392
     -0.89281725
     -0.56643072
      0.08226804
      0.96656472
      1.51162699
      1.78571269
      1.94270288
      2.07208921
      2.25032899
      2.57797566
     -3.05428470
     -2.17096591
     -1.62800266
     -1.35490561
     -1.19844898
     -1.06937936
     -0.89133574
     -0.56385717
      0.08663268
      0.96979065
      1.51313444
      1.78643374
      1.94286568
      2.07170875
      2.24927532
      2.57579012
     -3.05881673
     -2.17536369
     -1.63026014
     -1.35609319
     -1.19939681
     -1.07071908
     -0.89376568
     -0.56861584
      0.07730247
      0.96126136
      1.50883463
      1.78421556
      1.94133153
      2.06988660
      2.24617687
      2.56979594
     -3.07044638
     -2.18591656
     -1.63556330
     -1.35881332
     -1.20120372
     -1.07274162
     -0.89711685
     -0.57506188
      0.06483658
      0.94992527
      1.50313982
      1.78130351
      1.93943329
      2.06782287
      2.24280373
      2.56333012
     -3.08294065
     -2.19734045
     -1.64130626
     -1.36174419
     -1.20309401
     -1.07476286
     -0.90039416
     -0.58132936
      0.05272277
      0.93877500
      1.49752773
      1.77844326
      1.93760061
      2.06588312
      2.23967417
      2.55735496
     -3.09449715
     -2.20805279
     -1.64670567
     -1.36449364
     -1.20484822
     -1.07660735
     -0.90336059
     -0.58698659
      0.04177220
      0.92855359
      1.49236776
      1.77581704
      1.93592974
      2.06413408
      2.23686700
      2.55200557
     -3.10486047
     -2.21779049
     -1.65162932
     -1.36699924
     -1.20643942
     -1.07826784
     -0.90602219
     -0.59205631
      0.03194309
      0.91926012
      1.48766115
      1.77342133
      1.93440990
      2.06255134
      2.23433172
      2.54717709
     -3.11422828
     -2.22669914
     -1.65614837
     -1.36930103
     -1.20789946
     -1.07978680
     -0.90845538
     -0.59669161
      0.02294464
      0.91065711
      1.48328990
      1.77119193
      1.93299418
      2.06107757
      2.23196831
      2.54267084
     -3.12298105
     -2.23510811
     -1.66042858
     -1.37148893
     -1.20929340
     -1.08124297
     -0.91079750
     -0.60116531
      0.01424995
      0.90226662
      1.47901050
      1.76899601
      1.93158533
      2.05959316
      2.22956600
      2.53806690
     -3.13193587
     -2.24378560
     -1.66486536
     -1.37378012
     -1.21078258
     -1.08283842
     -0.91340825
     -0.60619631
      0.00445263
      0.89273307
      1.47412025
      1.76644591
      1.92989244
      2.05772958
      2.22646460
      2.53204337
      3.13949668
     -2.25527889
     -1.67078519
     -1.37690764
     -1.21291926
     -1.08527587
     -0.91755001
     -0.61431397
     -0.01143105
      0.87708508
      1.46602142
      1.76210666
      1.92683625
      2.05411562
      2.22020072
      2.51966526
      3.11518253
     -2.27953612
     -1.68340565
     -1.38374520
     -1.21784798
     -1.09125741
     -0.92806399
     -0.63520594
     -0.05268703
      0.83497691
      1.44398301
      1.75010959
      1.91811734
      2.04344418
      2.20133692
      2.48210063
      3.04043766
     -2.35913081
     -1.72542489
     -1.40651214
     -1.23414975
     -1.11085042
     -0.96249054
     -0.70363116
     -0.19025917
      0.67641975
      1.35879902
      1.70486092
      1.88747073
      2.00919530
      2.14304939
      2.36734445
      2.80741281
     -2.66545812
     -1.89784716
     -1.49469402
     -1.28741365
     -1.16015834
     -1.03772171
     -0.84698127
     -0.48115020
      0.23330838
      1.08256165
      1.56768198
      1.81293969
      1.95511161
      2.07651014
      2.25021265
      2.57420731
     -3.06564385
     -2.18502755
     -1.63630801
     -1.36055170
     -1.20564857
     -1.08294850
     -0.91854640
     -0.61904101
     -0.02252398
      0.86469900
      1.45870175
      1.75693464
      1.92084755
      2.04359943
      2.19912546
      2.47638905
      3.02819243
     -2.37352093
     -1.73347303
     -1.41125697
     -1.23823227
     -1.11674678
     -0.97366201
     -0.72621714
     -0.23646771
      0.61598345
      1.32507041
      1.68747170
      1.87674269
      1.99888536
      2.12691149
      2.33637909
      2.74435067
     -2.76509026
     -1.96021444
     -1.52535609
     -1.30347649
     -1.17058932
     -1.04884592
     -0.86525416
     -0.51674385
      0.16977268
      1.03449265
      1.54417733
      1.80126592
      1.94885761
      2.07200274
      2.24473449
      2.56471396
     -3.08274589
     -2.19960334
     -1.64320881
     -1.36340899
     -1.20594297
     -1.08072893
     -0.91258204
     -0.60600347
      0.00390495
      0.89147584
      1.47308306
      1.76547718
      1.92846234
      2.05498855
      2.22092997
      2.52075978
      3.11724194
     -2.27748877
     -1.68234152
     -1.38306950
     -1.21707313
     -1.08982799
     -0.92509777
     -0.62898039
     -0.03996832
      0.84854642
      1.45134000
      1.75452691
      1.92222741
      2.04985324
      2.21382073
      2.50766082
      3.09208805
     -2.30269266
     -1.69518150
     -1.38957579
     -1.22083251
     -1.09300392
     -0.92958952
     -0.63733809
     -0.05609310
      0.83217669
      1.44296267
      1.75024271
      1.91969936
      2.04763985
      2.21059904
      2.50158973
      3.08032564
     -2.31472494
     -1.70136101
     -1.39276889
     -1.22275930
     -1.09475239
     -0.93220504
     -0.64232597
     -0.06579115
      0.82220588
      1.43782874
      1.74756584
      1.91805418
      2.04610540
      2.20825682
      2.49708287
      3.07153831
     -2.32379721
     -1.70604005
     -1.39522415
     -1.22428667
     -1.09620120
     -0.93444403
     -0.64665943
     -0.07425898
      0.81342742
      1.43329659
      1.74517856
      1.91655917
      2.04467521
      2.20603219
      2.49276188
      3.06307937
     -2.33260482
     -1.71059025
     -1.39762569
     -1.22579504
     -1.09764852
     -0.93670162
     -0.65105362
     -0.08287538
      0.80441365
      1.42863771
      1.74271775
      1.91501270
      2.04319201
      2.20371751
      2.48825115
      3.05422083
     -2.34191825
     -1.71540571
     -1.40016913
     -1.22739164
     -1.09917512
     -0.93908107
     -0.65569337
     -0.09200046
      0.79477028
      1.42365054
      1.74008533
      1.91336473
      2.04162542
      2.20128316
      2.48350396
      3.04487245
     -2.35184814
     -1.72054096
     -1.40287631
     -1.22907827
     -1.10076277
     -0.94153426
     -0.66047491
     -0.10142551
      0.78471341
      1.41845243
      1.73735053
      1.91167487
      2.04006160
      2.19889161
      2.47884882
      3.03569428
     -2.36167004
     -1.72560895
     -1.40553403
     -1.23069623
     -1.10221266
     -0.94370649
     -0.66469052
     -0.10972523
      0.77584444
      1.41389737
      1.73497577
      1.91027338
      2.03889419
      2.19722977
      2.47564876
      3.02943635
     -2.36825217
     -1.72893993
     -1.40724506
     -1.23161687
     -1.10279407
     -0.94433793
     -0.66584793
     -0.11186627
      0.77392864
      1.41305731
      1.73460592
      1.91030282
      2.03943522
      2.19854540
      2.47834379
      3.03506465
     -2.36136822
     -1.72509694
     -1.40509783
     -1.22981557
     -1.10018084
     -0.93944524
     -0.65607636
     -0.09198488
      0.79669451
      1.42530881
      1.74128851
      1.91532417
      2.04584931
      2.21002329
      2.50117290
      3.08112488
     -2.31061323
     -1.69816023
     -1.39040823
     -1.21895025
     -1.08664444
     -0.91546233
     -0.60831183
      0.00345727
      0.89594364
      1.47732085
      1.76994342
      1.93692474
      2.07321888
      2.25882849
      2.59890486
     -3.01099570
     -2.13154930
     -1.60575053
     -1.33856672
     -1.17826214
     -1.03305623
     -0.81853543
     -0.41258173
      0.36347306
      1.18083820
      1.62178177
      1.85222965
      2.00372763
      2.16382168
      2.42439122
      2.93452735
     -2.47482050
     -1.78131099
     -1.42899606
     -1.23566887
     -1.09528318
     -0.93947872
     -0.72016789
      0.00000000
