      0.00000000
      0.00082081
      0.00180172
      0.00219421
      0.00228551
      0.00228803
      0.00227648
      0.00226879
      0.00226618
      0.00226672
      0.00226880
      0.00227153
      0.00227449
      0.00227752
      0.00228056
      0.00228359
      0.00228661
      0.00228962
      0.00229262
      0.00229560
      0.00229857
      0.00230152
      0.00230446
      0.00230740
      0.00231031
      0.00231322
      0.00231611
      0.00231899
      0.00232186
      0.00232472
      0.00232756
      0.00233039
      0.00233321
      0.00233602
      0.00233881
      0.00234159
      0.00234436
      0.00234711
      0.00234986
      0.00235259
      0.00235530
      0.00235801
      0.00236070
      0.00236338
      0.00236605
      0.00236870
      0.00237135
      0.00237398
      0.00237660
      0.00237920
      0.00238179
      0.00238437
      0.00238694
      0.00238949
      0.00239204
      0.00239457
      0.00239708
      0.00239959
      0.00240208
      0.00240456
      0.00240703
      0.00240948
      0.00241193
      0.00241436
      0.00241677
      0.00241918
      0.00242157
      0.00242395
      0.00242632
      0.00242867
      0.00243101
      0.00243334
      0.00243566
      0.00243796
      0.00244026
      0.00244253
      0.00244480
      0.00244706
      0.00244930
      0.00245153
      0.00245374
      0.00245595
      0.00245814
      0.00246032
      0.00246249
      0.00246464
      0.00246678
      0.00246891
      0.00247103
      0.00247313
      0.00247522
      0.00247730
      0.00247937
      0.00248142
      0.00248347
      0.00248549
      0.00248751
      0.00248951
      0.00249151
      0.00249349
      0.00249545
      0.00249741
      0.00249935
      0.00250128
      0.00250319
      0.00250510
      0.00250699
      0.00250887
      0.00251073
      0.00251259
      0.00251443
      0.00251626
      0.00251807
      0.00251988
      0.00252167
      0.00252345
      0.00252521
      0.00252696
      0.00252871
      0.00253043
      0.00253215
      0.00253385
      0.00253554
      0.00253722
      0.00253889
      0.00254054
      0.00254218
      0.00254381
      0.00254543
      0.00254703
      0.00254862
      0.00255020
      0.00255176
      0.00255332
      0.00255486
      0.00255638
      0.00255790
      0.00255940
      0.00256089
      0.00256237
      0.00256384
      0.00256529
      0.00256673
      0.00256816
      0.00256957
      0.00257097
      0.00257236
      0.00257374
      0.00257511
      0.00257646
      0.00257780
      0.00257913
      0.00258044
      0.00258174
      0.00258303
      0.00258431
      0.00258557
      0.00258683
      0.00258807
      0.00258929
      0.00259051
      0.00259171
      0.00259290
      0.00259407
      0.00259524
      0.00259639
      0.00259753
      0.00259866
      0.00259977
      0.00260087
      0.00260196
      0.00260304
      0.00260410
      0.00260515
      0.00260619
      0.00260721
      0.00260823
      0.00260923
      0.00261022
      0.00261119
      0.00261216
      0.00261311
      0.00261404
      0.00261497
      0.00261588
      0.00261678
      0.00261767
      0.00261854
      0.00261941
      0.00262026
      0.00262109
      0.00262192
      0.00262273
      0.00262353
      0.00262432
      0.00262509
      0.00262586
      0.00262660
      0.00262734
      0.00262807
      0.00262878
      0.00262948
      0.00263016
      0.00263084
      0.00263150
      0.00263215
      0.00263278
      0.00263341
      0.00263402
      0.00263462
      0.00263520
      0.00263577
      0.00263634
      0.00263688
      0.00263742
      0.00263794
      0.00263845
      0.00263895
      0.00263944
      0.00263991
      0.00264037
      0.00264082
      0.00264125
      0.00264167
      0.00264208
      0.00264248
      0.00264286
      0.00264324
      0.00264359
      0.00264394
      0.00264428
      0.00264460
      0.00264491
      0.00264520
      0.00264549
      0.00264576
      0.00264602
      0.00264626
      0.00264649
      0.00264672
      0.00264692
      0.00264712
      0.00264730
      0.00264747
      0.00264763
      0.00264778
      0.00264791
      0.00264803
      0.00264814
      0.00264823
      0.00264831
      0.00264838
      0.00264844
      0.00264848
      0.00264852
      0.00264854
      0.00264854
      0.00264854
      0.00264852
      0.00264849
      0.00264844
      0.00264839
      0.00264832
      0.00264824
      0.00264814
      0.00264804
      0.00264792
      0.00264779
      0.00264764
      0.00264748
      0.00264731
      0.00264713
      0.00264694
      0.00264673
      0.00264651
      0.00264628
      0.00264603
      0.00264577
      0.00264550
      0.00264522
      0.00264493
      0.00264462
      0.00264430
      0.00264396
      0.00264362
      0.00264326
      0.00264289
      0.00264251
      0.00264211
      0.00264170
      0.00264128
      0.00264085
      0.00264040
      0.00263994
      0.00263947
      0.00263898
      0.00263849
      0.00263798
      0.00263745
      0.00263692
      0.00263637
      0.00263581
      0.00263524
      0.00263466
      0.00263406
      0.00263345
      0.00263283
      0.00263219
      0.00263154
      0.00263088
      0.00263021
      0.00262952
      0.00262882
      0.00262811
      0.00262739
      0.00262665
      0.00262591
      0.00262514
      0.00262437
      0.00262358
      0.00262279
      0.00262197
      0.00262115
      0.00262031
      0.00261946
      0.00261860
      0.00261773
      0.00261684
      0.00261594
      0.00261503
      0.00261411
      0.00261317
      0.00261222
      0.00261126
      0.00261028
      0.00260929
      0.00260829
      0.00260728
      0.00260626
      0.00260522
      0.00260417
      0.00260311
      0.00260203
      0.00260094
      0.00259984
      0.00259873
      0.00259760
      0.00259646
      0.00259531
      0.00259415
      0.00259297
      0.00259179
      0.00259058
      0.00258937
      0.00258814
      0.00258691
      0.00258565
      0.00258439
      0.00258311
      0.00258183
      0.00258052
      0.00257921
      0.00257788
      0.00257654
      0.00257519
      0.00257383
      0.00257245
      0.00257106
      0.00256966
      0.00256824
      0.00256682
      0.00256538
      0.00256393
      0.00256246
      0.00256098
      0.00255949
      0.00255799
      0.00255648
      0.00255495
      0.00255341
      0.00255186
      0.00255029
      0.00254871
      0.00254712
      0.00254552
      0.00254390
      0.00254228
      0.00254064
      0.00253898
      0.00253732
      0.00253564
      0.00253395
      0.00253225
      0.00253053
      0.00252880
      0.00252706
      0.00252531
      0.00252354
      0.00252176
      0.00251997
      0.00251817
      0.00251635
      0.00251452
      0.00251268
      0.00251083
      0.00250896
      0.00250708
      0.00250519
      0.00250329
      0.00250137
      0.00249944
      0.00249750
      0.00249555
      0.00249358
      0.00249160
      0.00248961
      0.00248761
      0.00248559
      0.00248356
      0.00248152
      0.00247946
      0.00247740
      0.00247532
      0.00247323
      0.00247112
      0.00246900
      0.00246687
      0.00246473
      0.00246258
      0.00246041
      0.00245823
      0.00245604
      0.00245383
      0.00245162
      0.00244939
      0.00244714
      0.00244489
      0.00244262
      0.00244034
      0.00243805
      0.00243574
      0.00243343
      0.00243110
      0.00242875
      0.00242640
      0.00242403
      0.00242165
      0.00241926
      0.00241685
      0.00241443
      0.00241200
      0.00240956
      0.00240710
      0.00240464
      0.00240216
      0.00239966
      0.00239716
      0.00239464
      0.00239211
      0.00238956
      0.00238701
      0.00238444
      0.00238186
      0.00237927
      0.00237666
      0.00237404
      0.00237141
      0.00236877
      0.00236611
      0.00236344
      0.00236076
      0.00235806
      0.00235536
      0.00235264
      0.00234991
      0.00234716
      0.00234441
      0.00234164
      0.00233886
      0.00233606
      0.00233325
      0.00233044
      0.00232760
      0.00232476
      0.00232190
      0.00231903
      0.00231615
      0.00231326
      0.00231035
      0.00230743
      0.00230450
      0.00230155
      0.00229859
      0.00229562
      0.00229264
      0.00228964
      0.00228664
      0.00228361
      0.00228058
      0.00227754
      0.00227450
      0.00227154
      0.00226881
      0.00226673
      0.00226619
      0.00226880
      0.00227649
      0.00228803
      0.00228551
      0.00219421
      0.00180172
      0.00082081
      0.00000000
