      0.00000000
      0.00082081
      0.00180172
      0.00219422
      0.00228553
      0.00228806
      0.00227652
      0.00226884
      0.00226624
      0.00226679
      0.00226888
      0.00227162
      0.00227459
      0.00227763
      0.00228068
      0.00228372
      0.00228675
      0.00228977
      0.00229277
      0.00229576
      0.00229874
      0.00230170
      0.00230465
      0.00230759
      0.00231052
      0.00231343
      0.00231634
      0.00231923
      0.00232210
      0.00232497
      0.00232782
      0.00233066
      0.00233348
      0.00233630
      0.00233910
      0.00234189
      0.00234466
      0.00234743
      0.00235018
      0.00235291
      0.00235564
      0.00235835
      0.00236105
      0.00236374
      0.00236642
      0.00236908
      0.00237173
      0.00237437
      0.00237699
      0.00237960
      0.00238220
      0.00238479
      0.00238736
      0.00238992
      0.00239247
      0.00239501
      0.00239753
      0.00240004
      0.00240254
      0.00240503
      0.00240750
      0.00240996
      0.00241241
      0.00241484
      0.00241727
      0.00241968
      0.00242208
      0.00242446
      0.00242683
      0.00242919
      0.00243154
      0.00243387
      0.00243619
      0.00243850
      0.00244080
      0.00244308
      0.00244536
      0.00244761
      0.00244986
      0.00245209
      0.00245431
      0.00245652
      0.00245872
      0.00246090
      0.00246307
      0.00246523
      0.00246737
      0.00246951
      0.00247163
      0.00247373
      0.00247583
      0.00247791
      0.00247998
      0.00248204
      0.00248408
      0.00248611
      0.00248813
      0.00249014
      0.00249213
      0.00249411
      0.00249608
      0.00249803
      0.00249998
      0.00250191
      0.00250383
      0.00250573
      0.00250762
      0.00250950
      0.00251137
      0.00251323
      0.00251507
      0.00251690
      0.00251871
      0.00252052
      0.00252231
      0.00252409
      0.00252586
      0.00252761
      0.00252935
      0.00253108
      0.00253280
      0.00253450
      0.00253619
      0.00253787
      0.00253953
      0.00254119
      0.00254283
      0.00254445
      0.00254607
      0.00254767
      0.00254926
      0.00255084
      0.00255240
      0.00255396
      0.00255550
      0.00255702
      0.00255854
      0.00256004
      0.00256153
      0.00256300
      0.00256447
      0.00256592
      0.00256736
      0.00256878
      0.00257020
      0.00257160
      0.00257299
      0.00257436
      0.00257573
      0.00257708
      0.00257841
      0.00257974
      0.00258105
      0.00258235
      0.00258364
      0.00258491
      0.00258618
      0.00258743
      0.00258866
      0.00258989
      0.00259110
      0.00259230
      0.00259349
      0.00259466
      0.00259582
      0.00259697
      0.00259811
      0.00259923
      0.00260034
      0.00260144
      0.00260253
      0.00260360
      0.00260466
      0.00260571
      0.00260674
      0.00260777
      0.00260878
      0.00260978
      0.00261076
      0.00261173
      0.00261270
      0.00261364
      0.00261458
      0.00261550
      0.00261641
      0.00261731
      0.00261819
      0.00261907
      0.00261992
      0.00262077
      0.00262161
      0.00262243
      0.00262324
      0.00262403
      0.00262482
      0.00262559
      0.00262635
      0.00262710
      0.00262783
      0.00262855
      0.00262926
      0.00262996
      0.00263064
      0.00263131
      0.00263197
      0.00263262
      0.00263325
      0.00263387
      0.00263448
      0.00263508
      0.00263566
      0.00263623
      0.00263679
      0.00263733
      0.00263787
      0.00263839
      0.00263890
      0.00263939
      0.00263987
      0.00264034
      0.00264080
      0.00264125
      0.00264168
      0.00264210
      0.00264251
      0.00264290
      0.00264328
      0.00264365
      0.00264401
      0.00264436
      0.00264469
      0.00264501
      0.00264531
      0.00264561
      0.00264589
      0.00264616
      0.00264642
      0.00264666
      0.00264689
      0.00264711
      0.00264732
      0.00264751
      0.00264769
      0.00264786
      0.00264802
      0.00264816
      0.00264830
      0.00264841
      0.00264852
      0.00264861
      0.00264870
      0.00264876
      0.00264882
      0.00264886
      0.00264889
      0.00264891
      0.00264892
      0.00264891
      0.00264889
      0.00264886
      0.00264882
      0.00264876
      0.00264869
      0.00264861
      0.00264851
      0.00264841
      0.00264829
      0.00264815
      0.00264801
      0.00264785
      0.00264768
      0.00264750
      0.00264731
      0.00264710
      0.00264688
      0.00264665
      0.00264640
      0.00264614
      0.00264587
      0.00264559
      0.00264529
      0.00264499
      0.00264467
      0.00264433
      0.00264399
      0.00264363
      0.00264326
      0.00264287
      0.00264248
      0.00264207
      0.00264165
      0.00264122
      0.00264077
      0.00264031
      0.00263984
      0.00263936
      0.00263886
      0.00263835
      0.00263783
      0.00263730
      0.00263675
      0.00263619
      0.00263562
      0.00263504
      0.00263444
      0.00263383
      0.00263321
      0.00263257
      0.00263193
      0.00263127
      0.00263060
      0.00262991
      0.00262921
      0.00262850
      0.00262778
      0.00262705
      0.00262630
      0.00262554
      0.00262477
      0.00262398
      0.00262318
      0.00262237
      0.00262155
      0.00262072
      0.00261987
      0.00261901
      0.00261813
      0.00261725
      0.00261635
      0.00261544
      0.00261452
      0.00261358
      0.00261263
      0.00261167
      0.00261070
      0.00260971
      0.00260871
      0.00260770
      0.00260668
      0.00260564
      0.00260459
      0.00260353
      0.00260246
      0.00260137
      0.00260027
      0.00259916
      0.00259803
      0.00259690
      0.00259575
      0.00259458
      0.00259341
      0.00259222
      0.00259102
      0.00258981
      0.00258858
      0.00258735
      0.00258610
      0.00258483
      0.00258356
      0.00258227
      0.00258097
      0.00257966
      0.00257833
      0.00257699
      0.00257564
      0.00257428
      0.00257290
      0.00257151
      0.00257011
      0.00256870
      0.00256727
      0.00256583
      0.00256438
      0.00256291
      0.00256144
      0.00255995
      0.00255845
      0.00255693
      0.00255540
      0.00255386
      0.00255231
      0.00255075
      0.00254917
      0.00254758
      0.00254598
      0.00254436
      0.00254273
      0.00254109
      0.00253944
      0.00253777
      0.00253609
      0.00253440
      0.00253270
      0.00253098
      0.00252926
      0.00252751
      0.00252576
      0.00252399
      0.00252221
      0.00252042
      0.00251862
      0.00251680
      0.00251497
      0.00251313
      0.00251127
      0.00250941
      0.00250753
      0.00250563
      0.00250373
      0.00250181
      0.00249988
      0.00249794
      0.00249598
      0.00249401
      0.00249203
      0.00249004
      0.00248803
      0.00248602
      0.00248398
      0.00248194
      0.00247988
      0.00247782
      0.00247573
      0.00247364
      0.00247153
      0.00246941
      0.00246728
      0.00246514
      0.00246298
      0.00246081
      0.00245863
      0.00245643
      0.00245422
      0.00245200
      0.00244977
      0.00244753
      0.00244527
      0.00244300
      0.00244071
      0.00243842
      0.00243611
      0.00243379
      0.00243146
      0.00242911
      0.00242675
      0.00242438
      0.00242199
      0.00241960
      0.00241719
      0.00241477
      0.00241233
      0.00240988
      0.00240743
      0.00240495
      0.00240247
      0.00239997
      0.00239746
      0.00239494
      0.00239240
      0.00238985
      0.00238729
      0.00238472
      0.00238214
      0.00237954
      0.00237693
      0.00237430
      0.00237167
      0.00236902
      0.00236636
      0.00236368
      0.00236100
      0.00235830
      0.00235559
      0.00235286
      0.00235012
      0.00234737
      0.00234461
      0.00234184
      0.00233905
      0.00233625
      0.00233344
      0.00233061
      0.00232778
      0.00232493
      0.00232206
      0.00231919
      0.00231630
      0.00231340
      0.00231049
      0.00230756
      0.00230462
      0.00230167
      0.00229871
      0.00229573
      0.00229274
      0.00228974
      0.00228673
      0.00228370
      0.00228066
      0.00227761
      0.00227457
      0.00227160
      0.00226887
      0.00226678
      0.00226623
      0.00226883
      0.00227651
      0.00228805
      0.00228552
      0.00219422
      0.00180172
      0.00082081
      0.00000000
