             NaN
      3.10227453
     -2.98099417
     -2.86099636
     -2.79655429
     -2.76567142
     -2.75240913
     -2.74729295
     -2.74552991
     -2.74499849
     -2.74486404
     -2.74483478
     -2.74482249
     -2.74480624
     -2.74478386
     -2.74475684
     -2.74472660
     -2.74469392
     -2.74465917
     -2.74462252
     -2.74458402
     -2.74454371
     -2.74450161
     -2.74445771
     -2.74441204
     -2.74436461
     -2.74431544
     -2.74426452
     -2.74421189
     -2.74415754
     -2.74410151
     -2.74404379
     -2.74398441
     -2.74392337
     -2.74386070
     -2.74379642
     -2.74373052
     -2.74366304
     -2.74359399
     -2.74352338
     -2.74345124
     -2.74337757
     -2.74330239
     -2.74322573
     -2.74314760
     -2.74306801
     -2.74298700
     -2.74290456
     -2.74282073
     -2.74273551
     -2.74264894
     -2.74256103
     -2.74247179
     -2.74238124
     -2.74228942
     -2.74219633
     -2.74210199
     -2.74200642
     -2.74190966
     -2.74181170
     -2.74171258
     -2.74161231
     -2.74151092
     -2.74140842
     -2.74130484
     -2.74120020
     -2.74109451
     -2.74098780
     -2.74088009
     -2.74077139
     -2.74066174
     -2.74055115
     -2.74043964
     -2.74032723
     -2.74021395
     -2.74009981
     -2.73998484
     -2.73986906
     -2.73975248
     -2.73963514
     -2.73951705
     -2.73939822
     -2.73927869
     -2.73915848
     -2.73903760
     -2.73891607
     -2.73879392
     -2.73867117
     -2.73854784
     -2.73842395
     -2.73829951
     -2.73817456
     -2.73804911
     -2.73792318
     -2.73779679
     -2.73766997
     -2.73754272
     -2.73741508
     -2.73728706
     -2.73715869
     -2.73702997
     -2.73690094
     -2.73677161
     -2.73664200
     -2.73651213
     -2.73638202
     -2.73625168
     -2.73612115
     -2.73599042
     -2.73585954
     -2.73572850
     -2.73559733
     -2.73546605
     -2.73533468
     -2.73520323
     -2.73507172
     -2.73494017
     -2.73480860
     -2.73467702
     -2.73454544
     -2.73441389
     -2.73428238
     -2.73415093
     -2.73401956
     -2.73388827
     -2.73375708
     -2.73362602
     -2.73349509
     -2.73336431
     -2.73323369
     -2.73310325
     -2.73297300
     -2.73284296
     -2.73271314
     -2.73258355
     -2.73245421
     -2.73232512
     -2.73219631
     -2.73206778
     -2.73193954
     -2.73181162
     -2.73168401
     -2.73155673
     -2.73142979
     -2.73130321
     -2.73117699
     -2.73105114
     -2.73092568
     -2.73080061
     -2.73067594
     -2.73055168
     -2.73042785
     -2.73030444
     -2.73018148
     -2.73005896
     -2.72993689
     -2.72981529
     -2.72969415
     -2.72957350
     -2.72945332
     -2.72933364
     -2.72921446
     -2.72909577
     -2.72897760
     -2.72885994
     -2.72874280
     -2.72862618
     -2.72851010
     -2.72839455
     -2.72827953
     -2.72816506
     -2.72805114
     -2.72793777
     -2.72782494
     -2.72771268
     -2.72760097
     -2.72748983
     -2.72737925
     -2.72726924
     -2.72715979
     -2.72705091
     -2.72694260
     -2.72683487
     -2.72672771
     -2.72662112
     -2.72651510
     -2.72640966
     -2.72630478
     -2.72620049
     -2.72609676
     -2.72599361
     -2.72589103
     -2.72578902
     -2.72568757
     -2.72558669
     -2.72548638
     -2.72538663
     -2.72528744
     -2.72518880
     -2.72509072
     -2.72499320
     -2.72489622
     -2.72479979
     -2.72470390
     -2.72460855
     -2.72451373
     -2.72441945
     -2.72432569
     -2.72423246
     -2.72413974
     -2.72404753
     -2.72395584
     -2.72386464
     -2.72377395
     -2.72368374
     -2.72359403
     -2.72350480
     -2.72341604
     -2.72332775
     -2.72323992
     -2.72315256
     -2.72306564
     -2.72297917
     -2.72289314
     -2.72280754
     -2.72272236
     -2.72263761
     -2.72255326
     -2.72246932
     -2.72238577
     -2.72230261
     -2.72221983
     -2.72213743
     -2.72205540
     -2.72197372
     -2.72189239
     -2.72181141
     -2.72173076
     -2.72165044
     -2.72157044
     -2.72149075
     -2.72141136
     -2.72133227
     -2.72125346
     -2.72117493
     -2.72109667
     -2.72101867
     -2.72094093
     -2.72086342
     -2.72078616
     -2.72070911
     -2.72063229
     -2.72055568
     -2.72047927
     -2.72040305
     -2.72032701
     -2.72025115
     -2.72017545
     -2.72009992
     -2.72002453
     -2.71994928
     -2.71987416
     -2.71979917
     -2.71972429
     -2.71964952
     -2.71957484
     -2.71950026
     -2.71942575
     -2.71935132
     -2.71927695
     -2.71920263
     -2.71912836
     -2.71905413
     -2.71897993
     -2.71890575
     -2.71883158
     -2.71875743
     -2.71868326
     -2.71860909
     -2.71853490
     -2.71846069
     -2.71838644
     -2.71831215
     -2.71823782
     -2.71816342
     -2.71808897
     -2.71801444
     -2.71793983
     -2.71786514
     -2.71779036
     -2.71771548
     -2.71764050
     -2.71756540
     -2.71749018
     -2.71741484
     -2.71733937
     -2.71726376
     -2.71718801
     -2.71711211
     -2.71703605
     -2.71695983
     -2.71688344
     -2.71680688
     -2.71673015
     -2.71665323
     -2.71657612
     -2.71649883
     -2.71642133
     -2.71634364
     -2.71626573
     -2.71618762
     -2.71610929
     -2.71603075
     -2.71595198
     -2.71587298
     -2.71579376
     -2.71571430
     -2.71563461
     -2.71555468
     -2.71547450
     -2.71539408
     -2.71531342
     -2.71523250
     -2.71515133
     -2.71506991
     -2.71498824
     -2.71490630
     -2.71482411
     -2.71474166
     -2.71465895
     -2.71457597
     -2.71449273
     -2.71440923
     -2.71432547
     -2.71424144
     -2.71415715
     -2.71407259
     -2.71398777
     -2.71390269
     -2.71381734
     -2.71373173
     -2.71364587
     -2.71355974
     -2.71347336
     -2.71338672
     -2.71329982
     -2.71321268
     -2.71312528
     -2.71303764
     -2.71294975
     -2.71286162
     -2.71277325
     -2.71268465
     -2.71259581
     -2.71250674
     -2.71241745
     -2.71232794
     -2.71223821
     -2.71214827
     -2.71205812
     -2.71196776
     -2.71187721
     -2.71178646
     -2.71169552
     -2.71160440
     -2.71151311
     -2.71142164
     -2.71133000
     -2.71123821
     -2.71114626
     -2.71105416
     -2.71096193
     -2.71086956
     -2.71077706
     -2.71068445
     -2.71059172
     -2.71049889
     -2.71040596
     -2.71031294
     -2.71021985
     -2.71012668
     -2.71003344
     -2.70994015
     -2.70984681
     -2.70975344
     -2.70966003
     -2.70956661
     -2.70947317
     -2.70937973
     -2.70928631
     -2.70919289
     -2.70909951
     -2.70900616
     -2.70891287
     -2.70881963
     -2.70872646
     -2.70863336
     -2.70854036
     -2.70844746
     -2.70835467
     -2.70826200
     -2.70816947
     -2.70807708
     -2.70798485
     -2.70789278
     -2.70780090
     -2.70770921
     -2.70761771
     -2.70752644
     -2.70743539
     -2.70734458
     -2.70725402
     -2.70716373
     -2.70707371
     -2.70698398
     -2.70689455
     -2.70680543
     -2.70671664
     -2.70662819
     -2.70654009
     -2.70645235
     -2.70636499
     -2.70627802
     -2.70619146
     -2.70610531
     -2.70601959
     -2.70593431
     -2.70584949
     -2.70576513
     -2.70568126
     -2.70559789
     -2.70551502
     -2.70543267
     -2.70535086
     -2.70526960
     -2.70518890
     -2.70510877
     -2.70502923
     -2.70495030
     -2.70487197
     -2.70479428
     -2.70471723
     -2.70464083
     -2.70456510
     -2.70449005
     -2.70441570
     -2.70434205
     -2.70426913
     -2.70419693
     -2.70412549
     -2.70405480
     -2.70398488
     -2.70391575
     -2.70384742
     -2.70377990
     -2.70371320
     -2.70364734
     -2.70358233
     -2.70351818
     -2.70345490
     -2.70339250
     -2.70333100
     -2.70327042
     -2.70321075
     -2.70315202
     -2.70309423
     -2.70303740
     -2.70298153
     -2.70292665
     -2.70287275
     -2.70281986
     -2.70276798
     -2.70271713
     -2.70266731
     -2.70261853
     -2.70257081
     -2.70252415
     -2.70247858
     -2.70243408
     -2.70239069
     -2.70234840
     -2.70230722
     -2.70226717
     -2.70222825
     -2.70219048
     -2.70215385
     -2.70211839
     -2.70208410
     -2.70205098
     -2.70201905
     -2.70198831
     -2.70195877
     -2.70193044
     -2.70190333
     -2.70187746
     -2.70185290
     -2.70182980
     -2.70180852
     -2.70178987
     -2.70177523
     -2.70176609
     -2.70176029
     -2.70173689
     -2.70160767
     -2.70108082
     -2.69932168
     -2.69420872
     -2.68094894
     -2.65006788
     -2.58562698
     -2.46562986
     -2.26571359
      0.00000000
