      0.00000000
      0.83400576
      0.63409122
      0.51409756
      0.44966267
      0.41879083
      0.40554383
      0.40044727
      0.39870804
      0.39820452
      0.39810194
      0.39810845
      0.39813576
      0.39816295
      0.39818780
      0.39821179
      0.39823631
      0.39826212
      0.39828958
      0.39831883
      0.39834990
      0.39838281
      0.39841754
      0.39845408
      0.39849243
      0.39853256
      0.39857446
      0.39861813
      0.39866354
      0.39871069
      0.39875955
      0.39881012
      0.39886238
      0.39891631
      0.39897191
      0.39902914
      0.39908800
      0.39914848
      0.39921055
      0.39927419
      0.39933940
      0.39940615
      0.39947443
      0.39954422
      0.39961551
      0.39968826
      0.39976247
      0.39983812
      0.39991519
      0.39999366
      0.40007351
      0.40015472
      0.40023728
      0.40032116
      0.40040635
      0.40049282
      0.40058055
      0.40066953
      0.40075974
      0.40085115
      0.40094374
      0.40103750
      0.40113241
      0.40122844
      0.40132557
      0.40142378
      0.40152305
      0.40162337
      0.40172470
      0.40182703
      0.40193034
      0.40203461
      0.40213981
      0.40224593
      0.40235293
      0.40246081
      0.40256954
      0.40267910
      0.40278947
      0.40290062
      0.40301254
      0.40312520
      0.40323859
      0.40335267
      0.40346744
      0.40358287
      0.40369893
      0.40381562
      0.40393290
      0.40405075
      0.40416916
      0.40428811
      0.40440756
      0.40452751
      0.40464794
      0.40476881
      0.40489012
      0.40501183
      0.40513394
      0.40525642
      0.40537925
      0.40550241
      0.40562589
      0.40574966
      0.40587370
      0.40599799
      0.40612252
      0.40624727
      0.40637221
      0.40649733
      0.40662261
      0.40674804
      0.40687359
      0.40699924
      0.40712498
      0.40725080
      0.40737666
      0.40750257
      0.40762849
      0.40775442
      0.40788033
      0.40800621
      0.40813204
      0.40825782
      0.40838351
      0.40850911
      0.40863460
      0.40875997
      0.40888520
      0.40901027
      0.40913518
      0.40925991
      0.40938444
      0.40950876
      0.40963286
      0.40975672
      0.40988033
      0.41000368
      0.41012676
      0.41024955
      0.41037204
      0.41049422
      0.41061608
      0.41073761
      0.41085879
      0.41097962
      0.41110009
      0.41122018
      0.41133988
      0.41145919
      0.41157810
      0.41169659
      0.41181466
      0.41193231
      0.41204951
      0.41216627
      0.41228257
      0.41239841
      0.41251378
      0.41262867
      0.41274308
      0.41285701
      0.41297043
      0.41308336
      0.41319577
      0.41330768
      0.41341906
      0.41352993
      0.41364026
      0.41375007
      0.41385933
      0.41396806
      0.41407624
      0.41418388
      0.41429097
      0.41439750
      0.41450348
      0.41460890
      0.41471376
      0.41481806
      0.41492180
      0.41502497
      0.41512757
      0.41522961
      0.41533108
      0.41543198
      0.41553231
      0.41563208
      0.41573127
      0.41582990
      0.41592796
      0.41602546
      0.41612239
      0.41621876
      0.41631457
      0.41640982
      0.41650450
      0.41659864
      0.41669222
      0.41678525
      0.41687773
      0.41696966
      0.41706106
      0.41715191
      0.41724223
      0.41733202
      0.41742128
      0.41751002
      0.41759824
      0.41768595
      0.41777315
      0.41785984
      0.41794603
      0.41803172
      0.41811693
      0.41820165
      0.41828590
      0.41836967
      0.41845297
      0.41853581
      0.41861820
      0.41870014
      0.41878164
      0.41886270
      0.41894333
      0.41902354
      0.41910333
      0.41918271
      0.41926170
      0.41934028
      0.41941848
      0.41949631
      0.41957375
      0.41965084
      0.41972757
      0.41980394
      0.41987998
      0.41995568
      0.42003106
      0.42010612
      0.42018087
      0.42025531
      0.42032947
      0.42040334
      0.42047693
      0.42055025
      0.42062331
      0.42069613
      0.42076869
      0.42084103
      0.42091313
      0.42098502
      0.42105670
      0.42112818
      0.42119947
      0.42127057
      0.42134150
      0.42141227
      0.42148287
      0.42155333
      0.42162364
      0.42169383
      0.42176389
      0.42183383
      0.42190367
      0.42197341
      0.42204306
      0.42211263
      0.42218213
      0.42225156
      0.42232094
      0.42239027
      0.42245956
      0.42252882
      0.42259806
      0.42266728
      0.42273649
      0.42280571
      0.42287493
      0.42294417
      0.42301343
      0.42308272
      0.42315206
      0.42322144
      0.42329087
      0.42336037
      0.42342993
      0.42349957
      0.42356930
      0.42363911
      0.42370902
      0.42377903
      0.42384915
      0.42391938
      0.42398974
      0.42406023
      0.42413085
      0.42420162
      0.42427253
      0.42434359
      0.42441481
      0.42448619
      0.42455775
      0.42462947
      0.42470138
      0.42477347
      0.42484575
      0.42491822
      0.42499089
      0.42506376
      0.42513684
      0.42521013
      0.42528364
      0.42535736
      0.42543130
      0.42550547
      0.42557987
      0.42565450
      0.42572937
      0.42580447
      0.42587981
      0.42595540
      0.42603123
      0.42610731
      0.42618363
      0.42626021
      0.42633704
      0.42641412
      0.42649146
      0.42656905
      0.42664690
      0.42672500
      0.42680337
      0.42688199
      0.42696087
      0.42704001
      0.42711941
      0.42719906
      0.42727897
      0.42735914
      0.42743956
      0.42752024
      0.42760117
      0.42768235
      0.42776378
      0.42784546
      0.42792738
      0.42800955
      0.42809196
      0.42817460
      0.42825748
      0.42834059
      0.42842393
      0.42850750
      0.42859129
      0.42867529
      0.42875951
      0.42884394
      0.42892857
      0.42901341
      0.42909844
      0.42918366
      0.42926906
      0.42935465
      0.42944041
      0.42952635
      0.42961244
      0.42969869
      0.42978510
      0.42987165
      0.42995833
      0.43004515
      0.43013209
      0.43021915
      0.43030632
      0.43039360
      0.43048097
      0.43056842
      0.43065596
      0.43074356
      0.43083123
      0.43091895
      0.43100672
      0.43109453
      0.43118236
      0.43127021
      0.43135808
      0.43144594
      0.43153379
      0.43162163
      0.43170944
      0.43179720
      0.43188492
      0.43197258
      0.43206017
      0.43214769
      0.43223511
      0.43232242
      0.43240963
      0.43249671
      0.43258366
      0.43267047
      0.43275711
      0.43284359
      0.43292989
      0.43301599
      0.43310190
      0.43318758
      0.43327304
      0.43335826
      0.43344323
      0.43352793
      0.43361235
      0.43369649
      0.43378032
      0.43386384
      0.43394704
      0.43402989
      0.43411239
      0.43419453
      0.43427628
      0.43435765
      0.43443861
      0.43451915
      0.43459926
      0.43467893
      0.43475814
      0.43483688
      0.43491514
      0.43499289
      0.43507014
      0.43514687
      0.43522305
      0.43529869
      0.43537376
      0.43544825
      0.43552215
      0.43559545
      0.43566813
      0.43574017
      0.43581158
      0.43588232
      0.43595239
      0.43602178
      0.43609046
      0.43615844
      0.43622569
      0.43629220
      0.43635796
      0.43642296
      0.43648718
      0.43655061
      0.43661323
      0.43667504
      0.43673601
      0.43679615
      0.43685543
      0.43691384
      0.43697137
      0.43702801
      0.43708374
      0.43713855
      0.43719244
      0.43724538
      0.43729737
      0.43734840
      0.43739844
      0.43744750
      0.43749556
      0.43754260
      0.43758862
      0.43763360
      0.43767754
      0.43772043
      0.43776224
      0.43780298
      0.43784263
      0.43788117
      0.43791861
      0.43795493
      0.43799012
      0.43802417
      0.43805708
      0.43808882
      0.43811940
      0.43814880
      0.43817702
      0.43820404
      0.43822986
      0.43825447
      0.43827785
      0.43830002
      0.43832094
      0.43834063
      0.43835909
      0.43837637
      0.43839260
      0.43840815
      0.43842378
      0.43844090
      0.43846096
      0.43848179
      0.43848244
      0.43837463
      0.43786654
      0.43612341
      0.43102363
      0.41777412
      0.38690047
      0.32246441
      0.20247007
      0.00255519
      0.00000000
