      0.00000000
      0.00000000
      0.00000000
      0.00000000
      0.00000000
      0.00000000
      0.00000000
      0.00000000
      0.00000000
      0.00000000
      0.00000000
      0.00000000
      0.00000000
      0.00000000
      0.00000000
      0.00000000
      0.00000000
      0.00000000
      0.00000000
      0.00000000
      0.00000000
      0.00000000
      0.00000000
      0.00000000
      0.00000000
      0.00000000
      0.00000000
      0.00000000
      0.00000000
      0.00000000
      0.00000000
      0.00000000
      0.00000000
      0.00000000
      0.00000000
      0.00000000
      0.00000000
      0.00000000
      0.00000000
      0.00000000
      0.00000000
      0.00000000
      0.00000000
      0.00000000
      0.00000000
      0.00000000
      0.00000000
      0.00000000
      0.00000000
      0.00000000
      0.00000000
      0.00000000
      0.00000000
      0.00000000
      0.00000000
      0.00000000
      0.00000000
      0.00000000
      0.00000000
      0.00000000
      0.00000000
      0.00000000
      0.00000000
      0.00000000
      0.00000000
      0.00000000
      0.00000000
      0.00000000
      0.00000000
      0.00000000
      0.00000000
      0.00000000
      0.00000000
      0.00000000
      0.00000000
      0.00000000
      0.00000000
      0.00000000
      0.00000000
      0.00000000
      0.00000000
      0.00000000
      0.00000000
      0.00000000
      0.00000000
      0.00000000
      0.00000000
      0.00000000
      0.00000000
      0.00000000
      0.00000000
      0.00000000
      0.00000000
      0.00000000
      0.00000000
      0.00000000
      0.00000000
      0.00000000
      0.00000000
      0.00000000
      0.00000000
      0.00000000
      0.00000000
      0.00000000
      0.00000000
      0.00000000
      0.00000000
      0.00000000
      0.00000000
      0.00000000
      0.00000000
      0.00000000
      0.00000000
      0.00000000
      0.00000000
      0.00000000
      0.00000000
      0.00000000
      0.00000000
      0.00000000
      0.00000000
      0.00000000
      0.00000000
      0.00000000
      0.00000000
      0.00000000
      0.00000000
      0.00000000
      0.00000000
      0.00000000
      0.00000000
      0.00000000
      0.00000000
      0.00000000
      0.00000000
      0.00000000
      0.00000000
      0.00000000
      0.00000000
      0.00000000
      0.00000000
      0.00000000
      0.00000000
      0.00000000
      0.00000001
      0.00000004
      0.00000017
      0.00000072
      0.00000274
      0.00000977
      0.00003171
      0.00008952
      0.00021063
      0.00040797
      0.00066532
      0.00095326
      0.00125172
      0.00155330
      0.00185548
      0.00215534
      0.00244905
      0.00273350
      0.00300766
      0.00327261
      0.00353057
      0.00378382
      0.00403394
      0.00428164
      0.00452687
      0.00476926
      0.00500835
      0.00524380
      0.00547546
      0.00570332
      0.00592748
      0.00614805
      0.00636516
      0.00657886
      0.00678921
      0.00699621
      0.00719987
      0.00740018
      0.00759717
      0.00779083
      0.00798119
      0.00816826
      0.00835207
      0.00853263
      0.00870996
      0.00888409
      0.00905504
      0.00922282
      0.00938744
      0.00954894
      0.00970733
      0.00986263
      0.01001485
      0.01016402
      0.01031016
      0.01045329
      0.01059342
      0.01073059
      0.01086479
      0.01099607
      0.01112444
      0.01124991
      0.01137251
      0.01149226
      0.01160919
      0.01172330
      0.01183462
      0.01194317
      0.01204898
      0.01215206
      0.01225242
      0.01235011
      0.01244512
      0.01253748
      0.01262722
      0.01271435
      0.01279889
      0.01288085
      0.01296027
      0.01303715
      0.01311152
      0.01318340
      0.01325279
      0.01331973
      0.01338422
      0.01344628
      0.01350594
      0.01356320
      0.01361808
      0.01367059
      0.01372076
      0.01376860
      0.01381411
      0.01385732
      0.01389823
      0.01393685
      0.01397321
      0.01400731
      0.01403915
      0.01406876
      0.01409614
      0.01412129
      0.01414423
      0.01416496
      0.01418349
      0.01419983
      0.01421398
      0.01422594
      0.01423573
      0.01424333
      0.01424877
      0.01425202
      0.01425311
      0.01425202
      0.01424877
      0.01424333
      0.01423573
      0.01422594
      0.01421398
      0.01419983
      0.01418349
      0.01416496
      0.01414423
      0.01412129
      0.01409614
      0.01406876
      0.01403915
      0.01400731
      0.01397321
      0.01393685
      0.01389823
      0.01385732
      0.01381411
      0.01376860
      0.01372076
      0.01367059
      0.01361808
      0.01356320
      0.01350594
      0.01344628
      0.01338422
      0.01331973
      0.01325279
      0.01318340
      0.01311152
      0.01303715
      0.01296027
      0.01288085
      0.01279889
      0.01271435
      0.01262722
      0.01253748
      0.01244512
      0.01235011
      0.01225242
      0.01215206
      0.01204898
      0.01194317
      0.01183462
      0.01172330
      0.01160919
      0.01149226
      0.01137251
      0.01124991
      0.01112444
      0.01099607
      0.01086479
      0.01073059
      0.01059342
      0.01045329
      0.01031016
      0.01016402
      0.01001485
      0.00986263
      0.00970733
      0.00954894
      0.00938744
      0.00922282
      0.00905504
      0.00888409
      0.00870996
      0.00853263
      0.00835207
      0.00816826
      0.00798119
      0.00779083
      0.00759717
      0.00740018
      0.00719987
      0.00699621
      0.00678921
      0.00657886
      0.00636516
      0.00614805
      0.00592748
      0.00570332
      0.00547546
      0.00524380
      0.00500835
      0.00476926
      0.00452687
      0.00428164
      0.00403394
      0.00378382
      0.00353057
      0.00327261
      0.00300766
      0.00273350
      0.00244905
      0.00215534
      0.00185548
      0.00155330
      0.00125172
      0.00095326
      0.00066532
      0.00040797
      0.00021063
      0.00008952
      0.00003171
      0.00000977
      0.00000274
      0.00000072
      0.00000017
      0.00000004
      0.00000001
      0.00000000
      0.00000000
      0.00000000
      0.00000000
      0.00000000
      0.00000000
      0.00000000
      0.00000000
      0.00000000
      0.00000000
      0.00000000
      0.00000000
      0.00000000
      0.00000000
      0.00000000
      0.00000000
      0.00000000
      0.00000000
      0.00000000
      0.00000000
      0.00000000
      0.00000000
      0.00000000
      0.00000000
      0.00000000
      0.00000000
      0.00000000
      0.00000000
      0.00000000
      0.00000000
      0.00000000
      0.00000000
      0.00000000
      0.00000000
      0.00000000
      0.00000000
      0.00000000
      0.00000000
      0.00000000
      0.00000000
      0.00000000
      0.00000000
      0.00000000
      0.00000000
      0.00000000
      0.00000000
      0.00000000
      0.00000000
      0.00000000
      0.00000000
      0.00000000
      0.00000000
      0.00000000
      0.00000000
      0.00000000
      0.00000000
      0.00000000
      0.00000000
      0.00000000
      0.00000000
      0.00000000
      0.00000000
      0.00000000
      0.00000000
      0.00000000
      0.00000000
      0.00000000
      0.00000000
      0.00000000
      0.00000000
      0.00000000
      0.00000000
      0.00000000
      0.00000000
      0.00000000
      0.00000000
      0.00000000
      0.00000000
      0.00000000
      0.00000000
      0.00000000
      0.00000000
      0.00000000
      0.00000000
      0.00000000
      0.00000000
      0.00000000
      0.00000000
      0.00000000
      0.00000000
      0.00000000
      0.00000000
      0.00000000
      0.00000000
      0.00000000
      0.00000000
      0.00000000
      0.00000000
      0.00000000
      0.00000000
      0.00000000
      0.00000000
      0.00000000
      0.00000000
      0.00000000
      0.00000000
      0.00000000
      0.00000000
      0.00000000
      0.00000000
      0.00000000
      0.00000000
      0.00000000
      0.00000000
      0.00000000
      0.00000000
      0.00000000
      0.00000000
      0.00000000
      0.00000000
      0.00000000
      0.00000000
      0.00000000
      0.00000000
      0.00000000
      0.00000000
      0.00000000
      0.00000000
      0.00000000
      0.00000000
      0.00000000
      0.00000000
      0.00000000
      0.00000000
      0.00000000
      0.00000000
      0.00000000
      0.00000000
      0.00000000
      0.00000000
      0.00000000
      0.00000000
      0.00000000
      0.00000000
