      0.00000000
     -0.15110927
     -0.55205063
     -0.95653254
     -1.35613532
     -1.74538813
     -2.12498790
     -2.50094985
     -2.88136668
      3.01075176
      2.60849105
      2.20152426
      1.79981412
      1.41011010
      1.03191394
      0.65843965
      0.28031424
     -0.10997041
     -0.51362125
     -0.92344940
     -1.32767475
     -1.71800836
     -2.09468255
     -2.46533424
     -2.84076229
      3.05319372
      2.64808457
      2.23497938
      1.82776830
      1.43658914
      1.06155266
      0.69408250
      0.32180507
     -0.06603699
     -0.47264475
     -0.88948135
     -1.30021818
     -1.69250143
     -2.06578953
     -2.42969744
     -2.79832334
      3.09880545
      2.69069795
      2.26963780
      1.85475705
      1.46106286
      1.08962676
      0.72968213
      0.36525725
     -0.01854024
     -0.42809627
     -0.85390987
     -1.27364334
     -1.66911123
     -2.03859947
     -2.39415825
     -2.75378040
     -3.13475890
      2.73754071
      2.30640294
      1.88099692
      1.48332535
      1.11587454
      0.76515256
      0.41099716
      0.03350130
     -0.37850887
     -0.81559211
     -1.24763677
     -1.64802791
     -2.01335311
     -2.35874268
     -2.70668290
     -3.07989997
      2.79046791
      2.34674616
      1.90688890
      1.50314452
      1.14004126
      0.80055518
      0.45970428
      0.09174472
     -0.32140998
     -0.77257252
     -1.22173054
     -1.62963507
     -1.99039674
     -2.32328146
     -2.65597290
     -3.01742757
      2.85296203
      2.39339020
      1.93294649
      1.51980457
      1.16154895
      0.83616985
      0.51301633
      0.15972875
     -0.25164318
     -0.72083197
     -1.19535943
     -1.61526069
     -1.97077313
     -2.28741587
     -2.59916930
     -2.94196444
      2.93299282
      2.45267585
      1.95988328
      1.53092630
      1.17850006
      0.87233545
      0.57460688
      0.24572523
     -0.15638101
     -0.64959964
     -1.16732841
     -1.60909456
     -1.95795088
     -2.25108113
     -2.53092607
     -2.84058232
      3.05219935
      2.54458011
      1.99035390
      1.52894398
      1.18429972
      0.90813485
      0.65214967
      0.37051175
      0.00327561
     -0.51715044
     -1.13038979
     -1.62613844
     -1.96586155
     -2.21852978
     -2.44063933
     -2.67840610
     -2.99614211
      2.77381465
      2.04974818
      1.47692108
      1.14219969
      0.92566173
      0.75673650
      0.59531981
      0.39558124
      0.03233536
     -0.90742342
     -1.82951559
     -2.16020264
     -2.30473743
     -2.37555395
     -2.39914840
     -2.38063084
     -2.31865614
     -2.21059496
     -2.05516056
     -1.85434058
     -1.61493033
     -1.34847932
     -1.06838965
     -0.78555509
     -0.50585708
     -0.23071808
      0.04087388
      0.31059131
      0.57980455
      0.84927608
      1.11921753
      1.38948649
      1.65979005
      1.92983164
      2.19938626
      2.46831785
      2.73656300
      3.00410319
     -3.01224581
     -2.74610936
     -2.48067375
     -2.21594649
     -1.95193980
     -1.68866771
     -1.42614370
     -1.16437927
     -0.90338334
     -0.64316247
     -0.38372121
     -0.12506265
      0.13281120
      0.38989914
      0.64620061
      0.90171564
      1.15644483
      1.41038933
      1.66355090
      1.91593182
      2.16753493
      2.41836359
      2.66842165
      2.91771345
     -3.11694156
     -2.86916753
     -2.62214415
     -2.37586536
     -2.13032471
     -1.88551536
     -1.64143008
     -1.39806126
     -1.15540093
     -0.91344073
     -0.67217197
     -0.43158556
     -0.19167211
      0.04757815
      0.28617532
      0.52412983
      0.76145245
      0.99815428
      1.23424673
      1.46974153
      1.70465073
      1.93898668
      2.17276203
      2.40598974
      2.63868305
      2.87085549
      3.10252087
     -2.94949203
     -2.71879825
     -2.48856848
     -2.25878785
     -2.02944124
     -1.80051329
     -1.57198841
     -1.34385078
     -1.11608436
     -0.88867290
     -0.66159995
     -0.43484887
     -0.20840283
      0.01775519
      0.24364235
      0.46927598
      0.69467356
      0.91985271
      1.14483117
      1.36962680
      1.59425759
      1.81874159
      2.04309696
      2.26734194
      2.49149482
      2.71557396
      2.93959775
     -3.11960068
     -2.89563227
     -2.67166386
     -2.44767698
     -2.22365319
     -1.99957406
     -1.77542118
     -1.55117620
     -1.32682082
     -1.10233682
     -0.87770604
     -0.65291040
     -0.42793194
     -0.20275279
      0.02264479
      0.24827842
      0.47416558
      0.70032359
      0.92676964
      1.15352072
      1.38059367
      1.60800513
      1.83577155
      2.06390918
      2.29243406
      2.52136201
      2.75070862
      2.98048925
     -3.07246629
     -2.84177251
     -2.61060011
     -2.37893473
     -2.14676229
     -1.91406898
     -1.68084127
     -1.44706591
     -1.21272996
     -0.97782077
     -0.74232596
     -0.50623352
     -0.26953169
     -0.03220906
      0.20574545
      0.44434262
      0.68359288
      0.92350633
      1.16409273
      1.40536150
      1.64732170
      1.88998203
      2.13335084
      2.37743612
      2.62224547
      2.86778612
      3.11406492
     -2.92209701
     -2.67432298
     -2.42579268
     -2.17650089
     -1.92644282
     -1.67561416
     -1.42401105
     -1.17163013
     -0.91846857
     -0.66452406
     -0.40979488
     -0.15427985
      0.10202162
      0.35910956
      0.61698342
      0.87564198
      1.13508323
      1.39530411
      1.65630003
      1.91806447
      2.18058847
      2.44386056
      2.70786726
      2.97259451
     -3.04515519
     -2.77901873
     -2.51218242
     -2.24464224
     -1.97639709
     -1.70746550
     -1.43791087
     -1.16786929
     -0.89756573
     -0.62729677
     -0.35735532
     -0.08788379
      0.18132946
      0.45104688
      0.72263885
      0.99777784
      1.27747585
      1.56031042
      1.84040008
      2.10685110
      2.34626135
      2.54708133
      2.70251572
      2.81057690
      2.87255160
      2.89106916
      2.86747472
      2.79665820
      2.65212340
      2.32143636
      1.39934419
      0.45958540
      0.09633953
     -0.10339904
     -0.26481573
     -0.43374097
     -0.65027892
     -0.98500032
     -1.55782742
     -2.28189388
     -2.79512243
     -3.11285844
      2.93256009
      2.71045055
      2.45778232
      2.11805921
      1.62231055
      1.00907121
      0.48864515
      0.12140902
     -0.16022890
     -0.41621408
     -0.69237895
     -1.03702322
     -1.49843314
     -2.05265935
     -2.56027858
     -2.95068222
      3.02284683
      2.74300190
      2.44987165
      2.10101533
      1.65924917
      1.14152041
      0.64830178
      0.24619554
     -0.08268612
     -0.38041468
     -0.68657929
     -1.03900553
     -1.46796251
     -1.96075508
     -2.44107205
     -2.84930010
      3.09109007
      2.77933664
      2.46269389
      2.10718145
      1.68728020
      1.21275273
      0.74356395
      0.33219202
     -0.02109556
     -0.34424908
     -0.66962819
     -1.02788380
     -1.44102572
     -1.90146944
     -2.36104126
     -2.77383698
     -3.13529164
      2.81520223
      2.48231750
      2.12155583
      1.71365130
      1.26449329
      0.81333074
      0.40017604
      0.03221649
     -0.30863441
     -0.64812050
     -1.01122375
     -1.41496814
     -1.85482539
     -2.29854715
     -2.71136457
     -3.08458164
      2.85066345
      2.50527387
      2.13994868
      1.73955754
      1.30751288
      0.87042963
      0.45841947
      0.08092360
     -0.27323179
     -0.62395377
     -0.99140458
     -1.38907615
     -1.81448217
     -2.24561994
     -2.65650564
     -3.03748414
      2.88607901
      2.53052023
      2.16103200
      1.76556411
      1.34583064
      0.92001703
      0.51046101
      0.12666352
     -0.23776136
     -0.59770600
     -0.96914209
     -1.36283629
     -1.77771704
     -2.19877719
     -2.60688468
     -2.99294120
      2.92161821
      2.55771030
      2.18442220
      1.79213894
      1.38140212
      0.96456552
      0.55795776
      0.17011569
     -0.20216174
     -0.56963189
     -0.94466837
     -1.33584754
     -1.74305861
     -2.15616381
     -2.56127295
     -2.95050225
      2.95725501
      2.58660332
      2.20992912
      1.81959552
      1.41537016
      1.00554202
      0.60189118
      0.21160653
     -0.16651888
     -0.53999317
     -0.91818934
     -1.30789335
     -1.70960349
     -2.11657029
     -2.51883100
     -2.90989786
      2.99287061
      2.61690867
      2.23730889
      1.84805609
      1.44845330
      1.04397139
      0.64303003
      0.00000000
