      0.00000000
      0.00000000
      0.00000000
      0.00000000
      0.00000000
      0.00000000
      0.00000000
      0.00000000
      0.00000000
      0.00000000
      0.00000000
      0.00000000
      0.00000000
      0.00000000
      0.00000000
      0.00000000
      0.00000000
      0.00000000
      0.00000000
      0.00000000
      0.00000000
      0.00000000
      0.00000000
      0.00000000
      0.00000000
      0.00000000
      0.00000000
      0.00000000
      0.00000000
      0.00000000
      0.00000000
      0.00000000
      0.00000000
      0.00000000
      0.00000000
      0.00000000
      0.00000000
      0.00000000
      0.00000000
      0.00000000
      0.00000000
      0.00000000
      0.00000000
      0.00000000
      0.00000000
      0.00000000
      0.00000000
      0.00000000
      0.00000000
      0.00000000
      0.00000000
      0.00000000
      0.00000000
      0.00000000
      0.00000000
      0.00000000
      0.00000000
      0.00000000
      0.00000000
      0.00000000
      0.00000000
      0.00000000
      0.00000000
      0.00000000
      0.00000000
      0.00000000
      0.00000000
      0.00000000
      0.00000000
      0.00000000
      0.00000000
      0.00000000
      0.00000000
      0.00000000
      0.00000000
      0.00000000
      0.00000000
      0.00000000
      0.00000000
      0.00000000
      0.00000000
      0.00000000
      0.00000000
      0.00000000
      0.00000000
      0.00000000
      0.00000000
      0.00000000
      0.00000000
      0.00000000
      0.00000000
      0.00000000
      0.00000000
      0.00000000
      0.00000000
      0.00000000
      0.00000000
      0.00000000
      0.00000000
      0.00000000
      0.00000000
      0.00000000
      0.00000000
      0.00000000
      0.00000000
      0.00000000
      0.00000000
      0.00000000
      0.00000000
      0.00000000
      0.00000000
      0.00000000
      0.00000000
      0.00000000
      0.00000000
      0.00000000
      0.00000000
      0.00000000
      0.00000000
      0.00000000
      0.00000000
      0.00000000
      0.00000000
      0.00000000
      0.00000000
      0.00000000
      0.00000000
      0.00000000
      0.00000000
      0.00000000
      0.00000000
      0.00000000
      0.00000000
      0.00000000
      0.00000000
      0.00000000
      0.00000000
      0.00000000
      0.00000000
      0.00000000
      0.00000000
      0.00000000
      0.00000000
      0.00000000
      0.00000000
      0.00000000
      0.00000002
      0.00000014
      0.00000067
      0.00000286
      0.00001037
      0.00003150
      0.00007955
      0.00016690
      0.00029513
      0.00045277
      0.00062405
      0.00079780
      0.00096917
      0.00113708
      0.00130186
      0.00146404
      0.00162398
      0.00178191
      0.00193796
      0.00209218
      0.00224464
      0.00239534
      0.00254432
      0.00269157
      0.00283712
      0.00298096
      0.00312310
      0.00326354
      0.00340229
      0.00353935
      0.00367472
      0.00380840
      0.00394040
      0.00407071
      0.00419933
      0.00432627
      0.00445153
      0.00457510
      0.00469699
      0.00481719
      0.00493571
      0.00505255
      0.00516771
      0.00528118
      0.00539297
      0.00550309
      0.00561151
      0.00571826
      0.00582333
      0.00592671
      0.00602841
      0.00612843
      0.00622677
      0.00632343
      0.00641841
      0.00651171
      0.00660332
      0.00669326
      0.00678151
      0.00686808
      0.00695296
      0.00703615
      0.00711769
      0.00719760
      0.00727594
      0.00735275
      0.00742804
      0.00750173
      0.00757365
      0.00764358
      0.00771133
      0.00777694
      0.00784088
      0.00790418
      0.00796838
      0.00803523
      0.00810627
      0.00818228
      0.00826296
      0.00834701
      0.00843243
      0.00851705
      0.00859901
      0.00867706
      0.00875058
      0.00881952
      0.00888422
      0.00894517
      0.00900291
      0.00905788
      0.00911039
      0.00916062
      0.00920863
      0.00925440
      0.00929783
      0.00933883
      0.00937732
      0.00941320
      0.00944643
      0.00947698
      0.00950482
      0.00952996
      0.00955242
      0.00957219
      0.00958930
      0.00960376
      0.00961558
      0.00962477
      0.00963133
      0.00963526
      0.00963657
      0.00963526
      0.00963133
      0.00962477
      0.00961558
      0.00960376
      0.00958930
      0.00957219
      0.00955242
      0.00952996
      0.00950482
      0.00947698
      0.00944643
      0.00941320
      0.00937732
      0.00933883
      0.00929783
      0.00925440
      0.00920863
      0.00916062
      0.00911039
      0.00905788
      0.00900291
      0.00894517
      0.00888422
      0.00881952
      0.00875058
      0.00867706
      0.00859901
      0.00851705
      0.00843243
      0.00834701
      0.00826296
      0.00818228
      0.00810627
      0.00803523
      0.00796838
      0.00790418
      0.00784088
      0.00777694
      0.00771133
      0.00764358
      0.00757365
      0.00750173
      0.00742804
      0.00735275
      0.00727594
      0.00719760
      0.00711769
      0.00703615
      0.00695296
      0.00686808
      0.00678151
      0.00669326
      0.00660332
      0.00651171
      0.00641841
      0.00632343
      0.00622677
      0.00612843
      0.00602841
      0.00592671
      0.00582333
      0.00571826
      0.00561151
      0.00550309
      0.00539297
      0.00528118
      0.00516771
      0.00505255
      0.00493571
      0.00481719
      0.00469699
      0.00457510
      0.00445153
      0.00432627
      0.00419933
      0.00407071
      0.00394040
      0.00380840
      0.00367472
      0.00353935
      0.00340229
      0.00326354
      0.00312310
      0.00298096
      0.00283712
      0.00269157
      0.00254432
      0.00239534
      0.00224464
      0.00209218
      0.00193796
      0.00178191
      0.00162398
      0.00146404
      0.00130186
      0.00113708
      0.00096917
      0.00079780
      0.00062405
      0.00045277
      0.00029513
      0.00016690
      0.00007955
      0.00003150
      0.00001037
      0.00000286
      0.00000067
      0.00000014
      0.00000002
      0.00000000
      0.00000000
      0.00000000
      0.00000000
      0.00000000
      0.00000000
      0.00000000
      0.00000000
      0.00000000
      0.00000000
      0.00000000
      0.00000000
      0.00000000
      0.00000000
      0.00000000
      0.00000000
      0.00000000
      0.00000000
      0.00000000
      0.00000000
      0.00000000
      0.00000000
      0.00000000
      0.00000000
      0.00000000
      0.00000000
      0.00000000
      0.00000000
      0.00000000
      0.00000000
      0.00000000
      0.00000000
      0.00000000
      0.00000000
      0.00000000
      0.00000000
      0.00000000
      0.00000000
      0.00000000
      0.00000000
      0.00000000
      0.00000000
      0.00000000
      0.00000000
      0.00000000
      0.00000000
      0.00000000
      0.00000000
      0.00000000
      0.00000000
      0.00000000
      0.00000000
      0.00000000
      0.00000000
      0.00000000
      0.00000000
      0.00000000
      0.00000000
      0.00000000
      0.00000000
      0.00000000
      0.00000000
      0.00000000
      0.00000000
      0.00000000
      0.00000000
      0.00000000
      0.00000000
      0.00000000
      0.00000000
      0.00000000
      0.00000000
      0.00000000
      0.00000000
      0.00000000
      0.00000000
      0.00000000
      0.00000000
      0.00000000
      0.00000000
      0.00000000
      0.00000000
      0.00000000
      0.00000000
      0.00000000
      0.00000000
      0.00000000
      0.00000000
      0.00000000
      0.00000000
      0.00000000
      0.00000000
      0.00000000
      0.00000000
      0.00000000
      0.00000000
      0.00000000
      0.00000000
      0.00000000
      0.00000000
      0.00000000
      0.00000000
      0.00000000
      0.00000000
      0.00000000
      0.00000000
      0.00000000
      0.00000000
      0.00000000
      0.00000000
      0.00000000
      0.00000000
      0.00000000
      0.00000000
      0.00000000
      0.00000000
      0.00000000
      0.00000000
      0.00000000
      0.00000000
      0.00000000
      0.00000000
      0.00000000
      0.00000000
      0.00000000
      0.00000000
      0.00000000
      0.00000000
      0.00000000
      0.00000000
      0.00000000
      0.00000000
      0.00000000
      0.00000000
      0.00000000
      0.00000000
      0.00000000
      0.00000000
      0.00000000
      0.00000000
      0.00000000
      0.00000000
      0.00000000
      0.00000000
      0.00000000
      0.00000000
