      0.00000000
     -2.52587597
     -2.91650097
      2.97605934
      2.58543434
      2.19480934
      1.80418434
      1.41355934
      1.02293434
      0.63230934
      0.24168434
     -0.14894066
     -0.53956566
     -0.93019066
     -1.32081566
     -1.71144066
     -2.10206566
     -2.49269066
     -2.88331566
      3.00924465
      2.61861965
      2.22799465
      1.83736965
      1.44674465
      1.05611965
      0.66549465
      0.27486965
     -0.11575535
     -0.50638035
     -0.89700535
     -1.28763035
     -1.67825535
     -2.06888035
     -2.45950535
     -2.85013035
      3.04242995
      2.65180495
      2.26117995
      1.87055495
      1.47992995
      1.08930495
      0.69867995
      0.30805495
     -0.08257005
     -0.47319505
     -0.86382005
     -1.25444505
     -1.64507005
     -2.03569505
     -2.42632005
     -2.81694505
      3.07561526
      2.68499026
      2.29436526
      1.90374026
      1.51311526
      1.12249026
      0.73186526
      0.34124026
     -0.04938474
     -0.44000974
     -0.83063474
     -1.22125974
     -1.61188474
     -2.00250974
     -2.39313474
     -2.78375974
      3.10880057
      2.71817557
      2.32755057
      1.93692557
      1.54630057
      1.15567557
      0.76505057
      0.37442557
     -0.01619943
     -0.40682443
     -0.79744943
     -1.18807443
     -1.57869943
     -1.96932443
     -2.35994943
     -2.75057443
     -3.14119943
      2.75136087
      2.36073587
      1.97011087
      1.57948587
      1.18886087
      0.79823587
      0.40761087
      0.01698587
     -0.37363913
     -0.76426413
     -1.15488913
     -1.54551413
     -1.93613913
     -2.32676413
     -2.71738912
     -3.10801412
      2.78454618
      2.39392118
      2.00329618
      1.61267118
      1.22204619
      0.83142119
      0.44079619
      0.05017119
     -0.34045382
     -0.73107882
     -1.12170382
     -1.51232882
     -1.90295383
     -2.29357884
     -2.68420385
     -3.07482886
      2.81773143
      2.42710641
      2.03648139
      1.64585636
      1.25523134
      0.86460631
      0.47398129
      0.08335627
     -0.30726874
     -0.69789374
     -1.08851872
     -1.47914368
     -1.86976861
     -2.26039350
     -2.65101835
     -3.04164314
      2.85091746
      2.46029282
      2.06966830
      1.67904389
      1.28841963
      0.89779553
      0.50717162
      0.11654793
     -0.27407551
     -0.66469867
     -1.05532151
     -1.44594401
     -1.83656611
     -2.22718780
     -2.61780905
     -3.00842980
      2.88413607
      2.49352301
      2.10292991
      1.71235075
      1.32162162
      0.93025790
      0.53783274
      0.14519074
     -0.24498229
     -0.63000293
     -1.01021090
     -1.39013813
     -1.77655645
     -2.17410419
     -2.58051420
     -2.98569363
      2.90532338
      2.53117577
      2.17026058
      1.81072220
      1.43851995
      1.04388837
      0.62956229
      0.21377781
     -0.18148303
     -0.54693817
     -0.88929008
     -1.22470761
     -1.57252569
     -1.94944778
     -2.35956998
     -2.78397035
      3.09364761
      2.72724352
      2.39700084
      2.08601991
      1.77270304
      1.43493826
      1.05597887
      0.63858516
      0.21557242
     -0.17256453
     -0.51095295
     -0.81023994
     -1.09092225
     -1.37545342
     -1.68665585
     -2.04404187
     -2.44950533
     -2.87012468
      3.02652432
      2.69686124
      2.41583514
      2.16372919
      1.91991784
      1.66405299
      1.37512485
      1.03495336
      0.64379530
      0.23858559
     -0.12833989
     -0.43393098
     -0.68632500
     -0.90351405
     -1.10255456
     -1.29826649
     -1.50481211
     -1.73726972
     -2.01098205
     -2.33427331
     -2.69258766
     -3.04398883
      2.93437422
      2.68769986
      2.49085659
      2.33110207
      2.19781906
      2.08342950
      1.98274629
      1.89222555
      1.80941832
      1.73261300
      1.66061128
      1.59258839
      1.52800231
      1.46652888
      1.40800861
      1.35239858
      1.29972798
      1.25005862
      1.20345262
      1.15994891
      1.11954864
      1.08220861
      1.04784102
      1.01631746
      0.98747554
      0.96112654
      0.93706313
      0.91506647
      0.89491226
      0.87637554
      0.85923425
      0.84327156
      0.82827708
      0.81404717
      0.80038446
      0.78709678
      0.77399566
      0.76089454
      0.74760686
      0.73394415
      0.71971424
      0.70471976
      0.68875707
      0.67161578
      0.65307907
      0.63292485
      0.61092820
      0.58686478
      0.56051578
      0.53167386
      0.50015030
      0.46578271
      0.42844269
      0.38804241
      0.34453870
      0.29793271
      0.24826334
      0.19559275
      0.13998272
      0.08146244
      0.01998901
     -0.04459707
     -0.11261996
     -0.18462168
     -0.26142700
     -0.34423423
     -0.43475497
     -0.53543818
     -0.64982773
     -0.78311074
     -0.94286527
     -1.13970853
     -1.38638290
     -1.69120516
     -2.04260633
     -2.40092067
     -2.72421193
     -2.99792426
      3.05280343
      2.84625781
      2.65054588
      2.45150537
      2.23431632
      1.98192230
      1.67633121
      1.30940573
      0.90419602
      0.51303796
      0.17286648
     -0.11606167
     -0.37192652
     -0.61573787
     -0.86784382
     -1.14886992
     -1.47853300
     -1.86506931
     -2.28568866
     -2.69115211
     -3.04853813
      2.92344474
      2.63891357
      2.35823126
      2.05894427
      1.72055585
      1.33241890
      0.90940616
      0.49201245
      0.11305306
     -0.22471172
     -0.53802859
     -0.84900952
     -1.17925220
     -1.54565628
     -1.95122364
     -2.37562400
     -2.78574620
      3.12051701
      2.77269893
      2.43728140
      2.09492949
      1.72947435
      1.33421351
      0.91842903
      0.50410295
      0.10947137
     -0.26273088
     -0.62226926
     -0.98318445
     -1.35733206
     -1.74950036
     -2.15467979
     -2.56108979
     -2.95863753
      2.93812946
      2.55820222
      2.17799425
      1.79297361
      1.40280059
      1.01015858
      0.61773342
      0.22636971
     -0.16435943
     -0.55493858
     -0.94553168
     -1.33614475
     -1.72676418
     -2.11738493
     -2.50800618
     -2.89862787
      2.99393533
      2.60331283
      2.21268999
      1.82206683
      1.43144339
      1.04081970
      0.65019579
      0.25957170
     -0.13105257
     -0.52167698
     -0.91230150
     -1.30292613
     -1.69355085
     -2.08417564
     -2.47480048
     -2.86542538
      3.02713500
      2.63651004
      2.24588506
      1.85526006
      1.46463505
      1.07401003
      0.68338501
      0.29275998
     -0.09786504
     -0.48849007
     -0.87911509
     -1.26974011
     -1.66036512
     -2.05099014
     -2.44161515
     -2.83224016
      3.06032015
      2.66969514
      2.27907014
      1.88844514
      1.49782014
      1.10719514
      0.71657014
      0.32594514
     -0.06467986
     -0.45530486
     -0.84592986
     -1.23655486
     -1.62717986
     -2.01780486
     -2.40842986
     -2.79905486
      3.09350545
      2.70288045
      2.31225545
      1.92163045
      1.53100545
      1.14038045
      0.74975545
      0.35913045
     -0.03149455
     -0.42211955
     -0.81274455
     -1.20336955
     -1.59399455
     -1.98461955
     -2.37524455
     -2.76586955
      3.12669075
      2.73606575
      2.34544075
      1.95481575
      1.56419075
      1.17356575
      0.78294075
      0.39231575
      0.00169075
     -0.38893425
     -0.77955925
     -1.17018425
     -1.56080925
     -1.95143425
     -2.34205925
     -2.73268425
     -3.12330925
      2.76925106
      2.37862606
      1.98800106
      1.59737606
      1.20675106
      0.81612606
      0.42550106
      0.03487606
     -0.35574894
     -0.74637394
     -1.13699894
     -1.52762394
     -1.91824894
     -2.30887394
     -2.69949894
     -3.09012394
      2.80243637
      2.41181137
      2.02118637
      1.63056137
      1.23993637
      0.84931137
      0.45868637
      0.06806137
     -0.32256363
     -0.71318863
     -1.10381363
     -1.49443863
     -1.88506363
     -2.27568863
     -2.66631363
     -3.05693863
      2.83562168
      2.44499668
      2.05437168
      1.66374668
      1.27312168
      0.88249668
      0.49187168
      0.10124668
     -0.28937832
     -0.68000332
     -1.07062832
     -1.46125332
     -1.85187832
     -2.24250332
     -2.63312832
     -3.02375332
      2.86880698
      2.47818198
      2.08755698
      1.69693198
      1.30630698
      0.91568198
      0.52505698
      0.13443198
     -0.25619302
     -0.64681802
     -1.03744302
     -1.42806802
     -1.81869302
     -2.20931802
      0.00000000
