      0.00000000
      0.00109143
      0.00215868
      0.00252974
      0.00261572
      0.00255400
      0.00223517
      0.00168551
      0.00170333
      0.00226077
      0.00257946
      0.00266390
      0.00266371
      0.00256919
      0.00222070
      0.00167486
      0.00175857
      0.00231691
      0.00261210
      0.00268617
      0.00268272
      0.00258173
      0.00221888
      0.00167756
      0.00179948
      0.00235698
      0.00263887
      0.00270721
      0.00270202
      0.00259752
      0.00222656
      0.00168748
      0.00183015
      0.00238734
      0.00266212
      0.00272733
      0.00272131
      0.00261535
      0.00224044
      0.00170134
      0.00185352
      0.00241135
      0.00268298
      0.00274663
      0.00274034
      0.00263431
      0.00225825
      0.00171742
      0.00187173
      0.00243102
      0.00270209
      0.00276518
      0.00275896
      0.00265376
      0.00227835
      0.00173469
      0.00188636
      0.00244765
      0.00271984
      0.00278299
      0.00277704
      0.00267319
      0.00229956
      0.00175249
      0.00189856
      0.00246215
      0.00273647
      0.00280008
      0.00279452
      0.00269228
      0.00232105
      0.00177035
      0.00190917
      0.00247515
      0.00275216
      0.00281646
      0.00281132
      0.00271079
      0.00234226
      0.00178796
      0.00191872
      0.00248705
      0.00276702
      0.00283213
      0.00282742
      0.00272859
      0.00236284
      0.00180510
      0.00192756
      0.00249813
      0.00278114
      0.00284708
      0.00284280
      0.00274559
      0.00238259
      0.00182165
      0.00193588
      0.00250855
      0.00279455
      0.00286133
      0.00285744
      0.00276177
      0.00240142
      0.00183751
      0.00194378
      0.00251839
      0.00280727
      0.00287486
      0.00287133
      0.00277711
      0.00241928
      0.00185265
      0.00195129
      0.00252768
      0.00281931
      0.00288768
      0.00288449
      0.00279162
      0.00243619
      0.00186706
      0.00195840
      0.00253642
      0.00283068
      0.00289979
      0.00289691
      0.00280531
      0.00245217
      0.00188075
      0.00196509
      0.00254460
      0.00284137
      0.00291119
      0.00290860
      0.00281819
      0.00246726
      0.00189375
      0.00197131
      0.00255218
      0.00285136
      0.00292187
      0.00291955
      0.00283028
      0.00248153
      0.00190608
      0.00197700
      0.00255910
      0.00286064
      0.00293183
      0.00292977
      0.00284163
      0.00249507
      0.00191783
      0.00198207
      0.00256529
      0.00286918
      0.00294106
      0.00293927
      0.00285228
      0.00250803
      0.00192911
      0.00198637
      0.00257059
      0.00287693
      0.00294955
      0.00294805
      0.00286231
      0.00252064
      0.00194014
      0.00198966
      0.00257479
      0.00288381
      0.00295728
      0.00295611
      0.00287184
      0.00253332
      0.00195129
      0.00199155
      0.00257745
      0.00288967
      0.00296420
      0.00296348
      0.00288109
      0.00254679
      0.00196327
      0.00199134
      0.00257784
      0.00289425
      0.00297025
      0.00297017
      0.00289045
      0.00256233
      0.00197740
      0.00198782
      0.00257456
      0.00289703
      0.00297526
      0.00297618
      0.00290054
      0.00258222
      0.00199629
      0.00197891
      0.00256496
      0.00289703
      0.00297895
      0.00298148
      0.00291236
      0.00261039
      0.00202514
      0.00196136
      0.00254391
      0.00289226
      0.00298078
      0.00298592
      0.00292718
      0.00265294
      0.00207447
      0.00193141
      0.00250142
      0.00287859
      0.00297974
      0.00298902
      0.00294549
      0.00271609
      0.00216250
      0.00189146
      0.00242030
      0.00284787
      0.00297463
      0.00299052
      0.00296415
      0.00279360
      0.00229921
      0.00186990
      0.00228958
      0.00278951
      0.00296454
      0.00299250
      0.00297809
      0.00285568
      0.00243520
      0.00189975
      0.00215550
      0.00271378
      0.00294910
      0.00299478
      0.00298731
      0.00289214
      0.00252662
      0.00195106
      0.00206532
      0.00264785
      0.00293243
      0.00299495
      0.00299252
      0.00291418
      0.00258830
      0.00200173
      0.00200577
      0.00259254
      0.00291556
      0.00299274
      0.00299479
      0.00293105
      0.00264316
      0.00205975
      0.00195495
      0.00253204
      0.00289406
      0.00298765
      0.00299466
      0.00294753
      0.00270774
      0.00214643
      0.00190333
      0.00244378
      0.00285906
      0.00297864
      0.00299235
      0.00296309
      0.00278328
      0.00227755
      0.00187004
      0.00231069
      0.00279904
      0.00296496
      0.00299010
      0.00297349
      0.00284383
      0.00241117
      0.00188796
      0.00217107
      0.00272130
      0.00294637
      0.00298853
      0.00297883
      0.00287628
      0.00249615
      0.00192795
      0.00207887
      0.00265621
      0.00292767
      0.00298541
      0.00298000
      0.00289081
      0.00254094
      0.00195893
      0.00202703
      0.00261197
      0.00291238
      0.00298090
      0.00297822
      0.00289597
      0.00256316
      0.00197730
      0.00199684
      0.00258268
      0.00290019
      0.00297550
      0.00297450
      0.00289613
      0.00257334
      0.00198669
      0.00197723
      0.00256209
      0.00288983
      0.00296940
      0.00296944
      0.00289339
      0.00257690
      0.00199048
      0.00196267
      0.00254610
      0.00288028
      0.00296262
      0.00296333
      0.00288879
      0.00257663
      0.00199081
      0.00195043
      0.00253233
      0.00287087
      0.00295516
      0.00295632
      0.00288288
      0.00257399
      0.00198896
      0.00193909
      0.00251945
      0.00286121
      0.00294700
      0.00294851
      0.00287593
      0.00256977
      0.00198566
      0.00192793
      0.00250668
      0.00285107
      0.00293813
      0.00293993
      0.00286810
      0.00256440
      0.00198131
      0.00191655
      0.00249361
      0.00284032
      0.00292854
      0.00293062
      0.00285947
      0.00255812
      0.00197616
      0.00190473
      0.00247998
      0.00282888
      0.00291823
      0.00292057
      0.00285009
      0.00255106
      0.00197034
      0.00189236
      0.00246567
      0.00281671
      0.00290720
      0.00290980
      0.00283998
      0.00254330
      0.00196393
      0.00187938
      0.00245061
      0.00280378
      0.00289544
      0.00289831
      0.00282915
      0.00253485
      0.00195695
      0.00186577
      0.00243475
      0.00279009
      0.00288295
      0.00288611
      0.00281760
      0.00252569
      0.00194938
      0.00185156
      0.00241814
      0.00277564
      0.00286974
      0.00287320
      0.00280531
      0.00251577
      0.00194114
      0.00183681
      0.00240086
      0.00276047
      0.00285582
      0.00285957
      0.00279224
      0.00250493
      0.00193206
      0.00182163
      0.00238306
      0.00274463
      0.00284121
      0.00284522
      0.00277833
      0.00249293
      0.00192184
      0.00180623
      0.00236507
      0.00272826
      0.00282594
      0.00283016
      0.00276346
      0.00247939
      0.00191000
      0.00179094
      0.00234738
      0.00271155
      0.00281005
      0.00281437
      0.00274745
      0.00246365
      0.00189576
      0.00177626
      0.00233079
      0.00269482
      0.00279363
      0.00279784
      0.00273001
      0.00244473
      0.00187792
      0.00176303
      0.00231653
      0.00267854
      0.00277681
      0.00278054
      0.00271066
      0.00242100
      0.00185470
      0.00175262
      0.00230646
      0.00266347
      0.00275976
      0.00276240
      0.00268852
      0.00238976
      0.00182347
      0.00174756
      0.00230347
      0.00265066
      0.00274279
      0.00274324
      0.00266190
      0.00234610
      0.00178049
      0.00175279
      0.00231196
      0.00264168
      0.00272630
      0.00272253
      0.00262709
      0.00228058
      0.00172148
      0.00177856
      0.00233849
      0.00263851
      0.00271067
      0.00269856
      0.00257551
      0.00217572
      0.00164784
      0.00184437
      0.00238985
      0.00264206
      0.00269509
      0.00266614
      0.00249042
      0.00201195
      0.00158970
      0.00196984
      0.00246129
      0.00264718
      0.00267508
      0.00261695
      0.00236080
      0.00181342
      0.00160762
      0.00212471
      0.00251643
      0.00261507
      0.00253751
      0.00216656
      0.00109673
      0.00000000
