      0.00000000
      0.00109143
      0.00215868
      0.00252974
      0.00261572
      0.00255400
      0.00223517
      0.00168551
      0.00170333
      0.00226077
      0.00257946
      0.00266390
      0.00266371
      0.00256919
      0.00222070
      0.00167485
      0.00175857
      0.00231691
      0.00261210
      0.00268617
      0.00268272
      0.00258173
      0.00221888
      0.00167756
      0.00179948
      0.00235698
      0.00263887
      0.00270721
      0.00270202
      0.00259752
      0.00222656
      0.00168747
      0.00183014
      0.00238733
      0.00266212
      0.00272733
      0.00272131
      0.00261535
      0.00224044
      0.00170134
      0.00185351
      0.00241135
      0.00268298
      0.00274663
      0.00274034
      0.00263431
      0.00225825
      0.00171742
      0.00187172
      0.00243102
      0.00270209
      0.00276518
      0.00275896
      0.00265376
      0.00227835
      0.00173469
      0.00188635
      0.00244765
      0.00271983
      0.00278299
      0.00277704
      0.00267319
      0.00229956
      0.00175248
      0.00189856
      0.00246215
      0.00273646
      0.00280008
      0.00279452
      0.00269228
      0.00232104
      0.00177034
      0.00190916
      0.00247514
      0.00275216
      0.00281646
      0.00281132
      0.00271079
      0.00234225
      0.00178795
      0.00191871
      0.00248705
      0.00276702
      0.00283213
      0.00282742
      0.00272858
      0.00236283
      0.00180509
      0.00192755
      0.00249813
      0.00278114
      0.00284708
      0.00284280
      0.00274559
      0.00238258
      0.00182163
      0.00193587
      0.00250855
      0.00279454
      0.00286133
      0.00285744
      0.00276177
      0.00240141
      0.00183749
      0.00194376
      0.00251838
      0.00280727
      0.00287486
      0.00287133
      0.00277711
      0.00241928
      0.00185264
      0.00195127
      0.00252767
      0.00281931
      0.00288768
      0.00288449
      0.00279162
      0.00243619
      0.00186705
      0.00195838
      0.00253642
      0.00283068
      0.00289979
      0.00289691
      0.00280530
      0.00245216
      0.00188074
      0.00196507
      0.00254459
      0.00284136
      0.00291119
      0.00290860
      0.00281818
      0.00246725
      0.00189373
      0.00197129
      0.00255217
      0.00285136
      0.00292187
      0.00291955
      0.00283028
      0.00248152
      0.00190606
      0.00197698
      0.00255909
      0.00286063
      0.00293183
      0.00292977
      0.00284163
      0.00249506
      0.00191781
      0.00198205
      0.00256528
      0.00286917
      0.00294106
      0.00293927
      0.00285228
      0.00250802
      0.00192909
      0.00198634
      0.00257058
      0.00287692
      0.00294955
      0.00294804
      0.00286230
      0.00252063
      0.00194011
      0.00198964
      0.00257478
      0.00288380
      0.00295728
      0.00295611
      0.00287183
      0.00253330
      0.00195126
      0.00199152
      0.00257744
      0.00288967
      0.00296420
      0.00296348
      0.00288109
      0.00254677
      0.00196324
      0.00199131
      0.00257783
      0.00289424
      0.00297025
      0.00297017
      0.00289044
      0.00256232
      0.00197737
      0.00198779
      0.00257455
      0.00289702
      0.00297526
      0.00297617
      0.00290053
      0.00258221
      0.00199626
      0.00197888
      0.00256495
      0.00289703
      0.00297895
      0.00298148
      0.00291236
      0.00261037
      0.00202511
      0.00196133
      0.00254390
      0.00289225
      0.00298078
      0.00298592
      0.00292718
      0.00265292
      0.00207444
      0.00193138
      0.00250140
      0.00287858
      0.00297974
      0.00298902
      0.00294549
      0.00271608
      0.00216247
      0.00189142
      0.00242028
      0.00284786
      0.00297463
      0.00299052
      0.00296415
      0.00279359
      0.00229918
      0.00186986
      0.00228956
      0.00278950
      0.00296454
      0.00299250
      0.00297809
      0.00285568
      0.00243518
      0.00189971
      0.00215547
      0.00271377
      0.00294910
      0.00299478
      0.00298731
      0.00289214
      0.00252659
      0.00195102
      0.00206528
      0.00264784
      0.00293242
      0.00299495
      0.00299252
      0.00291418
      0.00258828
      0.00200169
      0.00200573
      0.00259252
      0.00291555
      0.00299274
      0.00299479
      0.00293104
      0.00264314
      0.00205970
      0.00195491
      0.00253202
      0.00289405
      0.00298765
      0.00299466
      0.00294753
      0.00270773
      0.00214639
      0.00190328
      0.00244375
      0.00285905
      0.00297864
      0.00299235
      0.00296309
      0.00278326
      0.00227751
      0.00186999
      0.00231066
      0.00279903
      0.00296496
      0.00299010
      0.00297349
      0.00284382
      0.00241114
      0.00188791
      0.00217103
      0.00272128
      0.00294637
      0.00298853
      0.00297882
      0.00287627
      0.00249612
      0.00192790
      0.00207883
      0.00265619
      0.00292767
      0.00298541
      0.00298000
      0.00289081
      0.00254091
      0.00195888
      0.00202698
      0.00261194
      0.00291238
      0.00298090
      0.00297822
      0.00289597
      0.00256313
      0.00197725
      0.00199679
      0.00258266
      0.00290018
      0.00297550
      0.00297450
      0.00289612
      0.00257331
      0.00198664
      0.00197718
      0.00256206
      0.00288982
      0.00296940
      0.00296944
      0.00289338
      0.00257688
      0.00199043
      0.00196262
      0.00254607
      0.00288027
      0.00296262
      0.00296332
      0.00288878
      0.00257660
      0.00199076
      0.00195037
      0.00253231
      0.00287086
      0.00295516
      0.00295632
      0.00288287
      0.00257396
      0.00198891
      0.00193904
      0.00251942
      0.00286120
      0.00294700
      0.00294851
      0.00287592
      0.00256974
      0.00198561
      0.00192788
      0.00250665
      0.00285106
      0.00293813
      0.00293993
      0.00286809
      0.00256437
      0.00198126
      0.00191650
      0.00249358
      0.00284031
      0.00292854
      0.00293061
      0.00285946
      0.00255810
      0.00197611
      0.00190468
      0.00247996
      0.00282887
      0.00291823
      0.00292057
      0.00285008
      0.00255104
      0.00197029
      0.00189231
      0.00246565
      0.00281670
      0.00290720
      0.00290980
      0.00283997
      0.00254328
      0.00196388
      0.00187933
      0.00245058
      0.00280377
      0.00289544
      0.00289831
      0.00282914
      0.00253483
      0.00195690
      0.00186572
      0.00243473
      0.00279008
      0.00288295
      0.00288611
      0.00281760
      0.00252567
      0.00194933
      0.00185151
      0.00241812
      0.00277563
      0.00286974
      0.00287319
      0.00280531
      0.00251574
      0.00194109
      0.00183676
      0.00240083
      0.00276046
      0.00285582
      0.00285956
      0.00279224
      0.00250491
      0.00193202
      0.00182158
      0.00238304
      0.00274463
      0.00284121
      0.00284522
      0.00277832
      0.00249291
      0.00192180
      0.00180619
      0.00236505
      0.00272825
      0.00282593
      0.00283015
      0.00276345
      0.00247937
      0.00190996
      0.00179090
      0.00234736
      0.00271154
      0.00281005
      0.00281436
      0.00274744
      0.00246364
      0.00189572
      0.00177622
      0.00233077
      0.00269481
      0.00279363
      0.00279783
      0.00273001
      0.00244471
      0.00187788
      0.00176299
      0.00231651
      0.00267854
      0.00277680
      0.00278053
      0.00271065
      0.00242099
      0.00185467
      0.00175259
      0.00230645
      0.00266346
      0.00275976
      0.00276239
      0.00268852
      0.00238975
      0.00182345
      0.00174753
      0.00230345
      0.00265065
      0.00274279
      0.00274324
      0.00266190
      0.00234608
      0.00178047
      0.00175276
      0.00231195
      0.00264168
      0.00272630
      0.00272253
      0.00262709
      0.00228057
      0.00172146
      0.00177854
      0.00233848
      0.00263851
      0.00271067
      0.00269856
      0.00257550
      0.00217571
      0.00164782
      0.00184435
      0.00238985
      0.00264205
      0.00269508
      0.00266614
      0.00249042
      0.00201194
      0.00158968
      0.00196983
      0.00246129
      0.00264717
      0.00267507
      0.00261695
      0.00236080
      0.00181342
      0.00160762
      0.00212470
      0.00251643
      0.00261507
      0.00253751
      0.00216656
      0.00109673
      0.00000000
