             NaN
      1.53983969
      1.76211512
      1.91840805
      2.05336559
      2.22944701
      2.53818972
      3.13812386
     -2.27436623
     -1.68786683
     -1.38658914
     -1.21375732
     -1.07547226
     -0.89383116
     -0.57061261
      0.05693531
      0.92355446
      1.48256383
      1.76988443
      1.93665121
      2.07372976
      2.25846786
      2.59059733
     -3.04890774
     -2.18662877
     -1.64308734
     -1.36345858
     -1.20005763
     -1.06365612
     -0.87719659
     -0.54010181
      0.11225215
      0.97150214
      1.50684842
      1.78244158
      1.94402249
      2.07995958
      2.26713299
      2.60647015
     -3.02057559
     -2.16293781
     -1.63116898
     -1.35732882
     -1.19661184
     -1.06103806
     -0.87384796
     -0.53410733
      0.12260932
      0.97974510
      1.51092690
      1.78448430
      1.94495485
      2.08023087
      2.26698792
      2.60594735
     -3.02199068
     -2.16461710
     -1.63211716
     -1.35790366
     -1.19727971
     -1.06224724
     -0.87618628
     -0.53871424
      0.11383837
      0.97187227
      1.50684128
      1.78228310
      1.94331031
      2.07814697
      2.26338056
      2.59899465
     -3.03498786
     -2.17610207
     -1.63803528
     -1.36104706
     -1.19947179
     -1.06479020
     -0.88042913
     -0.54682212
      0.09875412
      0.95853540
      1.49997992
      1.77866181
      1.94085812
      2.07541756
      2.25891246
      2.59049870
     -3.05077841
     -2.19014149
     -1.64525885
     -1.36484474
     -1.20200120
     -1.06753855
     -0.88487607
     -0.55524931
      0.08308301
      0.94449621
      1.49275003
      1.77487085
      1.93835951
      2.07274418
      2.25461985
      2.58238366
     -3.06588730
     -2.20379012
     -1.65229684
     -1.36852826
     -1.20441213
     -1.07009183
     -0.88895488
     -0.56294678
      0.06873015
      0.93142062
      1.48599705
      1.77134088
      1.93605982
      2.07032532
      2.25076869
      2.57512445
     -3.07944435
     -2.21624285
     -1.65873908
     -1.37189344
     -1.20659798
     -1.07238092
     -0.89259218
     -0.56979810
      0.05591491
      0.91955635
      1.47984818
      1.76812939
      1.93397690
      2.06814909
      2.24731341
      2.56861722
     -3.09163427
     -2.22761227
     -1.66464270
     -1.37497848
     -1.20859908
     -1.07447126
     -0.89591290
     -0.57605457
      0.04417771
      0.90853250
      1.47411226
      1.76512765
      1.93202563
      2.06610553
      2.24405956
      2.56247909
     -3.10316626
     -2.23851509
     -1.67032869
     -1.37796234
     -1.21054875
     -1.07652657
     -0.89920117
     -0.58227250
      0.03247738
      0.89739978
      1.46829066
      1.76205843
      1.93000120
      2.06394534
      2.24057515
      2.55586464
     -3.11563598
     -2.25045690
     -1.67659402
     -1.38128865
     -1.21277535
     -1.07894776
     -0.90315361
     -0.58981642
      0.01822168
      0.88364893
      1.46104721
      1.75817711
      1.92735132
      2.06099218
      2.23568230
      2.54646509
     -3.13345289
     -2.26779959
     -1.68577237
     -1.38625761
     -1.21624207
     -1.08291284
     -0.90982239
     -0.60270878
     -0.00631329
      0.85945733
      1.44817721
      1.75114639
      1.92235562
      2.05515732
      2.22575123
      2.52717217
      3.11282504
     -2.30492178
     -1.70563905
     -1.39716816
     -1.22406739
     -1.09214395
     -0.92563218
     -0.63350224
     -0.06563667
      0.79781885
      1.41493312
      1.73290094
      1.90933536
      2.03990926
      2.19968628
      2.47641991
      3.01412066
     -2.41323176
     -1.76480102
     -1.42933124
     -1.24638599
     -1.11733413
     -0.96800027
     -0.71560016
     -0.22710553
      0.60405265
      1.30630985
      1.67514346
      1.87177899
      2.00139484
      2.13807042
      2.35880881
      2.78090716
     -2.73030156
     -1.95322794
     -1.52655191
     -1.30374373
     -1.16646351
     -1.03745528
     -0.84289683
     -0.47867606
      0.21654090
      1.05147481
      1.54605908
      1.80126819
      1.95136665
      2.07944799
      2.25925255
      2.58781687
     -3.05893655
     -2.20020724
     -1.65162786
     -1.36966143
     -1.20844487
     -1.07965335
     -0.90906225
     -0.60392973
     -0.01044664
      0.85402106
      1.44440941
      1.74791082
      1.91785736
      2.04668930
      2.20865520
      2.49243478
      3.04459698
     -2.37894046
     -1.74627567
     -1.41983644
     -1.24087103
     -1.11273524
     -0.96164493
     -0.70404409
     -0.20455384
      0.63333551
      1.32306980
      1.68372921
      1.87675742
      2.00551600
      2.14374414
      2.36911699
      2.80127205
     -2.69897177
     -1.93311184
     -1.51637191
     -1.29813185
     -1.16236520
     -1.03247068
     -0.83427525
     -0.46183282
      0.24578504
      1.07370401
      1.55742326
      1.80750170
      1.95585512
      2.08480682
      2.26846247
      2.60578015
     -3.02578201
     -2.17101304
     -1.63632345
     -1.36110780
     -1.20199669
     -1.07156078
     -0.89481212
     -0.57594106
      0.04285051
      0.90602756
      1.47223274
      1.76350000
      1.92962707
      2.06145215
      2.23468891
      2.54358608
     -3.13949204
     -2.27410768
     -1.68929908
     -1.38832724
     -1.21793655
     -1.08519559
     -0.91393693
     -0.61079038
     -0.02171502
      0.84405363
      1.44007298
      1.74698195
      1.91997732
      2.05327105
      2.22329095
      2.52284809
      3.10496925
     -2.31256027
     -1.70940148
     -1.39868081
     -1.22402246
     -1.09040148
     -0.92124743
     -0.62415051
     -0.04680670
      0.81861622
      1.42670002
      1.74005831
      1.91585782
      2.04967511
      2.21815475
      2.51338464
      3.08710835
     -2.33091023
     -1.71909074
     -1.40373161
     -1.22707457
     -1.09313463
     -0.92523244
     -0.63156315
     -0.06085793
      0.80404552
      1.41897981
      1.73600544
      1.91337070
      2.04739300
      2.21476385
      2.50702213
      3.07500286
     -2.34355453
     -1.72580794
     -1.40727896
     -1.22927864
     -1.09519493
     -0.92833723
     -0.63742742
     -0.07204962
      0.79228095
      1.41271757
      1.73268452
      1.91129034
      2.04542592
      2.21177354
      2.50134929
      3.06414939
     -2.35503360
     -1.73192745
     -1.41053210
     -1.23132524
     -1.09714011
     -0.93130674
     -0.64307526
     -0.08287780
      0.78075825
      1.40656744
      1.72941174
      1.90922918
      2.04346669
      2.20878048
      2.49564967
      3.05320264
     -2.36675454
     -1.73818928
     -1.41386414
     -1.23342037
     -1.09912314
     -0.93432922
     -0.64883213
     -0.09395071
      0.76883025
      1.40019091
      1.72602194
      1.90710675
      2.04147590
      2.20576274
      2.48990588
      3.04214299
     -2.37873461
     -1.74459452
     -1.41726272
     -1.23553216
     -1.10107301
     -0.93725554
     -0.65439212
     -0.10466104
      0.75717918
      1.39396699
      1.72272999
      1.90508790
      2.03966275
      2.20309105
      2.48484724
      3.03240692
     -2.38933735
     -1.75024070
     -1.42023277
     -1.23730908
     -1.10258274
     -0.93939449
     -0.65841141
     -0.11236331
      0.74885603
      1.38957743
      1.72044840
      1.90380296
      2.03873038
      2.20193669
      2.48273846
      3.02845423
     -2.39338340
     -1.75227322
     -1.42123301
     -1.23769959
     -1.10250034
     -0.93884626
     -0.65722717
     -0.10984664
      0.75222148
      1.39162236
      1.72165807
      1.90494077
      2.04052158
      2.20533010
      2.48941856
      3.04176028
     -2.37776945
     -1.74351763
     -1.41638175
     -1.23403570
     -1.09787740
     -0.93073441
     -0.64142270
     -0.07868283
      0.78755791
      1.41109851
      1.73236550
      1.91273941
      2.04988327
      2.22141904
      2.52071240
      3.10301297
     -2.31100231
     -1.70717593
     -1.39633035
     -1.21939377
     -1.08031840
     -0.90057048
     -0.58259478
      0.03512767
      0.90395546
      1.47357683
      1.76724556
      1.93889067
      2.08212842
      2.27746369
      2.63068417
     -2.97293700
     -2.12053067
     -1.60664141
     -1.33919139
     -1.17472855
     -1.02286562
     -0.79902931
     -0.38187395
      0.38954267
      1.18187704
      1.61773979
      1.85057722
      2.00661254
      2.17240199
      2.43914928
      2.95078430
     -2.47924524
     -1.79509599
     -1.43853320
     -1.23946633
     -1.09357388
     -0.93267489
     -0.70891939
      0.00000000
