      0.00000000
     -0.70238625
     -0.92466168
     -1.08095461
     -1.21591216
     -1.39199358
     -1.70073630
     -2.30067056
      3.11181922
      2.52531971
      2.22404200
      2.05121016
      1.91292507
      1.73128394
      1.40806537
      0.78051717
     -0.08610263
     -0.64511219
     -0.93243283
     -1.09919965
     -1.23627826
     -1.42101640
     -1.75314593
     -2.39682660
      3.02407878
      2.48053707
      2.20090826
      2.03750724
      1.90110564
      1.71464605
      1.37755118
      0.72519663
     -0.13405462
     -0.66940124
     -0.94499448
     -1.10657549
     -1.24251269
     -1.42968619
     -1.76902346
     -2.42516380
      3.00038218
      2.46861294
      2.19477267
      2.03405556
      1.89848164
      1.71129142
      1.37155064
      0.71483308
     -0.14230455
     -0.67348685
     -0.94704438
     -1.10751508
     -1.24279128
     -1.42954847
     -1.76850808
     -2.42375643
      3.00205313
      2.46955259
      2.19533893
      2.03471480
      1.89968211
      1.71362098
      1.37614872
      0.72359489
     -0.13444149
     -0.66941120
     -0.94485321
     -1.10588064
     -1.24071755
     -1.42595135
     -1.76156569
     -2.41076985
      3.01352684
      2.47545924
      2.19847080
      2.03689526
      1.90221338
      1.71785206
      1.38424476
      0.73866701
     -0.12111744
     -0.66256291
     -0.94124506
     -1.10344166
     -1.23800144
     -1.42149663
     -1.75308320
     -2.39499306
      3.02755178
      2.48266807
      2.20225367
      2.03940977
      1.90494674
      1.72228393
      1.39265680
      0.75432266
     -0.10709447
     -0.65534951
     -0.93747067
     -1.10095972
     -1.23534483
     -1.41722088
     -1.74498510
     -2.37990142
      3.04118236
      2.48968772
      2.20591876
      2.04180219
      1.90748139
      1.72634402
      1.40033546
      0.76865638
     -0.09403884
     -0.64861680
     -0.93396106
     -1.09868050
     -1.23294655
     -1.41339040
     -1.73774666
     -2.36636549
      3.05361312
      2.49610766
      2.20926154
      2.04396553
      1.90974786
      1.72995858
      1.40716394
      0.78144844
     -0.08219864
     -0.64249233
     -0.93077409
     -1.09662221
     -1.23079507
     -1.40995999
     -1.73126441
     -2.35420090
      3.06495630
      2.50198468
      2.21231986
      2.04593979
      1.91181123
      1.73325222
      1.41339321
      0.79315808
     -0.07120330
     -0.63678531
     -0.92780136
     -1.09470006
     -1.22878078
     -1.40673552
     -1.72515578
     -2.34269878
      3.07582828
      2.50763942
      2.21527236
      2.04785798
      1.91383490
      1.73650873
      1.41957926
      0.80482617
     -0.06010383
     -0.63099736
     -0.92476592
     -1.09270955
     -1.22665465
     -1.40328531
     -1.71857565
     -2.33026373
      3.08773439
      2.51386861
      2.21856239
      2.05004817
      1.91621954
      1.74042448
      1.42708637
      0.81904470
     -0.04639118
     -0.62379258
     -0.92092341
     -1.09009861
     -1.22374059
     -1.39843169
     -1.70921546
     -2.31248649
      3.10503635
      2.52300573
      2.22348999
      2.05347339
      1.92014296
      1.74705145
      1.43993680
      0.84353750
     -0.02224281
     -0.61096639
     -0.91393663
     -1.08514699
     -1.21794997
     -1.38854502
     -1.68996705
     -2.27562376
     -3.14107243
      2.54282605
      2.23435402
      2.06125205
      1.92932725
      1.76281425
      1.47068317
      0.90281387
      0.03934773
     -0.57777117
     -0.89574023
     -1.07217591
     -1.20275127
     -1.36252961
     -1.63926442
     -2.17696858
     -3.03281231
      2.60193677
      2.26646560
      2.08351904
      1.95446564
      1.80513033
      1.55272899
      1.06423154
      0.23306286
     -0.46920131
     -0.83803657
     -1.03467345
     -1.16429092
     -1.30096809
     -1.52170780
     -1.94380829
     -2.71579402
      2.79030837
      2.36363013
      2.14082059
      2.00353871
      1.87452878
      1.67996890
      1.31574638
      0.62052202
     -0.21442344
     -0.70901091
     -0.96422141
     -1.11432152
     -1.24240465
     -1.42221074
     -1.75077666
     -2.38721474
      3.03722832
      2.48864466
      2.20667676
      2.04545854
      1.91666518
      1.74607246
      1.44093839
      0.84744990
     -0.01703147
     -0.60742516
     -0.91092815
     -1.08087636
     -1.20971020
     -1.37167783
     -1.65545895
     -2.20762580
     -3.06728757
      2.58322638
      2.25678543
      2.07781832
      1.94968057
      1.79858842
      1.54098601
      1.04149204
      0.20358929
     -0.48615335
     -0.84681476
     -1.03984467
     -1.16860527
     -1.30683538
     -1.53220986
     -1.96436770
     -2.74732084
      2.76999348
      2.35325094
      2.13500921
      1.99924053
      1.86934394
      1.67114679
      1.29870218
      0.59107494
     -0.23685777
     -0.72058068
     -0.97066078
     -1.11901619
     -1.24797001
     -1.43162745
     -1.76894707
     -2.42057809
      3.00782294
      2.47312857
      2.19791122
      2.03879817
      1.90836013
      1.73160962
      1.41273670
      0.79393806
     -0.06925510
     -0.63546592
     -0.92673493
     -1.09286393
     -1.22469114
     -1.39792979
     -1.70682878
     -2.30694264
      3.11084176
      2.52602692
      2.22505327
      2.05466067
      1.92191757
      1.75065700
      1.44750863
      0.85842683
     -0.00735868
     -0.60338467
     -0.91029547
     -1.08329274
     -1.21658863
     -1.38661044
     -1.68616938
     -2.26829686
     -3.13396972
      2.54604987
      2.23532736
      2.06066711
      1.92704398
      1.75788801
      1.46078930
      0.88343927
      0.01799913
     -0.59009180
     -0.90345194
     -1.07925333
     -1.21307276
     -1.38155431
     -1.67678597
     -2.25051582
     -3.11569985
      2.55565871
      2.24029772
      2.06363882
      1.92969676
      1.76179267
      1.46812164
      0.89741036
      0.03248958
     -0.58245207
     -0.89947954
     -1.07684663
     -1.21087102
     -1.37824374
     -1.67050373
     -2.23849041
     -3.10313562
      2.56229566
      2.24376486
      2.06576276
      1.93167699
      1.76481746
      1.47390597
      0.90852234
      0.04417458
     -0.57626950
     -0.89623824
     -1.07484579
     -1.20898338
     -1.37533279
     -1.66491017
     -2.22771596
     -3.09173530
      2.56833641
      2.24693931
      2.06773076
      1.93354368
      1.76770858
      1.47947553
      0.91927254
      0.05561972
     -0.57019690
     -0.89304289
     -1.07286195
     -1.20710134
     -1.37241681
     -1.65928751
     -2.21684582
     -3.08009040
      2.57452230
      2.25019553
      2.06975021
      1.93545117
      1.77065565
      1.48515713
      0.93027058
      0.06747356
     -0.56389434
     -0.88972694
     -1.07081322
     -1.20518408
     -1.36947246
     -1.65361694
     -2.20585894
     -3.06818223
      2.58085589
      2.25352260
      2.07179066
      1.93732990
      1.77351098
      1.49064629
      0.94091058
      0.07905535
     -0.55773936
     -0.88650377
     -1.06886296
     -1.20343933
     -1.36686897
     -1.64862633
     -2.19619038
     -3.05764577
      2.58643624
      2.25642699
      2.07350212
      1.93877438
      1.77558489
      1.49460073
      0.94854856
      0.08731560
     -0.55341213
     -0.88428432
     -1.06763995
     -1.20256864
     -1.36577609
     -1.64657884
     -2.19229840
     -3.05365887
      2.58841032
      2.25736901
      2.07383463
      1.93863423
      1.77497914
      1.49335918
      0.94597512
      0.08389512
     -0.55551120
     -0.88554788
     -1.06883142
     -1.20441325
     -1.36922265
     -1.65331188
     -2.20565688
     -3.06932335
      2.57960531
      2.25246860
      2.07012183
      1.93396265
      1.76681891
      1.47750654
      0.91476359
      0.04851304
     -0.57503165
     -0.89629933
     -1.07667384
     -1.21381842
     -1.38535481
     -1.68464873
     -2.26695222
     -3.13613087
      2.54322483
      2.23237873
      2.05544167
      1.91636573
      1.73661734
      1.41864115
      0.80091582
     -0.06791919
     -0.63754280
     -0.93121189
     -1.10285736
     -1.24609553
     -1.44143112
     -1.79465204
     -2.47421915
      2.95655442
      2.44266392
      2.17521369
      2.01075059
      1.85888739
      1.63505089
      1.21789506
      0.44647555
     -0.34586190
     -0.78172512
     -1.01456265
     -1.17059811
     -1.33638770
     -1.60313509
     -2.11477054
     -2.96792814
      2.63110693
      2.27454406
      2.07547717
      1.92958470
      1.76868568
      1.54493017
      0.00000000
