      0.00000000
      0.00103785
      0.00200591
      0.00234324
      0.00241187
      0.00236034
      0.00223408
      0.00212809
      0.00216574
      0.00230511
      0.00241908
      0.00246694
      0.00245701
      0.00238498
      0.00225323
      0.00214678
      0.00218583
      0.00232563
      0.00243893
      0.00248606
      0.00247559
      0.00240296
      0.00227070
      0.00216463
      0.00220478
      0.00234494
      0.00245784
      0.00250449
      0.00249368
      0.00242072
      0.00228809
      0.00218205
      0.00222270
      0.00236312
      0.00247583
      0.00252224
      0.00251129
      0.00243824
      0.00230538
      0.00219902
      0.00223962
      0.00238017
      0.00249292
      0.00253930
      0.00252842
      0.00245550
      0.00232254
      0.00221554
      0.00225555
      0.00239614
      0.00250913
      0.00255568
      0.00254504
      0.00247248
      0.00233955
      0.00223160
      0.00227050
      0.00241102
      0.00252446
      0.00257139
      0.00256116
      0.00248916
      0.00235638
      0.00224720
      0.00228451
      0.00242486
      0.00253891
      0.00258641
      0.00257675
      0.00250552
      0.00237302
      0.00226236
      0.00229760
      0.00243765
      0.00255251
      0.00260075
      0.00259181
      0.00252154
      0.00238944
      0.00227709
      0.00230979
      0.00244943
      0.00256525
      0.00261440
      0.00260633
      0.00253718
      0.00240563
      0.00229139
      0.00232112
      0.00246021
      0.00257713
      0.00262736
      0.00262029
      0.00255242
      0.00242157
      0.00230528
      0.00233162
      0.00247000
      0.00258816
      0.00263962
      0.00263367
      0.00256724
      0.00243722
      0.00231877
      0.00234132
      0.00247882
      0.00259834
      0.00265119
      0.00264647
      0.00258162
      0.00245258
      0.00233188
      0.00235026
      0.00248669
      0.00260768
      0.00266205
      0.00265866
      0.00259552
      0.00246762
      0.00234463
      0.00235847
      0.00249362
      0.00261616
      0.00267219
      0.00267025
      0.00260893
      0.00248231
      0.00235701
      0.00236598
      0.00249963
      0.00262379
      0.00268162
      0.00268121
      0.00262181
      0.00249664
      0.00236905
      0.00237284
      0.00250474
      0.00263058
      0.00269033
      0.00269153
      0.00263415
      0.00251057
      0.00238076
      0.00237908
      0.00250897
      0.00263652
      0.00269831
      0.00270120
      0.00264593
      0.00252409
      0.00239214
      0.00238474
      0.00251234
      0.00264161
      0.00270555
      0.00271021
      0.00265711
      0.00253716
      0.00240319
      0.00238984
      0.00251486
      0.00264586
      0.00271206
      0.00271856
      0.00266769
      0.00254976
      0.00241391
      0.00239444
      0.00251658
      0.00264927
      0.00271782
      0.00272622
      0.00267763
      0.00256186
      0.00242431
      0.00239856
      0.00251750
      0.00265184
      0.00272284
      0.00273320
      0.00268693
      0.00257345
      0.00243437
      0.00240224
      0.00251765
      0.00265357
      0.00272710
      0.00273949
      0.00269557
      0.00258448
      0.00244409
      0.00240549
      0.00251706
      0.00265448
      0.00273062
      0.00274508
      0.00270353
      0.00259493
      0.00245345
      0.00240837
      0.00251577
      0.00265456
      0.00273337
      0.00274996
      0.00271079
      0.00260478
      0.00246244
      0.00241088
      0.00251379
      0.00265384
      0.00273537
      0.00275413
      0.00271735
      0.00261400
      0.00247104
      0.00241305
      0.00251116
      0.00265231
      0.00273662
      0.00275759
      0.00272320
      0.00262257
      0.00247923
      0.00241489
      0.00250791
      0.00264999
      0.00273711
      0.00276033
      0.00272832
      0.00263046
      0.00248698
      0.00241643
      0.00250408
      0.00264689
      0.00273684
      0.00276235
      0.00273270
      0.00263765
      0.00249426
      0.00241766
      0.00249968
      0.00264304
      0.00273582
      0.00276365
      0.00273634
      0.00264413
      0.00250106
      0.00241860
      0.00249476
      0.00263843
      0.00273406
      0.00276423
      0.00273924
      0.00264986
      0.00250733
      0.00241925
      0.00248935
      0.00263311
      0.00273155
      0.00276409
      0.00274139
      0.00265484
      0.00251305
      0.00241959
      0.00248346
      0.00262708
      0.00272830
      0.00276323
      0.00274278
      0.00265904
      0.00251819
      0.00241963
      0.00247713
      0.00262037
      0.00272433
      0.00276165
      0.00274342
      0.00266246
      0.00252271
      0.00241934
      0.00247039
      0.00261300
      0.00271964
      0.00275936
      0.00274331
      0.00266509
      0.00252659
      0.00241872
      0.00246325
      0.00260499
      0.00271423
      0.00275635
      0.00274244
      0.00266690
      0.00252980
      0.00241774
      0.00245573
      0.00259637
      0.00270813
      0.00275264
      0.00274081
      0.00266790
      0.00253231
      0.00241638
      0.00244785
      0.00258717
      0.00270135
      0.00274823
      0.00273844
      0.00266808
      0.00253408
      0.00241462
      0.00243962
      0.00257740
      0.00269389
      0.00274312
      0.00273531
      0.00266742
      0.00253510
      0.00241241
      0.00243106
      0.00256710
      0.00268579
      0.00273733
      0.00273144
      0.00266594
      0.00253534
      0.00240973
      0.00242216
      0.00255629
      0.00267704
      0.00273085
      0.00272683
      0.00266362
      0.00253478
      0.00240656
      0.00241293
      0.00254500
      0.00266767
      0.00272370
      0.00272148
      0.00266046
      0.00253339
      0.00240285
      0.00240337
      0.00253324
      0.00265771
      0.00271588
      0.00271540
      0.00265646
      0.00253115
      0.00239857
      0.00239348
      0.00252106
      0.00264716
      0.00270742
      0.00270859
      0.00265163
      0.00252805
      0.00239368
      0.00238325
      0.00250846
      0.00263606
      0.00269831
      0.00270106
      0.00264595
      0.00252406
      0.00238816
      0.00237267
      0.00249547
      0.00262441
      0.00268856
      0.00269281
      0.00263944
      0.00251918
      0.00238196
      0.00236173
      0.00248212
      0.00261225
      0.00267820
      0.00268386
      0.00263209
      0.00251338
      0.00237506
      0.00235041
      0.00246842
      0.00259960
      0.00266723
      0.00267419
      0.00262391
      0.00250666
      0.00236741
      0.00233871
      0.00245439
      0.00258648
      0.00265566
      0.00266383
      0.00261488
      0.00249898
      0.00235899
      0.00232661
      0.00244007
      0.00257292
      0.00264351
      0.00265278
      0.00260502
      0.00249035
      0.00234976
      0.00231410
      0.00242545
      0.00255893
      0.00263079
      0.00264104
      0.00259432
      0.00248075
      0.00233969
      0.00230115
      0.00241057
      0.00254454
      0.00261751
      0.00262861
      0.00258278
      0.00247017
      0.00232876
      0.00228775
      0.00239543
      0.00252978
      0.00260369
      0.00261551
      0.00257040
      0.00245858
      0.00231694
      0.00227390
      0.00238007
      0.00251466
      0.00258933
      0.00260173
      0.00255718
      0.00244598
      0.00230419
      0.00225958
      0.00236449
      0.00249921
      0.00257446
      0.00258728
      0.00254311
      0.00243235
      0.00229051
      0.00224478
      0.00234871
      0.00248345
      0.00255907
      0.00257215
      0.00252818
      0.00241768
      0.00227586
      0.00222949
      0.00233275
      0.00246741
      0.00254319
      0.00255636
      0.00251239
      0.00240194
      0.00226022
      0.00221373
      0.00231664
      0.00245109
      0.00252682
      0.00253989
      0.00249572
      0.00238512
      0.00224359
      0.00219748
      0.00230038
      0.00243451
      0.00250996
      0.00252275
      0.00247816
      0.00236719
      0.00222594
      0.00218077
      0.00228401
      0.00241770
      0.00249262
      0.00250492
      0.00245970
      0.00234814
      0.00220727
      0.00216361
      0.00226754
      0.00240066
      0.00247481
      0.00248641
      0.00244031
      0.00232793
      0.00218757
      0.00214601
      0.00225100
      0.00238341
      0.00245652
      0.00246720
      0.00241997
      0.00230651
      0.00216674
      0.00212760
      0.00223280
      0.00235950
      0.00241166
      0.00234343
      0.00200630
      0.00103819
      0.00000000
