      0.00000000
     -0.47322408
     -0.79274306
     -1.07428495
     -1.34989566
     -1.66542903
     -2.06694571
     -2.56936646
     -3.10411371
      2.71800913
      2.35880180
      2.06609611
      1.78820728
      1.47192112
      1.06947564
      0.56635157
      0.03207003
     -0.42776329
     -0.78590776
     -1.07801314
     -1.35577944
     -1.67238233
     -2.07544216
     -2.57899873
     -3.11293559
      2.71123488
      2.35379773
      2.06212232
      1.78451212
      1.46782479
      1.06453018
      0.56084055
      0.02713655
     -0.43145145
     -0.78851765
     -1.07992249
     -1.35734207
     -1.67389070
     -2.07705847
     -2.58059935
     -3.11418071
      2.71047051
      2.35345631
      2.06217125
      1.78497562
      1.46877802
      1.06608056
      0.56295596
      0.02939305
     -0.42944114
     -0.78670692
     -1.07801651
     -1.35495785
     -1.67060430
     -2.07250626
     -2.57495841
     -3.10859741
      2.71511862
      2.35731136
      2.06583761
      1.78917631
      1.47426786
      1.07346831
      0.57193573
      0.03813884
     -0.42228136
     -0.78090782
     -1.07268222
     -1.34904350
     -1.66304128
     -2.06244987
     -2.56282287
     -3.09684421
      2.72467334
      2.36496096
      2.07275132
      1.79670325
      1.48377398
      1.08602658
      0.58704744
      0.05275230
     -0.41044024
     -0.77149526
     -1.06427383
     -1.34000310
     -1.65172131
     -2.04755564
     -2.54491138
     -3.07951086
      2.73869945
      2.37605433
      2.08257325
      1.80716027
      1.49678004
      1.10309228
      0.60758528
      0.07267087
     -0.39432440
     -0.75879841
     -1.05311607
     -1.32822379
     -1.63715488
     -2.02848094
     -2.52191787
     -3.05713707
      2.75681502
      2.39028165
      2.09499246
      1.82017024
      1.51278364
      1.12401606
      0.63286634
      0.09737365
     -0.37429470
     -0.74310981
     -1.03950660
     -1.31407187
     -1.61983432
     -2.00586501
     -2.49451496
     -3.03022864
      2.77867691
      2.40736573
      2.10972405
      1.83537845
      1.53130428
      1.14817061
      0.66222767
      0.12636647
     -0.35067963
     -0.72469308
     -1.02371815
     -1.29788992
     -1.60022682
     -1.98032162
     -2.46335644
     -2.99927134
      2.80396833
      2.42705478
      2.12650680
      1.85245477
      1.55188930
      1.17495713
      0.69502430
      0.15916901
     -0.32378716
     -0.70378997
     -1.00600116
     -1.27999544
     -1.57876962
     -1.95243339
     -2.42907867
     -2.96474277
      2.83238739
      2.44911530
      2.14510021
      1.87109427
      1.57411742
      1.20381008
      0.73062837
      0.19530381
     -0.29391585
     -0.68062756
     -0.98658718
     -1.26068109
     -1.55586774
     -1.92274814
     -2.39230104
     -2.92712267
      2.86363606
      2.47332473
      2.16528055
      1.89101609
      1.59759996
      1.23419984
      0.76842897
      0.23428670
     -0.26136590
     -0.65542586
     -0.96569338
     -1.24021660
     -1.53189372
     -1.89177702
     -2.35362581
     -2.88690151
      2.89740932
      2.49946355
      2.18683586
      1.91196080
      1.62198009
      1.26563376
      0.80783281
      0.27561925
     -0.22644981
     -0.62840598
     -0.94352794
     -1.21885203
     -1.50718921
     -1.85999426
     -2.31363695
     -2.84458700
      2.93338469
      2.52730699
      2.20956026
      1.93368669
      1.64693069
      1.29765592
      0.84826575
      0.31878367
     -0.18950233
     -0.59979839
     -0.92029591
     -1.19682178
     -1.48206752
     -1.82783763
     -2.27289797
     -2.80070731
      2.97121311
      2.55661697
      2.23324807
      1.95596564
      1.67215158
      1.32984657
      0.88917591
      0.36324161
     -0.15088848
     -0.56985049
     -0.89620496
     -1.17434871
     -1.45681636
     -1.79570898
     -2.23194797
     -2.75581016
      3.01051237
      2.58713525
      2.25768843
      1.97857911
      1.69736688
      1.36182168
      0.93003830
      0.40843739
     -0.11100837
     -0.53883267
     -0.87147025
     -1.15164788
     -1.43170037
     -1.76397450
     -2.19129636
     -2.71045723
      3.05086425
      2.61857832
      2.28266093
      2.00131479
      1.72232269
      1.39323286
      0.97036062
      0.45380578
     -0.07029810
     -0.50704224
     -0.84631819
     -1.12892951
     -1.40696323
     -1.73296488
     -2.15141686
     -2.66521456
      3.09181552
      2.65063462
      2.30793254
      2.02396389
      1.74678496
      1.42376697
      1.00968898
      0.49878280
     -0.02922690
     -0.47480520
     -0.82098896
     -1.10640158
     -1.38282992
     -1.70297606
     -2.11274260
     -2.62064119
      3.13288231
      2.68296365
      2.33325543
      2.04631864
      1.77053708
      1.45314471
      1.04761160
      0.54281708
      0.01170828
     -0.44247651
     -0.79573849
     -1.08427233
     -1.35950956
     -1.67427153
     -2.07566383
     -2.57727843
     -3.10962911
      2.71519609
      2.35836515
      2.06816956
      1.79337648
      1.48111727
      1.08375939
      0.58537920
      0.05198906
     -0.41043976
     -0.77084025
     -1.06275327
     -1.33719929
     -1.64708673
     -2.04052939
     -2.53564253
     -3.06987508
      2.74693415
      2.38297862
      2.08930222
      1.81511014
      1.50746097
      1.11780243
      0.62596688
      0.09108109
     -0.37910701
     -0.74658754
     -1.04206278
     -1.31608937
     -1.62163544
     -2.00765203
     -2.49622164
     -3.03158170
      2.77775136
      2.40679169
      2.10949328
      1.83554914
      1.53197002
      1.14944305
      0.66410562
      0.12843788
     -0.34891924
     -0.72329607
     -1.02243018
     -1.29636890
     -1.59811752
     -1.97731664
     -2.45947749
     -2.99530063
      2.80719210
      2.42947643
      2.12850642
      1.85450270
      1.55444842
      1.17840663
      0.69934523
      0.16350295
     -0.32034680
     -0.70130649
     -1.00409972
     -1.27823171
     -1.57672709
     -1.94979017
     -2.42585037
     -2.96159297
      2.83477129
      2.45067902
      2.14608862
      1.87177263
      1.57470189
      1.20443131
      0.73125343
      0.19571069
     -0.29388939
     -0.68098612
     -0.98733387
     -1.26188161
     -1.55766050
     -1.92533198
     -2.39576656
     -2.93102880
      2.85997495
      2.47001859
      2.16196743
      1.88714843
      1.59253029
      1.22725769
      0.75940776
      0.22448649
     -0.27007472
     -0.66272918
     -0.97241539
     -1.24753671
     -1.54112339
     -1.90420397
     -2.36964703
     -2.90418740
      2.88226233
      2.48708797
      2.17584967
      1.90040356
      1.60772088
      1.24661888
      0.78338629
      0.24924619
     -0.24945569
     -0.64695515
     -0.95964785
     -1.23543264
     -1.52733707
     -1.88668051
     -2.34791725
     -2.88165808
      2.90106952
      2.50145630
      2.18742161
      1.91129274
      1.62004226
      1.26223060
      0.80275726
      0.26939489
     -0.23260588
     -0.63410511
     -0.94935469
     -1.22582481
     -1.51654455
     -1.87305836
     -2.33101822
     -2.86404196
      2.91581472
      2.51267365
      2.19635068
      1.91955002
      1.62923837
      1.27378087
      0.81706735
      0.28432453
     -0.22011376
     -0.62463623
     -0.94187694
     -1.21899011
     -1.50901652
     -1.86366752
     -2.31941888
     -2.85195489
      2.92590454
      2.52027739
      2.20228822
      1.92488717
      1.63502211
      1.28091864
      0.82582837
      0.29341046
     -0.21257576
     -0.61901463
     -0.93756998
     -1.21522854
     -1.50505833
     -1.85888347
     -2.31363054
     -2.84603140
      2.93074147
      2.52380003
      2.20487303
      1.92699191
      1.63706781
      1.28324031
      0.82850178
      0.29600720
     -0.21058829
     -0.61770696
     -0.93679983
     -1.21486529
     -1.50501837
     -1.85914193
     -2.31422332
     -2.84692896
      2.92973260
      2.52277816
      2.20373525
      1.92552532
      1.63500166
      1.28027359
      0.82448128
      0.29144440
     -0.21473815
     -0.62117089
     -0.93993937
     -1.21825410
     -1.50929902
     -1.86495681
     -2.32184460
     -2.85533134
      2.92230012
      2.51676237
      2.19849972
      1.92011747
      1.62838904
      1.27145734
      0.81307336
      0.27902483
     -0.22559093
     -0.62984496
     -0.94736544
     -1.22578282
     -1.51837117
     -1.87694201
     -2.33723907
     -2.87196137
      2.90783132
      2.50518030
      2.18883158
      1.91275537
      1.63101426
      1.31146063
      0.00000000
