             NaN
      1.31021138
      1.62973036
      1.91127225
      2.18688296
      2.50241632
      2.90393299
     -2.87683156
     -2.34208432
     -1.88102186
     -1.52181454
     -1.22910886
     -0.95122004
     -0.63493389
     -0.23248842
      0.27063564
      0.80491716
      1.26475046
      1.62289492
      1.91500028
      2.19276656
      2.50936944
      2.91242925
     -2.86719951
     -2.33326268
     -1.87424787
     -1.51681074
     -1.22513536
     -0.94752518
     -0.63083787
     -0.22754329
      0.27614631
      0.80985027
      1.26843824
      1.62550441
      1.91690922
      2.19432877
      2.51087737
      2.91404510
     -2.86559937
     -2.33201805
     -1.87348400
     -1.51646984
     -1.22518481
     -0.94798923
     -0.63179166
     -0.22909424
      0.27403030
      0.80759316
      1.26642731
      1.62369303
      1.91500258
      2.19194388
      2.50759029
      2.90949219
     -2.87124102
     -2.33760208
     -1.87813286
     -1.52032566
     -1.22885195
     -0.95219071
     -0.63728231
     -0.23648281
      0.26504970
      0.79884652
      1.25926666
      1.61789306
      1.90966740
      2.18602862
      2.50002635
      2.89943487
     -2.88337751
     -2.34935625
     -1.88768856
     -1.52797625
     -1.23576667
     -0.95971866
     -0.64678946
     -0.24904213
      0.24993693
      0.78423198
      1.24742445
      1.60847939
      1.90125789
      2.17698709
      2.48870523
      2.88453949
     -2.90129016
     -2.36669078
     -1.90171587
     -1.53907083
     -1.24558982
     -0.97017692
     -0.65979677
     -0.26610909
      0.22939782
      0.76431212
      1.23130730
      1.59578123
      1.89009881
      2.16520644
      2.47413745
      2.86546342
     -2.92428505
     -2.38906597
     -1.91983285
     -1.55329956
     -1.25801046
     -0.98318833
     -0.67580182
     -0.28703433
      0.20411528
      0.73960785
      1.21127610
      1.58009112
      1.87648781
      2.15105298
      2.45681535
      2.84284593
     -2.95168954
     -2.41597598
     -1.94169633
     -1.57038525
     -1.27274367
     -0.99839817
     -0.69432411
     -0.31119053
      0.17475228
      0.71061336
      1.18765935
      1.56167269
      1.86069765
      2.13486931
      2.43720611
      2.81730080
     -2.98284981
     -2.44693504
     -1.96698953
     -1.59007608
     -1.28952821
     -1.01547630
     -0.71491094
     -0.33797888
      0.14195382
      0.67780897
      1.16076501
      1.54076771
      1.84297878
      2.11697295
      2.41574702
      2.78941067
     -3.01712949
     -2.48146553
     -1.99541052
     -1.61213855
     -1.30812358
     -1.03411776
     -0.73714103
     -0.36683380
      0.10634777
      0.64167218
      1.13089170
      1.51760328
      1.82356278
      2.09765657
      2.39284310
      2.75972337
     -3.05390917
     -2.51908770
     -2.02666127
     -1.63635006
     -1.32830601
     -1.05404167
     -0.76062567
     -0.39722568
      0.06854505
      0.60268716
      1.09833962
      1.49239944
      1.80266683
      2.07718992
      2.36886691
      2.72875008
     -3.09258658
     -2.55931104
     -2.06043672
     -1.66249109
     -1.34986352
     -1.07498859
     -0.78500802
     -0.42866183
      0.02913898
      0.56135237
      1.06342127
      1.46537731
      1.78049913
      2.05582309
      2.34416013
      2.69696505
     -3.13257772
     -2.60162784
     -2.09641439
     -1.69033682
     -1.37259023
     -1.09671680
     -0.80996094
     -0.46068631
     -0.01129629
      0.51818562
      1.02647146
      1.43676738
      1.75726476
      2.03379048
      2.31903609
      2.66480606
      3.10986624
     -2.64550990
     -2.13424517
     -1.71964919
     -1.39628043
     -1.11899814
     -0.83518422
     -0.49287935
     -0.05220884
      0.47372528
      0.98785520
      1.40681707
      1.73317139
      2.01131500
      2.29378251
      2.63267498
      3.06891382
     -2.69040947
     -2.17354687
     -1.75016990
     -1.42072322
     -1.14161404
     -0.86040196
     -0.52485691
     -0.09307368
      0.42852706
      0.94797265
      1.37579679
      1.70843423
      1.98861171
      2.26866405
      2.60093804
      3.02825975
     -2.73576487
     -2.21390121
     -1.78161544
     -1.44569819
     -1.16435219
     -0.88536024
     -0.55627056
     -0.13339848
      0.38315619
      0.90725990
      1.34400388
      1.68327968
      1.96589087
      2.24392443
      2.56992594
      2.98837777
     -2.78101001
     -2.25485496
     -1.81367422
     -1.47097228
     -1.18700378
     -0.90982499
     -0.58680715
     -0.17272930
      0.33817670
      0.86618623
      1.31176437
      1.65794799
      1.94336046
      2.21978865
      2.53993465
      2.94970104
     -2.82558585
     -2.29592422
     -1.84600571
     -1.49629763
     -1.20936099
     -0.93357958
     -0.61618734
     -0.21065439
      0.29413997
      0.82524859
      1.27943323
      1.63269507
      1.92122876
      2.19646584
      2.51122767
      2.91261983
     -2.86895104
     -2.33660054
     -1.87824059
     -1.52140978
     -1.23121434
     -0.95642140
     -0.64416233
     -0.24680459
      0.25157544
      0.78496540
      1.24739407
      1.60779443
      1.89970731
      2.17415318
      2.48404049
      2.87748300
     -2.91058933
     -2.37635694
     -1.90998102
     -1.54602563
     -1.25234936
     -0.97815742
     -0.67050839
     -0.28084998
      0.21098541
      0.74587103
      1.21605898
      1.58353938
      1.87901449
      2.15304094
      2.45858688
      2.84460333
     -2.95001251
     -2.41465262
     -1.94080052
     -1.56984098
     -1.27254270
     -0.99859869
     -0.69501970
     -0.31249287
      0.17284441
      0.70851199
      1.18586897
      1.56024567
      1.85937965
      2.13331825
      2.43506673
      2.81426573
     -2.98675887
     -2.45093589
     -1.97024345
     -1.59252791
     -1.29155802
     -1.01755443
     -0.71750027
     -0.34145860
      0.13760266
      0.67344478
      1.15729440
      1.53825396
      1.84104708
      2.11517895
      2.41367421
      2.78673717
     -3.02038807
     -2.48464563
     -1.99782471
     -1.61373256
     -1.30914227
     -1.03482640
     -0.73775578
     -0.36748531
      0.10569245
      0.64123504
      1.13083499
      1.51793160
      1.82427925
      2.09882687
      2.39460565
      2.76227702
     -3.05047383
     -2.51521173
     -2.02303030
     -1.63307405
     -1.32502299
     -1.05020409
     -0.75558606
     -0.39031357
      0.07753624
      0.61245739
      1.10701848
      1.49967283
      1.80935894
      2.08448016
      2.37806673
      2.74114722
     -3.07659515
     -2.54205490
     -2.04531943
     -1.65014518
     -1.33890697
     -1.06346096
     -0.77077838
     -0.40967647
      0.05355601
      0.58769600
      1.08639777
      1.48389713
      1.79658975
      2.07237445
      2.36427879
      2.72362213
     -3.09832653
     -2.56458582
     -2.06412821
     -1.66451507
     -1.35048048
     -1.07435169
     -0.78310129
     -0.42528971
      0.03418354
      0.56754580
      1.06954648
      1.47104562
      1.78629512
      2.06276516
      2.35348482
      2.70999856
     -3.11522698
     -2.58220333
     -2.07887480
     -1.67573380
     -1.35941091
     -1.08261032
     -0.79229873
     -0.43684131
      0.01987213
      0.55261487
      1.05705307
      1.46157547
      1.77881611
      2.05592922
      2.34595556
      2.70060650
     -3.12682752
     -2.59429159
     -2.08896578
     -1.68333870
     -1.36534959
     -1.08794860
     -0.79808360
     -0.44398018
      0.01111002
      0.54352786
      1.04951401
      1.45595283
      1.77450812
      2.05216663
      2.34199637
      2.69582146
     -3.13261684
     -2.60021604
     -2.09380366
     -1.68686227
     -1.36793532
     -1.09005425
     -0.80013020
     -0.44630274
      0.00843574
      0.54093027
      1.04752571
      1.45464434
      1.77373717
      2.05180259
      2.34195563
      2.69607915
     -3.13202480
     -2.59931920
     -2.09279551
     -1.68584109
     -1.36679822
     -1.08858832
     -0.79806470
     -0.44333666
      0.01245562
      0.54549247
      1.05167498
      1.45810770
      1.77687615
      2.05519085
      2.34623575
      2.70189351
     -3.12440403
     -2.59091731
     -2.08536349
     -1.67982576
     -1.36156313
     -1.08318089
     -0.79145248
     -0.43452079
      0.02386317
      0.55791169
      1.06252743
      1.46678145
      1.78430191
      2.06271929
      2.35530762
      2.71387846
     -3.10900979
     -2.57428750
     -2.07089489
     -1.66824388
     -1.35189516
     -1.07581895
     -0.79407784
     -0.47452421
      0.00000000
