      0.00000000
      0.00000000
      0.00000000
      0.00000001
      0.00000001
      0.00000003
      0.00000005
      0.00000007
      0.00000010
      0.00000012
      0.00000013
      0.00000012
      0.00000009
      0.00000010
      0.00000026
      0.00000077
      0.00000198
      0.00000439
      0.00000862
      0.00001543
      0.00002556
      0.00003966
      0.00005819
      0.00008127
      0.00010866
      0.00013982
      0.00017392
      0.00021006
      0.00024729
      0.00028482
      0.00032203
      0.00035851
      0.00039404
      0.00042860
      0.00046223
      0.00049510
      0.00052735
      0.00055915
      0.00059064
      0.00062193
      0.00065309
      0.00068417
      0.00071519
      0.00074616
      0.00077707
      0.00080790
      0.00083864
      0.00086927
      0.00089978
      0.00093017
      0.00096041
      0.00099052
      0.00102047
      0.00105029
      0.00107995
      0.00110947
      0.00113885
      0.00116807
      0.00119715
      0.00122609
      0.00125488
      0.00128353
      0.00131202
      0.00134038
      0.00136859
      0.00139665
      0.00142456
      0.00145233
      0.00147996
      0.00150744
      0.00153477
      0.00156195
      0.00158899
      0.00161588
      0.00164263
      0.00166923
      0.00169568
      0.00172199
      0.00174815
      0.00177416
      0.00180003
      0.00182575
      0.00185133
      0.00187675
      0.00190203
      0.00192717
      0.00195216
      0.00197700
      0.00200169
      0.00202624
      0.00205064
      0.00207490
      0.00209901
      0.00212297
      0.00214679
      0.00217046
      0.00219398
      0.00221736
      0.00224059
      0.00226367
      0.00228661
      0.00230940
      0.00233204
      0.00235454
      0.00237689
      0.00239909
      0.00242115
      0.00244306
      0.00246482
      0.00248644
      0.00250791
      0.00252924
      0.00255042
      0.00257145
      0.00259233
      0.00261307
      0.00263366
      0.00265411
      0.00267441
      0.00269456
      0.00271456
      0.00273442
      0.00275414
      0.00277370
      0.00279312
      0.00281239
      0.00283152
      0.00285050
      0.00286933
      0.00288802
      0.00290656
      0.00292495
      0.00294320
      0.00296130
      0.00297925
      0.00299706
      0.00301472
      0.00303224
      0.00304960
      0.00306683
      0.00308390
      0.00310083
      0.00311761
      0.00313424
      0.00315073
      0.00316707
      0.00318327
      0.00319932
      0.00321522
      0.00323097
      0.00324658
      0.00326205
      0.00327736
      0.00329253
      0.00330755
      0.00332243
      0.00333716
      0.00335174
      0.00336618
      0.00338047
      0.00339461
      0.00340861
      0.00342246
      0.00343616
      0.00344972
      0.00346313
      0.00347639
      0.00348951
      0.00350248
      0.00351531
      0.00352799
      0.00354052
      0.00355290
      0.00356514
      0.00357723
      0.00358918
      0.00360097
      0.00361263
      0.00362413
      0.00363549
      0.00364670
      0.00365777
      0.00366869
      0.00367946
      0.00369009
      0.00370056
      0.00371090
      0.00372108
      0.00373112
      0.00374102
      0.00375076
      0.00376036
      0.00376982
      0.00377912
      0.00378828
      0.00379730
      0.00380617
      0.00381489
      0.00382346
      0.00383189
      0.00384017
      0.00384830
      0.00385629
      0.00386413
      0.00387183
      0.00387938
      0.00388678
      0.00389403
      0.00390114
      0.00390810
      0.00391492
      0.00392159
      0.00392811
      0.00393449
      0.00394071
      0.00394680
      0.00395273
      0.00395852
      0.00396417
      0.00396966
      0.00397501
      0.00398022
      0.00398527
      0.00399018
      0.00399495
      0.00399956
      0.00400403
      0.00400836
      0.00401253
      0.00401657
      0.00402045
      0.00402419
      0.00402778
      0.00403122
      0.00403452
      0.00403767
      0.00404068
      0.00404354
      0.00404625
      0.00404881
      0.00405123
      0.00405350
      0.00405563
      0.00405761
      0.00405944
      0.00406113
      0.00406267
      0.00406406
      0.00406531
      0.00406640
      0.00406736
      0.00406816
      0.00406882
      0.00406934
      0.00406970
      0.00406993
      0.00407000
      0.00406993
      0.00406971
      0.00406934
      0.00406883
      0.00406817
      0.00406736
      0.00406641
      0.00406531
      0.00406407
      0.00406268
      0.00406114
      0.00405945
      0.00405762
      0.00405564
      0.00405352
      0.00405125
      0.00404883
      0.00404626
      0.00404355
      0.00404070
      0.00403769
      0.00403454
      0.00403124
      0.00402780
      0.00402421
      0.00402047
      0.00401659
      0.00401256
      0.00400838
      0.00400406
      0.00399959
      0.00399498
      0.00399021
      0.00398530
      0.00398025
      0.00397504
      0.00396970
      0.00396420
      0.00395856
      0.00395277
      0.00394683
      0.00394075
      0.00393452
      0.00392815
      0.00392163
      0.00391496
      0.00390815
      0.00390118
      0.00389408
      0.00388682
      0.00387942
      0.00387187
      0.00386418
      0.00385634
      0.00384835
      0.00384022
      0.00383194
      0.00382351
      0.00381494
      0.00380622
      0.00379735
      0.00378834
      0.00377918
      0.00376987
      0.00376042
      0.00375082
      0.00374108
      0.00373118
      0.00372114
      0.00371096
      0.00370063
      0.00369015
      0.00367952
      0.00366875
      0.00365783
      0.00364677
      0.00363556
      0.00362420
      0.00361269
      0.00360104
      0.00358924
      0.00357730
      0.00356521
      0.00355297
      0.00354059
      0.00352806
      0.00351538
      0.00350256
      0.00348959
      0.00347647
      0.00346321
      0.00344980
      0.00343624
      0.00342254
      0.00340869
      0.00339469
      0.00338055
      0.00336626
      0.00335182
      0.00333724
      0.00332251
      0.00330763
      0.00329261
      0.00327744
      0.00326213
      0.00324667
      0.00323106
      0.00321530
      0.00319940
      0.00318335
      0.00316716
      0.00315082
      0.00313433
      0.00311770
      0.00310091
      0.00308399
      0.00306691
      0.00304969
      0.00303232
      0.00301481
      0.00299715
      0.00297934
      0.00296139
      0.00294329
      0.00292504
      0.00290665
      0.00288811
      0.00286942
      0.00285059
      0.00283161
      0.00281249
      0.00279321
      0.00277379
      0.00275423
      0.00273452
      0.00271466
      0.00269465
      0.00267450
      0.00265420
      0.00263376
      0.00261316
      0.00259243
      0.00257154
      0.00255051
      0.00252933
      0.00250801
      0.00248654
      0.00246492
      0.00244315
      0.00242124
      0.00239919
      0.00237698
      0.00235463
      0.00233213
      0.00230949
      0.00228670
      0.00226376
      0.00224068
      0.00221745
      0.00219407
      0.00217055
      0.00214688
      0.00212307
      0.00209910
      0.00207499
      0.00205074
      0.00202634
      0.00200179
      0.00197709
      0.00195225
      0.00192726
      0.00190213
      0.00187685
      0.00185142
      0.00182584
      0.00180012
      0.00177426
      0.00174824
      0.00172208
      0.00169577
      0.00166932
      0.00164272
      0.00161597
      0.00158908
      0.00156204
      0.00153486
      0.00150753
      0.00148005
      0.00145242
      0.00142465
      0.00139674
      0.00136867
      0.00134047
      0.00131211
      0.00128361
      0.00125497
      0.00122618
      0.00119724
      0.00116816
      0.00113893
      0.00110956
      0.00108004
      0.00105037
      0.00102056
      0.00099060
      0.00096049
      0.00093024
      0.00089986
      0.00086935
      0.00083871
      0.00080797
      0.00077714
      0.00074623
      0.00071526
      0.00068423
      0.00065314
      0.00062198
      0.00059069
      0.00055919
      0.00052739
      0.00049514
      0.00046227
      0.00042863
      0.00039407
      0.00035853
      0.00032205
      0.00028484
      0.00024731
      0.00021007
      0.00017393
      0.00013982
      0.00010867
      0.00008127
      0.00005820
      0.00003967
      0.00002556
      0.00001543
      0.00000862
      0.00000439
      0.00000198
      0.00000077
      0.00000026
      0.00000010
      0.00000009
      0.00000012
      0.00000013
      0.00000012
      0.00000010
      0.00000007
      0.00000005
      0.00000003
      0.00000001
      0.00000001
      0.00000000
      0.00000000
      0.00000000
