      0.00000000
     -1.24001170
     -1.52298918
     -1.71740658
     -1.85486639
     -1.95960798
     -2.04722817
     -2.12851024
     -2.21282761
     -2.31166840
     -2.44481933
     -2.65614575
     -3.05248473
      2.53820109
      1.91305975
      1.58302282
      1.40584990
      1.29599548
      1.21953275
      1.16181349
      1.11573299
      1.07751050
      1.04499227
      1.01688872
      0.99239654
      0.97099504
      0.95232842
      0.93613406
      0.92219767
      0.91032565
      0.90032908
      0.89201625
      0.88519119
      0.87965641
      0.87521789
      0.87169101
      0.86890614
      0.86671285
      0.86498249
      0.86360885
      0.86250727
      0.86161250
      0.86087581
      0.86026187
      0.85974565
      0.85930970
      0.85894187
      0.85863353
      0.85837830
      0.85817113
      0.85800777
      0.85788444
      0.85779761
      0.85774403
      0.85772063
      0.85772456
      0.85775322
      0.85780424
      0.85787551
      0.85796513
      0.85807143
      0.85819296
      0.85832841
      0.85847664
      0.85863665
      0.85880754
      0.85898851
      0.85917884
      0.85937791
      0.85958512
      0.85979995
      0.86002193
      0.86025061
      0.86048561
      0.86072655
      0.86097309
      0.86122493
      0.86148179
      0.86174339
      0.86200949
      0.86227987
      0.86255431
      0.86283261
      0.86311459
      0.86340009
      0.86368893
      0.86398097
      0.86427606
      0.86457408
      0.86487489
      0.86517839
      0.86548446
      0.86579299
      0.86610390
      0.86641707
      0.86673244
      0.86704991
      0.86736940
      0.86769085
      0.86801418
      0.86833932
      0.86866621
      0.86899479
      0.86932501
      0.86965680
      0.86999012
      0.87032491
      0.87066114
      0.87099875
      0.87133769
      0.87167794
      0.87201945
      0.87236219
      0.87270611
      0.87305118
      0.87339737
      0.87374466
      0.87409300
      0.87444237
      0.87479274
      0.87514409
      0.87549638
      0.87584960
      0.87620373
      0.87655873
      0.87691458
      0.87727127
      0.87762877
      0.87798707
      0.87834615
      0.87870598
      0.87906655
      0.87942784
      0.87978984
      0.88015253
      0.88051589
      0.88087991
      0.88124458
      0.88160987
      0.88197578
      0.88234230
      0.88270940
      0.88307708
      0.88344533
      0.88381413
      0.88418348
      0.88455335
      0.88492374
      0.88529465
      0.88566605
      0.88603794
      0.88641031
      0.88678315
      0.88715645
      0.88753020
      0.88790439
      0.88827902
      0.88865407
      0.88902954
      0.88940541
      0.88978169
      0.89015835
      0.89053541
      0.89091283
      0.89129063
      0.89166879
      0.89204731
      0.89242617
      0.89280538
      0.89318492
      0.89356478
      0.89394497
      0.89432548
      0.89470629
      0.89508741
      0.89546882
      0.89585052
      0.89623251
      0.89661477
      0.89699731
      0.89738012
      0.89776319
      0.89814651
      0.89853009
      0.89891391
      0.89929797
      0.89968226
      0.90006678
      0.90045153
      0.90083650
      0.90122168
      0.90160707
      0.90199267
      0.90237847
      0.90276446
      0.90315064
      0.90353700
      0.90392355
      0.90431027
      0.90469716
      0.90508422
      0.90547144
      0.90585882
      0.90624636
      0.90663404
      0.90702187
      0.90740983
      0.90779793
      0.90818617
      0.90857453
      0.90896301
      0.90935161
      0.90974033
      0.91012916
      0.91051809
      0.91090713
      0.91129626
      0.91168549
      0.91207481
      0.91246421
      0.91285369
      0.91324326
      0.91363289
      0.91402260
      0.91441237
      0.91480221
      0.91519210
      0.91558205
      0.91597204
      0.91636209
      0.91675217
      0.91714230
      0.91753246
      0.91792265
      0.91831286
      0.91870311
      0.91909337
      0.91948364
      0.91987393
      0.92026423
      0.92065453
      0.92104483
      0.92143513
      0.92182542
      0.92221570
      0.92260597
      0.92299622
      0.92338645
      0.92377665
      0.92416682
      0.92455696
      0.92494706
      0.92533713
      0.92572715
      0.92611712
      0.92650704
      0.92689690
      0.92728671
      0.92767645
      0.92806613
      0.92845574
      0.92884527
      0.92923473
      0.92962411
      0.93001340
      0.93040260
      0.93079171
      0.93118073
      0.93156964
      0.93195845
      0.93234716
      0.93273575
      0.93312423
      0.93351260
      0.93390083
      0.93428895
      0.93467693
      0.93506479
      0.93545250
      0.93584007
      0.93622750
      0.93661478
      0.93700191
      0.93738888
      0.93777570
      0.93816235
      0.93854883
      0.93893514
      0.93932127
      0.93970723
      0.94009300
      0.94047858
      0.94086398
      0.94124918
      0.94163418
      0.94201897
      0.94240356
      0.94278794
      0.94317211
      0.94355605
      0.94393977
      0.94432326
      0.94470653
      0.94508955
      0.94547234
      0.94585488
      0.94623718
      0.94661922
      0.94700100
      0.94738252
      0.94776378
      0.94814477
      0.94852548
      0.94890591
      0.94928606
      0.94966592
      0.95004549
      0.95042476
      0.95080373
      0.95118239
      0.95156074
      0.95193877
      0.95231649
      0.95269387
      0.95307093
      0.95344764
      0.95382402
      0.95420005
      0.95457573
      0.95495105
      0.95532601
      0.95570060
      0.95607482
      0.95644866
      0.95682212
      0.95719518
      0.95756785
      0.95794012
      0.95831198
      0.95868343
      0.95905445
      0.95942505
      0.95979522
      0.96016495
      0.96053423
      0.96090306
      0.96127143
      0.96163933
      0.96200677
      0.96237372
      0.96274018
      0.96310615
      0.96347161
      0.96383657
      0.96420100
      0.96456491
      0.96492828
      0.96529111
      0.96565339
      0.96601510
      0.96637625
      0.96673681
      0.96709679
      0.96745616
      0.96781493
      0.96817308
      0.96853059
      0.96888747
      0.96924369
      0.96959925
      0.96995413
      0.97030833
      0.97066183
      0.97101461
      0.97136666
      0.97171798
      0.97206854
      0.97241833
      0.97276734
      0.97311555
      0.97346294
      0.97380950
      0.97415521
      0.97450006
      0.97484402
      0.97518708
      0.97552921
      0.97587040
      0.97621062
      0.97654986
      0.97688808
      0.97722527
      0.97756141
      0.97789646
      0.97823040
      0.97856320
      0.97889484
      0.97922528
      0.97955449
      0.97988244
      0.98020910
      0.98053443
      0.98085839
      0.98118094
      0.98150205
      0.98182167
      0.98213976
      0.98245626
      0.98277114
      0.98308433
      0.98339580
      0.98370547
      0.98401329
      0.98431920
      0.98462313
      0.98492501
      0.98522477
      0.98552234
      0.98581762
      0.98611054
      0.98640101
      0.98668892
      0.98697418
      0.98725668
      0.98753631
      0.98781293
      0.98808643
      0.98835667
      0.98862350
      0.98888677
      0.98914630
      0.98940193
      0.98965346
      0.98990068
      0.99014339
      0.99038134
      0.99061428
      0.99084195
      0.99106404
      0.99128023
      0.99149019
      0.99169353
      0.99188985
      0.99207870
      0.99225959
      0.99243198
      0.99259528
      0.99274884
      0.99289192
      0.99302373
      0.99314334
      0.99324974
      0.99334178
      0.99341814
      0.99347734
      0.99351770
      0.99353733
      0.99353410
      0.99350563
      0.99344932
      0.99336232
      0.99324157
      0.99308381
      0.99288554
      0.99264301
      0.99235197
      0.99200745
      0.99160309
      0.99113035
      0.99057715
      0.98992613
      0.98915239
      0.98822070
      0.98708250
      0.98567268
      0.98390675
      0.98167868
      0.97885996
      0.97530031
      0.97083022
      0.96526517
      0.95841118
      0.95007074
      0.94004785
      0.92815069
      0.91419019
      0.89797253
      0.87928319
      0.85785922
      0.83334443
      0.80521762
      0.77267483
      0.73442559
      0.68831483
      0.63055985
      0.55405289
      0.44414150
      0.26689774
     -0.06317881
     -0.68806709
     -1.38020894
     -1.77654547
     -1.98794211
     -2.12115371
     -2.22004209
     -2.30439801
     -2.38571283
     -2.47336204
     -2.57813010
     -2.71561416
     -2.91005239
      3.09014208
      0.00000000
