      0.00000000
      0.00000000
      0.00000000
      0.00000000
      0.00000000
      0.00000000
      0.00000000
      0.00000000
      0.00000000
      0.00000000
      0.00000000
      0.00000000
      0.00000000
      0.00000000
      0.00000000
      0.00000000
      0.00000000
      0.00000000
      0.00000000
      0.00000000
      0.00000000
      0.00000000
      0.00000000
      0.00000000
      0.00000000
      0.00000000
      0.00000000
      0.00000000
      0.00000000
      0.00000000
      0.00000000
      0.00000000
      0.00000000
      0.00000000
      0.00000000
      0.00000000
      0.00000000
      0.00000000
      0.00000000
      0.00000000
      0.00000000
      0.00000000
      0.00000000
      0.00000000
      0.00000000
      0.00000000
      0.00000000
      0.00000000
      0.00000000
      0.00000000
      0.00000000
      0.00000000
      0.00000000
      0.00000000
      0.00000000
      0.00000000
      0.00000000
      0.00000000
      0.00000000
      0.00000000
      0.00000000
      0.00000000
      0.00000000
      0.00000000
      0.00000000
      0.00000000
      0.00000000
      0.00000000
      0.00000000
      0.00000000
      0.00000000
      0.00000000
      0.00000000
      0.00000000
      0.00000000
      0.00000000
      0.00000000
      0.00000000
      0.00000000
      0.00000000
      0.00000000
      0.00000000
      0.00000000
      0.00000000
      0.00000000
      0.00000000
      0.00000000
      0.00000000
      0.00000000
      0.00000000
      0.00000000
      0.00000000
      0.00000000
      0.00000000
      0.00000000
      0.00000000
      0.00000000
      0.00000000
      0.00000000
      0.00000000
      0.00000000
      0.00000000
      0.00000000
      0.00000000
      0.00000000
      0.00000000
      0.00000000
      0.00000000
      0.00000000
      0.00000000
      0.00000000
      0.00000000
      0.00000000
      0.00000000
      0.00000000
      0.00000000
      0.00000000
      0.00000000
      0.00000000
      0.00000000
      0.00000000
      0.00000000
      0.00000000
      0.00000000
      0.00000000
      0.00000000
      0.00000000
      0.00000000
      0.00000000
      0.00000000
      0.00000000
      0.00000000
      0.00000000
      0.00000000
      0.00000000
      0.00000000
      0.00000000
      0.00000000
      0.00000000
      0.00000000
      0.00000000
      0.00000000
      0.00000000
      0.00000000
      0.00000000
      0.00000000
      0.00000003
      0.00000017
      0.00000080
      0.00000328
      0.00001153
      0.00003410
      0.00008423
      0.00017366
      0.00030322
      0.00046130
      0.00063255
      0.00080620
      0.00097754
      0.00114549
      0.00131034
      0.00147258
      0.00163257
      0.00179053
      0.00194660
      0.00210085
      0.00225332
      0.00240403
      0.00255302
      0.00270028
      0.00284583
      0.00298967
      0.00313182
      0.00327227
      0.00341102
      0.00354808
      0.00368345
      0.00381714
      0.00394914
      0.00407945
      0.00420807
      0.00433501
      0.00446027
      0.00458384
      0.00470573
      0.00482593
      0.00494445
      0.00506129
      0.00517645
      0.00528992
      0.00540171
      0.00551183
      0.00562025
      0.00572700
      0.00583206
      0.00593545
      0.00603715
      0.00613717
      0.00623551
      0.00633217
      0.00642714
      0.00652044
      0.00661206
      0.00670199
      0.00679024
      0.00687681
      0.00696169
      0.00704490
      0.00712646
      0.00720641
      0.00728478
      0.00736160
      0.00743684
      0.00751040
      0.00758213
      0.00765188
      0.00771963
      0.00778563
      0.00785057
      0.00791556
      0.00798199
      0.00805122
      0.00812416
      0.00820093
      0.00828079
      0.00836231
      0.00844374
      0.00852343
      0.00860013
      0.00867312
      0.00874217
      0.00880741
      0.00886921
      0.00892798
      0.00898408
      0.00903779
      0.00908926
      0.00913854
      0.00918560
      0.00923037
      0.00927276
      0.00931267
      0.00935004
      0.00938481
      0.00941696
      0.00944648
      0.00947338
      0.00949766
      0.00951933
      0.00953843
      0.00955495
      0.00956892
      0.00958034
      0.00958922
      0.00959555
      0.00959936
      0.00960062
      0.00959936
      0.00959555
      0.00958922
      0.00958034
      0.00956892
      0.00955495
      0.00953843
      0.00951933
      0.00949766
      0.00947338
      0.00944648
      0.00941696
      0.00938481
      0.00935004
      0.00931267
      0.00927276
      0.00923037
      0.00918560
      0.00913854
      0.00908926
      0.00903779
      0.00898408
      0.00892798
      0.00886921
      0.00880741
      0.00874217
      0.00867312
      0.00860013
      0.00852343
      0.00844374
      0.00836231
      0.00828079
      0.00820093
      0.00812416
      0.00805122
      0.00798199
      0.00791556
      0.00785057
      0.00778563
      0.00771963
      0.00765188
      0.00758213
      0.00751040
      0.00743684
      0.00736160
      0.00728478
      0.00720641
      0.00712646
      0.00704490
      0.00696169
      0.00687681
      0.00679024
      0.00670199
      0.00661206
      0.00652044
      0.00642714
      0.00633217
      0.00623551
      0.00613717
      0.00603715
      0.00593545
      0.00583206
      0.00572700
      0.00562025
      0.00551183
      0.00540171
      0.00528992
      0.00517645
      0.00506129
      0.00494445
      0.00482593
      0.00470573
      0.00458384
      0.00446027
      0.00433501
      0.00420807
      0.00407945
      0.00394914
      0.00381714
      0.00368345
      0.00354808
      0.00341102
      0.00327227
      0.00313182
      0.00298967
      0.00284583
      0.00270028
      0.00255302
      0.00240403
      0.00225332
      0.00210085
      0.00194660
      0.00179053
      0.00163257
      0.00147258
      0.00131034
      0.00114549
      0.00097754
      0.00080620
      0.00063255
      0.00046130
      0.00030322
      0.00017366
      0.00008423
      0.00003410
      0.00001153
      0.00000328
      0.00000080
      0.00000017
      0.00000003
      0.00000000
      0.00000000
      0.00000000
      0.00000000
      0.00000000
      0.00000000
      0.00000000
      0.00000000
      0.00000000
      0.00000000
      0.00000000
      0.00000000
      0.00000000
      0.00000000
      0.00000000
      0.00000000
      0.00000000
      0.00000000
      0.00000000
      0.00000000
      0.00000000
      0.00000000
      0.00000000
      0.00000000
      0.00000000
      0.00000000
      0.00000000
      0.00000000
      0.00000000
      0.00000000
      0.00000000
      0.00000000
      0.00000000
      0.00000000
      0.00000000
      0.00000000
      0.00000000
      0.00000000
      0.00000000
      0.00000000
      0.00000000
      0.00000000
      0.00000000
      0.00000000
      0.00000000
      0.00000000
      0.00000000
      0.00000000
      0.00000000
      0.00000000
      0.00000000
      0.00000000
      0.00000000
      0.00000000
      0.00000000
      0.00000000
      0.00000000
      0.00000000
      0.00000000
      0.00000000
      0.00000000
      0.00000000
      0.00000000
      0.00000000
      0.00000000
      0.00000000
      0.00000000
      0.00000000
      0.00000000
      0.00000000
      0.00000000
      0.00000000
      0.00000000
      0.00000000
      0.00000000
      0.00000000
      0.00000000
      0.00000000
      0.00000000
      0.00000000
      0.00000000
      0.00000000
      0.00000000
      0.00000000
      0.00000000
      0.00000000
      0.00000000
      0.00000000
      0.00000000
      0.00000000
      0.00000000
      0.00000000
      0.00000000
      0.00000000
      0.00000000
      0.00000000
      0.00000000
      0.00000000
      0.00000000
      0.00000000
      0.00000000
      0.00000000
      0.00000000
      0.00000000
      0.00000000
      0.00000000
      0.00000000
      0.00000000
      0.00000000
      0.00000000
      0.00000000
      0.00000000
      0.00000000
      0.00000000
      0.00000000
      0.00000000
      0.00000000
      0.00000000
      0.00000000
      0.00000000
      0.00000000
      0.00000000
      0.00000000
      0.00000000
      0.00000000
      0.00000000
      0.00000000
      0.00000000
      0.00000000
      0.00000000
      0.00000000
      0.00000000
      0.00000000
      0.00000000
      0.00000000
      0.00000000
      0.00000000
      0.00000000
      0.00000000
      0.00000000
      0.00000000
      0.00000000
      0.00000000
      0.00000000
      0.00000000
      0.00000000
