      0.00000000
     -2.41560163
     -2.74284939
     -3.11148178
      2.74311796
      2.27437159
      1.82465464
      1.43424201
      1.09719075
      0.78588366
      0.46875997
      0.11397621
     -0.30312271
     -0.77303233
     -1.23636422
     -1.63997404
     -1.98238697
     -2.29086383
     -2.59800702
     -2.93715983
      2.94470233
      2.47822581
      2.00096228
      1.58020555
      1.22894141
      0.92134911
      0.62369903
      0.30158209
     -0.07933900
     -0.53552808
     -1.02495550
     -1.46745537
     -1.83256374
     -2.14235374
     -2.43180386
     -2.73617204
     -3.09226419
      2.75421914
      2.25838546
      1.78967847
      1.40360451
      1.08674298
      0.80295741
      0.51594987
      0.18811604
     -0.21836697
     -0.70843262
     -1.20519949
     -1.62209005
     -1.95381705
     -2.23646507
     -2.50815255
     -2.80626266
      3.11077371
      2.64642326
      2.12833751
      1.66857519
      1.30934110
      1.01989494
      0.75898208
      0.48910762
      0.16960385
     -0.24458636
     -0.75875679
     -1.26963787
     -1.67659787
     -1.98711394
     -2.24594032
     -2.49304899
     -2.76627239
     -3.11151151
      2.70920136
      2.16495801
      1.68313435
      1.32474110
      1.05127866
      0.81574779
      0.58044868
      0.30642197
     -0.05817273
     -0.55786448
     -1.11720907
     -1.57169038
     -1.89520405
     -2.14122027
     -2.35587818
     -2.57455989
     -2.83588443
      3.08718450
      2.57415544
      1.99566927
      1.54301830
      1.23429487
      1.00678959
      0.81338925
      0.62123593
      0.39658283
      0.08781601
     -0.38010513
     -0.98650838
     -1.49857057
     -1.83304718
     -2.05986711
     -2.23622570
     -2.39552427
     -2.56336011
     -2.77171827
     -3.07805634
      2.70886972
      2.06592095
      1.56998011
      1.27097967
      1.07803757
      0.93503718
      0.81368224
      0.69623372
      0.56568602
      0.39600097
      0.13271352
     -0.33685522
     -1.02685036
     -1.56092550
     -1.85137071
     -2.01844034
     -2.12728084
     -2.20553195
     -2.26592116
     -2.31496831
     -2.35633096
     -2.39221723
     -2.42404176
     -2.45275613
     -2.47902711
     -2.50333849
     -2.52605216
     -2.54744637
     -2.56774053
     -2.58711195
     -2.60570746
     -2.62365175
     -2.64105365
     -2.65801106
     -2.67461502
     -2.69095335
     -2.70711405
     -2.72318831
     -2.73927252
     -2.75546659
     -2.77186193
     -2.78850660
     -2.80533297
     -2.82205521
     -2.83810352
     -2.85270620
     -2.86514149
     -2.87501118
     -2.88236084
     -2.88758894
     -2.89123504
     -2.89379627
     -2.89564528
     -2.89702957
     -2.89810374
     -2.89896299
     -2.89966707
     -2.90025494
     -2.90075313
     -2.90118039
     -2.90155047
     -2.90187367
     -2.90215790
     -2.90240934
     -2.90263290
     -2.90283252
     -2.90301141
     -2.90317221
     -2.90331710
     -2.90344793
     -2.90356625
     -2.90367336
     -2.90377039
     -2.90385833
     -2.90393800
     -2.90401014
     -2.90407538
     -2.90413430
     -2.90418739
     -2.90423508
     -2.90427777
     -2.90431582
     -2.90434953
     -2.90437918
     -2.90440504
     -2.90442734
     -2.90444628
     -2.90446205
     -2.90447483
     -2.90448476
     -2.90449198
     -2.90449662
     -2.90449883
     -2.90449879
     -2.90449670
     -2.90449269
     -2.90448671
     -2.90447833
     -2.90446663
     -2.90445029
     -2.90442816
     -2.90440027
     -2.90436893
     -2.90433944
     -2.90431914
     -2.90431385
     -2.90432199
     -2.90432750
     -2.90429526
     -2.90417289
     -2.90390205
     -2.90343838
     -2.90277398
     -2.90195208
     -2.90106443
     -2.90022899
     -2.89955605
     -2.89911753
     -2.89893194
     -2.89896859
     -2.89916530
     -2.89945012
     -2.89975902
     -2.90004610
     -2.90028618
     -2.90047217
     -2.90060980
     -2.90071179
     -2.90079284
     -2.90086616
     -2.90094154
     -2.90102481
     -2.90111821
     -2.90122130
     -2.90133199
     -2.90144751
     -2.90156508
     -2.90168237
     -2.90179768
     -2.90190997
     -2.90201879
     -2.90212413
     -2.90222626
     -2.90232562
     -2.90242272
     -2.90251809
     -2.90261221
     -2.90270554
     -2.90279847
     -2.90289141
     -2.90298473
     -2.90307885
     -2.90317422
     -2.90327133
     -2.90337069
     -2.90347281
     -2.90357815
     -2.90368697
     -2.90379927
     -2.90391457
     -2.90403186
     -2.90414943
     -2.90426495
     -2.90437565
     -2.90447873
     -2.90457213
     -2.90465540
     -2.90473078
     -2.90480410
     -2.90488515
     -2.90498714
     -2.90512478
     -2.90531077
     -2.90555084
     -2.90583792
     -2.90614683
     -2.90643164
     -2.90662835
     -2.90666501
     -2.90647942
     -2.90604089
     -2.90536795
     -2.90453251
     -2.90364487
     -2.90282297
     -2.90215857
     -2.90169490
     -2.90142406
     -2.90130168
     -2.90126944
     -2.90127495
     -2.90128309
     -2.90127781
     -2.90125750
     -2.90122802
     -2.90119668
     -2.90116878
     -2.90114666
     -2.90113032
     -2.90111861
     -2.90111023
     -2.90110425
     -2.90110024
     -2.90109815
     -2.90109812
     -2.90110033
     -2.90110497
     -2.90111218
     -2.90112211
     -2.90113489
     -2.90115066
     -2.90116961
     -2.90119190
     -2.90121776
     -2.90124742
     -2.90128113
     -2.90131917
     -2.90136186
     -2.90140956
     -2.90146264
     -2.90152156
     -2.90158681
     -2.90165895
     -2.90173862
     -2.90182655
     -2.90192359
     -2.90203070
     -2.90214901
     -2.90227984
     -2.90242473
     -2.90258553
     -2.90276442
     -2.90296404
     -2.90318760
     -2.90343904
     -2.90372328
     -2.90404647
     -2.90441655
     -2.90484382
     -2.90534200
     -2.90592987
     -2.90663395
     -2.90749320
     -2.90856738
     -2.90995166
     -2.91180067
     -2.91436190
     -2.91800801
     -2.92323610
     -2.93058576
     -2.94045545
     -2.95289074
     -2.96749343
     -2.98354173
     -3.00026397
     -3.01709034
     -3.03373501
     -3.05013035
     -3.06632442
     -3.08240864
     -3.09848290
     -3.11464359
     -3.13098193
      3.13559942
      3.11864201
      3.10124011
      3.08329582
      3.06470031
      3.04532889
      3.02503473
      3.00364052
      2.98092685
      2.95661547
      2.93034449
      2.90163012
      2.86980560
      2.83391933
      2.79255668
      2.74350953
      2.68312031
      2.60486921
      2.49602870
      2.32895908
      2.03851387
      1.50443872
      0.81444358
      0.34487484
      0.08158739
     -0.08809765
     -0.21864536
     -0.33609388
     -0.45744882
     -0.60044920
     -0.79339130
     -1.09239175
     -1.58833258
     -2.23128136
     -2.72754060
     -3.03387868
      3.04094847
      2.87311264
      2.71381407
      2.53745547
      2.31063554
      1.97615894
      1.46409675
      0.85769349
      0.38977235
      0.08100553
     -0.14364757
     -0.33580089
     -0.52920123
     -0.75670650
     -1.06542993
     -1.51808091
     -2.09656708
     -2.60959614
     -2.96971252
      3.05214825
      2.83346655
      2.61880864
      2.37279241
      2.04927874
      1.59479743
      1.03545284
      0.53576109
      0.17116639
     -0.10286032
     -0.33815943
     -0.57369029
     -0.84715274
     -1.20554599
     -1.68736965
     -2.23161299
     -2.69408543
     -3.03932455
      2.97063736
      2.72352869
      2.46470231
      2.15418624
      1.74722623
      1.23634515
      0.72217472
      0.30798452
     -0.01151925
     -0.28139372
     -0.54230657
     -0.83175273
     -1.19098682
     -1.65074915
     -2.16883490
     -2.63318534
     -2.99933428
      2.98574091
      2.71405343
      2.43140541
      2.09967842
      1.68278785
      1.18602098
      0.69595533
      0.28947232
     -0.03836150
     -0.32536905
     -0.60915461
     -0.92601615
     -1.31209011
     -1.78079710
     -2.27663078
     -2.71333276
     -3.06942491
      2.90939222
      2.61994211
      2.31015211
      1.94504374
      1.50254387
      1.01311645
      0.55692736
      0.17600627
     -0.14611066
     -0.44376074
     -0.75135305
     -1.10261718
     -1.52337391
     -2.00063744
     -2.46711397
     -2.86843712
      3.07559539
      2.76845220
      2.45997533
      2.11756241
      1.71395259
      1.25062070
      0.78071108
      0.36361216
      0.00882839
     -0.30829530
     -0.61960239
     -0.95665364
     -1.34706628
     -1.79678323
     -2.26552960
     -2.69411516
     -3.06274756
      2.89318999
      0.00000000
