      0.00000000
      0.67593098
      0.28530598
     -0.10531902
     -0.49594402
     -0.88656902
     -1.27719402
     -1.66781902
     -2.05844402
     -2.44906902
     -2.83969402
      3.05286629
      2.66224129
      2.27161629
      1.88099129
      1.49036629
      1.09974129
      0.70911629
      0.31849129
     -0.07213371
     -0.46275871
     -0.85338371
     -1.24400871
     -1.63463371
     -2.02525871
     -2.41588371
     -2.80650871
      3.08605159
      2.69542659
      2.30480159
      1.91417659
      1.52355159
      1.13292659
      0.74230159
      0.35167659
     -0.03894841
     -0.42957341
     -0.82019841
     -1.21082341
     -1.60144841
     -1.99207341
     -2.38269841
     -2.77332341
      3.11923690
      2.72861190
      2.33798690
      1.94736190
      1.55673690
      1.16611190
      0.77548690
      0.38486190
     -0.00576310
     -0.39638810
     -0.78701310
     -1.17763810
     -1.56826310
     -1.95888810
     -2.34951310
     -2.74013810
     -3.13076310
      2.76179721
      2.37117221
      1.98054721
      1.58992221
      1.19929721
      0.80867221
      0.41804721
      0.02742221
     -0.36320279
     -0.75382779
     -1.14445279
     -1.53507779
     -1.92570279
     -2.31632779
     -2.70695279
     -3.09757779
      2.79498252
      2.40435752
      2.01373252
      1.62310752
      1.23248252
      0.84185752
      0.45123252
      0.06060752
     -0.33001748
     -0.72064248
     -1.11126748
     -1.50189248
     -1.89251748
     -2.28314248
     -2.67376748
     -3.06439248
      2.82816782
      2.43754282
      2.04691782
      1.65629282
      1.26566782
      0.87504282
      0.48441782
      0.09379282
     -0.29683218
     -0.68745718
     -1.07808217
     -1.46870717
     -1.85933217
     -2.24995717
     -2.64058217
     -3.03120717
      2.86135313
      2.47072813
      2.08010313
      1.68947812
      1.29885312
      0.90822811
      0.51760310
      0.12697809
     -0.26364693
     -0.65427194
     -1.04489696
     -1.43552198
     -1.82614700
     -2.21677202
     -2.60739704
     -2.99802205
      2.89453825
      2.50391326
      2.11328828
      1.72266332
      1.33203839
      0.94141350
      0.55078864
      0.16016385
     -0.23046088
     -0.62108553
     -1.01171007
     -1.40233450
     -1.79295880
     -2.18358292
     -2.57420687
     -2.96483059
      2.92773124
      2.53710804
      2.14648515
      1.75586261
      1.36524045
      0.97461871
      0.58399741
      0.19337667
     -0.19724250
     -0.58785560
     -0.97845557
     -1.36907022
     -1.75987523
     -2.15122709
     -2.54316992
     -2.93454571
      2.96003801
      2.57549234
      2.19331031
      1.80891394
      1.41744392
      1.01766253
      0.61454817
      0.21732788
     -0.16673590
     -0.53741660
     -0.90175167
     -1.27077775
     -1.65463621
     -2.05634423
     -2.46693905
     -2.86908748
      3.03378171
      2.67624524
      2.33153082
      1.98429583
      1.61914422
      1.22742476
      0.81582455
      0.40706022
      0.02397815
     -0.32657685
     -0.65354618
     -0.97373064
     -1.30604254
     -1.66681912
     -2.06124270
     -2.47311827
     -2.87054191
      3.05245533
      2.73021739
      2.43215594
      2.13948012
      1.83248914
      1.49351838
      1.11492825
      0.71185512
      0.32023499
     -0.03083505
     -0.33706484
     -0.61090364
     -0.86988571
     -1.13212255
     -1.41560002
     -1.73605108
     -2.09834361
     -2.48350972
     -2.85307714
      3.10493939
      2.82784654
      2.58743038
      2.36887014
      2.15813097
      1.94206580
      1.70770166
      1.44286931
      1.14072539
      0.80902047
      0.47464636
      0.16925789
     -0.09075185
     -0.30614649
     -0.48528229
     -0.63713115
     -0.76892200
     -0.88595915
     -0.99202311
     -1.08979220
     -1.18115859
     -1.26744150
     -1.34952765
     -1.42796755
     -1.50304913
     -1.57486143
     -1.64335432
     -1.70839437
     -1.76981439
     -1.82745345
     -1.88118557
     -1.93093680
     -1.97669218
     -2.01849482
     -2.05643981
     -2.09066500
     -2.12134062
     -2.14865881
     -2.17282387
     -2.19404365
     -2.21252222
     -2.22845393
     -2.24201861
     -2.25337797
     -2.26267296
     -2.27002190
     -2.27551922
     -2.27923481
     -2.28121362
     -2.28147568
     -2.28001625
     -2.27680626
     -2.27179285
     -2.26490016
     -2.25603018
     -2.24506386
     -2.23186238
     -2.21626862
     -2.19810903
     -2.17719597
     -2.15333105
     -2.12631000
     -2.09593012
     -2.06200146
     -2.02436334
     -1.98290734
     -1.93760752
     -1.88855655
     -1.83600381
     -1.78038808
     -1.72235391
     -1.66274040
     -1.60253420
     -1.54278660
     -1.48450544
     -1.42853967
     -1.37547566
     -1.32555592
     -1.27861686
     -1.23402400
     -1.19055796
     -1.14615668
     -1.09729298
     -1.03737151
     -0.95205415
     -0.80259080
     -0.44963902
      0.49394669
      1.27995719
      1.55503633
      1.67619406
      1.74380756
      1.78771247
      1.81974106
      1.84608971
      1.87164907
      1.90380551
      1.96603578
      2.29005504
     -1.60220773
     -1.42290195
     -1.38193536
     -1.36759759
     -1.36471097
     -1.36982957
     -1.38364589
     -1.41208210
     -1.48167936
     -1.91545110
      2.06197691
      1.89056888
      1.83069602
      1.78798591
      1.74519637
      1.69206727
      1.61191560
      1.45273970
      0.90976661
     -0.60705378
     -1.07473719
     -1.23609264
     -1.33847157
     -1.43133425
     -1.54003260
     -1.70079787
     -2.01664475
     -2.81120153
      2.53121327
      2.12630198
      1.91707915
      1.75955343
      1.60189231
      1.40361394
      1.09688452
      0.55209560
     -0.19668636
     -0.74298721
     -1.07230387
     -1.31547568
     -1.54348355
     -1.80277274
     -2.14084105
     -2.60049502
      3.13701786
      2.63775256
      2.23864354
      1.90053807
      1.57603976
      1.23324535
      0.85929955
      0.46205493
      0.05953725
     -0.33771141
     -0.73001384
     -1.12059747
     -1.51104436
     -1.90160413
     -2.29221376
     -2.68283315
     -3.07345358
      2.81911100
      2.42848989
      2.03786841
      1.64724658
      1.25662443
      0.86600199
      0.47537929
      0.08475635
     -0.30586681
     -0.69649017
     -1.08711372
     -1.47773743
     -1.86836129
     -2.25898530
     -2.64960945
     -3.04023372
      2.85232721
      2.46170271
      2.07107812
      1.68045344
      1.28982868
      0.89920385
      0.50857896
      0.11795402
     -0.27267095
     -0.66329596
     -1.05392098
     -1.44454602
     -1.83517107
     -2.22579611
     -2.61642116
     -3.00704620
      2.88551407
      2.49488904
      2.10426401
      1.71363900
      1.32301398
      0.93238898
      0.54176397
      0.15113897
     -0.23948604
     -0.63011104
     -1.02073604
     -1.41136103
     -1.80198603
     -2.19261103
     -2.58323603
     -2.97386103
      2.91869928
      2.52807428
      2.13744928
      1.74682428
      1.35619928
      0.96557428
      0.57494928
      0.18432428
     -0.20630072
     -0.59692572
     -0.98755072
     -1.37817572
     -1.76880072
     -2.15942572
     -2.55005072
     -2.94067572
      2.95188459
      2.56125959
      2.17063459
      1.78000959
      1.38938459
      0.99875959
      0.60813459
      0.21750959
     -0.17311541
     -0.56374041
     -0.95436541
     -1.34499041
     -1.73561541
     -2.12624041
     -2.51686541
     -2.90749041
      2.98506989
      2.59444489
      2.20381989
      1.81319489
      1.42256989
      1.03194489
      0.64131989
      0.25069489
     -0.13993011
     -0.53055511
     -0.92118011
     -1.31180511
     -1.70243011
     -2.09305511
     -2.48368011
     -2.87430511
      3.01825520
      2.62763020
      2.23700520
      1.84638020
      1.45575520
      1.06513020
      0.67450520
      0.28388020
     -0.10674480
     -0.49736980
     -0.88799480
     -1.27861980
     -1.66924480
     -2.05986980
     -2.45049480
     -2.84111980
      3.05144051
      2.66081551
      2.27019051
      1.87956551
      1.48894051
      1.09831551
      0.70769051
      0.31706551
     -0.07355949
     -0.46418449
     -0.85480949
     -1.24543449
     -1.63605949
     -2.02668449
     -2.41730949
     -2.80793449
      3.08462582
      2.69400082
      2.30337582
      1.91275082
      1.52212582
      1.13150082
      0.74087582
      0.35025082
     -0.04037418
     -0.43099918
     -0.82162418
     -1.21224918
     -1.60287418
     -1.99349918
     -2.38412418
     -2.77474918
      0.00000000
