      0.00000000
      0.00103547
      0.00214787
      0.00256587
      0.00266942
      0.00260424
      0.00222978
      0.00151824
      0.00148875
      0.00220642
      0.00261574
      0.00272319
      0.00272527
      0.00261744
      0.00219706
      0.00148499
      0.00156772
      0.00228761
      0.00265815
      0.00274900
      0.00274669
      0.00263201
      0.00219423
      0.00148382
      0.00161485
      0.00233451
      0.00268905
      0.00277311
      0.00276920
      0.00265229
      0.00220770
      0.00149583
      0.00164456
      0.00236579
      0.00271479
      0.00279616
      0.00279182
      0.00267501
      0.00222884
      0.00151344
      0.00166512
      0.00238935
      0.00273777
      0.00281834
      0.00281408
      0.00269841
      0.00225316
      0.00153329
      0.00168099
      0.00240889
      0.00275904
      0.00283967
      0.00283570
      0.00272161
      0.00227836
      0.00155379
      0.00169450
      0.00242624
      0.00277911
      0.00286018
      0.00285657
      0.00274415
      0.00230329
      0.00157412
      0.00170677
      0.00244231
      0.00279823
      0.00287988
      0.00287662
      0.00276585
      0.00232743
      0.00159391
      0.00171834
      0.00245751
      0.00281650
      0.00289875
      0.00289584
      0.00278662
      0.00235057
      0.00161298
      0.00172942
      0.00247201
      0.00283397
      0.00291681
      0.00291420
      0.00280644
      0.00237263
      0.00163126
      0.00174008
      0.00248589
      0.00285066
      0.00293404
      0.00293172
      0.00282531
      0.00239360
      0.00164873
      0.00175033
      0.00249915
      0.00286656
      0.00295046
      0.00294839
      0.00284323
      0.00241352
      0.00166538
      0.00176014
      0.00251178
      0.00288169
      0.00296606
      0.00296421
      0.00286022
      0.00243239
      0.00168123
      0.00176949
      0.00252375
      0.00289603
      0.00298085
      0.00297920
      0.00287629
      0.00245024
      0.00169628
      0.00177834
      0.00253506
      0.00290958
      0.00299481
      0.00299334
      0.00289145
      0.00246710
      0.00171055
      0.00178668
      0.00254569
      0.00292233
      0.00300795
      0.00300665
      0.00290571
      0.00248299
      0.00172404
      0.00179449
      0.00255561
      0.00293428
      0.00302028
      0.00301912
      0.00291908
      0.00249793
      0.00173677
      0.00180173
      0.00256481
      0.00294542
      0.00303178
      0.00303075
      0.00293157
      0.00251193
      0.00174874
      0.00180839
      0.00257328
      0.00295575
      0.00304247
      0.00304156
      0.00294318
      0.00252503
      0.00175997
      0.00181445
      0.00258100
      0.00296526
      0.00305233
      0.00305153
      0.00295392
      0.00253724
      0.00177048
      0.00181987
      0.00258794
      0.00297395
      0.00306137
      0.00306068
      0.00296382
      0.00254864
      0.00178034
      0.00182458
      0.00259403
      0.00298179
      0.00306958
      0.00306900
      0.00297292
      0.00255936
      0.00178967
      0.00182843
      0.00259913
      0.00298873
      0.00307694
      0.00307650
      0.00298132
      0.00256977
      0.00179885
      0.00183105
      0.00260287
      0.00299464
      0.00308341
      0.00308318
      0.00298927
      0.00258077
      0.00180878
      0.00183149
      0.00260433
      0.00299919
      0.00308886
      0.00308906
      0.00299743
      0.00259468
      0.00182193
      0.00182734
      0.00260104
      0.00300151
      0.00309297
      0.00309412
      0.00300739
      0.00261745
      0.00184512
      0.00181254
      0.00258630
      0.00299914
      0.00309483
      0.00309821
      0.00302277
      0.00266395
      0.00189847
      0.00177302
      0.00254091
      0.00298495
      0.00309199
      0.00309999
      0.00304897
      0.00276511
      0.00204367
      0.00169162
      0.00240731
      0.00293651
      0.00308032
      0.00309645
      0.00307806
      0.00292081
      0.00236522
      0.00167668
      0.00209160
      0.00279447
      0.00305779
      0.00310306
      0.00309469
      0.00298584
      0.00253544
      0.00176970
      0.00191556
      0.00267958
      0.00303194
      0.00310515
      0.00310274
      0.00301250
      0.00261181
      0.00183770
      0.00183753
      0.00261163
      0.00301242
      0.00310269
      0.00310510
      0.00303191
      0.00267965
      0.00191568
      0.00176946
      0.00253514
      0.00298564
      0.00309453
      0.00310290
      0.00305765
      0.00279444
      0.00209170
      0.00167643
      0.00236475
      0.00292046
      0.00307780
      0.00309619
      0.00308006
      0.00293631
      0.00240727
      0.00169148
      0.00204312
      0.00276460
      0.00304857
      0.00309962
      0.00309162
      0.00298462
      0.00254072
      0.00177286
      0.00189789
      0.00266333
      0.00302226
      0.00309773
      0.00309436
      0.00299871
      0.00258601
      0.00181232
      0.00184445
      0.00261670
      0.00300676
      0.00309354
      0.00309239
      0.00300097
      0.00260067
      0.00182707
      0.00182116
      0.00259380
      0.00299669
      0.00308837
      0.00308818
      0.00299856
      0.00260388
      0.00183116
      0.00180791
      0.00257977
      0.00298842
      0.00308240
      0.00308263
      0.00299390
      0.00260233
      0.00183065
      0.00179788
      0.00256865
      0.00298035
      0.00307561
      0.00307606
      0.00298789
      0.00259849
      0.00182795
      0.00178862
      0.00255813
      0.00297185
      0.00306801
      0.00306860
      0.00298085
      0.00259330
      0.00182403
      0.00177919
      0.00254729
      0.00296264
      0.00305958
      0.00306029
      0.00297291
      0.00258712
      0.00181924
      0.00176924
      0.00253578
      0.00295263
      0.00305033
      0.00305114
      0.00296412
      0.00258009
      0.00181375
      0.00175864
      0.00252346
      0.00294178
      0.00304025
      0.00304118
      0.00295450
      0.00257228
      0.00180762
      0.00174732
      0.00251025
      0.00293006
      0.00302934
      0.00303039
      0.00294407
      0.00256372
      0.00180089
      0.00173525
      0.00249613
      0.00291747
      0.00301760
      0.00301878
      0.00293283
      0.00255442
      0.00179357
      0.00172243
      0.00248108
      0.00290399
      0.00300503
      0.00300636
      0.00292078
      0.00254441
      0.00178570
      0.00170885
      0.00246507
      0.00288961
      0.00299162
      0.00299311
      0.00290793
      0.00253370
      0.00177729
      0.00169449
      0.00244809
      0.00287434
      0.00297737
      0.00297904
      0.00289428
      0.00252229
      0.00176836
      0.00167934
      0.00243012
      0.00285816
      0.00296229
      0.00296416
      0.00287984
      0.00251021
      0.00175893
      0.00166342
      0.00241115
      0.00284106
      0.00294636
      0.00294846
      0.00286460
      0.00249745
      0.00174900
      0.00164671
      0.00239117
      0.00282304
      0.00292959
      0.00293193
      0.00284856
      0.00248399
      0.00173855
      0.00162926
      0.00237020
      0.00280412
      0.00291199
      0.00291459
      0.00283170
      0.00246976
      0.00172750
      0.00161114
      0.00234834
      0.00278431
      0.00289355
      0.00289643
      0.00281396
      0.00245454
      0.00171559
      0.00159256
      0.00232584
      0.00276371
      0.00287432
      0.00287745
      0.00279521
      0.00243786
      0.00170224
      0.00157396
      0.00230327
      0.00274254
      0.00285436
      0.00285764
      0.00277517
      0.00241867
      0.00168613
      0.00155631
      0.00228195
      0.00272131
      0.00283381
      0.00283699
      0.00275321
      0.00239470
      0.00166452
      0.00154168
      0.00226463
      0.00270107
      0.00281300
      0.00281543
      0.00272790
      0.00236103
      0.00163183
      0.00153472
      0.00225698
      0.00268397
      0.00279256
      0.00279270
      0.00269574
      0.00230643
      0.00157735
      0.00154678
      0.00227037
      0.00267422
      0.00277374
      0.00276760
      0.00264661
      0.00220281
      0.00148472
      0.00160851
      0.00232588
      0.00267861
      0.00275790
      0.00273340
      0.00254793
      0.00198490
      0.00136841
      0.00178960
      0.00244291
      0.00269716
      0.00273836
      0.00266804
      0.00234816
      0.00164522
      0.00139593
      0.00207790
      0.00255549
      0.00266806
      0.00257458
      0.00215635
      0.00104070
      0.00000000
