      0.00000000
      0.00103547
      0.00214787
      0.00256587
      0.00266942
      0.00260424
      0.00222978
      0.00151824
      0.00148875
      0.00220642
      0.00261574
      0.00272319
      0.00272527
      0.00261744
      0.00219707
      0.00148500
      0.00156772
      0.00228761
      0.00265815
      0.00274900
      0.00274669
      0.00263201
      0.00219424
      0.00148382
      0.00161486
      0.00233451
      0.00268905
      0.00277311
      0.00276920
      0.00265230
      0.00220770
      0.00149583
      0.00164456
      0.00236580
      0.00271479
      0.00279617
      0.00279182
      0.00267501
      0.00222884
      0.00151344
      0.00166512
      0.00238935
      0.00273777
      0.00281834
      0.00281408
      0.00269842
      0.00225317
      0.00153330
      0.00168100
      0.00240889
      0.00275904
      0.00283967
      0.00283570
      0.00272161
      0.00227836
      0.00155380
      0.00169450
      0.00242624
      0.00277912
      0.00286018
      0.00285657
      0.00274416
      0.00230329
      0.00157413
      0.00170678
      0.00244231
      0.00279823
      0.00287988
      0.00287662
      0.00276585
      0.00232743
      0.00159392
      0.00171835
      0.00245751
      0.00281650
      0.00289875
      0.00289584
      0.00278662
      0.00235057
      0.00161299
      0.00172943
      0.00247202
      0.00283397
      0.00291681
      0.00291420
      0.00280644
      0.00237263
      0.00163126
      0.00174009
      0.00248589
      0.00285066
      0.00293404
      0.00293172
      0.00282531
      0.00239361
      0.00164873
      0.00175033
      0.00249915
      0.00286657
      0.00295046
      0.00294839
      0.00284323
      0.00241352
      0.00166538
      0.00176014
      0.00251178
      0.00288169
      0.00296606
      0.00296421
      0.00286022
      0.00243239
      0.00168123
      0.00176949
      0.00252375
      0.00289603
      0.00298085
      0.00297920
      0.00287629
      0.00245024
      0.00169628
      0.00177834
      0.00253506
      0.00290958
      0.00299481
      0.00299334
      0.00289145
      0.00246710
      0.00171055
      0.00178668
      0.00254569
      0.00292233
      0.00300795
      0.00300665
      0.00290571
      0.00248299
      0.00172404
      0.00179448
      0.00255561
      0.00293428
      0.00302028
      0.00301912
      0.00291908
      0.00249793
      0.00173676
      0.00180172
      0.00256481
      0.00294542
      0.00303178
      0.00303075
      0.00293157
      0.00251193
      0.00174873
      0.00180838
      0.00257328
      0.00295575
      0.00304247
      0.00304156
      0.00294318
      0.00252502
      0.00175996
      0.00181444
      0.00258100
      0.00296526
      0.00305233
      0.00305153
      0.00295392
      0.00253723
      0.00177047
      0.00181986
      0.00258793
      0.00297395
      0.00306137
      0.00306068
      0.00296382
      0.00254863
      0.00178032
      0.00182456
      0.00259402
      0.00298179
      0.00306958
      0.00306900
      0.00297292
      0.00255935
      0.00178966
      0.00182842
      0.00259912
      0.00298873
      0.00307694
      0.00307650
      0.00298131
      0.00256976
      0.00179883
      0.00183103
      0.00260287
      0.00299464
      0.00308341
      0.00308318
      0.00298927
      0.00258076
      0.00180876
      0.00183147
      0.00260433
      0.00299919
      0.00308886
      0.00308906
      0.00299743
      0.00259467
      0.00182191
      0.00182732
      0.00260103
      0.00300150
      0.00309297
      0.00309412
      0.00300739
      0.00261744
      0.00184510
      0.00181251
      0.00258628
      0.00299914
      0.00309483
      0.00309821
      0.00302277
      0.00266394
      0.00189845
      0.00177300
      0.00254089
      0.00298494
      0.00309199
      0.00309999
      0.00304897
      0.00276510
      0.00204365
      0.00169159
      0.00240729
      0.00293650
      0.00308032
      0.00309645
      0.00307806
      0.00292080
      0.00236520
      0.00167664
      0.00209158
      0.00279446
      0.00305779
      0.00310307
      0.00309469
      0.00298583
      0.00253542
      0.00176966
      0.00191553
      0.00267956
      0.00303194
      0.00310515
      0.00310274
      0.00301249
      0.00261180
      0.00183766
      0.00183749
      0.00261162
      0.00301241
      0.00310269
      0.00310510
      0.00303191
      0.00267963
      0.00191564
      0.00176942
      0.00253512
      0.00298564
      0.00309453
      0.00310291
      0.00305765
      0.00279442
      0.00209166
      0.00167638
      0.00236472
      0.00292046
      0.00307780
      0.00309619
      0.00308006
      0.00293630
      0.00240724
      0.00169143
      0.00204308
      0.00276459
      0.00304857
      0.00309962
      0.00309162
      0.00298461
      0.00254070
      0.00177281
      0.00189784
      0.00266331
      0.00302225
      0.00309773
      0.00309436
      0.00299870
      0.00258599
      0.00181227
      0.00184440
      0.00261668
      0.00300676
      0.00309354
      0.00309239
      0.00300096
      0.00260065
      0.00182702
      0.00182111
      0.00259377
      0.00299668
      0.00308837
      0.00308818
      0.00299855
      0.00260386
      0.00183110
      0.00180785
      0.00257974
      0.00298841
      0.00308240
      0.00308263
      0.00299390
      0.00260231
      0.00183059
      0.00179782
      0.00256863
      0.00298034
      0.00307561
      0.00307606
      0.00298788
      0.00259847
      0.00182789
      0.00178856
      0.00255810
      0.00297184
      0.00306801
      0.00306860
      0.00298084
      0.00259327
      0.00182396
      0.00177913
      0.00254726
      0.00296263
      0.00305958
      0.00306029
      0.00297290
      0.00258709
      0.00181918
      0.00176918
      0.00253575
      0.00295262
      0.00305033
      0.00305114
      0.00296411
      0.00258006
      0.00181368
      0.00175857
      0.00252343
      0.00294177
      0.00304025
      0.00304118
      0.00295450
      0.00257225
      0.00180755
      0.00174725
      0.00251022
      0.00293005
      0.00302934
      0.00303039
      0.00294406
      0.00256369
      0.00180082
      0.00173518
      0.00249610
      0.00291746
      0.00301760
      0.00301878
      0.00293282
      0.00255439
      0.00179350
      0.00172236
      0.00248104
      0.00290398
      0.00300503
      0.00300635
      0.00292077
      0.00254438
      0.00178563
      0.00170877
      0.00246503
      0.00288960
      0.00299162
      0.00299311
      0.00290792
      0.00253367
      0.00177722
      0.00169441
      0.00244805
      0.00287433
      0.00297737
      0.00297904
      0.00289427
      0.00252226
      0.00176829
      0.00167927
      0.00243009
      0.00285815
      0.00296228
      0.00296416
      0.00287983
      0.00251018
      0.00175886
      0.00166335
      0.00241111
      0.00284105
      0.00294636
      0.00294845
      0.00286459
      0.00249742
      0.00174893
      0.00164664
      0.00239113
      0.00282303
      0.00292959
      0.00293193
      0.00284855
      0.00248396
      0.00173849
      0.00162919
      0.00237017
      0.00280411
      0.00291198
      0.00291459
      0.00283169
      0.00246973
      0.00172744
      0.00161108
      0.00234831
      0.00278430
      0.00289355
      0.00289643
      0.00281395
      0.00245451
      0.00171553
      0.00159250
      0.00232581
      0.00276370
      0.00287432
      0.00287745
      0.00279521
      0.00243784
      0.00170218
      0.00157390
      0.00230324
      0.00274253
      0.00285436
      0.00285764
      0.00277517
      0.00241865
      0.00168608
      0.00155625
      0.00228192
      0.00272130
      0.00283381
      0.00283699
      0.00275320
      0.00239468
      0.00166447
      0.00154163
      0.00226461
      0.00270106
      0.00281300
      0.00281542
      0.00272789
      0.00236101
      0.00163179
      0.00153468
      0.00225695
      0.00268396
      0.00279255
      0.00279270
      0.00269574
      0.00230641
      0.00157731
      0.00154674
      0.00227035
      0.00267421
      0.00277374
      0.00276759
      0.00264661
      0.00220280
      0.00148469
      0.00160848
      0.00232587
      0.00267860
      0.00275789
      0.00273340
      0.00254793
      0.00198488
      0.00136839
      0.00178958
      0.00244290
      0.00269715
      0.00273836
      0.00266804
      0.00234816
      0.00164521
      0.00139591
      0.00207790
      0.00255549
      0.00266806
      0.00257458
      0.00215635
      0.00104070
      0.00000000
