      0.00000000
     -0.73621696
     -0.94274405
     -1.08173641
     -1.19647762
     -1.34640963
     -1.62202697
     -2.21274707
      3.09714243
      2.48242577
      2.19749545
      2.04536492
      1.92938831
      1.77391231
      1.48021559
      0.84630042
     -0.12332773
     -0.69481048
     -0.96106939
     -1.10527273
     -1.21902838
     -1.37683001
     -1.67893365
     -2.33186350
      2.98640761
      2.43248277
      2.17367764
      2.03272231
      1.91996597
      1.76138390
      1.45617251
      0.79647830
     -0.16609795
     -0.71398214
     -0.97025061
     -1.11000753
     -1.22223757
     -1.38076804
     -1.68641148
     -2.34688946
      2.97435794
      2.42713164
      2.17111219
      2.03159435
      1.91966878
      1.76157952
      1.45675611
      0.79825967
     -0.16388489
     -0.71292272
     -0.96974590
     -1.10947323
     -1.22121121
     -1.37870814
     -1.68219704
     -2.33757584
      2.98293418
      2.43105353
      2.17298278
      2.03285034
      1.92123574
      1.76436608
      1.46236615
      0.81044885
     -0.15282525
     -0.70788064
     -0.96734558
     -1.10795413
     -1.21948106
     -1.37573932
     -1.67625800
     -2.32472917
      2.99462198
      2.43638203
      2.17551417
      2.03441721
      1.92295770
      1.76727615
      1.46816664
      0.82298155
     -0.14133900
     -0.70263928
     -0.96486058
     -1.10643284
     -1.21783696
     -1.37298086
     -1.67077231
     -2.31287588
      3.00558035
      2.44138874
      2.17788358
      2.03585847
      1.92450200
      1.76985824
      1.47329404
      0.83406630
     -0.13100057
     -0.69790937
     -0.96262576
     -1.10507924
     -1.21639356
     -1.37057113
     -1.66599134
     -2.30253349
      3.01530770
      2.44584516
      2.17998632
      2.03712795
      1.92585152
      1.77211011
      1.47776006
      0.84373343
     -0.12183731
     -0.69370587
     -0.96064457
     -1.10388639
     -1.21512853
     -1.36846009
     -1.66180450
     -2.29346561
      3.02396424
      2.44982107
      2.18185860
      2.03825246
      1.92704150
      1.77409676
      1.48170187
      0.85227468
     -0.11363095
     -0.68993253
     -0.95886880
     -1.10282231
     -1.21400488
     -1.36658292
     -1.65807693
     -2.28538539
      3.03177254
      2.45341495
      2.18354927
      2.03926333
      1.92810666
      1.77587786
      1.48524282
      0.85995282
     -0.10617293
     -0.68649686
     -0.95725275
     -1.10185799
     -1.21299093
     -1.36488539
     -1.65469681
     -2.27805408
      3.03892616
      2.45671292
      2.18510088
      2.04018770
      1.92907688
      1.77750486
      1.48848914
      0.86699543
     -0.09927366
     -0.68331393
     -0.95575415
     -1.10096581
     -1.21205510
     -1.36331207
     -1.65154906
     -2.27122409
      3.04563984
      2.45981251
      2.18656286
      2.04105957
      1.92999365
      1.77905317
      1.49159877
      0.87374382
     -0.09262196
     -0.68023974
     -0.95429813
     -1.10009095
     -1.21112562
     -1.36172803
     -1.64834882
     -2.26427768
      3.05250057
      2.46298965
      2.18808164
      2.04199106
      1.93101082
      1.78081765
      1.49519716
      0.88155708
     -0.08489373
     -0.67664632
     -0.95254805
     -1.09896994
     -1.20983348
     -1.35942017
     -1.64358055
     -2.25391709
      3.06277235
      2.46779889
      2.19049330
      2.04364099
      1.93305664
      1.78459733
      1.50310873
      0.89877147
     -0.06770002
     -0.66852819
     -0.94835183
     -1.09591164
     -1.20580129
     -1.35178119
     -1.62745864
     -2.21874329
      3.09864370
      2.48486514
      2.19947054
      2.05040104
      1.94222293
      1.80215865
      1.54025581
      0.98023128
      0.01988727
     -0.62652562
     -0.92634112
     -1.07958067
     -1.18403477
     -1.31024435
     -1.53992586
     -2.02544426
     -2.94796964
      2.60062002
      2.25762518
      2.08889010
      1.98687449
      1.88306156
      1.70806919
      1.35006883
      0.58831201
     -0.31667629
     -0.78139686
     -1.00210513
     -1.12435818
     -1.22760397
     -1.38165140
     -1.68470857
     -2.33826781
      2.98675030
      2.43345274
      2.17465953
      2.03644763
      1.93003747
      1.78363926
      1.50355712
      0.90141613
     -0.06401523
     -0.66627069
     -0.94640386
     -1.09282197
     -1.19923274
     -1.33742597
     -1.59617016
     -2.14935484
     -3.10749194
      2.52200748
      2.21889149
      2.06482073
      1.96157290
      1.83933911
      1.61868260
      1.15408431
      0.24920360
     -0.51271754
     -0.87080906
     -1.04583991
     -1.14966498
     -1.25167134
     -1.42037039
     -1.76327769
     -2.49771543
      2.86284370
      2.37720214
      2.14746911
      2.02123970
      1.91678794
      1.76357542
      1.46382957
      0.81756099
     -0.14282506
     -0.70298125
     -0.96493950
     -1.10502527
     -1.21320179
     -1.36224372
     -1.64756627
     -2.26119025
      3.05617525
      2.46473898
      2.18899702
      2.04299175
      1.93310261
      1.78557203
      1.50582614
      0.90516689
     -0.06131765
     -0.66582585
     -0.94738757
     -1.09587599
     -1.20646096
     -1.35328264
     -1.63050543
     -2.22529811
      3.09138178
      2.48085957
      2.19661969
      2.04700107
      1.93613606
      1.78974589
      1.51393101
      0.92236832
     -0.04409065
     -0.65792740
     -0.94363196
     -1.09385913
     -1.20484148
     -1.35089939
     -1.62571713
     -2.21503063
      3.10174004
      2.48560558
      2.19889713
      2.04825907
      1.93722183
      1.79146259
      1.51749767
      0.93008423
     -0.03628874
     -0.65435746
     -0.94190275
     -1.09288034
     -1.20394922
     -1.34941797
     -1.62257090
     -2.20818685
      3.10867038
      2.48877333
      2.20044221
      2.04914668
      1.93805408
      1.79287804
      1.52053800
      0.93671669
     -0.02955835
     -0.65128289
     -0.94039622
     -1.09200835
     -1.20312279
     -1.34799917
     -1.61950726
     -2.20149316
      3.11548224
      2.49188448
      2.20197158
      2.05003534
      1.93889845
      1.79433134
      1.52368356
      0.94359627
     -0.02253277
     -0.64807396
     -0.93881480
     -1.09108724
     -1.20224820
     -1.34649455
     -1.61624760
     -2.19435832
      3.12279838
      2.49522697
      2.20362235
      2.05099863
      1.93981138
      1.79589900
      1.52708014
      0.95103636
     -0.01486792
     -0.64457065
     -0.93708134
     -1.09007400
     -1.20129014
     -1.34485368
     -1.61269408
     -2.18656866
      3.13086558
      2.49891635
      2.20545090
      2.05206910
      1.94082107
      1.79762281
      1.53080975
      0.95921820
     -0.00634503
     -0.64067006
     -0.93514539
     -1.08893916
     -1.20022274
     -1.34303811
     -1.60877122
     -2.17795619
      3.13989446
      2.50305186
      2.20750568
      2.05327457
      1.94195071
      1.79953571
      1.53493598
      0.96828430
      0.00322448
     -0.63628343
     -0.93296444
     -1.08766011
     -1.19903110
     -1.34103170
     -1.60445147
     -2.16845767
     -3.13319465
      2.50768249
      2.20980789
      2.05462095
      1.94319173
      1.80160824
      1.53938961
      0.97808370
      0.01370780
     -0.63147620
     -0.93057723
     -1.08627536
     -1.19778256
     -1.33897520
     -1.60003858
     -2.15874423
     -3.12276047
      2.51245648
      2.21217045
      2.05596299
      1.94434057
      1.80344558
      1.54333388
      0.98676144
      0.02299435
     -0.62726310
     -0.92851192
     -1.08517135
     -1.19698148
     -1.33781878
     -1.59753122
     -2.15325363
     -3.11713661
      2.51490189
      2.21331818
      2.05639069
      1.94424795
      1.80291423
      1.54229771
      0.98438290
      0.01950993
     -0.62919237
     -0.92962289
     -1.08636905
     -1.19914970
     -1.34221407
     -1.60666684
     -2.17361562
     -3.14110212
      2.50318277
      2.20713331
      2.05152234
      1.93738466
      1.78978647
      1.51481574
      0.92340660
     -0.04811614
     -0.66161993
     -0.94672359
     -1.09944867
     -1.21692929
     -1.37590190
     -1.67772206
     -2.32970744
      2.98604930
      2.42932852
      2.16740346
      2.02003782
      1.89336943
      1.70557624
      1.33455610
      0.54532384
     -0.35442927
     -0.80468633
     -1.02525537
     -1.16396088
     -1.30949264
     -1.55469569
     -2.06783831
     -3.02041388
      2.55627364
      2.22771393
      2.05414736
      1.92859807
      1.78518994
      1.57724083
      0.00000000
