             NaN
      1.57360026
      1.78012736
      1.91911973
      2.03386094
      2.18379296
      2.45941030
      3.05013057
     -2.25975818
     -1.64504130
     -1.36011097
     -1.20798041
     -1.09200377
     -0.93652776
     -0.64283102
     -0.00891541
      0.96071417
      1.53219724
      1.79845617
      1.94265955
      2.05641527
      2.21421693
      2.51632061
     -3.11393418
     -2.14901803
     -1.59509279
     -1.33628762
     -1.19533223
     -1.08257580
     -0.92399368
     -0.61878223
      0.04091282
      1.00349141
      1.55137607
      1.80764460
      1.94740160
      2.05963175
      2.21816230
      2.52380582
     -3.09890055
     -2.13696002
     -1.58973319
     -1.33371367
     -1.19419573
     -1.08227002
     -0.92418067
     -0.61935716
      0.03914030
      1.00128767
      1.55032608
      1.80714934
      1.94687679
      2.05861492
      2.21611196
      2.51960097
     -3.10820451
     -2.14552633
     -1.59364506
     -1.33557422
     -1.19544165
     -1.08382689
     -0.92695711
     -0.62495706
      0.02696126
      0.99023824
      1.54529425
      1.80475929
      1.94536798
      2.05689507
      2.21315346
      2.51367227
     -3.12104090
     -2.15720397
     -1.59896340
     -1.33809544
     -1.19699834
     -1.08553867
     -0.92985698
     -0.63074736
      0.01443863
      0.97876175
      1.54006262
      1.80228403
      1.94385642
      2.05526070
      2.21040473
      2.50819629
     -3.13288465
     -2.16815329
     -1.60396114
     -1.34045588
     -1.19843065
     -1.08707403
     -0.93243016
     -0.63586586
      0.00336255
      0.96843136
      1.53534062
      1.80005709
      1.94251068
      2.05382511
      2.20800278
      2.50342308
      3.13996574
     -2.17787395
     -1.60841104
     -1.34255213
     -1.19969369
     -1.08841717
     -0.93467569
     -0.64032558
     -0.00629860
      0.95927312
      1.53114193
      1.79808068
      1.94132254
      2.05256473
      2.20589634
      2.49924077
      3.13090202
     -2.18652741
     -1.61238414
     -1.34442166
     -1.20081551
     -1.08960454
     -0.93665980
     -0.64426492
     -0.01483780
      0.95106761
      1.52736912
      1.79630536
      1.94025884
      2.05144136
      2.20401935
      2.49551332
      3.12282147
     -2.19433740
     -1.61598007
     -1.34611445
     -1.20182860
     -1.09067203
     -0.93844333
     -0.64780838
     -0.02251894
      0.94360510
      1.52392856
      1.79468433
      1.93928943
      2.05042219
      2.20231650
      2.49212777
      3.11548421
     -2.20149856
     -1.61928602
     -1.34767415
     -1.20276119
     -1.09165061
     -0.94007881
     -0.65106330
     -0.02957070
      0.93669498
      1.52073430
      1.79317429
      1.93838565
      2.04947462
      2.20073129
      2.48896802
      3.10864164
     -2.20822663
     -1.62240052
     -1.34915118
     -1.20364824
     -1.09258274
     -0.94164264
     -0.65418857
     -0.03633534
      0.93002513
      1.51764139
      1.79169941
      1.93749179
      2.04852594
      2.19912790
      2.48574828
      3.10167511
     -2.21510948
     -1.62560039
     -1.35069283
     -1.20460278
     -1.09362315
     -0.94343052
     -0.65781052
     -0.04417279
      0.92227063
      1.51402106
      1.78992227
      1.93634353
      2.04720635
      2.19679241
      2.48095222
      3.09128609
     -2.22541183
     -1.63044088
     -1.35313590
     -1.20628432
     -1.09570078
     -0.94724221
     -0.66575426
     -0.06141995
      0.90504194
      1.50586720
      1.78569013
      1.93324913
      2.04313783
      2.18911690
      2.46479361
      3.05607515
     -2.26132253
     -1.64754743
     -1.36215363
     -1.21308504
     -1.10490799
     -0.96484467
     -0.70294265
     -0.14292109
      0.81741131
      1.46381982
      1.76363440
      1.91687293
      2.02132584
      2.14753430
      2.37721490
      2.86273105
     -2.49794031
     -1.76335126
     -1.42035760
     -1.25162359
     -1.14960931
     -1.04579772
     -0.87080644
     -0.51280740
      0.24894154
      1.15391788
      1.61863620
      1.83934339
      1.96159508
      2.06483943
      2.21888561
      2.52194160
     -3.10769035
     -2.14953825
     -1.59624450
     -1.33745244
     -1.19924193
     -1.09283332
     -0.94643647
     -0.66635554
     -0.06421969
      0.90119500
      1.50344531
      1.78357722
      1.92999387
      2.03640297
      2.17459470
      2.43333762
      2.98651792
     -2.33854773
     -1.68486866
     -1.38175409
     -1.22768485
     -1.12443883
     -1.00220674
     -0.78155161
     -0.31695630
      0.58790840
      1.34981895
      1.70790864
      1.88293794
      1.98676110
      2.08876552
      2.25746298
      2.60036850
     -2.94838935
     -2.02578108
     -1.54014308
     -1.31041155
     -1.18418401
     -1.07973427
     -0.92652347
     -0.62677924
      0.01948140
      0.97984628
      1.53999701
      1.80195371
      1.94203761
      2.05021204
      2.19925215
      2.48457307
      3.09818974
     -2.21919853
     -1.62776891
     -1.35202859
     -1.20602523
     -1.09613824
     -0.94860956
     -0.66886534
     -0.06821334
      0.89824724
      1.50274805
      1.78430806
      1.93279452
      2.04337726
      2.19019697
      2.46741804
      3.06220336
     -2.25450155
     -1.64398725
     -1.35974915
     -1.21013254
     -1.09926981
     -0.95288168
     -0.67706855
     -0.08551339
      0.88091956
      1.49474798
      1.78045072
      1.93067584
      2.04165583
      2.18771166
      2.46252761
      3.05183343
     -2.26496420
     -1.64883842
     -1.36213183
     -1.21149586
     -1.10046102
     -0.95470390
     -0.68074079
     -0.09333519
      0.87300997
      1.49106968
      1.77861309
      1.92958856
      2.04065501
      2.18612160
      2.45927271
      3.04488069
     -2.27200512
     -1.65211738
     -1.36378816
     -1.21249476
     -1.10140461
     -0.95623074
     -0.68389252
     -0.10007927
      0.86616650
      1.48788146
      1.77699288
      1.92860288
      2.03971487
      2.18458907
      2.45609534
      3.03807312
     -2.27893213
     -1.65534419
     -1.36543319
     -1.21349906
     -1.10236463
     -0.95779968
     -0.68715370
     -0.10707454
      0.85902417
      1.48455533
      1.77529430
      1.92756465
      2.03872318
      2.18296739
      2.45271867
      3.03082128
     -2.28636611
     -1.65880490
     -1.36720213
     -1.21458045
     -1.10339560
     -0.95948532
     -0.69066818
     -0.11463244
      0.85124093
      1.48093332
      1.77344222
      1.92643288
      2.03764667
      2.18120816
      2.44904690
      3.02291355
     -2.29455169
     -1.66261287
     -1.36914916
     -1.21576929
     -1.10452353
     -0.96132725
     -0.69451578
     -0.12293201
      0.84260031
      1.47691488
      1.77138855
      1.92518047
      2.03646186
      2.17927533
      2.44500693
      3.01418433
     -2.30369697
     -1.66686481
     -1.37132022
     -1.21709086
     -1.10576908
     -0.96335589
     -0.69875758
     -0.13211321
      0.83291641
      1.47241396
      1.76909347
      1.92378750
      2.03515652
      2.17715542
      2.44057389
      3.00457309
     -2.31390479
     -1.67160683
     -1.37373362
     -1.21854820
     -1.10712081
     -0.96553890
     -0.70332147
     -0.14202219
      0.82232505
      1.46749906
      1.76659882
      1.92229557
      2.03380108
      2.17499228
      2.43605458
      2.99475401
     -2.32444258
     -1.67648389
     -1.37619900
     -1.21999278
     -1.10837189
     -0.96747820
     -0.70736744
     -0.15080077
      0.81294020
      1.46318843
      1.76443624
      1.92109459
      2.03290337
      2.17373952
      2.43345116
      2.98916826
     -2.33015851
     -1.67902030
     -1.37743745
     -1.22051087
     -1.10836931
     -0.96703656
     -0.70642071
     -0.14851078
      0.81633971
      1.46503427
      1.76546409
      1.92220950
      2.03498917
      2.17805275
      2.44250499
      3.00944924
     -2.30626981
     -1.66737595
     -1.37132701
     -1.21571662
     -1.10157972
     -0.95398213
     -0.67901180
     -0.08760708
      0.88389798
      1.49739684
      1.78250018
      1.93522483
      2.05270488
      2.21167710
      2.51349694
     -3.11770786
     -2.15029363
     -1.59357571
     -1.33165080
     -1.18428544
     -1.05761740
     -0.86982440
     -0.49880468
      0.29042140
      1.19016581
      1.64042200
      1.86099100
      1.99969636
      2.14522796
      2.39043095
      2.90357276
     -2.42704235
     -1.72054691
     -1.39198724
     -1.21842065
     -1.09287138
     -0.94946329
     -0.74151420
      0.00000000
