      0.00000000
      0.00001023
      0.00004634
      0.00011168
      0.00019472
      0.00027687
      0.00034472
      0.00038999
      0.00040203
      0.00036636
      0.00028405
      0.00020911
      0.00022933
      0.00035030
      0.00048803
      0.00058690
      0.00064777
      0.00068817
      0.00071347
      0.00070691
      0.00063612
      0.00049770
      0.00039578
      0.00046840
      0.00065383
      0.00080260
      0.00087376
      0.00089593
      0.00090067
      0.00090504
      0.00091497
      0.00093078
      0.00095086
      0.00097346
      0.00099727
      0.00102154
      0.00104586
      0.00107009
      0.00109417
      0.00111809
      0.00114187
      0.00116553
      0.00118906
      0.00121248
      0.00123579
      0.00125900
      0.00128209
      0.00130508
      0.00132797
      0.00135075
      0.00137342
      0.00139598
      0.00141844
      0.00144080
      0.00146304
      0.00148518
      0.00150721
      0.00152913
      0.00155094
      0.00157265
      0.00159424
      0.00161573
      0.00163711
      0.00165838
      0.00167954
      0.00170059
      0.00172154
      0.00174237
      0.00176309
      0.00178371
      0.00180421
      0.00182461
      0.00184489
      0.00186507
      0.00188514
      0.00190509
      0.00192494
      0.00194468
      0.00196431
      0.00198382
      0.00200323
      0.00202253
      0.00204172
      0.00206080
      0.00207977
      0.00209863
      0.00211738
      0.00213602
      0.00215454
      0.00217296
      0.00219127
      0.00220947
      0.00222756
      0.00224554
      0.00226342
      0.00228118
      0.00229883
      0.00231637
      0.00233380
      0.00235112
      0.00236833
      0.00238543
      0.00240242
      0.00241930
      0.00243607
      0.00245273
      0.00246929
      0.00248573
      0.00250206
      0.00251828
      0.00253439
      0.00255039
      0.00256628
      0.00258207
      0.00259774
      0.00261330
      0.00262875
      0.00264409
      0.00265932
      0.00267445
      0.00268946
      0.00270436
      0.00271915
      0.00273383
      0.00274840
      0.00276287
      0.00277722
      0.00279146
      0.00280559
      0.00281961
      0.00283353
      0.00284733
      0.00286102
      0.00287460
      0.00288808
      0.00290144
      0.00291469
      0.00292783
      0.00294086
      0.00295379
      0.00296660
      0.00297930
      0.00299189
      0.00300438
      0.00301675
      0.00302901
      0.00304116
      0.00305320
      0.00306514
      0.00307696
      0.00308867
      0.00310027
      0.00311177
      0.00312315
      0.00313442
      0.00314558
      0.00315664
      0.00316758
      0.00317841
      0.00318913
      0.00319975
      0.00321025
      0.00322064
      0.00323092
      0.00324110
      0.00325116
      0.00326111
      0.00327096
      0.00328069
      0.00329031
      0.00329982
      0.00330923
      0.00331852
      0.00332770
      0.00333677
      0.00334574
      0.00335459
      0.00336333
      0.00337197
      0.00338049
      0.00338890
      0.00339720
      0.00340540
      0.00341348
      0.00342145
      0.00342932
      0.00343707
      0.00344471
      0.00345224
      0.00345967
      0.00346698
      0.00347418
      0.00348128
      0.00348826
      0.00349513
      0.00350189
      0.00350855
      0.00351509
      0.00352152
      0.00352785
      0.00353406
      0.00354016
      0.00354616
      0.00355204
      0.00355781
      0.00356347
      0.00356903
      0.00357447
      0.00357980
      0.00358503
      0.00359014
      0.00359514
      0.00360004
      0.00360482
      0.00360949
      0.00361406
      0.00361851
      0.00362285
      0.00362709
      0.00363121
      0.00363523
      0.00363913
      0.00364294
      0.00364665
      0.00365028
      0.00365386
      0.00365747
      0.00366128
      0.00366562
      0.00367118
      0.00367933
      0.00369251
      0.00371449
      0.00374922
      0.00379475
      0.00382548
      0.00376021
      0.00347837
      0.00311796
      0.00322761
      0.00361746
      0.00381387
      0.00383348
      0.00379555
      0.00375705
      0.00373180
      0.00371857
      0.00371375
      0.00371525
      0.00372328
      0.00374032
      0.00377001
      0.00381217
      0.00384775
      0.00380822
      0.00356987
      0.00318269
      0.00318043
      0.00356702
      0.00380707
      0.00384748
      0.00381200
      0.00376967
      0.00373976
      0.00372251
      0.00371429
      0.00371259
      0.00371717
      0.00373009
      0.00375496
      0.00379312
      0.00383131
      0.00381381
      0.00362217
      0.00323334
      0.00311198
      0.00346802
      0.00375457
      0.00382307
      0.00379314
      0.00374741
      0.00371228
      0.00368994
      0.00367651
      0.00366816
      0.00366244
      0.00365797
      0.00365404
      0.00365031
      0.00364662
      0.00364287
      0.00363905
      0.00363514
      0.00363111
      0.00362699
      0.00362275
      0.00361840
      0.00361395
      0.00360938
      0.00360470
      0.00359992
      0.00359502
      0.00359002
      0.00358490
      0.00357968
      0.00357434
      0.00356889
      0.00356334
      0.00355767
      0.00355190
      0.00354601
      0.00354002
      0.00353391
      0.00352769
      0.00352137
      0.00351493
      0.00350839
      0.00350173
      0.00349497
      0.00348809
      0.00348110
      0.00347401
      0.00346680
      0.00345949
      0.00345206
      0.00344453
      0.00343688
      0.00342912
      0.00342126
      0.00341328
      0.00340520
      0.00339700
      0.00338870
      0.00338028
      0.00337176
      0.00336312
      0.00335438
      0.00334552
      0.00333655
      0.00332748
      0.00331829
      0.00330900
      0.00329959
      0.00329008
      0.00328045
      0.00327072
      0.00326087
      0.00325092
      0.00324085
      0.00323068
      0.00322039
      0.00320999
      0.00319949
      0.00318887
      0.00317815
      0.00316731
      0.00315637
      0.00314531
      0.00313415
      0.00312287
      0.00311149
      0.00309999
      0.00308839
      0.00307667
      0.00306485
      0.00305291
      0.00304087
      0.00302871
      0.00301645
      0.00300407
      0.00299159
      0.00297899
      0.00296629
      0.00295347
      0.00294055
      0.00292751
      0.00291437
      0.00290111
      0.00288775
      0.00287427
      0.00286069
      0.00284699
      0.00283319
      0.00281927
      0.00280525
      0.00279111
      0.00277687
      0.00276251
      0.00274805
      0.00273347
      0.00271879
      0.00270399
      0.00268909
      0.00267407
      0.00265895
      0.00264371
      0.00262837
      0.00261291
      0.00259735
      0.00258167
      0.00256589
      0.00255000
      0.00253399
      0.00251788
      0.00250165
      0.00248532
      0.00246887
      0.00245232
      0.00243565
      0.00241888
      0.00240200
      0.00238500
      0.00236790
      0.00235068
      0.00233336
      0.00231592
      0.00229838
      0.00228073
      0.00226296
      0.00224509
      0.00222710
      0.00220901
      0.00219081
      0.00217249
      0.00215407
      0.00213553
      0.00211689
      0.00209814
      0.00207927
      0.00206030
      0.00204122
      0.00202202
      0.00200272
      0.00198331
      0.00196378
      0.00194415
      0.00192441
      0.00190455
      0.00188459
      0.00186452
      0.00184434
      0.00182404
      0.00180364
      0.00178313
      0.00176251
      0.00174177
      0.00172093
      0.00169998
      0.00167892
      0.00165775
      0.00163647
      0.00161508
      0.00159358
      0.00157197
      0.00155025
      0.00152842
      0.00150648
      0.00148443
      0.00146227
      0.00144000
      0.00141763
      0.00139514
      0.00137255
      0.00134984
      0.00132703
      0.00130411
      0.00128108
      0.00125793
      0.00123469
      0.00121133
      0.00118786
      0.00116427
      0.00114057
      0.00111675
      0.00109280
      0.00106870
      0.00104447
      0.00102015
      0.00099592
      0.00097217
      0.00094968
      0.00092973
      0.00091408
      0.00090433
      0.00090013
      0.00089555
      0.00087350
      0.00080243
      0.00065371
      0.00046832
      0.00039573
      0.00049769
      0.00063612
      0.00070694
      0.00071354
      0.00068831
      0.00064801
      0.00058727
      0.00048859
      0.00035107
      0.00023026
      0.00021002
      0.00028478
      0.00036687
      0.00040237
      0.00039021
      0.00034487
      0.00027697
      0.00019478
      0.00011172
      0.00004636
      0.00001023
      0.00000000
