      0.00000000
      0.97299957
      1.27765060
      1.50484220
      1.67493541
      1.80819513
      1.92310783
      2.03950543
      2.18187773
      2.38560946
      2.71357454
     -3.01901013
     -2.32122349
     -1.81071363
     -1.51510997
     -1.33849140
     -1.22315198
     -1.13227185
     -1.03430712
     -0.89656742
     -0.67669559
     -0.30352817
      0.30508674
      0.98044770
      1.43335278
      1.69305954
      1.84228957
      1.92624480
      1.97047851
      1.99140417
      1.99978645
      2.00221171
      2.00226811
      2.00164549
      2.00099831
      2.00050163
      2.00015123
      1.99989952
      1.99970443
      1.99953979
      1.99939251
      1.99925733
      1.99913269
      1.99901835
      1.99891425
      1.99882005
      1.99873513
      1.99865863
      1.99858956
      1.99852688
      1.99846961
      1.99841679
      1.99836757
      1.99832119
      1.99827698
      1.99823436
      1.99819285
      1.99815204
      1.99811158
      1.99807121
      1.99803068
      1.99798981
      1.99794846
      1.99790651
      1.99786387
      1.99782046
      1.99777625
      1.99773119
      1.99768526
      1.99763844
      1.99759074
      1.99754215
      1.99749267
      1.99744233
      1.99739112
      1.99733908
      1.99728622
      1.99723256
      1.99717812
      1.99712292
      1.99706699
      1.99701036
      1.99695304
      1.99689507
      1.99683646
      1.99677724
      1.99671744
      1.99665708
      1.99659618
      1.99653477
      1.99647287
      1.99641050
      1.99634768
      1.99628444
      1.99622079
      1.99615676
      1.99609237
      1.99602763
      1.99596257
      1.99589720
      1.99583155
      1.99576562
      1.99569944
      1.99563302
      1.99556638
      1.99549954
      1.99543250
      1.99536529
      1.99529792
      1.99523041
      1.99516276
      1.99509499
      1.99502711
      1.99495914
      1.99489108
      1.99482295
      1.99475477
      1.99468653
      1.99461826
      1.99454996
      1.99448164
      1.99441331
      1.99434499
      1.99427667
      1.99420838
      1.99414012
      1.99407189
      1.99400371
      1.99393558
      1.99386751
      1.99379951
      1.99373159
      1.99366375
      1.99359600
      1.99352835
      1.99346080
      1.99339335
      1.99332603
      1.99325882
      1.99319175
      1.99312480
      1.99305799
      1.99299133
      1.99292482
      1.99285845
      1.99279225
      1.99272621
      1.99266033
      1.99259463
      1.99252910
      1.99246376
      1.99239859
      1.99233362
      1.99226884
      1.99220425
      1.99213986
      1.99207567
      1.99201169
      1.99194792
      1.99188436
      1.99182101
      1.99175788
      1.99169498
      1.99163229
      1.99156983
      1.99150761
      1.99144561
      1.99138384
      1.99132231
      1.99126102
      1.99119997
      1.99113917
      1.99107861
      1.99101829
      1.99095822
      1.99089840
      1.99083884
      1.99077953
      1.99072047
      1.99066167
      1.99060313
      1.99054485
      1.99048684
      1.99042908
      1.99037159
      1.99031437
      1.99025741
      1.99020072
      1.99014430
      1.99008815
      1.99003227
      1.98997666
      1.98992133
      1.98986627
      1.98981149
      1.98975698
      1.98970276
      1.98964881
      1.98959513
      1.98954174
      1.98948863
      1.98943580
      1.98938325
      1.98933098
      1.98927900
      1.98922729
      1.98917588
      1.98912475
      1.98907390
      1.98902334
      1.98897306
      1.98892307
      1.98887337
      1.98882396
      1.98877485
      1.98872603
      1.98867754
      1.98862939
      1.98858168
      1.98853456
      1.98848841
      1.98844403
      1.98840318
      1.98836973
      1.98835216
      1.98836897
      1.98846060
      1.98871505
      1.98932314
      1.99069551
      1.99370613
      2.00018239
      2.01384427
      2.04197773
      2.09814379
      2.20618347
      2.40611330
      2.76208001
     -2.94267560
     -2.26574756
     -1.77230534
     -1.48336261
     -1.32356978
     -1.23843413
     -1.19473518
     -1.17292298
     -1.16199380
     -1.15589016
     -1.15099113
     -1.14431675
     -1.13195145
     -1.10715405
     -1.05767527
     -0.96192448
     -0.78346871
     -0.46309877
      0.07266889
      0.75590415
      1.29339194
      1.61510858
      1.79437098
      1.89058347
      1.94031551
      1.96524432
      1.97767149
      1.98436506
      1.98924746
      1.99528622
      2.00606480
      2.02756434
      2.07065240
      2.15465593
      2.31244476
      2.59798443
      3.08660634
     -2.52111718
     -1.93819199
     -1.57814283
     -1.37572100
     -1.26624269
     -1.20927620
     -1.18071489
     -1.16683048
     -1.16023834
     -1.15716453
     -1.15575400
     -1.15511920
     -1.15484300
     -1.15473158
     -1.15469554
     -1.15469383
     -1.15470762
     -1.15472834
     -1.15475205
     -1.15477696
     -1.15480224
     -1.15482754
     -1.15485268
     -1.15487757
     -1.15490218
     -1.15492650
     -1.15495052
     -1.15497422
     -1.15499762
     -1.15502070
     -1.15504347
     -1.15506592
     -1.15508805
     -1.15510986
     -1.15513135
     -1.15515252
     -1.15517336
     -1.15519388
     -1.15521406
     -1.15523392
     -1.15525344
     -1.15527263
     -1.15529148
     -1.15531000
     -1.15532817
     -1.15534599
     -1.15536348
     -1.15538061
     -1.15539739
     -1.15541382
     -1.15542990
     -1.15544561
     -1.15546097
     -1.15547595
     -1.15549058
     -1.15550483
     -1.15551870
     -1.15553220
     -1.15554532
     -1.15555806
     -1.15557041
     -1.15558237
     -1.15559393
     -1.15560510
     -1.15561586
     -1.15562621
     -1.15563616
     -1.15564569
     -1.15565480
     -1.15566348
     -1.15567174
     -1.15567956
     -1.15568694
     -1.15569388
     -1.15570037
     -1.15570641
     -1.15571198
     -1.15571709
     -1.15572173
     -1.15572589
     -1.15572956
     -1.15573275
     -1.15573543
     -1.15573762
     -1.15573929
     -1.15574044
     -1.15574106
     -1.15574115
     -1.15574070
     -1.15573970
     -1.15573815
     -1.15573602
     -1.15573332
     -1.15573003
     -1.15572615
     -1.15572167
     -1.15571657
     -1.15571085
     -1.15570449
     -1.15569749
     -1.15568983
     -1.15568150
     -1.15567249
     -1.15566278
     -1.15565237
     -1.15564125
     -1.15562938
     -1.15561678
     -1.15560341
     -1.15558926
     -1.15557433
     -1.15555859
     -1.15554202
     -1.15552461
     -1.15550635
     -1.15548721
     -1.15546718
     -1.15544623
     -1.15542435
     -1.15540151
     -1.15537770
     -1.15535290
     -1.15532707
     -1.15530020
     -1.15527226
     -1.15524323
     -1.15521308
     -1.15518178
     -1.15514931
     -1.15511563
     -1.15508073
     -1.15504456
     -1.15500709
     -1.15496829
     -1.15492813
     -1.15488656
     -1.15484356
     -1.15479908
     -1.15475308
     -1.15470552
     -1.15465636
     -1.15460555
     -1.15455305
     -1.15449880
     -1.15444275
     -1.15438485
     -1.15432505
     -1.15426329
     -1.15419950
     -1.15413363
     -1.15406561
     -1.15399537
     -1.15392284
     -1.15384794
     -1.15377061
     -1.15369074
     -1.15360827
     -1.15352311
     -1.15343515
     -1.15334431
     -1.15325047
     -1.15315354
     -1.15305341
     -1.15294995
     -1.15284304
     -1.15273256
     -1.15261837
     -1.15250033
     -1.15237829
     -1.15225209
     -1.15212158
     -1.15198658
     -1.15184690
     -1.15170237
     -1.15155279
     -1.15139794
     -1.15123761
     -1.15107158
     -1.15089961
     -1.15072145
     -1.15053684
     -1.15034552
     -1.15014720
     -1.14994160
     -1.14972841
     -1.14950733
     -1.14927801
     -1.14904012
     -1.14879329
     -1.14853713
     -1.14827121
     -1.14799504
     -1.14770804
     -1.14740952
     -1.14709864
     -1.14677445
     -1.14643607
     -1.14608327
     -1.14571785
     -1.14534627
     -1.14498405
     -1.14466139
     -1.14442631
     -1.14433476
     -1.14440208
     -1.14446751
     -1.14389381
     -1.14101005
     -1.13224551
     -1.11102453
     -1.06658152
     -0.98248946
     -0.83317432
     -0.57341480
     -0.12048142
      0.55487749
      1.16348962
      1.53666755
      1.75654745
      1.89428116
      1.99221279
      2.08301805
      2.19822923
      2.37466901
      2.67013244
     -3.10213980
     -2.40300625
     -1.85184505
     -1.52399776
     -1.32047079
     -1.17827229
     -1.06201084
     -0.94720422
     -0.81402805
     -0.64400112
     -0.41685953
     -0.11223719
      0.00000000
