      0.00000000
     -0.06022847
     -0.36481148
     -0.59188514
     -0.76182257
     -0.89488641
     -1.00955092
     -1.12563053
     -1.26759767
     -1.47085408
     -1.79855526
     -2.35050328
     -3.05147526
      2.72027221
      2.42501522
      2.24882524
      2.13378956
      2.04308290
      1.94518899
      1.80745150
      1.58754203
      1.21432135
      0.60569147
     -0.06963613
     -0.52257636
     -0.78239464
     -0.93182399
     -1.01610948
     -1.06085368
     -1.08250235
     -1.09182188
     -1.09537196
     -1.09669785
     -1.09744297
     -1.09821957
     -1.09916782
     -1.10025623
     -1.10141682
     -1.10259291
     -1.10374854
     -1.10486462
     -1.10593297
     -1.10695143
     -1.10792088
     -1.10884358
     -1.10972230
     -1.11056001
     -1.11135964
     -1.11212401
     -1.11285580
     -1.11355750
     -1.11423143
     -1.11487970
     -1.11550426
     -1.11610687
     -1.11668910
     -1.11725241
     -1.11779808
     -1.11832729
     -1.11884109
     -1.11934044
     -1.11982621
     -1.12029917
     -1.12076005
     -1.12120951
     -1.12164815
     -1.12207651
     -1.12249512
     -1.12290443
     -1.12330489
     -1.12369690
     -1.12408084
     -1.12445705
     -1.12482588
     -1.12518762
     -1.12554256
     -1.12589098
     -1.12623313
     -1.12656924
     -1.12689956
     -1.12722428
     -1.12754361
     -1.12785775
     -1.12816687
     -1.12847115
     -1.12877074
     -1.12906581
     -1.12935650
     -1.12964296
     -1.12992530
     -1.13020367
     -1.13047818
     -1.13074895
     -1.13101609
     -1.13127970
     -1.13153989
     -1.13179675
     -1.13205037
     -1.13230085
     -1.13254827
     -1.13279270
     -1.13303424
     -1.13327294
     -1.13350889
     -1.13374216
     -1.13397280
     -1.13420089
     -1.13442648
     -1.13464964
     -1.13487042
     -1.13508887
     -1.13530506
     -1.13551903
     -1.13573082
     -1.13594050
     -1.13614810
     -1.13635366
     -1.13655724
     -1.13675887
     -1.13695859
     -1.13715644
     -1.13735246
     -1.13754668
     -1.13773915
     -1.13792988
     -1.13811893
     -1.13830631
     -1.13849206
     -1.13867621
     -1.13885879
     -1.13903983
     -1.13921935
     -1.13939739
     -1.13957396
     -1.13974909
     -1.13992281
     -1.14009514
     -1.14026610
     -1.14043572
     -1.14060402
     -1.14077102
     -1.14093673
     -1.14110119
     -1.14126441
     -1.14142640
     -1.14158720
     -1.14174681
     -1.14190525
     -1.14206255
     -1.14221872
     -1.14237376
     -1.14252772
     -1.14268058
     -1.14283238
     -1.14298313
     -1.14313284
     -1.14328153
     -1.14342920
     -1.14357588
     -1.14372158
     -1.14386631
     -1.14401009
     -1.14415292
     -1.14429482
     -1.14443580
     -1.14457587
     -1.14471505
     -1.14485334
     -1.14499077
     -1.14512733
     -1.14526304
     -1.14539791
     -1.14553195
     -1.14566517
     -1.14579758
     -1.14592919
     -1.14606001
     -1.14619005
     -1.14631932
     -1.14644783
     -1.14657558
     -1.14670259
     -1.14682887
     -1.14695442
     -1.14707925
     -1.14720337
     -1.14732679
     -1.14744952
     -1.14757156
     -1.14769292
     -1.14781361
     -1.14793364
     -1.14805302
     -1.14817175
     -1.14828984
     -1.14840729
     -1.14852412
     -1.14864034
     -1.14875594
     -1.14887093
     -1.14898533
     -1.14909914
     -1.14921236
     -1.14932500
     -1.14943707
     -1.14954858
     -1.14965953
     -1.14976992
     -1.14987977
     -1.14998908
     -1.15009785
     -1.15020610
     -1.15031382
     -1.15042103
     -1.15052774
     -1.15063395
     -1.15073970
     -1.15084501
     -1.15094997
     -1.15105476
     -1.15115974
     -1.15126572
     -1.15137445
     -1.15148981
     -1.15162022
     -1.15178415
     -1.15202191
     -1.15242133
     -1.15317283
     -1.15468643
     -1.15783499
     -1.16444413
     -1.17823127
     -1.20647903
     -1.26274500
     -1.37086815
     -1.57086650
     -1.92689589
     -2.50540530
      3.10075767
      2.60724571
      2.31824117
      2.15837695
      2.07315523
      2.02935600
      2.00743239
      1.99638449
      1.99015840
      1.98513625
      1.97834099
      1.96586015
      1.94095598
      1.89138273
      1.79555220
      1.61703100
      1.29660341
      0.76076699
      0.07744381
     -0.46011251
     -0.78188584
     -0.96121183
     -1.05750106
     -1.10732325
     -1.13235310
     -1.14488873
     -1.15169484
     -1.15669092
     -1.16284187
     -1.17372833
     -1.19532833
     -1.23850612
     -1.32258606
     -1.48043769
     -1.76603103
     -2.25471237
     -2.93025426
      2.76993783
      2.40983602
      2.20735755
      2.09781094
      2.04076335
      2.01210998
      1.99812546
      1.99142794
      1.98824567
      1.98672501
      1.98597933
      1.98559203
      1.98536959
      1.98522278
      1.98511061
      1.98501434
      1.98492537
      1.98483981
      1.98475585
      1.98467268
      1.98458993
      1.98450742
      1.98442507
      1.98434284
      1.98426071
      1.98417866
      1.98409669
      1.98401480
      1.98393297
      1.98385120
      1.98376949
      1.98368782
      1.98360621
      1.98352463
      1.98344308
      1.98336157
      1.98328008
      1.98319861
      1.98311715
      1.98303570
      1.98295425
      1.98287280
      1.98279133
      1.98270986
      1.98262836
      1.98254683
      1.98246527
      1.98238367
      1.98230203
      1.98222034
      1.98213859
      1.98205677
      1.98197489
      1.98189293
      1.98181088
      1.98172875
      1.98164651
      1.98156418
      1.98148173
      1.98139917
      1.98131648
      1.98123366
      1.98115071
      1.98106760
      1.98098434
      1.98090092
      1.98081733
      1.98073356
      1.98064960
      1.98056545
      1.98048110
      1.98039653
      1.98031175
      1.98022673
      1.98014148
      1.98005598
      1.97997023
      1.97988421
      1.97979791
      1.97971133
      1.97962445
      1.97953727
      1.97944976
      1.97936193
      1.97927377
      1.97918525
      1.97909637
      1.97900712
      1.97891748
      1.97882744
      1.97873700
      1.97864613
      1.97855482
      1.97846307
      1.97837085
      1.97827816
      1.97818497
      1.97809128
      1.97799706
      1.97790231
      1.97780700
      1.97771112
      1.97761466
      1.97751759
      1.97741989
      1.97732156
      1.97722257
      1.97712290
      1.97702253
      1.97692144
      1.97681961
      1.97671702
      1.97661365
      1.97650947
      1.97640446
      1.97629859
      1.97619185
      1.97608420
      1.97597561
      1.97586607
      1.97575553
      1.97564398
      1.97553138
      1.97541770
      1.97530291
      1.97518697
      1.97506985
      1.97495152
      1.97483193
      1.97471105
      1.97458884
      1.97446526
      1.97434025
      1.97421379
      1.97408583
      1.97395630
      1.97382518
      1.97369240
      1.97355791
      1.97342165
      1.97328357
      1.97314361
      1.97300170
      1.97285778
      1.97271178
      1.97256363
      1.97241325
      1.97226058
      1.97210551
      1.97194798
      1.97178789
      1.97162516
      1.97145967
      1.97129134
      1.97112006
      1.97094571
      1.97076817
      1.97058733
      1.97040306
      1.97021522
      1.97002366
      1.96982825
      1.96962880
      1.96942517
      1.96921718
      1.96900463
      1.96878732
      1.96856506
      1.96833761
      1.96810475
      1.96786621
      1.96762173
      1.96737103
      1.96711381
      1.96684972
      1.96657844
      1.96629958
      1.96601274
      1.96571748
      1.96541333
      1.96509980
      1.96477633
      1.96444232
      1.96409713
      1.96374005
      1.96337033
      1.96298713
      1.96258955
      1.96217662
      1.96174727
      1.96130034
      1.96083458
      1.96034861
      1.95984093
      1.95931003
      1.95875462
      1.95817426
      1.95757086
      1.95695141
      1.95633254
      1.95574621
      1.95524311
      1.95488290
      1.95468592
      1.95449775
      1.95368886
      1.95059683
      1.94165870
      1.92030367
      1.87576568
      1.79161167
      1.64225845
      1.38247712
      0.92953875
      0.25419536
     -0.35441271
     -0.72760062
     -0.94748973
     -1.08522648
     -1.18315038
     -1.27393184
     -1.38909885
     -1.56547491
     -1.86088663
     -2.37194177
     -3.07156107
      2.66025706
      2.33244921
      2.12899392
      1.98685644
      1.87064276
      1.75587334
      1.62272649
      1.45272285
      1.22559890
      0.92098672
      0.00000000
