      0.00000000
      0.00000000
      0.00000000
      0.00000000
      0.00000000
      0.00000000
      0.00000000
      0.00000000
      0.00000000
      0.00000000
      0.00000000
      0.00000000
      0.00000000
      0.00000000
      0.00000000
      0.00000000
      0.00000000
      0.00000000
      0.00000000
      0.00000000
      0.00000000
      0.00000000
      0.00000000
      0.00000000
      0.00000000
      0.00000000
      0.00000000
      0.00000000
      0.00000000
      0.00000000
      0.00000000
      0.00000000
      0.00000000
      0.00000000
      0.00000000
      0.00000000
      0.00000000
      0.00000000
      0.00000000
      0.00000000
      0.00000000
      0.00000000
      0.00000000
      0.00000000
      0.00000000
      0.00000000
      0.00000000
      0.00000000
      0.00000000
      0.00000000
      0.00000000
      0.00000000
      0.00000000
      0.00000000
      0.00000000
      0.00000000
      0.00000000
      0.00000000
      0.00000000
      0.00000000
      0.00000000
      0.00000000
      0.00000000
      0.00000000
      0.00000000
      0.00000000
      0.00000000
      0.00000000
      0.00000000
      0.00000000
      0.00000000
      0.00000000
      0.00000000
      0.00000000
      0.00000000
      0.00000000
      0.00000000
      0.00000000
      0.00000000
      0.00000000
      0.00000000
      0.00000000
      0.00000000
      0.00000000
      0.00000000
      0.00000000
      0.00000000
      0.00000000
      0.00000000
      0.00000000
      0.00000000
      0.00000000
      0.00000000
      0.00000000
      0.00000000
      0.00000000
      0.00000000
      0.00000000
      0.00000000
      0.00000000
      0.00000000
      0.00000000
      0.00000000
      0.00000000
      0.00000000
      0.00000000
      0.00000000
      0.00000000
      0.00000000
      0.00000000
      0.00000000
      0.00000000
      0.00000000
      0.00000000
      0.00000000
      0.00000000
      0.00000000
      0.00000000
      0.00000000
      0.00000000
      0.00000000
      0.00000000
      0.00000000
      0.00000000
      0.00000000
      0.00000000
      0.00000000
      0.00000000
      0.00000000
      0.00000000
      0.00000000
      0.00000000
      0.00000000
      0.00000000
      0.00000000
      0.00000000
      0.00000000
      0.00000000
      0.00000000
      0.00000000
      0.00000000
      0.00000000
      0.00000000
      0.00000000
      0.00000000
      0.00000000
      0.00000002
      0.00000010
      0.00000041
      0.00000149
      0.00000509
      0.00001822
      0.00006425
      0.00018968
      0.00042537
      0.00073909
      0.00107758
      0.00141825
      0.00175880
      0.00209628
      0.00242345
      0.00273326
      0.00302258
      0.00329307
      0.00354972
      0.00379836
      0.00404352
      0.00428764
      0.00453120
      0.00477350
      0.00501338
      0.00524987
      0.00548238
      0.00571072
      0.00593499
      0.00615543
      0.00637229
      0.00658574
      0.00679588
      0.00700275
      0.00720633
      0.00740661
      0.00760357
      0.00779720
      0.00798752
      0.00817454
      0.00835828
      0.00853878
      0.00871605
      0.00889011
      0.00906099
      0.00922871
      0.00939328
      0.00955472
      0.00971304
      0.00986828
      0.01002044
      0.01016956
      0.01031564
      0.01045870
      0.01059878
      0.01073588
      0.01087003
      0.01100125
      0.01112955
      0.01125497
      0.01137751
      0.01149721
      0.01161407
      0.01172813
      0.01183939
      0.01194789
      0.01205364
      0.01215666
      0.01225698
      0.01235461
      0.01244957
      0.01254188
      0.01263157
      0.01271865
      0.01280314
      0.01288506
      0.01296443
      0.01304126
      0.01311559
      0.01318742
      0.01325677
      0.01332366
      0.01338811
      0.01345014
      0.01350975
      0.01356698
      0.01362182
      0.01367430
      0.01372444
      0.01377224
      0.01381772
      0.01386090
      0.01390178
      0.01394038
      0.01397671
      0.01401078
      0.01404261
      0.01407219
      0.01409955
      0.01412468
      0.01414761
      0.01416832
      0.01418684
      0.01420317
      0.01421731
      0.01422926
      0.01423904
      0.01424664
      0.01425207
      0.01425532
      0.01425641
      0.01425532
      0.01425207
      0.01424664
      0.01423904
      0.01422926
      0.01421731
      0.01420317
      0.01418684
      0.01416832
      0.01414761
      0.01412468
      0.01409955
      0.01407219
      0.01404261
      0.01401078
      0.01397671
      0.01394038
      0.01390178
      0.01386090
      0.01381772
      0.01377224
      0.01372444
      0.01367430
      0.01362182
      0.01356698
      0.01350975
      0.01345014
      0.01338811
      0.01332366
      0.01325677
      0.01318742
      0.01311559
      0.01304126
      0.01296443
      0.01288506
      0.01280314
      0.01271865
      0.01263157
      0.01254188
      0.01244957
      0.01235461
      0.01225698
      0.01215666
      0.01205364
      0.01194789
      0.01183939
      0.01172813
      0.01161407
      0.01149721
      0.01137751
      0.01125497
      0.01112955
      0.01100125
      0.01087003
      0.01073588
      0.01059878
      0.01045870
      0.01031564
      0.01016956
      0.01002044
      0.00986828
      0.00971304
      0.00955472
      0.00939328
      0.00922871
      0.00906099
      0.00889011
      0.00871605
      0.00853878
      0.00835828
      0.00817454
      0.00798752
      0.00779720
      0.00760357
      0.00740661
      0.00720633
      0.00700275
      0.00679588
      0.00658574
      0.00637229
      0.00615543
      0.00593499
      0.00571072
      0.00548238
      0.00524987
      0.00501338
      0.00477350
      0.00453120
      0.00428764
      0.00404352
      0.00379836
      0.00354972
      0.00329307
      0.00302258
      0.00273326
      0.00242345
      0.00209628
      0.00175880
      0.00141825
      0.00107758
      0.00073909
      0.00042537
      0.00018968
      0.00006425
      0.00001822
      0.00000509
      0.00000149
      0.00000041
      0.00000010
      0.00000002
      0.00000000
      0.00000000
      0.00000000
      0.00000000
      0.00000000
      0.00000000
      0.00000000
      0.00000000
      0.00000000
      0.00000000
      0.00000000
      0.00000000
      0.00000000
      0.00000000
      0.00000000
      0.00000000
      0.00000000
      0.00000000
      0.00000000
      0.00000000
      0.00000000
      0.00000000
      0.00000000
      0.00000000
      0.00000000
      0.00000000
      0.00000000
      0.00000000
      0.00000000
      0.00000000
      0.00000000
      0.00000000
      0.00000000
      0.00000000
      0.00000000
      0.00000000
      0.00000000
      0.00000000
      0.00000000
      0.00000000
      0.00000000
      0.00000000
      0.00000000
      0.00000000
      0.00000000
      0.00000000
      0.00000000
      0.00000000
      0.00000000
      0.00000000
      0.00000000
      0.00000000
      0.00000000
      0.00000000
      0.00000000
      0.00000000
      0.00000000
      0.00000000
      0.00000000
      0.00000000
      0.00000000
      0.00000000
      0.00000000
      0.00000000
      0.00000000
      0.00000000
      0.00000000
      0.00000000
      0.00000000
      0.00000000
      0.00000000
      0.00000000
      0.00000000
      0.00000000
      0.00000000
      0.00000000
      0.00000000
      0.00000000
      0.00000000
      0.00000000
      0.00000000
      0.00000000
      0.00000000
      0.00000000
      0.00000000
      0.00000000
      0.00000000
      0.00000000
      0.00000000
      0.00000000
      0.00000000
      0.00000000
      0.00000000
      0.00000000
      0.00000000
      0.00000000
      0.00000000
      0.00000000
      0.00000000
      0.00000000
      0.00000000
      0.00000000
      0.00000000
      0.00000000
      0.00000000
      0.00000000
      0.00000000
      0.00000000
      0.00000000
      0.00000000
      0.00000000
      0.00000000
      0.00000000
      0.00000000
      0.00000000
      0.00000000
      0.00000000
      0.00000000
      0.00000000
      0.00000000
      0.00000000
      0.00000000
      0.00000000
      0.00000000
      0.00000000
      0.00000000
      0.00000000
      0.00000000
      0.00000000
      0.00000000
      0.00000000
      0.00000000
      0.00000000
      0.00000000
      0.00000000
      0.00000000
      0.00000000
      0.00000000
      0.00000000
      0.00000000
      0.00000000
      0.00000000
      0.00000000
      0.00000000
      0.00000000
      0.00000000
