      0.00000000
      1.51373645
      1.12715996
      0.73863204
      0.34684405
     -0.04763956
     -0.44259326
     -0.83541065
     -1.22468982
     -1.61107227
     -1.99688034
     -2.38485210
     -2.77661564
      3.11153870
      2.71577711
      2.32237830
      1.93309884
      1.54731183
      1.16237708
      0.77507590
      0.38338322
     -0.01224920
     -0.40894362
     -0.80304177
     -1.19236108
     -1.57749202
     -1.96142400
     -2.34792269
     -2.73948427
     -3.13577119
      2.74964905
      2.35471595
      1.96530615
      1.58089279
      1.19810525
      0.81255990
      0.42120602
      0.02421475
     -0.37477164
     -0.77069445
     -1.16025818
     -1.54389261
     -1.92538173
     -2.30980241
     -2.70085262
     -3.09859252
      2.78422159
      2.38713322
      1.99733746
      1.61454231
      1.23451845
      0.85141662
      0.46078896
      0.06226436
     -0.33966859
     -0.73812242
     -1.12824531
     -1.51014201
     -1.88851896
     -2.27008103
     -2.66013950
     -3.05947403
      2.82002382
      2.41997544
      2.02941001
      1.64847054
      1.27194159
      0.89217405
      0.50286634
      0.10271002
     -0.30294596
     -0.70485686
     -1.09600636
     -1.47592834
     -1.85038037
     -2.22805275
     -2.61638222
     -3.01735640
      2.85795753
      2.45385808
      2.06194268
      1.68309700
      1.31098585
      0.93576869
      0.54870427
      0.14693288
     -0.26345718
     -0.67017281
     -1.06312215
     -1.44087069
     -1.81036459
     -2.18271310
     -2.56815884
     -2.97068831
      2.89919400
      2.48925262
      2.09481159
      1.71804564
      1.35138924
      0.98235170
      0.59896450
      0.19576848
     -0.22093427
     -0.63494306
     -1.03157804
     -1.40762634
     -1.77124370
     -2.13642117
     -2.51713266
     -2.92078564
      2.94173197
      2.52258778
      2.12289284
      1.74731855
      1.38713547
      1.02667063
      0.64956603
      0.24581158
     -0.17958149
     -0.60533848
     -1.00922082
     -1.38451448
     -1.74056193
     -2.09499113
     -2.46705342
     -2.87032102
      2.98156282
      2.54679043
      2.13685788
      1.76145925
      1.41054267
      1.06414695
      0.69943358
      0.29769742
     -0.14162768
     -0.59000197
     -1.00969469
     -1.38624327
     -1.73065146
     -2.06581806
     -2.41927749
     -2.81810683
      3.01158310
      2.53708684
      2.09811868
      1.71868870
      1.38577216
      1.07215684
      0.74281062
      0.34867373
     -0.16135129
     -0.74511565
     -1.24201916
     -1.58828305
     -1.81270411
     -1.94147593
     -1.98532502
     -1.94805106
     -1.83259806
     -1.64459750
     -1.39611608
     -1.10803403
     -0.80536287
     -0.50694820
     -0.22020041
      0.05586892
      0.32537036
      0.59223555
      0.85903178
      1.12691220
      1.39600438
      1.66588405
      1.93596573
      2.20574448
      2.47489266
      2.74325563
      3.01079923
     -3.00563527
     -2.73963542
     -2.47435474
     -2.20977988
     -1.94591395
     -1.68277023
     -1.42036571
     -1.15871645
     -0.89783522
     -0.63773092
     -0.37840912
     -0.11987294
      0.13787606
      0.39483725
      0.65101052
      0.90639622
      1.16099509
      1.41480830
      1.66783757
      1.92008514
      2.17155378
      2.42224684
      2.67216815
      2.92132205
     -3.11347198
     -2.86583810
     -2.61895597
     -2.37281951
     -2.12742227
     -1.88275739
     -1.63881765
     -1.39559542
     -1.15308270
     -0.91127116
     -0.67015205
     -0.42971632
     -0.18995454
      0.04914308
      0.28758663
      0.52538657
      0.76255368
      0.99909907
      1.23503416
      1.47037071
      1.70512078
      1.93929674
      2.17291125
      2.40597729
      2.63850812
      2.87051729
      3.10201862
     -2.95015909
     -2.71963084
     -2.48956731
     -2.25995362
     -2.03077461
     -1.80201492
     -1.57365891
     -1.34569076
     -1.11809439
     -0.89085354
     -0.66395172
     -0.43737228
     -0.21109835
      0.01488710
      0.24060127
      0.46606152
      0.69128534
      0.91629038
      1.14109443
      1.36571536
      1.59017117
      1.81447997
      2.03865994
      2.26272934
      2.48670650
      2.71060980
      2.93445766
     -3.12491676
     -2.90112436
     -2.67733197
     -2.45352108
     -2.22967322
     -2.00576992
     -1.78179276
     -1.55772336
     -1.33354339
     -1.10923459
     -0.88477878
     -0.66015785
     -0.43535380
     -0.21034876
      0.01487506
      0.24033531
      0.46604947
      0.69203492
      0.91830886
      1.14488830
      1.37179012
      1.59903097
      1.82662734
      2.05459549
      2.28295150
      2.51171119
      2.74089020
      2.97050389
     -3.08261789
     -2.85208964
     -2.62108204
     -2.38958071
     -2.15757154
     -1.92504071
     -1.69197467
     -1.45836016
     -1.22418420
     -0.98943413
     -0.75409758
     -0.51816249
     -0.28161710
     -0.04444999
      0.19334995
      0.43179350
      0.67089112
      0.91065290
      1.15108863
      1.39220773
      1.63401928
      1.87653199
      2.11975423
      2.36369397
      2.60835885
      2.85375609
      3.09989255
     -2.93641062
     -2.68877674
     -2.44038547
     -2.19123157
     -1.94131026
     -1.69061720
     -1.43914856
     -1.18690100
     -0.93387173
     -0.68005851
     -0.42545965
     -0.17007394
      0.08609933
      0.34306051
      0.60080952
      0.85934570
      1.11866750
      1.37877179
      1.63965303
      1.90130229
      2.16370681
      2.42685053
      2.69071646
      2.95529132
     -3.06261331
     -2.79661346
     -2.52986265
     -2.26231905
     -1.99395608
     -1.72480790
     -1.45502915
     -1.18494747
     -0.91506780
     -0.64597562
     -0.37809520
     -0.11129897
      0.15556622
      0.42506766
      0.70113699
      0.98788478
      1.28629945
      1.58897061
      1.87705266
      2.12553408
      2.31353464
      2.42898764
      2.46626160
      2.42241251
      2.29364069
      2.06921963
      1.72295574
      1.22605223
      0.64228787
      0.13226285
     -0.26187404
     -0.59122026
     -0.90483558
     -1.23775212
     -1.61718210
     -2.05615026
     -2.53064652
     -2.98414190
      2.90021407
      2.54675464
      2.21158804
      1.86717985
      1.49063127
      1.07093855
      0.62256426
      0.18323916
     -0.21849700
     -0.58321037
     -0.92960609
     -1.28052267
     -1.65592130
     -2.06585385
     -2.50062624
     -2.93192770
      2.94799000
      2.57592771
      2.22149851
      1.86545106
      1.49015740
      1.08627506
      0.66051807
      0.23512500
     -0.16862945
     -0.54573405
     -0.90619889
     -1.26638198
     -1.64195626
     -2.04165120
     -2.46079539
     -2.88146308
      2.99806924
      2.61735775
      2.25218028
      1.88856292
      1.51251462
      1.11587964
      0.70187085
      0.28516810
     -0.11802792
     -0.50141512
     -0.87045266
     -1.23710907
     -1.61387501
     -2.00831604
     -2.41825743
     -2.83156042
      3.04909542
      2.66364967
      2.29130117
      1.92180727
      1.54405873
      1.15110939
      0.74439375
      0.33400370
     -0.06776769
     -0.45483211
     -0.83004927
     -1.20216042
     -1.58100610
     -1.97292150
     -2.37702095
     -2.78489233
      3.09731880
      2.70898932
      2.33131695
      1.95686492
      1.57694294
      1.18579344
      0.78388254
      0.37822656
     -0.02192976
     -0.41123747
     -0.79100501
     -1.16753396
     -1.54847343
     -1.93903886
     -2.33908724
     -2.74277469
      3.14107608
      2.75101761
      2.36945554
      1.99107859
      1.60918188
      1.21905900
      0.82060517
      0.41867222
      0.02014762
     -0.37048004
     -0.75358187
     -1.13360573
     -1.51640088
     -1.90619664
     -2.30328501
     -2.70365621
     -3.10139611
      2.79073898
      2.40631831
      2.02482919
      1.64119476
      1.25163102
      0.85570822
      0.45672183
      0.05973056
     -0.33162332
     -0.71716867
     -1.09995621
     -1.48436957
     -1.87377937
     -2.26871247
     -2.66647754
     -3.06276445
      2.82885927
      2.44236058
      2.05842860
      1.67329766
      1.28397835
      0.88988020
      0.49318578
      0.09755336
     -0.29413932
     -0.68144050
     -1.06637525
     -1.45216226
     -1.84144172
     -2.23484053
     -2.63060212
     -3.02563309
      2.86578868
      2.47781692
      2.09200885
      1.70562640
      1.31634723
      0.92352984
      0.52857614
      0.13409252
     -0.25769546
     -0.64622338
     -1.03279987
      0.00000000
