      0.00000000
     -1.25158378
     -1.64220878
     -2.03283378
     -2.42345878
     -2.81408378
      3.07847653
      2.68785153
      2.29722653
      1.90660153
      1.51597653
      1.12535153
      0.73472653
      0.34410153
     -0.04652347
     -0.43714847
     -0.82777347
     -1.21839847
     -1.60902347
     -1.99964847
     -2.39027347
     -2.78089847
      3.11166184
      2.72103684
      2.33041184
      1.93978684
      1.54916184
      1.15853684
      0.76791184
      0.37728684
     -0.01333816
     -0.40396316
     -0.79458816
     -1.18521316
     -1.57583815
     -1.96646315
     -2.35708815
     -2.74771315
     -3.13833815
      2.75422215
      2.36359715
      1.97297215
      1.58234716
      1.19172216
      0.80109716
      0.41047216
      0.01984716
     -0.37077784
     -0.76140284
     -1.15202784
     -1.54265284
     -1.93327784
     -2.32390284
     -2.71452784
     -3.10515284
      2.78740747
      2.39678247
      2.00615747
      1.61553247
      1.22490747
      0.83428247
      0.44365747
      0.05303247
     -0.33759253
     -0.72821753
     -1.11884253
     -1.50946753
     -1.90009253
     -2.29071753
     -2.68134253
     -3.07196752
      2.82059278
      2.42996778
      2.03934278
      1.64871778
      1.25809279
      0.86746779
      0.47684279
      0.08621779
     -0.30440721
     -0.69503221
     -1.08565721
     -1.47628221
     -1.86690721
     -2.25753221
     -2.64815721
     -3.03878221
      2.85377810
      2.46315310
      2.07252810
      1.68190310
      1.29127810
      0.90065311
      0.51002811
      0.11940311
     -0.27122189
     -0.66184689
     -1.05247189
     -1.44309689
     -1.83372189
     -2.22434689
     -2.61497189
     -3.00559688
      2.88696342
      2.49633843
      2.10571343
      1.71508843
      1.32446343
      0.93383843
      0.54321343
      0.15258844
     -0.23803656
     -0.62866156
     -1.01928656
     -1.40991156
     -1.80053655
     -2.19116155
     -2.58178655
     -2.97241155
      2.92014876
      2.52952377
      2.13889877
      1.74827377
      1.35764877
      0.96702378
      0.57639878
      0.18577378
     -0.20485121
     -0.59547621
     -0.98610121
     -1.37672620
     -1.76735120
     -2.15797619
     -2.54860119
     -2.93922619
      2.95333412
      2.56270913
      2.17208413
      1.78145914
      1.39083414
      1.00020915
      0.60958415
      0.21895916
     -0.17166584
     -0.56229083
     -0.95291582
     -1.34354076
     -1.73416549
     -2.12478995
     -2.51541587
     -2.90604662
      2.98654154
      2.59633899
      2.20825787
      1.82711704
      1.45977187
      1.10908014
      0.76913546
      0.42577554
      0.06034313
     -0.34263946
     -0.78063154
     -1.22304109
     -1.63256852
     -1.99663352
     -2.32796654
     -2.65051710
     -2.99196922
      2.90402742
      2.46050842
      1.99208589
      1.55745619
      1.18444426
      0.85989179
      0.55510996
      0.23838786
     -0.12319169
     -0.55385028
     -1.03538098
     -1.49669935
     -1.88720026
     -2.21395469
     -2.50825475
     -2.80410892
     -3.13690496
      2.74230276
      2.26299562
      1.77467891
      1.35590291
      1.01631116
      0.72450481
      0.44430422
      0.13972705
     -0.22793389
     -0.68483641
     -1.19116992
     -1.64790650
     -2.01324138
     -2.31242695
     -2.58411279
     -2.86480708
      3.08990196
      2.67430526
      2.17240440
      1.67551437
      1.26958857
      0.95020606
      0.67755507
      0.41323816
      0.11990164
     -0.24478367
     -0.71172998
     -1.23313415
     -1.69216205
     -2.04811883
     -2.33415126
     -2.59212554
     -2.85925385
      3.10778598
      2.69858554
      2.18966354
      1.67933884
      1.26848767
      0.95284813
      0.68869254
      0.43612598
      0.15782959
     -0.18961124
     -0.64572911
     -1.17629599
     -1.65337932
     -2.01875025
     -2.30481399
     -2.55620490
     -2.81077970
     -3.10756091
      2.79025613
      2.29238705
      1.76442499
      1.33009836
      1.00236290
      0.73667022
      0.49082191
      0.22779841
     -0.09433226
     -0.52168069
     -1.04841552
     -1.55310859
     -1.94452319
     -2.24311414
     -2.49590522
     -2.74234685
     -3.02002163
      2.90965849
      2.44803077
      1.98018040
      2.71682783
     -2.82971005
      2.98562488
      2.52399716
      2.17049198
      1.89281720
      1.64637558
      1.39358449
      1.09499354
      0.70357894
      0.19888587
     -0.32784896
     -0.75519739
     -1.07732806
     -1.34035156
     -1.58619987
     -1.85189255
     -2.17962801
     -2.61395464
      3.14126861
      2.64339953
      2.25803126
      1.96125005
      1.70667525
      1.45528434
      1.16922060
      0.80384967
      0.32676634
     -0.20380054
     -0.65991841
     -1.00735924
     -1.28565563
     -1.53822219
     -1.80237777
     -2.11801732
     -2.52886848
     -3.03919319
      2.73507011
      2.32586968
      2.00972420
      1.74259589
      1.48462161
      1.19858918
      0.84263240
      0.38360450
     -0.13779967
     -0.60474598
     -0.96943129
     -1.26276781
     -1.52708472
     -1.79973570
     -2.11911822
     -2.52504402
     -3.02193405
      2.75935040
      2.34375369
      2.01527743
      1.73458315
      1.46289730
      1.16371173
      0.79837685
      0.34164027
     -0.16469324
     -0.62159576
     -0.98925670
     -1.29383387
     -1.57403445
     -1.86584081
     -2.20543256
     -2.62420856
     -3.11252527
      2.69135290
      2.28737531
      1.95457928
      1.65872510
      1.36442504
      1.03767061
      0.64716971
      0.18585133
     -0.29567937
     -0.72633796
     -1.08791751
     -1.40463961
     -1.70942144
     -2.03397390
     -2.40698584
     -2.84161554
      2.97314724
      2.52962824
      2.14243957
      1.80098745
      1.47843689
      1.14710387
      0.78303887
      0.37351144
     -0.06889811
     -0.50689019
     -0.90987278
     -1.27530519
     -1.61866511
     -1.95860979
     -2.30930152
     -2.67664669
     -3.05778752
      2.83731667
      2.44711412
      2.05651697
      1.66588622
      1.27526030
      0.88463584
      0.49401111
      0.10338617
     -0.28723881
     -0.67786381
     -1.06848880
     -1.45911380
     -1.84973880
     -2.24036379
     -2.63098879
     -3.02161378
      2.87094653
      2.48032153
      2.08969654
      1.69907154
      1.30844655
      0.91782155
      0.52719655
      0.13657156
     -0.25405344
     -0.64467844
     -1.03530343
     -1.42592843
     -1.81655343
     -2.20717842
     -2.59780342
     -2.98842842
      2.90413189
      2.51350689
      2.12288190
      1.73225690
      1.34163190
      0.95100690
      0.56038191
      0.16975691
     -0.22086809
     -0.61149309
     -1.00211809
     -1.39274308
     -1.78336808
     -2.17399308
     -2.56461808
     -2.95524308
      2.93731723
      2.54669223
      2.15606723
      1.76544224
      1.37481724
      0.98419224
      0.59356724
      0.20294224
     -0.18768276
     -0.57830776
     -0.96893276
     -1.35955776
     -1.75018275
     -2.14080775
     -2.53143275
     -2.92205775
      2.97050256
      2.57987756
      2.18925256
      1.79862756
      1.40800256
      1.01737756
      0.62675256
      0.23612756
     -0.15449744
     -0.54512244
     -0.93574744
     -1.32637244
     -1.71699743
     -2.10762243
     -2.49824743
     -2.88887243
      3.00368787
      2.61306288
      2.22243788
      1.83181288
      1.44118788
      1.05056288
      0.65993788
      0.26931288
     -0.12131212
     -0.51193712
     -0.90256212
     -1.29318712
     -1.68381212
     -2.07443712
     -2.46506212
     -2.85568712
      3.03687319
      2.64624819
      2.25562319
      1.86499819
      1.47437319
      1.08374819
      0.69312319
      0.30249819
     -0.08812681
     -0.47875181
     -0.86937681
     -1.26000181
     -1.65062681
     -2.04125180
     -2.43187680
     -2.82250180
      3.07005850
      2.67943350
      2.28880850
      1.89818350
      1.50755851
      1.11693351
      0.72630851
      0.33568351
     -0.05494149
     -0.44556649
     -0.83619149
     -1.22681649
     -1.61744149
     -2.00806649
     -2.39869149
     -2.78931649
      3.10324382
      2.71261882
      2.32199382
      1.93136882
      1.54074382
      1.15011882
      0.75949382
      0.36886882
     -0.02175618
     -0.41238118
     -0.80300618
     -1.19363118
     -1.58425618
     -1.97488118
     -2.36550618
     -2.75613118
      3.13642913
      2.74580413
      2.35517913
      1.96455413
      1.57392913
      1.18330413
      0.79267913
      0.40205413
      0.00000000
