      0.00000000
      0.00049889
      0.00116989
      0.00149960
      0.00158835
      0.00153265
      0.00139225
      0.00130736
      0.00140305
      0.00157878
      0.00169912
      0.00173987
      0.00170654
      0.00159112
      0.00143946
      0.00140849
      0.00155257
      0.00172000
      0.00181288
      0.00183018
      0.00177276
      0.00163505
      0.00149702
      0.00152261
      0.00169320
      0.00184410
      0.00191427
      0.00191286
      0.00183451
      0.00168189
      0.00156761
      0.00164101
      0.00182184
      0.00195469
      0.00200697
      0.00199036
      0.00189421
      0.00173339
      0.00164710
      0.00175686
      0.00193839
      0.00205487
      0.00209338
      0.00206435
      0.00195360
      0.00178975
      0.00173099
      0.00186648
      0.00204407
      0.00214697
      0.00217503
      0.00213602
      0.00201375
      0.00185013
      0.00181546
      0.00196825
      0.00214038
      0.00223262
      0.00225292
      0.00220619
      0.00207522
      0.00191329
      0.00189778
      0.00206177
      0.00222862
      0.00231291
      0.00232767
      0.00227533
      0.00213815
      0.00197798
      0.00197620
      0.00214717
      0.00230982
      0.00238858
      0.00239965
      0.00234371
      0.00220246
      0.00204319
      0.00204973
      0.00222479
      0.00238474
      0.00246005
      0.00246903
      0.00241138
      0.00226796
      0.00210821
      0.00211792
      0.00229500
      0.00245388
      0.00252759
      0.00253586
      0.00247822
      0.00233437
      0.00217266
      0.00218070
      0.00235814
      0.00251756
      0.00259133
      0.00260009
      0.00254401
      0.00240138
      0.00223644
      0.00223827
      0.00241446
      0.00257594
      0.00265130
      0.00266159
      0.00260845
      0.00246867
      0.00229965
      0.00229106
      0.00246420
      0.00262907
      0.00270746
      0.00272020
      0.00267117
      0.00253586
      0.00236252
      0.00233965
      0.00250755
      0.00267692
      0.00275974
      0.00277575
      0.00273178
      0.00260252
      0.00242532
      0.00238482
      0.00254473
      0.00271936
      0.00280801
      0.00282805
      0.00278987
      0.00266816
      0.00248827
      0.00242745
      0.00257603
      0.00275623
      0.00285209
      0.00287692
      0.00284505
      0.00273224
      0.00255149
      0.00246857
      0.00260184
      0.00278736
      0.00289180
      0.00292217
      0.00289696
      0.00279417
      0.00261491
      0.00250923
      0.00262275
      0.00281257
      0.00292690
      0.00296366
      0.00294528
      0.00285332
      0.00267824
      0.00255044
      0.00263953
      0.00283173
      0.00295713
      0.00300121
      0.00298978
      0.00290913
      0.00274099
      0.00259307
      0.00265320
      0.00284479
      0.00298219
      0.00303467
      0.00303025
      0.00296105
      0.00280248
      0.00263773
      0.00266497
      0.00285185
      0.00300178
      0.00306386
      0.00306657
      0.00300867
      0.00286190
      0.00268469
      0.00267622
      0.00285316
      0.00301557
      0.00308857
      0.00309863
      0.00305164
      0.00291840
      0.00273380
      0.00268842
      0.00284925
      0.00302325
      0.00310857
      0.00312638
      0.00308976
      0.00297116
      0.00278453
      0.00270296
      0.00284094
      0.00302459
      0.00312357
      0.00314976
      0.00312288
      0.00301941
      0.00283595
      0.00272102
      0.00282938
      0.00301947
      0.00313330
      0.00316869
      0.00315097
      0.00306254
      0.00288686
      0.00274335
      0.00281605
      0.00300795
      0.00313741
      0.00318310
      0.00317407
      0.00310008
      0.00293593
      0.00277015
      0.00280264
      0.00299035
      0.00313562
      0.00319285
      0.00319225
      0.00313180
      0.00298188
      0.00280100
      0.00279086
      0.00296725
      0.00312762
      0.00319778
      0.00320561
      0.00315761
      0.00302356
      0.00283496
      0.00278230
      0.00293956
      0.00311323
      0.00319768
      0.00321425
      0.00317756
      0.00306006
      0.00287065
      0.00277823
      0.00290849
      0.00309235
      0.00319232
      0.00321821
      0.00319179
      0.00309070
      0.00290644
      0.00277938
      0.00287560
      0.00306513
      0.00318146
      0.00321752
      0.00320051
      0.00311506
      0.00294063
      0.00278580
      0.00284258
      0.00303194
      0.00316487
      0.00321216
      0.00320395
      0.00313297
      0.00297166
      0.00279686
      0.00281111
      0.00299341
      0.00314239
      0.00320207
      0.00320233
      0.00314447
      0.00299824
      0.00281138
      0.00278265
      0.00295045
      0.00311395
      0.00318714
      0.00319587
      0.00314975
      0.00301944
      0.00282780
      0.00275823
      0.00290416
      0.00307958
      0.00316727
      0.00318472
      0.00314908
      0.00303460
      0.00284441
      0.00273838
      0.00285587
      0.00303950
      0.00314237
      0.00316901
      0.00314275
      0.00304339
      0.00285947
      0.00272300
      0.00280693
      0.00299414
      0.00311236
      0.00314883
      0.00313109
      0.00304570
      0.00287149
      0.00271141
      0.00275861
      0.00294408
      0.00307727
      0.00312424
      0.00311439
      0.00304162
      0.00287922
      0.00270247
      0.00271194
      0.00289009
      0.00303718
      0.00309527
      0.00309293
      0.00303139
      0.00288181
      0.00269479
      0.00266755
      0.00283301
      0.00299230
      0.00306198
      0.00306695
      0.00301529
      0.00287869
      0.00268689
      0.00262567
      0.00277372
      0.00294292
      0.00302445
      0.00303664
      0.00299366
      0.00286956
      0.00267733
      0.00258610
      0.00271306
      0.00288945
      0.00298278
      0.00300219
      0.00296682
      0.00285432
      0.00266486
      0.00254827
      0.00265177
      0.00283241
      0.00293714
      0.00296376
      0.00293506
      0.00283300
      0.00264841
      0.00251132
      0.00259042
      0.00277239
      0.00288777
      0.00292149
      0.00289866
      0.00280574
      0.00262718
      0.00247424
      0.00252934
      0.00271000
      0.00283496
      0.00287554
      0.00285786
      0.00277274
      0.00260057
      0.00243591
      0.00246860
      0.00264584
      0.00277907
      0.00282610
      0.00281287
      0.00273420
      0.00256817
      0.00239529
      0.00240811
      0.00258047
      0.00272048
      0.00277332
      0.00276387
      0.00269031
      0.00252973
      0.00235141
      0.00234758
      0.00251440
      0.00265960
      0.00271742
      0.00271101
      0.00264124
      0.00248506
      0.00230345
      0.00228667
      0.00244805
      0.00259686
      0.00265859
      0.00265440
      0.00258708
      0.00243400
      0.00225074
      0.00222504
      0.00238178
      0.00253264
      0.00259701
      0.00259411
      0.00252787
      0.00237638
      0.00219276
      0.00216243
      0.00231594
      0.00246732
      0.00253285
      0.00253018
      0.00246352
      0.00231199
      0.00212916
      0.00209875
      0.00225080
      0.00240118
      0.00246623
      0.00246255
      0.00239386
      0.00224056
      0.00205979
      0.00203416
      0.00218667
      0.00233443
      0.00239718
      0.00239110
      0.00231853
      0.00216172
      0.00198474
      0.00196912
      0.00212382
      0.00226713
      0.00232565
      0.00231554
      0.00223700
      0.00207504
      0.00190452
      0.00190444
      0.00206247
      0.00219921
      0.00225144
      0.00223541
      0.00214847
      0.00198012
      0.00182014
      0.00184130
      0.00200272
      0.00213036
      0.00217415
      0.00214998
      0.00205185
      0.00187674
      0.00173347
      0.00178112
      0.00194441
      0.00206003
      0.00209310
      0.00205809
      0.00194572
      0.00176522
      0.00164740
      0.00172532
      0.00188697
      0.00198734
      0.00200728
      0.00195806
      0.00182850
      0.00164715
      0.00156602
      0.00167486
      0.00182924
      0.00191104
      0.00191506
      0.00184746
      0.00169881
      0.00152632
      0.00149421
      0.00162955
      0.00176937
      0.00182936
      0.00181400
      0.00172305
      0.00155666
      0.00140988
      0.00143641
      0.00158747
      0.00170475
      0.00173976
      0.00170026
      0.00158103
      0.00140524
      0.00130715
      0.00139004
      0.00153088
      0.00158776
      0.00149982
      0.00117047
      0.00049931
      0.00000000
