      0.00000000
     -0.49973025
     -0.81088735
     -1.08526554
     -1.35975320
     -1.68744636
     -2.12690979
     -2.69208584
      3.01897339
      2.56894497
      2.23570175
      1.95883273
      1.67389297
      1.31660187
      0.83301202
      0.24862416
     -0.28790664
     -0.69188155
     -0.99707416
     -1.26640313
     -1.56352219
     -1.95152201
     -2.47127036
     -3.05683055
      2.72735993
      2.35864161
      2.07204813
      1.80442973
      1.49270324
      1.07587592
      0.53004454
     -0.04534460
     -0.51074899
     -0.85318082
     -1.12764347
     -1.39690613
     -1.72358997
     -2.16559523
     -2.72818426
      2.99486420
      2.55722878
      2.23416734
      1.96751797
      1.69498780
      1.35441415
      0.89173574
      0.31970872
     -0.22433478
     -0.64004938
     -0.94894641
     -1.21058178
     -1.48681192
     -1.83930360
     -2.31799316
     -2.89443466
      2.85924463
      2.46022512
      2.16158816
      1.90322453
      1.62365356
      1.26172851
      0.77141041
      0.19357935
     -0.32409017
     -0.71089389
     -1.00222447
     -1.25834031
     -1.54039855
     -1.90904383
     -2.40708396
     -2.98475648
      2.78947666
      2.41108088
      2.12477457
      1.87034895
      1.58692977
      1.21431093
      0.71195418
      0.13503604
     -0.36835592
     -0.74161269
     -1.02472077
     -1.27773594
     -1.56128120
     -1.93521998
     -2.43891844
     -3.01500090
      2.76734121
      2.39636017
      2.11491606
      1.86316864
      1.58072027
      1.20794292
      0.70555268
      0.13020859
     -0.37086634
     -0.74214346
     -1.02328993
     -1.27387957
     -1.55410703
     -1.92346314
     -2.42211949
     -2.99675282
      2.78262026
      2.40867671
      2.12653688
      1.87695135
      1.59990823
      1.23597934
      0.74333236
      0.16963136
     -0.33911475
     -0.71795974
     -1.00237688
     -1.25121060
     -1.52430904
     -1.88108173
     -2.36555577
     -2.93772951
      2.82992964
      2.44404003
      2.15601927
      1.90754795
      1.63892348
      1.29074072
      0.81649320
      0.24688996
     -0.27685471
     -0.67186185
     -0.96488899
     -1.21355024
     -1.47741958
     -1.81588879
     -2.27799574
     -2.84351132
      2.90675599
      2.50062989
      2.20109636
      1.95151413
      1.69242439
      1.36447108
      0.91622718
      0.35676283
     -0.18570815
     -0.60485710
     -0.91250260
     -1.16392240
     -1.41846600
     -1.73542799
     -2.16834060
     -2.71942641
      3.01202697
      2.57810185
      2.26063757
      2.00627933
      1.75579674
      1.44997710
      1.03355062
      0.49340117
     -0.06654483
     -0.51676883
     -0.84584350
     -1.10441671
     -1.35156151
     -1.64639901
     -2.04554039
     -2.57213309
     -3.13844558
      2.67702881
      2.33449401
      2.07026700
      1.82551774
      1.54121405
      1.15978291
      0.64925174
      0.07920727
     -0.40672095
     -0.76458866
     -1.03605634
     -1.27955104
     -1.55402912
     -1.91769410
     -2.40993844
     -2.98038159
      2.79852261
      2.42347203
      2.14304201
      1.89947939
      1.63388497
      1.28769053
      0.81554416
      0.24856674
     -0.27346185
     -0.66745658
     -0.95868985
     -1.20381039
     -1.46167616
     -1.79102594
     -2.24177674
     -2.80113630
      2.94375884
      2.52924614
      2.22527581
      1.97695611
      1.72547001
      1.41203346
      0.98340422
      0.43580258
     -0.11628577
     -0.55256580
     -0.87125609
     -1.12454264
     -1.37116660
     -1.66989133
     -2.07625118
     -2.60827889
      3.11246516
      2.65365637
      2.31827294
      2.05815785
      1.81474395
      1.52930930
      1.14483659
      0.63161209
      0.06312101
     -0.41832370
     -0.77229942
     -1.04116757
     -1.28312362
     -1.55685594
     -1.92026898
     -2.41221606
     -2.98184576
      2.79795674
      2.42363075
      2.14404548
      1.90171998
      1.63797933
      1.29444274
      0.82542118
      0.25983173
     -0.26386102
     -0.66007023
     -0.95235423
     -1.19693540
     -1.45249084
     -1.77761726
     -2.22288967
     -2.77937926
      2.96244185
      2.54315987
      2.23621437
      1.98745186
      1.73820149
      1.42979583
      1.00832846
      0.46549841
     -0.08990023
     -0.53295052
     -0.85644349
     -1.11132075
     -1.35618927
     -1.64972382
     -2.04798978
     -2.57340636
     -3.13835453
      2.67796297
      2.33618208
      2.07328714
      1.83087244
      1.55026766
      1.17408630
      0.66885919
      0.09940440
     -0.39056520
     -0.75216445
     -1.02491799
     -1.26677887
     -1.53642723
     -1.89200385
     -2.37527458
     -2.94401072
      2.82765296
      2.44497616
      2.16060736
      1.91744868
      1.65678979
      1.32009587
      0.85960647
      0.29660386
     -0.23407033
     -0.63873874
     -0.93636918
     -1.18261324
     -1.43622051
     -1.75591005
     -2.19361744
     -2.74643666
      2.99011552
      2.56297988
      2.25059379
      1.99956473
      1.75112313
      1.44647151
      1.03086887
      0.49184822
     -0.06691047
     -0.51645744
     -0.84488586
     -1.10227743
     -1.34735634
     -1.63895934
     -2.03364681
     -2.55623331
     -3.12290072
      2.68897322
      2.34347523
      2.07830024
      1.83489717
      1.55439150
      1.17908361
      0.67457567
      0.10428398
     -0.38754859
     -0.75084558
     -1.02504237
     -1.26831472
     -1.53959033
     -1.89725849
     -2.38294607
     -2.95282228
      2.81980081
      2.43830091
      2.15404559
      1.90951707
      1.64571604
      1.30384664
      0.83695582
      0.27102989
     -0.25601373
     -0.65576961
     -0.95089770
     -1.19789699
     -1.45585079
     -1.78379439
     -2.23252993
     -2.79166098
      2.95057319
      2.53288214
      2.22631692
      1.97582237
      1.72223091
      1.40635705
      0.97465869
      0.42437378
     -0.12775206
     -0.56267332
     -0.88095975
     -1.13576208
     -1.38631744
     -1.69192194
     -2.10804847
     -2.64825268
      3.07433568
      2.62325876
      2.29327277
      2.03358325
      1.78491244
      1.48786362
      1.08560842
      0.55594575
     -0.01063139
     -0.47646288
     -0.81780610
     -1.08271338
     -1.33046488
     -1.62056386
     -2.01079486
     -2.53014311
     -3.10057338
      2.70368921
      2.35165541
      2.08145735
      1.83385096
      1.54921295
      1.16907364
      0.65922709
      0.08660581
     -0.40355471
     -0.76529284
     -1.04059505
     -1.28864219
     -1.56919393
     -1.94122543
     -2.44287043
     -3.01653125
      2.76723362
      2.39708707
      2.11712320
      1.86822782
      1.59048780
      1.22453872
      0.72938950
      0.15533585
     -0.35128862
     -0.72825095
     -1.01218841
     -1.26217904
     -1.53830674
     -1.90025184
     -2.39095589
     -2.96520891
      2.80626435
      2.42436063
      2.13736458
      1.88616436
      1.61048746
      1.25038359
      0.76176955
      0.18715025
     -0.32745320
     -0.71215926
     -1.00110201
     -1.25353434
     -1.52993639
     -1.89049751
     -2.37965696
     -2.95503393
      2.81299162
      2.42786588
      2.13823998
      1.88458696
      1.60619785
      1.24267198
      0.75006879
      0.17350641
     -0.33963843
     -0.72258720
     -1.01154620
     -1.26645474
     -1.54827520
     -1.91757984
     -2.41676052
     -2.99471416
      2.78027299
      2.40226428
      2.11531738
      1.85896339
      1.57195616
      1.19362917
      0.68457179
      0.10559539
     -0.39423705
     -0.76445594
     -1.04817611
     -1.30646688
     -1.60089790
     -1.99206492
     -2.51429188
     -3.09288174
      2.70282799
      2.34320393
      2.06362372
      1.80240828
      1.49761117
      1.08906518
      0.55076072
     -0.02442349
     -0.49500371
     -0.84147802
     -1.11653605
     -1.38242058
     -1.70152095
     -2.13279832
     -2.68895190
      3.02765933
      2.57884143
      2.24752115
      1.97652953
      1.70312665
      1.36442654
      0.90436140
      0.33105048
     -0.21918971
     -0.64153660
     -0.95666158
     -1.22529154
     -1.51064030
     -1.87602154
     -2.37098056
     -2.95630396
      2.80289545
      2.41080036
      2.11141344
      1.84163567
      1.53768499
      1.13639163
      0.60230148
      0.01677232
     -0.47024124
     -0.83021437
     -1.11649913
     -1.39350122
     -1.72579692
     -2.17415902
     -2.74551218
      2.97091440
      2.52929143
      2.20010693
      1.92479814
      1.65006715
      1.33884131
      0.00000000
