             NaN
      1.33695831
      1.64811542
      1.92249360
      2.19698126
      2.52467442
      2.96413785
     -2.75387141
     -2.18174534
     -1.73171693
     -1.39847371
     -1.12160469
     -0.83666493
     -0.47937384
      0.00421601
      0.58860386
      1.12513465
      1.52910955
      1.83430215
      2.10363112
      2.40075018
      2.78874999
     -2.97468698
     -2.38912681
     -1.89013199
     -1.52141369
     -1.23482021
     -0.96720182
     -0.65547535
     -0.23864803
      0.30718333
      0.88257245
      1.34797683
      1.69040864
      1.96487128
      2.23413393
      2.56081776
      3.00282300
     -2.71777329
     -2.15763647
     -1.72000107
     -1.39693964
     -1.13029029
     -0.85776014
     -0.51718650
     -0.05450811
      0.51751888
      1.06156236
      1.47727694
      1.78617395
      2.04780931
      2.32403944
      2.67653109
     -3.12796468
     -2.55152321
     -2.02201722
     -1.62299772
     -1.32436079
     -1.06599718
     -0.78642623
     -0.42450120
      0.06581687
      0.64364790
      1.16131739
      1.54812109
      1.83945165
      2.09556746
      2.37762568
      2.74627094
     -3.03887427
     -2.46120178
     -1.95224965
     -1.57385390
     -1.28754761
     -1.03312202
     -0.74970286
     -0.37708405
      0.12527267
      0.70219077
      1.20558269
      1.57883943
      1.86194749
      2.11496263
      2.39850787
      2.77244661
     -3.00704027
     -2.43095785
     -1.93011468
     -1.55913367
     -1.27768959
     -1.02594221
     -0.74349386
     -0.37071655
      0.13167366
      0.70701770
      1.20809259
      1.57936968
      1.86051612
      2.11110573
      2.39133315
      2.76068923
     -3.02383977
     -2.44920649
     -1.94539430
     -1.57145078
     -1.28931099
     -1.03972549
     -0.76268240
     -0.39875355
      0.09389340
      0.66759434
      1.17634040
      1.55518536
      1.83960246
      2.08843615
      2.36153455
      2.71830720
     -3.08040411
     -2.50823041
     -1.99270431
     -1.60681474
     -1.31879401
     -1.07032273
     -0.80169830
     -0.45351558
      0.02073190
      0.59033508
      1.11407971
      1.50908680
      1.80211390
      2.05077512
      2.31464441
      2.65311359
      3.11522049
     -2.60244929
     -2.06953134
     -1.66340529
     -1.36387180
     -1.11428961
     -0.85519991
     -0.52724664
     -0.07900279
      0.48046150
      1.02293243
      1.44208133
      1.74972679
      2.00114654
      2.25569010
      2.57265205
      3.00556461
     -2.72653494
     -2.17480307
     -1.74087800
     -1.42341376
     -1.16905557
     -0.91857302
     -0.61275343
     -0.19632700
      0.34382240
      0.90376834
      1.35399229
      1.68306691
      1.94164007
      2.18878482
      2.48362229
      2.88276361
     -2.87382905
     -2.30751662
     -1.83980576
     -1.49727101
     -1.23304404
     -0.98829483
     -0.70399119
     -0.32256009
      0.18797101
      0.75801542
      1.24394359
      1.60181125
      1.87327889
      2.11677353
      2.39125157
      2.75491650
     -3.03602453
     -2.46558145
     -1.96130040
     -1.58624987
     -1.30581990
     -1.06225733
     -0.79666296
     -0.45046857
      0.02167775
      0.58865510
      1.11068363
      1.50467831
      1.79591153
      2.04103201
      2.29889774
      2.62824747
      3.07899821
     -2.64482761
     -2.10653750
     -1.69202486
     -1.38805458
     -1.13973493
     -0.88824888
     -0.57481238
     -0.14618320
      0.40141838
      0.95350666
      1.38978664
      1.70847688
      1.96176338
      2.20838728
      2.50711196
      2.91347175
     -2.83768590
     -2.27524472
     -1.81643598
     -1.48105261
     -1.22093757
     -0.97752372
     -0.69208913
     -0.30761647
      0.20560796
      0.77409898
      1.25554362
      1.60951930
      1.87838739
      2.12034338
      2.39407565
      2.75748864
     -3.03374966
     -2.46412002
     -1.96073727
     -1.58641134
     -1.30682612
     -1.06450068
     -0.80076009
     -0.45722355
      0.01179795
      0.57738733
      1.10108002
      1.49728917
      1.78957312
      2.03415424
      2.28970962
      2.61483598
      3.06010833
     -2.66658745
     -2.12522332
     -1.70594139
     -1.39899595
     -1.15023349
     -0.90098318
     -0.59257757
     -0.17111026
      0.37171972
      0.92711830
      1.37016853
      1.69366145
      1.94853865
      2.19340711
      2.48694161
      2.88520752
     -2.87256128
     -2.30761317
     -1.84074543
     -1.49896459
     -1.23606971
     -0.99365506
     -0.71305034
     -0.33686904
      0.16835801
      0.73781273
      1.22778227
      1.58938147
      1.86213496
      2.10399578
      2.37364409
      2.72922065
     -3.07069399
     -2.50195791
     -1.99043635
     -1.60775960
     -1.32339086
     -1.08023223
     -0.81957340
     -0.48287953
     -0.02239018
      0.54061235
      1.07128648
      1.47595484
      1.77358522
      2.01982923
      2.27343645
      2.59312593
      3.03083327
     -2.69953289
     -2.15289983
     -1.72576425
     -1.41337820
     -1.16234920
     -0.91390766
     -0.60925608
     -0.19365350
      0.34536708
      0.90412571
      1.35367262
      1.68210100
      1.93949251
      2.18457137
      2.47617432
      2.87086173
     -2.88973713
     -2.32306979
     -1.85175848
     -1.50626054
     -1.24108560
     -0.99768258
     -0.71717696
     -0.34186913
      0.16263876
      0.73293037
      1.22476289
      1.58805983
      1.86225657
      2.10552888
      2.37680443
      2.73447254
     -3.06302525
     -2.49314910
     -1.98258694
     -1.60108709
     -1.31683182
     -1.07230335
     -0.80850237
     -0.46663301
      0.00025775
      0.56618362
      1.09322718
      1.49298301
      1.78811105
      2.03511030
      2.29306404
      2.62100760
      3.06974309
     -2.65431123
     -2.11336015
     -1.69566915
     -1.38910398
     -1.13860947
     -0.88501806
     -0.56914425
     -0.13744593
      0.41283892
      0.96496470
      1.39988591
      1.71817230
      1.97297458
      2.22352989
      2.52913435
      2.94526083
     -2.79772032
     -2.23712343
     -1.78604656
     -1.45606061
     -1.19637113
     -0.94770036
     -0.65065159
     -0.24839643
      0.28126618
      0.84784326
      1.31367470
      1.65501788
      1.91992513
      2.16767658
      2.45777552
      2.84800648
     -2.91583063
     -2.34540042
     -1.86647775
     -1.51444399
     -1.24424597
     -0.99663962
     -0.71200165
     -0.33186237
      0.17798413
      0.75060535
      1.24076583
      1.60250392
      1.87780609
      2.12585319
      2.40640490
      2.77843636
     -3.00310400
     -2.42944322
     -1.93002284
     -1.55987633
     -1.27991249
     -1.03101714
     -0.75327716
     -0.38732811
      0.10782106
      0.68187466
      1.18849909
      1.56546138
      1.84939881
      2.09938941
      2.37551707
      2.73746214
     -3.05501916
     -2.48076619
     -1.96905418
     -1.58715050
     -1.30015448
     -1.04895429
     -0.77327742
     -0.41317358
      0.07544042
      0.65005968
      1.16466308
      1.54936911
      1.83831184
      2.09074413
      2.36714615
      2.72770725
     -3.06631865
     -2.49094172
     -1.97578200
     -1.59065629
     -1.30103041
     -1.04737742
     -0.76898835
     -0.40546250
      0.08714066
      0.66370300
      1.17684781
      1.55979655
      1.84875553
      2.10366404
      2.38548447
      2.75478909
     -3.02921557
     -2.45126197
     -1.94306384
     -1.56505515
     -1.27810828
     -1.02175431
     -0.73474710
     -0.35642013
      0.15263722
      0.73161358
      1.23144599
      1.60166486
      1.88538501
      2.14367577
      2.43810676
      2.82927377
     -2.93168461
     -2.35309478
     -1.86561923
     -1.50599518
     -1.22641499
     -0.96519957
     -0.66040248
     -0.25185651
      0.28644793
      0.86163212
      1.33221232
      1.67868661
      1.95374462
      2.21962914
      2.53872949
      2.97000685
     -2.75702490
     -2.19045085
     -1.74163296
     -1.41031270
     -1.13932108
     -0.86591822
     -0.52721812
     -0.06715300
      0.50615791
      1.05639808
      1.47874496
      1.79386992
      2.06249988
      2.34784863
      2.71322986
     -3.07499644
     -2.48967305
     -1.96568716
     -1.57359209
     -1.27420517
     -1.00442742
     -0.70047674
     -0.29918339
      0.23490676
      0.82043591
      1.30744946
      1.66742259
      1.95370734
      2.23070943
      2.56300512
      3.01136722
     -2.70046493
     -2.13370620
     -1.69208324
     -1.36289874
     -1.08758995
     -0.81285896
     -0.50163312
      0.00000000
