      0.00000000
      0.00000000
      0.00000000
      0.00000000
      0.00000000
      0.00000000
      0.00000000
      0.00000000
      0.00000000
      0.00000000
      0.00000000
      0.00000000
      0.00000000
      0.00000000
      0.00000000
      0.00000000
      0.00000000
      0.00000000
      0.00000000
      0.00000000
      0.00000000
      0.00000000
      0.00000000
      0.00000000
      0.00000000
      0.00000000
      0.00000000
      0.00000000
      0.00000000
      0.00000000
      0.00000000
      0.00000000
      0.00000000
      0.00000000
      0.00000000
      0.00000000
      0.00000000
      0.00000000
      0.00000000
      0.00000000
      0.00000000
      0.00000000
      0.00000000
      0.00000000
      0.00000000
      0.00000000
      0.00000000
      0.00000000
      0.00000000
      0.00000000
      0.00000000
      0.00000000
      0.00000000
      0.00000000
      0.00000000
      0.00000000
      0.00000000
      0.00000000
      0.00000000
      0.00000000
      0.00000000
      0.00000000
      0.00000000
      0.00000000
      0.00000000
      0.00000000
      0.00000000
      0.00000000
      0.00000000
      0.00000000
      0.00000000
      0.00000000
      0.00000000
      0.00000000
      0.00000000
      0.00000000
      0.00000000
      0.00000000
      0.00000000
      0.00000000
      0.00000000
      0.00000000
      0.00000000
      0.00000000
      0.00000000
      0.00000000
      0.00000000
      0.00000000
      0.00000000
      0.00000000
      0.00000000
      0.00000000
      0.00000000
      0.00000000
      0.00000000
      0.00000000
      0.00000000
      0.00000000
      0.00000000
      0.00000000
      0.00000000
      0.00000000
      0.00000000
      0.00000000
      0.00000000
      0.00000000
      0.00000000
      0.00000000
      0.00000000
      0.00000000
      0.00000000
      0.00000000
      0.00000000
      0.00000000
      0.00000000
      0.00000000
      0.00000000
      0.00000000
      0.00000000
      0.00000000
      0.00000000
      0.00000000
      0.00000000
      0.00000000
      0.00000000
      0.00000000
      0.00000000
      0.00000000
      0.00000000
      0.00000000
      0.00000000
      0.00000000
      0.00000000
      0.00000000
      0.00000000
      0.00000000
      0.00000000
      0.00000000
      0.00000000
      0.00000000
      0.00000000
      0.00000000
      0.00000000
      0.00000000
      0.00000000
      0.00000002
      0.00000008
      0.00000039
      0.00000173
      0.00000668
      0.00002191
      0.00005958
      0.00013386
      0.00025342
      0.00042018
      0.00063327
      0.00088129
      0.00113602
      0.00137324
      0.00159097
      0.00180091
      0.00201095
      0.00221701
      0.00241023
      0.00258734
      0.00274116
      0.00286088
      0.00295457
      0.00304600
      0.00314993
      0.00325695
      0.00334288
      0.00341508
      0.00353144
      0.00369734
      0.00384994
      0.00396802
      0.00406974
      0.00416026
      0.00421573
      0.00422073
      0.00424974
      0.00440852
      0.00463747
      0.00482719
      0.00496505
      0.00507358
      0.00514868
      0.00516148
      0.00513076
      0.00519093
      0.00540548
      0.00564223
      0.00581442
      0.00593626
      0.00602657
      0.00606813
      0.00603773
      0.00600572
      0.00612392
      0.00636140
      0.00656722
      0.00670436
      0.00680080
      0.00686242
      0.00686113
      0.00679780
      0.00679921
      0.00697409
      0.00720320
      0.00736952
      0.00747718
      0.00755010
      0.00757662
      0.00753101
      0.00746830
      0.00754425
      0.00776176
      0.00796876
      0.00810793
      0.00819627
      0.00823664
      0.00820929
      0.00813637
      0.00814717
      0.00832089
      0.00854353
      0.00871121
      0.00881229
      0.00885149
      0.00882011
      0.00873596
      0.00870519
      0.00882889
      0.00903570
      0.00920764
      0.00930807
      0.00933698
      0.00929152
      0.00918892
      0.00912125
      0.00919784
      0.00937837
      0.00954254
      0.00963630
      0.00965398
      0.00959484
      0.00947419
      0.00937341
      0.00940672
      0.00955874
      0.00971081
      0.00979582
      0.00980297
      0.00973211
      0.00959550
      0.00946437
      0.00945620
      0.00957830
      0.00971568
      0.00979036
      0.00978718
      0.00970623
      0.00955586
      0.00939631
      0.00934663
      0.00943688
      0.00955737
      0.00961997
      0.00960606
      0.00951649
      0.00935505
      0.00916866
      0.00907560
      0.00913102
      0.00923256
      0.00928110
      0.00925560
      0.00915946
      0.00899172
      0.00878151
      0.00864146
      0.00865793
      0.00874058
      0.00877542
      0.00873972
      0.00864358
      0.00848299
      0.00826227
      0.00807402
      0.00804547
      0.00811682
      0.00815019
      0.00811473
      0.00803161
      0.00790145
      0.00770387
      0.00747915
      0.00737822
      0.00743148
      0.00748490
      0.00746584
      0.00739673
      0.00729416
      0.00713744
      0.00691256
      0.00671729
      0.00669077
      0.00675388
      0.00676458
      0.00670797
      0.00661376
      0.00648182
      0.00628391
      0.00604053
      0.00589414
      0.00591025
      0.00594668
      0.00591242
      0.00582362
      0.00570161
      0.00553167
      0.00529364
      0.00505775
      0.00496913
      0.00499583
      0.00499086
      0.00491622
      0.00479842
      0.00464515
      0.00443406
      0.00417079
      0.00396996
      0.00392666
      0.00393534
      0.00388581
      0.00377624
      0.00362966
      0.00344130
      0.00319368
      0.00293061
      0.00277778
      0.00275074
      0.00272316
      0.00263189
      0.00249033
      0.00231247
      0.00208984
      0.00182515
      0.00158955
      0.00146983
      0.00142245
      0.00134711
      0.00121242
      0.00103166
      0.00081959
      0.00059011
      0.00037228
      0.00020631
      0.00010757
      0.00005578
      0.00002716
      0.00001128
      0.00000380
      0.00000103
      0.00000023
      0.00000004
      0.00000001
      0.00000000
      0.00000000
      0.00000000
      0.00000000
      0.00000000
      0.00000000
      0.00000000
      0.00000000
      0.00000000
      0.00000000
      0.00000000
      0.00000000
      0.00000000
      0.00000000
      0.00000000
      0.00000000
      0.00000000
      0.00000000
      0.00000000
      0.00000000
      0.00000000
      0.00000000
      0.00000000
      0.00000000
      0.00000000
      0.00000000
      0.00000000
      0.00000000
      0.00000000
      0.00000000
      0.00000000
      0.00000000
      0.00000000
      0.00000000
      0.00000000
      0.00000000
      0.00000000
      0.00000000
      0.00000000
      0.00000000
      0.00000000
      0.00000000
      0.00000000
      0.00000000
      0.00000000
      0.00000000
      0.00000000
      0.00000000
      0.00000000
      0.00000000
      0.00000000
      0.00000000
      0.00000000
      0.00000000
      0.00000000
      0.00000000
      0.00000000
      0.00000000
      0.00000000
      0.00000000
      0.00000000
      0.00000000
      0.00000000
      0.00000000
      0.00000000
      0.00000000
      0.00000000
      0.00000000
      0.00000000
      0.00000000
      0.00000000
      0.00000000
      0.00000000
      0.00000000
      0.00000000
      0.00000000
      0.00000000
      0.00000000
      0.00000000
      0.00000000
      0.00000000
      0.00000000
      0.00000000
      0.00000000
      0.00000000
      0.00000000
      0.00000000
      0.00000000
      0.00000000
      0.00000000
      0.00000000
      0.00000000
      0.00000000
      0.00000000
      0.00000000
      0.00000000
      0.00000000
      0.00000000
      0.00000000
      0.00000000
      0.00000000
      0.00000000
      0.00000000
      0.00000000
      0.00000000
      0.00000000
      0.00000000
      0.00000000
      0.00000000
      0.00000000
      0.00000000
      0.00000000
      0.00000000
      0.00000000
      0.00000000
      0.00000000
      0.00000000
      0.00000000
      0.00000000
      0.00000000
      0.00000000
      0.00000000
      0.00000000
      0.00000000
      0.00000000
      0.00000000
      0.00000000
      0.00000000
      0.00000000
      0.00000000
      0.00000000
      0.00000000
      0.00000000
      0.00000000
      0.00000000
      0.00000000
      0.00000000
      0.00000000
      0.00000000
      0.00000000
      0.00000000
      0.00000000
      0.00000000
      0.00000000
      0.00000000
