      0.00000000
      0.00000000
      0.00000000
      0.00000000
      0.00000000
      0.00000000
      0.00000000
      0.00000000
      0.00000000
      0.00000000
      0.00000000
      0.00000000
      0.00000000
      0.00000000
      0.00000000
      0.00000000
      0.00000000
      0.00000000
      0.00000000
      0.00000000
      0.00000000
      0.00000000
      0.00000000
      0.00000000
      0.00000000
      0.00000000
      0.00000000
      0.00000000
      0.00000000
      0.00000000
      0.00000000
      0.00000000
      0.00000000
      0.00000000
      0.00000000
      0.00000000
      0.00000000
      0.00000000
      0.00000000
      0.00000000
      0.00000000
      0.00000000
      0.00000000
      0.00000000
      0.00000000
      0.00000000
      0.00000000
      0.00000000
      0.00000000
      0.00000000
      0.00000000
      0.00000000
      0.00000000
      0.00000000
      0.00000000
      0.00000000
      0.00000000
      0.00000000
      0.00000000
      0.00000000
      0.00000000
      0.00000000
      0.00000000
      0.00000000
      0.00000000
      0.00000000
      0.00000000
      0.00000000
      0.00000000
      0.00000000
      0.00000000
      0.00000000
      0.00000000
      0.00000000
      0.00000000
      0.00000000
      0.00000000
      0.00000000
      0.00000000
      0.00000000
      0.00000000
      0.00000000
      0.00000000
      0.00000000
      0.00000000
      0.00000000
      0.00000000
      0.00000000
      0.00000000
      0.00000000
      0.00000000
      0.00000000
      0.00000000
      0.00000000
      0.00000000
      0.00000000
      0.00000000
      0.00000000
      0.00000000
      0.00000000
      0.00000000
      0.00000000
      0.00000000
      0.00000000
      0.00000000
      0.00000000
      0.00000000
      0.00000000
      0.00000000
      0.00000000
      0.00000000
      0.00000000
      0.00000000
      0.00000000
      0.00000000
      0.00000000
      0.00000000
      0.00000000
      0.00000000
      0.00000000
      0.00000000
      0.00000000
      0.00000000
      0.00000000
      0.00000000
      0.00000000
      0.00000000
      0.00000000
      0.00000000
      0.00000000
      0.00000000
      0.00000000
      0.00000000
      0.00000000
      0.00000000
      0.00000000
      0.00000000
      0.00000000
      0.00000000
      0.00000000
      0.00000000
      0.00000000
      0.00000000
      0.00000000
      0.00000000
      0.00000000
      0.00000001
      0.00000007
      0.00000039
      0.00000175
      0.00000597
      0.00001500
      0.00002689
      0.00003444
      0.00003975
      0.00007562
      0.00018657
      0.00037358
      0.00059100
      0.00079191
      0.00094317
      0.00101224
      0.00097478
      0.00088112
      0.00091181
      0.00119094
      0.00159127
      0.00195033
      0.00222307
      0.00241175
      0.00250281
      0.00248472
      0.00244587
      0.00258661
      0.00292849
      0.00328290
      0.00355324
      0.00375064
      0.00388828
      0.00394843
      0.00393020
      0.00394796
      0.00414550
      0.00444206
      0.00469062
      0.00486831
      0.00500073
      0.00508716
      0.00510139
      0.00506786
      0.00513122
      0.00535840
      0.00560937
      0.00579209
      0.00592064
      0.00601483
      0.00605812
      0.00602797
      0.00599601
      0.00611555
      0.00635530
      0.00656309
      0.00670156
      0.00679882
      0.00686094
      0.00685990
      0.00679669
      0.00679822
      0.00697330
      0.00720262
      0.00736909
      0.00747685
      0.00754986
      0.00757646
      0.00753096
      0.00746832
      0.00754429
      0.00776177
      0.00796871
      0.00810785
      0.00819618
      0.00823658
      0.00820929
      0.00813642
      0.00814725
      0.00832094
      0.00854353
      0.00871116
      0.00881223
      0.00885145
      0.00882010
      0.00873600
      0.00870525
      0.00882893
      0.00903570
      0.00920761
      0.00930803
      0.00933694
      0.00929151
      0.00918894
      0.00912130
      0.00919788
      0.00937838
      0.00954252
      0.00963627
      0.00965395
      0.00959483
      0.00947421
      0.00937345
      0.00940676
      0.00955875
      0.00971080
      0.00979578
      0.00980294
      0.00973209
      0.00959551
      0.00946441
      0.00945624
      0.00957832
      0.00971567
      0.00979032
      0.00978715
      0.00970621
      0.00955587
      0.00939635
      0.00934668
      0.00943690
      0.00955736
      0.00961994
      0.00960603
      0.00951646
      0.00935505
      0.00916869
      0.00907565
      0.00913105
      0.00923256
      0.00928107
      0.00925556
      0.00915943
      0.00899172
      0.00878155
      0.00864151
      0.00865797
      0.00874058
      0.00877538
      0.00873967
      0.00864354
      0.00848298
      0.00826231
      0.00807409
      0.00804553
      0.00811683
      0.00815015
      0.00811466
      0.00803154
      0.00790142
      0.00770389
      0.00747922
      0.00737830
      0.00743151
      0.00748487
      0.00746576
      0.00739664
      0.00729409
      0.00713741
      0.00691259
      0.00671735
      0.00669082
      0.00675388
      0.00676453
      0.00670789
      0.00661368
      0.00648177
      0.00628390
      0.00604055
      0.00589418
      0.00591026
      0.00594666
      0.00591236
      0.00582356
      0.00570155
      0.00553163
      0.00529363
      0.00505776
      0.00496914
      0.00499582
      0.00499082
      0.00491616
      0.00479835
      0.00464509
      0.00443401
      0.00417074
      0.00396992
      0.00392661
      0.00393529
      0.00388574
      0.00377616
      0.00362956
      0.00344118
      0.00319354
      0.00293045
      0.00277761
      0.00275059
      0.00272302
      0.00263176
      0.00249019
      0.00231230
      0.00208964
      0.00182490
      0.00158929
      0.00146959
      0.00142226
      0.00134696
      0.00121230
      0.00103156
      0.00081950
      0.00059003
      0.00037222
      0.00020626
      0.00010755
      0.00005577
      0.00002716
      0.00001128
      0.00000380
      0.00000103
      0.00000023
      0.00000004
      0.00000001
      0.00000000
      0.00000000
      0.00000000
      0.00000000
      0.00000000
      0.00000000
      0.00000000
      0.00000000
      0.00000000
      0.00000000
      0.00000000
      0.00000000
      0.00000000
      0.00000000
      0.00000000
      0.00000000
      0.00000000
      0.00000000
      0.00000000
      0.00000000
      0.00000000
      0.00000000
      0.00000000
      0.00000000
      0.00000000
      0.00000000
      0.00000000
      0.00000000
      0.00000000
      0.00000000
      0.00000000
      0.00000000
      0.00000000
      0.00000000
      0.00000000
      0.00000000
      0.00000000
      0.00000000
      0.00000000
      0.00000000
      0.00000000
      0.00000000
      0.00000000
      0.00000000
      0.00000000
      0.00000000
      0.00000000
      0.00000000
      0.00000000
      0.00000000
      0.00000000
      0.00000000
      0.00000000
      0.00000000
      0.00000000
      0.00000000
      0.00000000
      0.00000000
      0.00000000
      0.00000000
      0.00000000
      0.00000000
      0.00000000
      0.00000000
      0.00000000
      0.00000000
      0.00000000
      0.00000000
      0.00000000
      0.00000000
      0.00000000
      0.00000000
      0.00000000
      0.00000000
      0.00000000
      0.00000000
      0.00000000
      0.00000000
      0.00000000
      0.00000000
      0.00000000
      0.00000000
      0.00000000
      0.00000000
      0.00000000
      0.00000000
      0.00000000
      0.00000000
      0.00000000
      0.00000000
      0.00000000
      0.00000000
      0.00000000
      0.00000000
      0.00000000
      0.00000000
      0.00000000
      0.00000000
      0.00000000
      0.00000000
      0.00000000
      0.00000000
      0.00000000
      0.00000000
      0.00000000
      0.00000000
      0.00000000
      0.00000000
      0.00000000
      0.00000000
      0.00000000
      0.00000000
      0.00000000
      0.00000000
      0.00000000
      0.00000000
      0.00000000
      0.00000000
      0.00000000
      0.00000000
      0.00000000
      0.00000000
      0.00000000
      0.00000000
      0.00000000
      0.00000000
      0.00000000
      0.00000000
      0.00000000
      0.00000000
      0.00000000
      0.00000000
      0.00000000
      0.00000000
      0.00000000
      0.00000000
      0.00000000
      0.00000000
      0.00000000
      0.00000000
      0.00000000
      0.00000000
      0.00000000
      0.00000000
      0.00000000
