      0.00000000
     -2.29351395
     -2.69039969
     -3.08140210
      2.81690546
      2.43490385
      2.05092495
      1.66107132
      1.26465364
      0.86492009
      0.46728968
      0.07593901
     -0.30871626
     -0.69005150
     -1.07328013
     -1.46272409
     -1.85934200
     -2.25979776
     -2.65823594
     -3.04998765
      2.84877483
      2.46817167
      2.08578123
      1.69681013
      1.29998923
      0.89873741
      0.49939188
      0.10717749
     -0.27700187
     -0.65679730
     -1.03824772
     -1.42667166
     -1.82369724
     -2.22583049
     -2.62620000
     -3.01894974
      2.88031202
      2.50141217
      2.12102095
      1.73323251
      1.33600217
      0.93288785
      0.53135620
      0.13798441
     -0.24566950
     -0.62357056
     -1.00276154
     -1.38980806
     -1.78724071
     -2.19145373
     -2.59431339
     -2.98841216
      2.91140447
      2.53462489
      2.15680337
      1.77062883
      1.37300023
      0.96754784
      0.56315806
      0.16820331
     -0.21486248
     -0.59037260
     -0.96661872
     -1.35175971
     -1.74957187
     -2.15643420
     -2.56260450
     -2.95857660
      2.94186590
      2.56780653
      2.19339060
      1.80948746
      1.41151358
      1.00303113
      0.59476425
      0.19756911
     -0.18482757
     -0.55721017
     -0.92947494
     -1.31187676
     -1.70997564
     -2.12034165
     -2.53111249
     -2.92979855
      2.97136317
      2.60094487
      2.23124389
      1.85069093
      1.45252808
      1.03994174
      0.62612893
      0.22559430
     -0.15602449
     -0.52410423
     -0.89069816
     -1.26893119
     -1.66705588
     -2.08230250
     -2.49988890
     -2.90276474
      2.99924390
      2.63400327
      2.27125268
      1.89599996
      1.49808907
      1.07959281
      0.65720070
      0.25127737
     -0.12941479
     -0.49112408
     -0.84899616
     -1.22030119
     -1.61768211
     -2.04024048
     -2.46896617
     -2.87900625
      3.02401329
      2.66683453
      2.31536906
      1.94951561
      1.55327453
      1.12549735
      0.68802155
      0.27211593
     -0.10750685
     -0.45862678
     -0.80127057
     -1.15912873
     -1.55292622
     -1.98761731
     -2.43805407
     -2.86304015
      3.04095404
      2.69843406
      2.36884028
      2.02386864
      1.63578900
      1.19174780
      0.71978578
      0.27853324
     -0.10096841
     -0.43007430
     -0.73783791
     -1.05822497
     -1.42965863
     -1.88472190
     -2.40136240
     -2.88268987
      3.01542853
      2.71110807
      2.45069300
      2.19855266
      1.91137175
      1.51022778
      0.86814918
      0.11491218
     -0.38485405
     -0.67774525
     -0.87647274
     -1.04105565
     -1.21170175
     -1.42712642
     -1.73557272
     -2.19521416
     -2.79384122
      2.93757090
      2.54628854
      2.27257927
      2.05249099
      1.83291343
      1.56595748
      1.20573789
      0.72631157
      0.18306255
     -0.29705408
     -0.66011253
     -0.93503533
     -1.17127083
     -1.41823079
     -1.72327802
     -2.12586366
     -2.62648297
      3.13959241
      2.70582620
      2.37549292
      2.11402190
      1.87377218
      1.60627145
      1.26564311
      0.82255435
      0.30572261
     -0.18461001
     -0.57653924
     -0.87619559
     -1.12502096
     -1.37128491
     -1.66315786
     -2.04305106
     -2.52327808
     -3.04215258
      2.78622877
      2.43432321
      2.16000348
      1.91747429
      1.65804941
      1.33457880
      0.91226786
      0.40472411
     -0.09814911
     -0.51165865
     -0.82901490
     -1.08805080
     -1.33681869
     -1.62344030
     -1.99081159
     -2.45641525
     -2.97127659
      2.84575135
      2.47469167
      2.17825002
      1.91201740
      1.62930617
      1.28733906
      0.85875298
      0.36316648
     -0.12047427
     -0.52796297
     -0.86000765
     -1.15227405
     -1.44702956
     -1.78413569
     -2.19276230
     -2.66747181
      3.13419965
      2.71065299
      2.35734964
      2.04753340
      1.74357620
      1.40817754
      1.01162552
      0.55142053
      0.07373754
     -0.35869501
     -0.72514376
     -1.04561573
     -1.35444310
     -1.68740921
     -2.07485351
     -2.52477981
     -3.00012413
      2.84355816
      2.46737341
      2.13986051
      1.82893545
      1.49949723
      1.12021874
      0.67844297
      0.20399381
     -0.24254086
     -0.62718209
     -0.95973386
     -1.27070764
     -1.59520907
     -1.96605948
     -2.40052931
     -2.87540140
      2.95317567
      2.56010271
      2.22378760
      1.91483258
      1.59743604
      1.23656503
      0.80970904
      0.33305427
     -0.13197954
     -0.53475517
     -0.87391263
     -1.17801225
     -1.48439669
     -1.83140180
     -2.24826019
     -2.72781762
      3.07542430
      2.65935282
      2.31763540
      2.02266715
      1.73455202
      1.41036521
      1.01213496
      0.53319457
      0.03255158
     -0.40587332
     -0.75504864
     -1.03965607
     -1.30222090
     -1.58968701
     -1.94776938
     -2.40247087
     -2.91747225
      2.88826058
      2.50808683
      2.21383688
      1.96394876
      1.71043045
      1.40491477
      1.00677106
      0.51325405
     -0.00071737
     -0.43816287
     -0.77442819
     -1.04029000
     -1.28220574
     -1.54885363
     -1.88697173
     -2.32705495
     -2.84230982
      2.94911282
      2.55399446
      2.25147583
      2.00130057
      1.75560748
      1.46600809
      1.08922509
      0.61120532
      0.09191257
     -0.36539321
     -0.72016173
     -0.99641219
     -1.23893718
     -1.49589876
     -1.81472826
     -2.23209671
     -2.73807136
      3.03931639
      2.62176910
      2.30211270
      2.04452006
      1.80255496
      1.52842723
      1.17675148
      0.72169295
      0.20232062
     -0.27730862
     -0.65643909
     -0.94841877
     -1.19444378
     -1.44041940
     -1.73271085
     -2.11347838
     -2.59560224
     -3.11459973
      2.71639159
      2.36582882
      2.09210671
      1.85736857
      1.62563416
      1.36387003
      1.04147297
      0.63619745
      0.15925483
     -0.32614711
     -0.75893006
     -1.13156931
     -1.46785105
     -1.79560098
     -2.13915810
     -2.51680151
     -2.93323433
      2.91264352
      2.48644624
      2.09149381
      1.72542287
      1.37261707
      1.01449224
      0.63580091
      0.23087871
     -0.19080194
     -0.60869580
     -1.00646490
     -1.38224445
     -1.74587274
     -2.11156129
     -2.49178506
     -2.89180235
      2.97766272
      2.56514084
      2.16705886
      1.78646046
      1.41658831
      1.04614358
      0.66468043
      0.26743092
     -0.14135287
     -0.55015717
     -0.94798531
     -1.33145899
     -1.70545095
     -2.07920346
     -2.46164256
     -2.85710303
      3.02069212
      2.61461646
      2.21718302
      1.83180810
      1.45487775
      1.07867627
      0.69545476
      0.30124538
     -0.10165870
     -0.50564274
     -0.90266186
     -1.28937840
     -1.66851441
     -2.04660893
     -2.43047240
     -2.82376145
      3.05842170
      2.65609437
      2.25947152
      1.87176517
      1.49091216
      1.11130693
      0.72690519
      0.33431728
     -0.06518301
     -0.46616405
     -0.86241938
     -1.25087989
     -1.63310665
     -2.01394769
     -2.39880942
     -2.79084934
      3.09405091
      2.69418678
      2.29826887
      1.90921963
      1.52586976
      1.14399746
      0.75873626
      0.36713305
     -0.03014932
     -0.42907091
     -0.82467967
     -1.21419727
     -1.59848156
     -1.98122860
     -2.36684147
     -2.75809126
      3.12865232
      2.73053757
      2.33521246
      1.94531658
      1.56024354
      1.17674433
      0.79081832
      0.39985810
      0.00413059
     -0.39328511
     -0.78834927
     -1.17855437
     -1.56430131
     -1.94845474
     -2.33466225
     -2.72538290
     -3.12049680
      2.76588466
      2.37106135
      1.98060104
      1.59427247
      1.20954450
      0.82308187
      0.43256094
      0.03797914
     -0.35828454
     -0.75288484
     -1.14355732
     -1.53039212
     -1.91562877
     -2.30232423
     -2.69267777
     -3.08679459
      2.80060737
      2.40621427
      2.01536449
      1.62808599
      1.24239586
      0.85548666
      0.46527386
      0.07156593
     -0.32378764
     -0.71798767
     -1.10898606
     -1.49665566
     -1.88275240
     -2.26985887
     -2.65995320
     -3.05329971
      2.83491853
      2.44089895
      2.04977588
      1.66175991
      1.27529680
      0.88800743
      0.49801272
      0.10498700
     -0.28963093
     -0.68348143
     -1.07470901
     -1.46303287
     -1.84982747
     -2.23728711
     -2.62719641
      0.00000000
