      0.00000000
     -2.66194246
     -3.05256747
      2.83999283
      2.44936782
      2.05874280
      1.66811779
      1.27749278
      0.88686776
      0.49624275
      0.10561773
     -0.28500728
     -0.67563229
     -1.06625731
     -1.45688232
     -1.84750734
     -2.23813235
     -2.62875736
     -3.01938238
      2.87317791
      2.48255290
      2.09192789
      1.70130287
      1.31067786
      0.92005284
      0.52942783
      0.13880281
     -0.25182220
     -0.64244722
     -1.03307223
     -1.42369724
     -1.81432226
     -2.20494727
     -2.59557229
     -2.98619730
      2.90636299
      2.51573797
      2.12511296
      1.73448794
      1.34386293
      0.95323792
      0.56261290
      0.17198789
     -0.21863713
     -0.60926214
     -0.99988716
     -1.39051218
     -1.78113719
     -2.17176221
     -2.56238722
     -2.95301224
      2.93954806
      2.54892304
      2.15829802
      1.76767301
      1.37704799
      0.98642298
      0.59579796
      0.20517294
     -0.18545207
     -0.57607709
     -0.96670211
     -1.35732712
     -1.74795214
     -2.13857716
     -2.52920217
     -2.91982719
      2.97273310
      2.58210809
      2.19148307
      1.80085805
      1.41023304
      1.01960803
      0.62898301
      0.23835800
     -0.15226701
     -0.54289202
     -0.93351703
     -1.32414204
     -1.71476704
     -2.10539204
     -2.49601704
     -2.88664204
      3.00591827
      2.61529328
      2.22466829
      1.83404330
      1.44341832
      1.05279333
      0.66216835
      0.27154337
     -0.11908161
     -0.50970660
     -0.90033159
     -1.29095659
     -1.68158161
     -2.07220665
     -2.46283172
     -2.85345682
      3.03910334
      2.64847813
      2.25785285
      1.86722749
      1.47660204
      1.08597649
      0.69535083
      0.30472507
     -0.08590081
     -0.47652678
     -0.86715282
     -1.25777892
     -1.64840503
     -2.03903111
     -2.42965708
     -2.82028288
      3.07227689
      2.68165171
      2.29102700
      1.90040288
      1.50977945
      1.11915686
      0.72853522
      0.33791466
     -0.05270472
     -0.44332281
     -0.83393951
     -1.22455476
     -1.61516849
     -2.00578069
     -2.39639133
     -2.78700043
      3.10557728
      2.71497113
      2.32436634
      1.93376281
      1.54316042
      1.15255902
      0.76195848
      0.37135863
     -0.01924071
     -0.40983969
     -0.80043850
     -1.19103731
     -1.58163628
     -1.97223556
     -2.36283529
     -2.75343557
      3.13914909
      2.74854954
      2.35795824
      1.96739994
      1.57693136
      1.18662764
      0.79654086
      0.40678159
      0.01785220
     -0.36903696
     -0.75220718
     -1.13057470
     -1.50493441
     -1.87827374
     -2.25456026
     -2.63645731
     -3.02309763
      2.87372077
      2.49439561
      2.12599863
      1.76696903
      1.41138671
      1.05144485
      0.68042852
      0.29612251
     -0.09659529
     -0.48639100
     -0.86166483
     -1.21890427
     -1.56404029
     -1.90811455
     -2.26275246
     -2.63599502
     -3.02805905
      2.85435204
      2.46229636
      2.09273560
      1.74617886
      1.41180281
      1.07423376
      0.71929769
      0.33915696
     -0.06277523
     -0.47012492
     -0.86064106
     -1.22168330
     -1.55753963
     -1.88375220
     -2.21899464
     -2.57861999
     -2.96864818
      2.90274346
      2.49214430
      2.10717684
      1.75641394
      1.43017218
      1.10889093
      0.77172050
      0.40351083
      0.00168895
     -0.41860845
     -0.82891910
     -1.20632639
     -1.54824911
     -1.86946290
     -2.19241377
     -2.53855682
     -2.92075843
      2.94734249
      2.52164118
      2.11528286
      1.74444195
      1.40412021
      1.07549461
      0.73579532
      0.36681273
     -0.03708266
     -0.46285739
     -0.88318834
     -1.27551371
     -1.63631844
     -1.97869699
     -2.32317711
     -2.68896308
     -3.08584930
      2.77600061
      2.35270890
      1.95086725
      1.57861808
      1.22724709
      0.87872461
      0.51417387
      0.12183565
     -0.29553532
     -0.71911024
     -1.12576167
     -1.50457321
     -1.86119260
     -2.21177051
     -2.57482424
     -2.96339642
      2.90571191
      2.48224362
      2.07223794
      1.68878085
      1.32867727
      0.97723382
      0.61612895
      0.23118837
     -0.17987752
     -0.60321952
     -1.01613102
     -1.40347275
     -1.76616998
     -2.11765821
     -2.47622763
     -2.85724388
      3.01795862
      2.59472517
      2.17892353
      1.78791257
      1.42315791
      1.07245466
      0.71738499
      0.34116951
     -0.06317052
     -0.48622329
     -0.90523515
     -1.30014016
     -1.66656398
     -2.01526214
     -2.36491568
     -2.73415578
     -3.13309935
      2.72782320
      2.30494791
      1.90519987
      1.53717230
      1.19241042
      0.85212655
      0.49528080
      0.10727005
     -0.31063720
     -0.73738265
     -1.14469135
     -1.51712406
     -1.85827955
     -2.18533465
     -2.52108306
     -2.88559480
      2.99670570
      2.57262035
      2.15461324
      1.76720658
      1.41644049
      1.09148877
      0.77186116
      0.43488949
      0.06403715
     -0.34138866
     -0.76134961
     -1.16708876
     -1.54088664
     -1.88267459
     -2.20583525
     -2.53045445
     -2.87653699
      3.02735517
      2.62015332
      2.20750986
      1.81337030
      1.44872837
      1.10970641
      0.78232440
      0.44841560
      0.09177839
     -0.29407492
     -0.69933862
     -1.10275503
     -1.48672303
     -1.84587335
     -2.18638476
     -2.52140249
     -2.86600230
      3.05139438
      2.66283901
      2.26317184
      1.86948485
      1.49300161
      1.13499608
      0.78864616
      0.44306710
      0.08737965
     -0.28508521
     -0.67248879
     -1.06462321
     -1.45024686
     -1.82367324
     -2.18606912
     -2.54327594
     -2.90255730
      3.01343317
      2.63613248
      2.25140218
      1.86509597
      1.48212838
      1.10384633
      0.72824398
      0.35191777
     -0.02776989
     -0.41153950
     -0.79852705
     -1.18742614
     -1.57726779
     -1.96753571
     -2.35799964
     -2.74855326
     -3.13914195
      2.75344437
      2.36284351
      1.97224286
      1.58164277
      1.19104318
      0.80044397
      0.40984498
      0.01924606
     -0.37135296
     -0.76195224
     -1.15255195
     -1.54315227
     -1.93375335
     -2.32435534
     -2.71495840
     -3.10556264
      2.78701713
      2.39641021
      2.00580183
      1.61519194
      1.22458052
      0.83396757
      0.44335311
      0.05273719
     -0.33788015
     -0.72849880
     -1.11911869
     -1.50973971
     -1.90036173
     -2.29098465
     -2.68160833
     -3.07223266
      2.82032779
      2.42970251
      2.03907692
      1.64845110
      1.25782513
      0.86719909
      0.47657302
      0.08594698
     -0.30467900
     -0.69530491
     -1.08593071
     -1.47655641
     -1.86718201
     -2.25780750
     -2.64843290
     -3.03905821
      2.85350186
      2.46287669
      2.07225157
      1.68162649
      1.29100145
      0.90037643
      0.50975143
      0.11912645
     -0.27149852
     -0.66212349
     -1.05274846
     -1.44337343
     -1.83399839
     -2.22462336
     -2.61524833
     -3.00587331
      2.88668702
      2.49606205
      2.10543706
      1.71481208
      1.32418709
      0.93356211
      0.54293711
      0.15231212
     -0.23831287
     -0.62893787
     -1.01956286
     -1.41018786
     -1.80081286
     -2.19143786
     -2.58206286
     -2.97268786
      2.91987244
      2.52924744
      2.13862244
      1.74799744
      1.35737244
      0.96674744
      0.57612243
      0.18549743
     -0.20512757
     -0.59575257
     -0.98637758
     -1.37700258
     -1.76762758
     -2.15825258
     -2.54887758
     -2.93950258
      2.95305772
      2.56243272
      2.17180772
      1.78118272
      1.39055772
      0.99993272
      0.60930771
      0.21868271
     -0.17194229
     -0.56256729
     -0.95319229
     -1.34381729
     -1.73444229
     -2.12506729
     -2.51569230
     -2.90631730
      2.98624301
      2.59561801
      2.20499301
      1.81436801
      1.42374301
      1.03311800
      0.64249300
      0.25186800
     -0.13875700
     -0.52938200
     -0.92000700
     -1.31063200
     -1.70125700
     -2.09188200
     -2.48250701
     -2.87313201
      3.01942830
      2.62880330
      2.23817830
      1.84755330
      1.45692830
      1.06630329
      0.67567829
      0.28505329
     -0.10557171
     -0.49619671
     -0.88682171
     -1.27744671
     -1.66807171
     -2.05869671
     -2.44932172
     -2.83994672
      3.05261359
      2.66198859
      2.27136359
      0.00000000
