      0.00000000
     -1.29919140
     -0.90856640
     -0.51794138
     -0.12731637
      0.26330864
      0.65393365
      1.04455867
      1.43518368
      1.82580870
      2.21643371
      2.60705872
      2.99768374
     -2.89487656
     -2.50425154
     -2.11362653
     -1.72300151
     -1.33237650
     -0.94175148
     -0.55112647
     -0.16050146
      0.23012356
      0.62074857
      1.01137359
      1.40199860
      1.79262362
      2.18324863
      2.57387364
      2.96449866
     -2.92806163
     -2.53743662
     -2.14681160
     -1.75618659
     -1.36556158
     -0.97493656
     -0.58431155
     -0.19368653
      0.19693848
      0.58756350
      0.97818851
      1.36881353
      1.75943854
      2.15006356
      2.54068857
      2.93131359
     -2.96124670
     -2.57062169
     -2.17999667
     -1.78937166
     -1.39874664
     -1.00812163
     -0.61749661
     -0.22687160
      0.16375342
      0.55437844
      0.94500345
      1.33562847
      1.72625348
      2.11687850
      2.50750352
      2.89812853
     -2.99443176
     -2.60380674
     -2.21318172
     -1.82255671
     -1.43193169
     -1.04130667
     -0.65068166
     -0.26005664
      0.13056837
      0.52119339
      0.91181840
      1.30244342
      1.69306843
      2.08369344
      2.47431845
      2.86494346
     -3.02761683
     -2.63699183
     -2.24636682
     -1.85574182
     -1.46511682
     -1.07449182
     -0.68386683
     -0.29324183
      0.09738316
      0.48800814
      0.87863313
      1.26925811
      1.65988309
      2.05050807
      2.44113306
      2.83175804
     -3.06080227
     -2.67017727
     -2.27955225
     -1.88892721
     -1.49830215
     -1.10767704
     -0.71705189
     -0.32642668
      0.06419860
      0.45482395
      0.84544940
      1.23607495
      1.62670061
      2.01732638
      2.40795225
      2.79857822
     -3.09398104
     -2.70335494
     -2.31272883
     -1.92210276
     -1.53147678
     -1.14085099
     -0.75022545
     -0.35960027
      0.03102444
      0.42164857
      0.81227199
      1.20289458
      1.59351622
      1.98413679
      2.37475616
      2.76537425
     -3.12719436
     -2.73657911
     -2.34596537
     -1.95535317
     -1.56474253
     -1.17413343
     -0.78352583
     -0.39291968
     -0.00231489
      0.38828864
      0.77889103
      1.16949242
      1.56009296
      1.95069282
      2.34129215
      2.73189114
      3.12248995
     -2.77009655
     -2.37949759
     -1.98889831
     -1.59829857
     -1.20769830
     -0.81709765
     -0.42649809
     -0.03590680
      0.35465151
      0.74512008
      1.13542380
      1.52551058
      1.91526986
      2.30419925
      2.69108840
      3.07425862
     -2.83055916
     -2.45619945
     -2.08286013
     -1.70657361
     -1.32467655
     -0.93803623
     -0.55166933
     -0.17234417
      0.19605281
      0.55508242
      0.91066473
      1.27060659
      1.64162292
      2.02592894
      2.41864674
      2.80844244
     -3.09946903
     -2.74222959
     -2.39709358
     -2.05301932
     -1.69838140
     -1.32513885
     -0.93307481
     -0.53230060
     -0.14024492
      0.22931585
      0.57587258
      0.91024863
      1.24781769
      1.60275376
      1.98289448
      2.38482667
      2.79217636
     -3.10049280
     -2.73945057
     -2.40359423
     -2.07738166
     -1.74213923
     -1.38251387
     -0.99248568
     -0.58069201
     -0.17009286
      0.21487460
      0.56563750
      0.89187926
      1.21316051
      1.55033094
      1.91854061
      2.32036250
      2.74065990
     -3.13221477
     -2.75480747
     -2.41288476
     -2.09167097
     -1.76872009
     -1.42257704
     -1.04037543
     -0.62529105
     -0.19958974
      0.20676858
      0.57760949
      0.91793123
      1.24655684
      1.58625612
      1.95523871
      2.35913410
      2.78490883
     -3.07794553
     -2.68562016
     -2.32481542
     -1.98243688
     -1.63795676
     -1.27217078
     -0.87528457
     -0.45394917
     -0.03065745
      0.37118419
      0.74343336
      1.09480435
      1.44332683
      1.80787757
      2.20021579
      2.61758676
      3.04116168
     -2.83537220
     -2.45656065
     -2.09994126
     -1.74936336
     -1.38630962
     -0.99773744
     -0.58366046
     -0.16019217
      0.24981350
      0.63327059
      0.99337418
      1.34481762
      1.70592249
      2.09086307
      2.50192897
      2.92527097
     -2.94500284
     -2.55766111
     -2.19496388
     -1.84347566
     -1.48490624
     -1.10388998
     -0.69590718
     -0.27267373
      0.14312791
      0.53413887
      0.89889354
      1.24959678
      1.60466646
      1.98088193
      2.38522197
      2.80827473
     -3.05589872
     -2.66099370
     -2.29456988
     -1.94587172
     -1.59621818
     -1.22697808
     -0.82803452
     -0.40577176
      0.01710354
      0.41685158
      0.78487914
      1.12964102
      1.46992489
      1.82677064
      2.21478140
      2.63268864
      3.05943409
     -2.81644252
     -2.44400980
     -2.10285432
     -1.77579921
     -1.44005081
     -1.07553907
     -0.67465425
     -0.25056891
      0.16743821
      0.55484486
      0.90561095
      1.23056267
      1.55019028
      1.88716195
      2.25801430
      2.66344010
      3.08340105
     -2.79404510
     -2.42024722
     -2.07845927
     -1.75529861
     -1.43067942
     -1.08459687
     -0.70530373
     -0.29810187
      0.11454158
      0.50868115
      0.87332307
      1.21234504
      1.53972704
      1.87363585
      2.23027305
      2.61612636
      3.02139007
     -2.85837884
     -2.47441084
     -2.11526052
     -1.77474911
     -1.43973137
     -1.09513156
     -0.72934294
     -0.34078756
      0.05887960
      0.45256660
      0.82904983
      1.18705536
      1.53340528
      1.87898435
      2.23467179
      2.60713665
      2.99454024
     -2.89651065
     -2.51088700
     -2.13746062
     -1.77506475
     -1.41785793
     -1.05857656
     -0.69138173
     -0.31408103
      0.07064927
      0.45695547
      0.83992306
      1.21820512
      1.59380747
      1.97013367
      2.34982133
      2.73359095
      3.12057849
     -2.77370773
     -2.38386607
     -1.99359815
     -1.60313423
     -1.21258060
     -0.82199191
     -0.43139292
     -0.04079206
      0.34980858
      0.74040867
      1.13100826
      1.52160748
      1.91220646
      2.30280538
      2.69340440
      3.08400368
     -2.80858191
     -2.41798160
     -2.02738052
     -1.63677852
     -1.24617547
     -0.85557123
     -0.46496569
     -0.07435877
      0.31624962
      0.70685950
      1.09747092
      1.48808387
      1.87869833
      2.26931426
      2.65993159
      3.05055025
     -2.84201517
     -2.45139416
     -2.06077213
     -1.67014922
     -1.27952554
     -0.88890121
     -0.49827635
     -0.10765107
      0.28297452
      0.67360035
      1.06422631
      1.45485236
      1.84547842
      2.23610446
      2.62673045
      3.01735635
     -2.87520315
     -2.48457745
     -2.09395186
     -1.70332636
     -1.31270097
     -0.92207565
     -0.53145042
     -0.14082524
      0.24979988
      0.64042495
      1.03104999
      1.42167501
      1.81230001
      2.20292499
      2.59354997
      2.98417494
     -2.90838540
     -2.51776044
     -2.12713547
     -1.73651050
     -1.34588553
     -0.95526056
     -0.56463558
     -0.17401060
      0.21661438
      0.60723936
      0.99786435
      1.38848934
      1.77911433
      2.16973932
      2.56036432
      2.95098931
     -2.94157100
     -2.55094600
     -2.16032100
     -1.76969600
     -1.37907100
     -0.98844600
     -0.59782100
     -0.20719600
      0.18342900
      0.57405400
      0.96467901
      1.35530401
      1.74592901
      2.13655401
      2.52717901
      2.91780402
     -2.97475629
     -2.58413129
     -2.19350628
     -1.80288128
     -1.41225628
     -1.02163128
     -0.63100628
     -0.24038128
      0.15024372
      0.54086873
      0.93149373
      1.32211873
      1.71274373
      2.10336873
      2.49399373
      2.88461873
     -3.00794157
     -2.61731657
     -2.22669157
     -1.83606657
     -1.44544157
     -1.05481657
     -0.66419157
     -0.27356657
      0.11705844
      0.50768344
      0.89830844
      1.28893344
      1.67955844
      2.07018344
      2.46080844
      2.85143344
     -3.04112686
     -2.65050186
     -2.25987686
     -1.86925186
     -1.47862686
     -1.08800186
     -0.69737686
     -0.30675186
      0.08387315
      0.47449815
      0.86512315
      1.25574815
      1.64637315
      2.03699815
      2.42762315
      2.81824815
     -3.07431215
     -2.68368715
     -2.29306215
     -1.90243715
     -1.51181215
     -1.12118715
     -0.73056215
     -0.33993715
      0.05068785
      0.00000000
