             NaN
     -3.12993773
     -2.73805770
     -2.34735512
     -1.95790720
     -1.56905864
     -1.17979692
     -0.78932730
     -0.39754025
     -0.00509989
      0.38692743
      0.77770056
      1.16710243
      1.55581123
      1.94491682
      2.33530323
      2.72712997
      3.11971153
     -2.77128722
     -2.38043298
     -1.99107927
     -1.60252447
     -1.21359385
     -0.82330368
     -0.43143673
     -0.03870002
      0.35366479
      0.74461242
      1.13391561
      1.52229998
      1.91103367
      2.30121225
      2.69311966
      3.08602756
     -2.80459255
     -2.41353709
     -2.02428706
     -1.63609233
     -1.24758142
     -0.85753276
     -0.46558496
     -0.07248725
      0.32030439
      0.71148481
      1.10067873
      1.48866115
      1.87691848
      2.26681504
      2.65880265
      3.05211200
     -2.83802419
     -2.44669815
     -2.05756369
     -1.66982070
     -1.28185417
     -0.89213694
     -0.50011088
     -0.10656395
      0.28678015
      0.67827709
      1.06734829
      1.45481895
      1.84244901
      2.23195291
      2.62401484
      3.01783056
     -2.87166961
     -2.47997032
     -2.09096671
     -1.70380896
     -1.31657240
     -0.92732505
     -0.53523171
     -0.14110905
      0.25297463
      0.64491610
      1.03384717
      1.42064099
      1.80741149
      2.19634613
      2.58846350
      2.98294041
     -2.90568944
     -2.51345430
     -2.12460154
     -1.73823711
     -1.35202713
     -0.96347988
     -0.57135067
     -0.17645970
      0.21866280
      0.61125973
      1.00002740
      1.38587631
      1.77139958
      2.15945720
      2.55157794
      2.94695996
     -2.94040858
     -2.54735710
     -2.15868247
     -1.77346578
     -1.38880335
     -1.00138055
     -0.60930308
     -0.21332879
      0.18335763
      0.57699471
      0.96556729
      1.34998773
      1.73353901
      2.12011080
      2.51208239
      2.90878514
     -2.97659201
     -2.58217472
     -2.19371309
     -1.81033055
     -1.42827061
     -1.04289320
     -0.65114837
     -0.25352980
      0.14578332
      0.54129098
      0.92963817
      1.31160311
      1.69154781
      2.07513263
      2.46639135
      2.86518602
     -3.01654987
     -2.61940235
     -2.23114593
     -1.85125379
     -1.47457598
     -1.09398550
     -0.70387074
     -0.30356485
      0.10119624
      0.50114135
      0.88946440
      1.26596916
      1.63678162
      2.01127953
      2.39799281
      2.79985909
     -3.07258864
     -2.66644501
     -2.27695871
     -1.90733594
     -1.55137216
     -1.19690176
     -0.82950076
     -0.43713660
     -0.01829515
      0.41004397
      0.81799144
      1.18287059
      1.50168818
      1.78839854
      2.06738583
      2.36840108
      2.72040473
      3.13868701
     -2.67967789
     -2.22622123
     -1.83526563
     -1.51537385
     -1.24280987
     -0.97976154
     -0.68388753
     -0.31623050
      0.13915577
      0.64012881
      1.09888950
      1.46687161
      1.75645731
      2.00693902
      2.26430672
      2.57488884
      2.97669612
     -2.81357603
     -2.30475926
     -1.87317877
     -1.54070540
     -1.27611808
     -1.03329113
     -0.76414921
     -0.42291687
      0.01955856
      0.53489775
      1.02423394
      1.41616810
      1.71627970
      1.96558158
      2.21219305
      2.50425899
      2.88418482
     -2.91890309
     -2.40020491
     -1.94545992
     -1.59350807
     -1.31911156
     -1.07651376
     -0.81703968
     -0.49353981
     -0.07121791
      0.43632450
      0.93920013
      1.35272415
      1.67010207
      1.92916149
      2.17795165
      2.46459286
      2.83198154
     -2.98558282
     -2.47070319
     -2.00452799
     -1.63345089
     -1.33699114
     -1.07073986
     -0.78801027
     -0.44602546
     -0.01742142
      0.47818417
      0.96184382
      1.36935042
      1.70141290
      1.99369746
      2.28847114
      2.62559516
      3.03423980
     -2.77421722
     -2.29268445
     -1.86911960
     -1.51579836
     -1.20596406
     -0.90198875
     -0.56657212
     -0.17000205
      0.29022157
      0.76792343
      1.20037431
      1.56684102
      1.88733099
      2.19617642
      2.52916049
      2.91662279
     -2.91661775
     -2.44125467
     -2.00173333
     -1.62553067
     -1.29799990
     -0.98705692
     -0.65760089
     -0.27830458
      0.16348937
      0.63795708
      1.08450993
      1.46916884
      1.80173821
      2.11272963
      2.43724859
      2.80811646
     -3.04058124
     -2.56569098
     -2.11106487
     -1.71797458
     -1.38164229
     -1.07267005
     -0.75525640
     -0.39436843
      0.03250477
      0.50917723
      0.97422849
      1.37702094
      1.71619504
      2.02031136
      2.32671240
      2.67373387
      3.09060876
     -2.71300200
     -2.23304159
     -1.81695388
     -1.47522049
     -1.18023606
     -0.89210480
     -0.56790228
     -0.16965641
      0.30930041
      0.80996009
      1.24840061
      1.59759108
      1.88221410
      2.14479475
      2.43227610
      2.79037301
     -3.03809574
     -2.52307832
     -2.04561075
     -1.66542303
     -1.37115872
     -1.12125552
     -0.86772238
     -0.56219298
     -0.16403616
      0.32949478
      0.84348035
      1.28093867
      1.61721642
      1.88309139
      2.12502064
      2.39168132
      2.72981107
     -3.11327954
     -2.59801249
     -2.10623818
     -1.71110916
     -1.40857969
     -1.15839297
     -0.91268849
     -0.62307865
     -0.24628614
      0.23174316
      0.75104562
      1.20836038
      1.56313759
      1.83939731
      2.08193205
      2.33890306
      2.65774093
      3.07511648
     -2.70208806
     -2.19628471
     -1.77873107
     -1.45906719
     -1.20146584
     -0.95949129
     -0.68535451
     -0.33367194
      0.12138862
      0.64075857
      1.12038745
      1.49952293
      1.79151169
      2.03754841
      2.28353706
      2.57584016
      2.95661190
     -2.84446034
     -2.32548143
     -1.87329426
     -1.52272441
     -1.24898819
     -1.01423293
     -0.78248034
     -0.52069906
     -0.19829036
      0.20698292
      0.68390480
      1.16928264
      1.60205613
      1.97469954
      2.31099160
      2.63875286
      2.98231879
     -2.92322027
     -2.50679280
     -2.06949577
     -1.64330625
     -1.24835449
     -0.88227855
     -0.52946549
     -0.17133434
      0.20735953
      0.61227887
      1.03395283
      1.45184087
      1.84960863
      2.22539129
      2.58902491
      2.95471840
     -2.94824094
     -2.54822549
     -2.13451013
     -1.72199286
     -1.32391232
     -0.94331179
     -0.57343548
     -0.20298671
      0.17847838
      0.57572661
      0.98450661
      1.39330711
      1.79113384
      2.17460907
      2.54860440
      2.92236031
     -2.97838416
     -2.58292462
     -2.17753751
     -1.77146506
     -1.37403297
     -0.98865690
     -0.61172375
     -0.23551934
      0.14770374
      0.54191245
      0.94481400
      1.34879527
      1.74581312
      2.13253053
      2.51166890
      2.88976598
     -3.00955442
     -2.61626587
     -2.21526583
     -1.81294092
     -1.41631926
     -1.02861225
     -0.64775723
     -0.26814974
      0.11625332
      0.50884088
      0.90833936
      1.30931827
      1.70557248
      2.09403348
      2.47626198
      2.85710504
     -3.04121733
     -2.64917765
     -2.25089415
     -1.85103191
     -1.45511506
     -1.06606545
     -0.68271406
     -0.30083996
      0.08442237
      0.47602542
      0.87330644
      1.27222633
      1.66783409
      2.05735197
      2.44163758
      2.82438625
     -3.07318514
     -2.68193544
     -2.28549488
     -1.88738166
     -1.49205749
     -1.10216143
     -0.71708723
     -0.33358654
      0.05234046
      0.44330065
      0.83902713
      1.23644144
      1.63150471
      2.02170993
      2.40745789
      2.79161267
     -3.10536420
     -2.71464353
     -2.31953055
     -1.92272796
     -1.52790549
     -1.13744511
     -0.75111564
     -0.36638644
      0.02007707
      0.41059805
      0.80517905
      1.20144159
      1.59604108
      1.98671358
      2.37354918
      2.75878696
     -3.13770207
     -2.74734844
     -2.35323233
     -1.95745003
     -1.56305768
     -1.17220792
     -0.78492872
     -0.39923756
     -0.01232758
      0.37788533
      0.77159264
      1.16694526
      1.56114457
      1.95214290
      2.33981314
      2.72591082
      3.11301803
     -2.78007282
     -2.38672685
     -1.99176067
     -1.59774177
     -1.20661878
     -0.81860225
     -0.43213828
     -0.04484820
      0.34514666
      0.73817190
      1.13278902
      1.52663887
      1.91786635
      2.30619070
      2.69298610
      3.08044641
     -2.81282943
      0.00000000
