      0.00000000
      0.00055560
      0.00122544
      0.00152919
      0.00161968
      0.00161040
      0.00155648
      0.00151685
      0.00154371
      0.00162322
      0.00170002
      0.00174217
      0.00174370
      0.00170530
      0.00164207
      0.00160235
      0.00163309
      0.00171448
      0.00178989
      0.00182946
      0.00182830
      0.00178728
      0.00172262
      0.00168464
      0.00171901
      0.00180191
      0.00187613
      0.00191357
      0.00191025
      0.00186708
      0.00180119
      0.00176452
      0.00180167
      0.00188566
      0.00195887
      0.00199462
      0.00198957
      0.00194467
      0.00187769
      0.00184187
      0.00188104
      0.00196581
      0.00203823
      0.00207266
      0.00206629
      0.00202002
      0.00195205
      0.00191660
      0.00195711
      0.00204244
      0.00211426
      0.00214773
      0.00214040
      0.00209309
      0.00202419
      0.00198866
      0.00202989
      0.00211559
      0.00218704
      0.00221986
      0.00221189
      0.00216384
      0.00209406
      0.00205800
      0.00209940
      0.00218533
      0.00225661
      0.00228906
      0.00228075
      0.00223223
      0.00216160
      0.00212461
      0.00216566
      0.00225170
      0.00232301
      0.00235535
      0.00234695
      0.00229822
      0.00222679
      0.00218849
      0.00222871
      0.00231475
      0.00238625
      0.00241873
      0.00241047
      0.00236176
      0.00228959
      0.00224964
      0.00228858
      0.00237449
      0.00244637
      0.00247919
      0.00247130
      0.00242281
      0.00234996
      0.00230807
      0.00234531
      0.00243098
      0.00250337
      0.00253673
      0.00252940
      0.00248134
      0.00240789
      0.00236380
      0.00239893
      0.00248423
      0.00255726
      0.00259134
      0.00258474
      0.00253731
      0.00246335
      0.00241684
      0.00244948
      0.00253428
      0.00260806
      0.00264302
      0.00263731
      0.00259067
      0.00251632
      0.00246723
      0.00249702
      0.00258114
      0.00265576
      0.00269176
      0.00268708
      0.00264140
      0.00256677
      0.00251498
      0.00254157
      0.00262484
      0.00270038
      0.00273754
      0.00273402
      0.00268945
      0.00261469
      0.00256011
      0.00258317
      0.00266541
      0.00274191
      0.00278036
      0.00277812
      0.00273480
      0.00266005
      0.00260264
      0.00262188
      0.00270286
      0.00278035
      0.00282022
      0.00281935
      0.00277740
      0.00270283
      0.00264259
      0.00265774
      0.00273723
      0.00281572
      0.00285709
      0.00285769
      0.00281724
      0.00274300
      0.00267997
      0.00269077
      0.00276853
      0.00284801
      0.00289098
      0.00289313
      0.00285427
      0.00278053
      0.00271480
      0.00272103
      0.00279679
      0.00287722
      0.00292187
      0.00292565
      0.00288847
      0.00281540
      0.00274708
      0.00274856
      0.00282204
      0.00290337
      0.00294977
      0.00295523
      0.00291981
      0.00284758
      0.00277682
      0.00277339
      0.00284430
      0.00292645
      0.00297466
      0.00298187
      0.00294828
      0.00287703
      0.00280400
      0.00279555
      0.00286362
      0.00294647
      0.00299654
      0.00300555
      0.00297384
      0.00290374
      0.00282864
      0.00281508
      0.00288001
      0.00296345
      0.00301541
      0.00302627
      0.00299649
      0.00292766
      0.00285070
      0.00283202
      0.00289351
      0.00297739
      0.00303127
      0.00304401
      0.00301619
      0.00294878
      0.00287019
      0.00284638
      0.00290416
      0.00298830
      0.00304410
      0.00305878
      0.00303293
      0.00296706
      0.00288707
      0.00285818
      0.00291198
      0.00299620
      0.00305393
      0.00307055
      0.00304671
      0.00298247
      0.00290134
      0.00286745
      0.00291701
      0.00300111
      0.00306074
      0.00307934
      0.00305751
      0.00299499
      0.00291296
      0.00287419
      0.00291929
      0.00300303
      0.00306453
      0.00308514
      0.00306531
      0.00300459
      0.00292191
      0.00287841
      0.00291884
      0.00300200
      0.00306533
      0.00308794
      0.00307012
      0.00301126
      0.00292816
      0.00288012
      0.00291570
      0.00299803
      0.00306312
      0.00308775
      0.00307192
      0.00301496
      0.00293167
      0.00287931
      0.00290989
      0.00299115
      0.00305792
      0.00308457
      0.00307071
      0.00301568
      0.00293242
      0.00287597
      0.00290145
      0.00298138
      0.00304974
      0.00307840
      0.00306649
      0.00301341
      0.00293036
      0.00287010
      0.00289039
      0.00296875
      0.00303858
      0.00306925
      0.00305926
      0.00300812
      0.00292548
      0.00286166
      0.00287674
      0.00295329
      0.00302448
      0.00305711
      0.00304902
      0.00299982
      0.00291773
      0.00285064
      0.00286051
      0.00293502
      0.00300743
      0.00304200
      0.00303577
      0.00298847
      0.00290709
      0.00283701
      0.00284172
      0.00291397
      0.00298745
      0.00302393
      0.00301950
      0.00297408
      0.00289352
      0.00282074
      0.00282038
      0.00289017
      0.00296458
      0.00300290
      0.00300023
      0.00295664
      0.00287700
      0.00280181
      0.00279649
      0.00286365
      0.00293882
      0.00297892
      0.00297797
      0.00293614
      0.00285749
      0.00278017
      0.00277005
      0.00283443
      0.00291021
      0.00295201
      0.00295271
      0.00291259
      0.00283498
      0.00275579
      0.00274106
      0.00280255
      0.00287876
      0.00292218
      0.00292446
      0.00288596
      0.00280943
      0.00272862
      0.00270950
      0.00276803
      0.00284450
      0.00288945
      0.00289323
      0.00285627
      0.00278083
      0.00269865
      0.00267537
      0.00273089
      0.00280746
      0.00285382
      0.00285903
      0.00282352
      0.00274914
      0.00266581
      0.00263865
      0.00269116
      0.00276767
      0.00281533
      0.00282186
      0.00278769
      0.00271436
      0.00263007
      0.00259932
      0.00264885
      0.00272517
      0.00277399
      0.00278174
      0.00274880
      0.00267646
      0.00259140
      0.00255737
      0.00260399
      0.00267997
      0.00272982
      0.00273868
      0.00270684
      0.00263543
      0.00254975
      0.00251275
      0.00255659
      0.00263213
      0.00268284
      0.00269268
      0.00266181
      0.00259123
      0.00250508
      0.00246546
      0.00250668
      0.00258165
      0.00263308
      0.00264376
      0.00261371
      0.00254386
      0.00245736
      0.00241547
      0.00245426
      0.00252860
      0.00258056
      0.00259193
      0.00256253
      0.00249329
      0.00240655
      0.00236275
      0.00239936
      0.00247299
      0.00252531
      0.00253718
      0.00250826
      0.00243950
      0.00235261
      0.00230729
      0.00234199
      0.00241486
      0.00246735
      0.00247954
      0.00245091
      0.00238247
      0.00229550
      0.00224905
      0.00228218
      0.00235425
      0.00240670
      0.00241901
      0.00239046
      0.00232217
      0.00223520
      0.00218804
      0.00221994
      0.00229121
      0.00234339
      0.00235559
      0.00232689
      0.00225856
      0.00217167
      0.00212424
      0.00215531
      0.00222576
      0.00227745
      0.00228928
      0.00226019
      0.00219160
      0.00210487
      0.00205766
      0.00208833
      0.00215794
      0.00220889
      0.00222007
      0.00219031
      0.00212127
      0.00203479
      0.00198830
      0.00201902
      0.00208780
      0.00213773
      0.00214796
      0.00211722
      0.00204750
      0.00196140
      0.00191620
      0.00194745
      0.00201537
      0.00206398
      0.00207291
      0.00204087
      0.00197024
      0.00188468
      0.00184141
      0.00187368
      0.00194070
      0.00198765
      0.00199491
      0.00196119
      0.00188943
      0.00180465
      0.00176400
      0.00179779
      0.00186381
      0.00190872
      0.00191388
      0.00187810
      0.00180498
      0.00172131
      0.00168408
      0.00171985
      0.00178473
      0.00182717
      0.00182978
      0.00179148
      0.00171682
      0.00163472
      0.00160179
      0.00163999
      0.00170348
      0.00174295
      0.00174247
      0.00170116
      0.00162479
      0.00154468
      0.00151638
      0.00155513
      0.00160931
      0.00161932
      0.00152945
      0.00122607
      0.00055608
      0.00000000
