             NaN
      1.21658025
      1.56376103
      1.88472321
      2.20172897
      2.54734528
      2.95103786
     -2.86665607
     -2.38268669
     -1.94154813
     -1.56585375
     -1.23658044
     -0.91736703
     -0.56932461
     -0.16212583
      0.30558343
      0.78785765
      1.22456879
      1.59610554
      1.92304508
      2.24212139
      2.59202669
      3.00210159
     -2.81173740
     -2.33101240
     -1.89788627
     -1.52962355
     -1.20450118
     -0.88552654
     -0.53418645
     -0.12195464
      0.34849586
      0.82786900
      1.25817838
      1.62391957
      1.94763421
      2.26648816
      2.61884282
      3.03258642
     -2.77946815
     -2.30120952
     -1.87302026
     -1.50915398
     -1.18651674
     -0.86783546
     -0.51486813
     -0.10019088
      0.37127669
      0.84867283
      1.27537120
      1.63792461
      1.95975718
      2.27819632
      2.63139902
      3.04649105
     -2.76517517
     -2.28839193
     -1.86261706
     -1.50088214
     -1.17962294
     -0.86150189
     -0.50841295
     -0.09337308
      0.37795271
      0.85435889
      1.27972156
      1.64107810
      1.96196596
      2.27969435
      2.63235035
      3.04691648
     -2.76535401
     -2.28911035
     -1.86369931
     -1.50232483
     -1.18162635
     -0.86435831
     -0.51242383
     -0.09871322
      0.37159001
      0.84785951
      1.27373351
      1.63548671
      1.95616451
      2.27291524
      2.62387022
      3.03637866
     -2.77730589
     -2.30085142
     -1.87414187
     -1.51167833
     -1.19086065
     -0.87467091
     -0.52492331
     -0.11393219
      0.35457972
      0.83134728
      1.25922628
      1.62270750
      1.94382122
      2.25942120
      2.60776290
      3.01695014
     -2.79889734
     -2.32172055
     -1.89237422
     -1.52758858
     -1.20602440
     -0.89102713
     -0.54426134
     -0.13713807
      0.32883942
      0.80648944
      1.23756701
      1.60392597
      1.92609512
      2.24049294
      2.58554030
      2.99036433
     -2.82839198
     -2.35023665
     -1.91719629
     -1.54901101
     -1.22608113
     -0.91226332
     -0.56905045
     -0.16673719
      0.29595314
      0.77461464
      1.20981815
      1.58006815
      1.90391644
      2.21718953
      2.55847722
      2.95809106
     -2.86433419
     -2.38519579
     -1.94765906
     -1.57511973
     -1.25019322
     -0.93741433
     -0.59811826
     -0.20137012
      0.25726777
      0.73682501
      1.17683538
      1.55187523
      1.87804181
      2.19039149
      2.52765260
      2.92139068
     -2.90546959
     -2.42557862
     -1.98298336
     -1.60524515
     -1.27767502
     -0.96567603
     -0.63047132
     -0.23986601
      0.21395847
      0.69407297
      1.13933561
      1.51995644
      1.84909468
      2.16083397
      2.49398151
      2.88135268
     -2.95069148
     -2.47048645
     -2.02250233
     -1.63882864
     -1.30795744
     -0.99637555
     -0.66526652
     -0.28120979
      0.16707220
      0.64721446
      1.09794621
      1.48482842
      1.81759682
      2.12913367
      2.45824099
      2.83892367
     -2.99900565
     -2.51909699
     -2.06561892
     -1.67538780
     -1.34055959
     -1.02894663
     -0.70178742
     -0.32451810
      0.11755597
      0.59704560
      1.05324190
      1.44694631
      1.78399418
      2.09581185
      2.42109197
      2.79492838
     -3.04950790
     -2.57063418
     -2.11177369
     -1.71448842
     -1.37506494
     -1.06290794
     -0.73942382
     -0.36902069
      0.06627460
      0.54432732
      1.00577306
      1.40672920
      1.74867909
      2.06131470
      2.38309853
      2.75008644
     -3.10137008
     -2.62434836
     -2.16041988
     -1.75572113
     -1.41110044
     -1.09784376
     -0.77765332
     -0.41404495
      0.01402174
      0.48980090
      0.95608760
      1.36458179
      1.71200999
      2.02603194
      2.34474564
      2.70502681
      3.12935399
     -2.67950452
     -2.21100428
     -1.79868128
     -1.44831779
     -1.13338608
     -0.81602424
     -0.45900224
     -0.03847311
      0.43419652
      0.90474758
      1.32091297
      1.67432933
      1.99031406
      2.30645570
      2.66030111
      3.07699309
     -2.73537650
     -2.26295298
     -1.84295165
     -1.48637627
     -1.16919790
     -0.85413953
     -0.50337475
     -0.09053937
      0.37823669
      0.85234129
      1.27615210
      1.63598003
      1.95448852
      2.26860432
      2.61639660
      3.02537560
     -2.79124538
     -2.31566124
     -1.88808720
     -1.52492692
     -1.20495741
     -0.89164117
     -0.54670241
     -0.14156009
      0.32263657
      0.79949153
      1.23076319
      1.59732088
      1.91887529
      2.23153579
      2.57374958
      2.97509398
     -2.84640000
     -2.36848687
     -1.93360185
     -1.56359746
     -1.24034268
     -0.92819478
     -0.58856915
     -0.19096536
      0.26810314
      0.74686101
      1.18525741
      1.55874123
      1.88380203
      2.19557840
      2.53275957
      2.92669789
     -2.90013751
     -2.42074580
     -1.97895648
     -1.60197788
     -1.27501657
     -0.96347418
     -0.62858818
     -0.23822312
      0.21533546
      0.69515591
      1.14020456
      1.52067535
      1.84961917
      2.16106020
      2.49380464
      2.88070482
     -2.95176192
     -2.47170885
     -2.02354793
     -1.63960607
     -1.30861149
     -0.99714546
     -0.66638593
     -0.28282694
      0.16502772
      0.64512932
      1.09624385
      1.48361673
      1.81671533
      2.12832513
      2.45725824
      2.83761408
     -3.00057901
     -2.52059797
     -2.06669819
     -1.67595351
     -1.34071385
     -1.02885039
     -0.70158448
     -0.32428026
      0.11787670
      0.59758575
      1.05409484
      1.44813270
      1.78553312
      2.09775005
      2.42350763
      2.79792441
     -3.04588610
     -2.56658027
     -2.10764326
     -1.71041033
     -1.37084791
     -1.05818895
     -0.73378213
     -0.36207670
      0.07459508
      0.55338891
      1.01456913
      1.41487952
      1.75658566
      2.06976285
      2.39297435
      2.76215581
     -3.08695547
     -2.60875796
     -2.14552048
     -1.74226976
     -1.39845873
     -1.08470045
     -0.76253166
     -0.39567592
      0.03593178
      0.51347485
      0.97858431
      1.38461874
      1.73047432
      2.04486228
      2.36613764
      2.73087652
     -3.12300967
     -2.64615148
     -2.17935292
     -1.77071094
     -1.42289365
     -1.10784247
     -0.78731492
     -0.42447337
      0.00270150
      0.47887326
      0.94718184
      1.35823547
      1.70790826
      2.02364051
      2.34356219
      2.70473694
      3.12999893
     -2.67767276
     -2.20802850
     -1.79477913
     -1.44338137
     -1.12696633
     -0.80751205
     -0.44776178
     -0.02417360
      0.45074070
      0.92155154
      1.33676005
      1.68972710
      2.00681024
      2.32593283
      2.68451391
      3.10669615
     -2.70208448
     -2.23027115
     -1.81336172
     -1.45900708
     -1.14128686
     -0.82236194
     -0.46467995
     -0.04360561
      0.43041013
      0.90306584
      1.32139489
      1.67692856
      1.99523891
      2.31410019
      2.67117055
      3.09146713
     -2.71794005
     -2.24460019
     -1.82515788
     -1.46868135
     -1.14984287
     -0.83090872
     -0.47414186
     -0.05425830
      0.41946330
      0.89332771
      1.31354910
      1.67070403
      1.98999505
      2.30914442
      2.66594105
      3.08581402
     -2.72349690
     -2.24927383
     -1.82863881
     -1.47109873
     -1.15144205
     -0.83192477
     -0.47473420
     -0.05442794
      0.41983425
      0.89423700
      1.31488447
      1.67248751
      1.99241499
      2.31246932
      2.67045619
      3.09168562
     -2.71659300
     -2.24221183
     -1.82199421
     -1.46467899
     -1.14457877
     -0.82379385
     -0.46456080
     -0.04186717
      0.43395632
      0.90808020
      1.32737819
      1.68402746
      2.00420583
      2.32594980
      2.68693819
      3.11169389
     -2.69447247
     -2.22089180
     -1.80305791
     -1.44747745
     -1.12730279
     -0.80432258
     -0.44099567
     -0.01351738
      0.46496830
      0.93764943
      1.35341233
      1.70750112
      2.02761582
      2.35217635
      2.71851745
     -3.13373870
     -2.65354284
     -2.18221336
     -1.76919841
     -1.41703606
     -1.09699418
     -0.77041849
     -0.40027209
      0.03490692
      0.51699846
      0.98639711
      1.39591086
      1.74571305
      2.06573714
      2.39488473
      2.76976983
     -3.07311731
     -2.58902067
     -2.12219975
     -1.71684596
     -1.36994109
     -1.05218894
     -0.73093925
     -0.38375600
      0.00000000
