      0.00000000
     -0.37972825
     -0.72690903
     -1.04787121
     -1.36487697
     -1.71049328
     -2.11418588
     -2.57967729
     -3.06364672
      2.77839999
      2.40270558
      2.07343224
      1.75421881
      1.40617636
      0.99897753
      0.53126820
      0.04899388
     -0.38771733
     -0.75925413
     -1.08619372
     -1.40527007
     -1.75517543
     -2.16525041
     -2.63459684
     -3.11532196
      2.73473711
      2.36647431
      2.04135187
      1.72237716
      1.37103698
      0.95880507
      0.48835442
      0.00898112
     -0.42132840
     -0.78706969
     -1.11078442
     -1.42963846
     -1.78199323
     -2.19573697
     -2.66686788
      3.13805860
      2.70986918
      2.34600278
      2.02336542
      1.70468403
      1.35171657
      0.93703915
      0.46557136
     -0.01182499
     -0.43852354
     -0.80107710
     -1.12290981
     -1.44134909
     -1.79455194
     -2.20964416
     -2.68116349
      3.12523833
      2.69946326
      2.33772816
      2.01646880
      1.69834759
      1.34525848
      0.93021840
      0.45889234
     -0.01751412
     -0.44287702
     -0.80423374
     -1.12512179
     -1.44285036
     -1.79550655
     -2.21007292
     -2.68098803
      3.12595332
      2.70054203
      2.33916733
      2.01846866
      1.70120041
      1.34926572
      0.93555485
      0.46525131
     -0.01101852
     -0.43689279
     -0.79864623
     -1.11932424
     -1.43607520
     -1.78703041
     -2.19953913
     -2.66904022
      3.13769027
      2.71098043
      2.34851663
      2.02769871
      1.71150873
      1.36176088
      0.95076947
      0.48225719
      0.00548927
     -0.42239005
     -0.78587154
     -1.10698552
     -1.42258576
     -1.77092773
     -2.18011528
     -2.64745348
     -3.12463067
      2.72920798
      2.36442205
      2.04285759
      1.72786004
      1.38109396
      0.97397037
      0.50799249
      0.03034205
     -0.40073587
     -0.76709514
     -1.08926459
     -1.40366270
     -1.74871036
     -2.15353474
     -2.61796415
     -3.09611991
      2.75402467
      2.38583907
      2.06290887
      1.74909075
      1.40587756
      1.00356394
      0.54087319
      0.06221124
     -0.37299266
     -0.74324300
     -1.06709162
     -1.38036503
     -1.72165305
     -2.12126727
     -2.58202777
     -3.06116663
      2.78448154
      2.41194185
      2.08701500
      1.77423577
      1.43493935
      1.03819083
      0.57955249
      0.09999477
     -0.34001603
     -0.71505626
     -1.04122318
     -1.35357322
     -1.69083469
     -2.08457317
     -2.54089867
     -3.02079013
      2.81979947
      2.44206087
      2.11449038
      1.80249101
      1.46728593
      1.07668022
      0.62285527
      0.14274026
     -0.30252284
     -0.68314407
     -1.01228269
     -1.32402236
     -1.65717029
     -2.04454187
     -2.49568350
     -2.97588905
      2.85931166
      2.47563756
      2.14476596
      1.83318369
      1.50207426
      1.11801711
      0.66973463
      0.18959184
     -0.26114040
     -0.64802304
     -0.98079184
     -1.29232909
     -1.62143682
     -2.00211993
     -2.44737641
     -2.92728560
      2.90242113
      2.51218957
      2.17736095
      1.86574757
      1.53858795
      1.16131820
      0.71924363
      0.23975345
     -0.21644337
     -0.61014823
     -0.94719652
     -1.25901461
     -1.58429515
     -1.95813201
     -2.39688153
     -2.87575580
      2.94856848
      2.55128276
      2.21185884
      1.89970141
      1.57621687
      1.20581329
      0.77051749
      0.29246422
     -0.16898206
     -0.56993868
     -0.91188900
     -1.22452504
     -1.54630931
     -1.91329767
     -2.34502697
     -2.82204924
      2.99720703
      2.59250780
      2.24788667
      1.93462956
      1.61443867
      1.25082985
      0.82276265
      0.34698293
     -0.11930433
     -0.52779900
     -0.87522766
     -1.18925005
     -1.50796420
     -1.86824582
     -2.29257350
     -2.76690087
      3.04778364
      2.63546014
      2.28509619
      1.97016404
      1.65280175
      1.29577930
      0.87524966
      0.40257947
     -0.06797217
     -0.48413805
     -0.83755487
     -1.15354005
     -1.46968214
     -1.82352801
     -2.24022049
     -2.71103678
      3.09972444
      2.67972260
      2.32314677
      2.00596795
      1.69090913
      1.34014389
      0.92730801
      0.45853138
     -0.01557379
     -0.43938512
     -0.79921350
     -1.11772244
     -1.43183870
     -1.77963143
     -2.18861093
     -2.65517582
     -3.13076053
      2.72485023
      2.36168948
      2.04171952
      1.72840283
      1.38346361
      0.97832081
      0.51412359
      0.03726805
     -0.39400413
     -0.76056227
     -1.08211713
     -1.39477807
     -1.73699232
     -2.13833720
     -2.60002909
     -3.07794279
      2.77035698
      2.40035213
      2.07709690
      1.76494856
      1.42532248
      1.02771822
      0.56864917
      0.08989073
     -0.34850619
     -0.72199047
     -1.04705171
     -1.35882852
     -1.69601013
     -2.08994892
     -2.54629937
     -3.02569165
      2.81570383
      2.43872476
      2.11176302
      1.80022020
      1.46533376
      1.07496824
      0.62140913
      0.14158811
     -0.30346104
     -0.68393229
     -1.01287654
     -1.32431800
     -1.65706286
     -2.04396350
     -2.49468259
     -2.97473621
      2.86028766
      2.47634536
      2.14535035
      1.83388390
      1.50312395
      1.11956452
      0.67170935
      0.19160720
     -0.25950784
     -0.64688117
     -0.97998018
     -1.29159039
     -1.62052391
     -2.00088019
     -2.44587290
     -2.92585448
      2.90343054
      2.51268542
      2.17744536
      1.86558149
      1.53831518
      1.16101054
      0.71885310
      0.23914352
     -0.21736607
     -0.61140436
     -0.94880517
     -1.26102250
     -1.58678047
     -1.96119766
     -2.40057293
     -2.87987927
      2.94436854
      2.54713518
      2.20757237
      1.89491304
      1.57050584
      1.19880001
      0.76212777
      0.28333344
     -0.17784727
     -0.57815806
     -0.91986458
     -1.23304214
     -1.55625401
     -1.92543585
     -2.35951031
     -2.83770832
      2.98223904
      2.57898792
      2.23517652
      1.92141789
      1.59924874
      1.23239263
      0.80078451
      0.32324097
     -0.14186896
     -0.54790378
     -0.89375971
     -1.20814801
     -1.52942371
     -1.89416295
     -2.32346247
     -2.80032111
      3.01606518
      2.60742283
      2.25960519
      1.94455369
      1.62402581
      1.26118392
      0.83400866
      0.35783646
     -0.11047255
     -0.52152655
     -0.87119966
     -1.18693223
     -1.50685421
     -1.86802929
     -2.29329164
     -2.76880569
      3.04473494
      2.63148522
      2.28008715
      1.96367182
      1.64421724
      1.28446667
      0.86087814
      0.38596344
     -0.08484781
     -0.50005666
     -0.85302400
     -1.17010741
     -1.48923028
     -1.84781165
     -2.26999422
     -2.74439928
      3.06697231
      2.65006256
      2.29570764
      1.97798717
      1.65906199
      1.30137972
      0.88030508
      0.40628896
     -0.06636710
     -0.48469646
     -0.84023038
     -1.15854097
     -1.47740250
     -1.83447311
     -2.25476998
     -2.72854845
      3.08129665
      2.66185406
      2.30537730
      1.98653860
      1.66760422
      1.31083714
      0.89095330
      0.41723138
     -0.05663336
     -0.47685501
     -0.83401016
     -1.15330138
     -1.47245094
     -1.82924779
     -2.24912100
     -2.72299569
      3.08596625
      2.66533098
      2.30779070
      1.98813385
      1.66861639
      1.31142563
      0.89111914
      0.41685668
     -0.05754635
     -0.47819404
     -0.83579725
     -1.15572489
     -1.47577938
     -1.83376642
     -2.25499605
     -2.72990299
      3.07890090
      2.65868309
      2.30136771
      1.98126735
      1.66048230
      1.30124910
      0.87855529
      0.40273158
     -0.07139251
     -0.49069068
     -0.84734008
     -1.16751856
     -1.48926265
     -1.85025116
     -2.27500701
     -2.75202616
      3.05757830
      2.63974426
      2.28416369
      1.96398894
      1.64100863
      1.27768163
      0.85020321
      0.37171736
     -0.10096392
     -0.51672693
     -0.87081581
     -1.19093058
     -1.51549117
     -1.88183234
     -2.31276161
     -2.79295760
      3.01889811
      2.60588309
      2.25372067
      1.93367875
      1.60710301
      1.23695655
      0.80177747
      0.31968585
     -0.14971288
     -0.55922668
     -0.90902890
     -1.22905302
     -1.55820063
     -1.93308576
     -2.37338396
     -2.85748065
      2.95888371
      2.55352989
      2.20662502
      1.88887287
      1.56762318
      1.22043993
      0.00000000
