      0.00000000
      0.00000000
      0.00000002
      0.00000005
      0.00000012
      0.00000024
      0.00000044
      0.00000075
      0.00000119
      0.00000180
      0.00000262
      0.00000371
      0.00000519
      0.00000722
      0.00001010
      0.00001426
      0.00002030
      0.00002896
      0.00004105
      0.00005736
      0.00007849
      0.00010475
      0.00013604
      0.00017188
      0.00021141
      0.00025359
      0.00029733
      0.00034166
      0.00038580
      0.00042928
      0.00047186
      0.00051355
      0.00055451
      0.00059497
      0.00063514
      0.00067520
      0.00071524
      0.00075527
      0.00079520
      0.00083495
      0.00087437
      0.00091335
      0.00095181
      0.00098967
      0.00102693
      0.00106359
      0.00109966
      0.00113518
      0.00117018
      0.00120468
      0.00123868
      0.00127218
      0.00130518
      0.00133766
      0.00136959
      0.00140095
      0.00143171
      0.00146184
      0.00149131
      0.00152010
      0.00154819
      0.00157554
      0.00160214
      0.00162795
      0.00165296
      0.00167714
      0.00170049
      0.00172300
      0.00174465
      0.00176547
      0.00178547
      0.00180467
      0.00182312
      0.00184086
      0.00185795
      0.00187448
      0.00189050
      0.00190612
      0.00192141
      0.00193648
      0.00195140
      0.00196628
      0.00198119
      0.00199621
      0.00201141
      0.00202686
      0.00204260
      0.00205867
      0.00207511
      0.00209194
      0.00210915
      0.00212677
      0.00214477
      0.00216316
      0.00218190
      0.00220099
      0.00222038
      0.00224006
      0.00226000
      0.00228017
      0.00230052
      0.00232105
      0.00234171
      0.00236248
      0.00238333
      0.00240424
      0.00242519
      0.00244615
      0.00246710
      0.00248804
      0.00250893
      0.00252978
      0.00255055
      0.00257126
      0.00259187
      0.00261239
      0.00263281
      0.00265312
      0.00267331
      0.00269339
      0.00271334
      0.00273316
      0.00275285
      0.00277240
      0.00279182
      0.00281111
      0.00283025
      0.00284925
      0.00286810
      0.00288682
      0.00290539
      0.00292381
      0.00294209
      0.00296023
      0.00297822
      0.00299606
      0.00301375
      0.00303130
      0.00304871
      0.00306596
      0.00308307
      0.00310003
      0.00311684
      0.00313351
      0.00315003
      0.00316640
      0.00318263
      0.00319870
      0.00321463
      0.00323042
      0.00324605
      0.00326154
      0.00327688
      0.00329208
      0.00330713
      0.00332203
      0.00333678
      0.00335139
      0.00336585
      0.00338016
      0.00339432
      0.00340834
      0.00342221
      0.00343594
      0.00344952
      0.00346295
      0.00347623
      0.00348937
      0.00350236
      0.00351520
      0.00352789
      0.00354044
      0.00355284
      0.00356510
      0.00357721
      0.00358917
      0.00360098
      0.00361265
      0.00362417
      0.00363555
      0.00364677
      0.00365785
      0.00366879
      0.00367958
      0.00369022
      0.00370071
      0.00371105
      0.00372125
      0.00373131
      0.00374121
      0.00375097
      0.00376059
      0.00377005
      0.00377937
      0.00378854
      0.00379757
      0.00380645
      0.00381518
      0.00382376
      0.00383220
      0.00384049
      0.00384864
      0.00385664
      0.00386449
      0.00387219
      0.00387975
      0.00388716
      0.00389443
      0.00390154
      0.00390852
      0.00391534
      0.00392202
      0.00392855
      0.00393493
      0.00394117
      0.00394726
      0.00395320
      0.00395900
      0.00396465
      0.00397016
      0.00397551
      0.00398072
      0.00398579
      0.00399070
      0.00399548
      0.00400010
      0.00400458
      0.00400891
      0.00401309
      0.00401713
      0.00402102
      0.00402476
      0.00402836
      0.00403181
      0.00403511
      0.00403827
      0.00404128
      0.00404414
      0.00404686
      0.00404943
      0.00405185
      0.00405413
      0.00405626
      0.00405824
      0.00406008
      0.00406177
      0.00406331
      0.00406471
      0.00406595
      0.00406706
      0.00406801
      0.00406882
      0.00406949
      0.00407000
      0.00407037
      0.00407060
      0.00407067
      0.00407060
      0.00407038
      0.00407002
      0.00406951
      0.00406885
      0.00406805
      0.00406710
      0.00406600
      0.00406476
      0.00406337
      0.00406183
      0.00406014
      0.00405831
      0.00405634
      0.00405421
      0.00405194
      0.00404952
      0.00404696
      0.00404425
      0.00404139
      0.00403839
      0.00403524
      0.00403194
      0.00402850
      0.00402490
      0.00402117
      0.00401728
      0.00401325
      0.00400907
      0.00400475
      0.00400028
      0.00399566
      0.00399090
      0.00398598
      0.00398093
      0.00397572
      0.00397037
      0.00396487
      0.00395923
      0.00395344
      0.00394750
      0.00394141
      0.00393518
      0.00392881
      0.00392228
      0.00391561
      0.00390879
      0.00390183
      0.00389471
      0.00388746
      0.00388005
      0.00387250
      0.00386480
      0.00385696
      0.00384896
      0.00384083
      0.00383254
      0.00382411
      0.00381553
      0.00380680
      0.00379793
      0.00378891
      0.00377975
      0.00377044
      0.00376098
      0.00375137
      0.00374162
      0.00373172
      0.00372167
      0.00371148
      0.00370114
      0.00369065
      0.00368002
      0.00366924
      0.00365831
      0.00364724
      0.00363602
      0.00362465
      0.00361314
      0.00360148
      0.00358967
      0.00357772
      0.00356562
      0.00355337
      0.00354098
      0.00352844
      0.00351575
      0.00350291
      0.00348993
      0.00347680
      0.00346353
      0.00345011
      0.00343654
      0.00342282
      0.00340896
      0.00339495
      0.00338079
      0.00336649
      0.00335204
      0.00333744
      0.00332270
      0.00330781
      0.00329277
      0.00327758
      0.00326225
      0.00324677
      0.00323115
      0.00321537
      0.00319945
      0.00318338
      0.00316717
      0.00315081
      0.00313430
      0.00311764
      0.00310084
      0.00308388
      0.00306678
      0.00304954
      0.00303214
      0.00301460
      0.00299690
      0.00297906
      0.00296107
      0.00294293
      0.00292464
      0.00290619
      0.00288760
      0.00286885
      0.00284995
      0.00283090
      0.00281169
      0.00279232
      0.00277279
      0.00275310
      0.00273325
      0.00271323
      0.00269304
      0.00267267
      0.00265212
      0.00263139
      0.00261046
      0.00258934
      0.00256801
      0.00254646
      0.00252469
      0.00250269
      0.00248043
      0.00245790
      0.00243510
      0.00241200
      0.00238859
      0.00236484
      0.00234073
      0.00231624
      0.00229134
      0.00226602
      0.00224023
      0.00221396
      0.00218718
      0.00215985
      0.00213196
      0.00210347
      0.00207436
      0.00204461
      0.00201419
      0.00198310
      0.00195132
      0.00191884
      0.00188567
      0.00185181
      0.00181728
      0.00178210
      0.00174631
      0.00170994
      0.00167305
      0.00163569
      0.00159793
      0.00155985
      0.00152154
      0.00148308
      0.00144456
      0.00140610
      0.00136777
      0.00132968
      0.00129193
      0.00125459
      0.00121776
      0.00118150
      0.00114587
      0.00111092
      0.00107669
      0.00104321
      0.00101047
      0.00097849
      0.00094725
      0.00091673
      0.00088691
      0.00085776
      0.00082924
      0.00080132
      0.00077399
      0.00074720
      0.00072096
      0.00069523
      0.00067000
      0.00064526
      0.00062098
      0.00059712
      0.00057362
      0.00055042
      0.00052744
      0.00050460
      0.00048185
      0.00045915
      0.00043651
      0.00041401
      0.00039178
      0.00037001
      0.00034890
      0.00032865
      0.00030939
      0.00029116
      0.00027383
      0.00025714
      0.00024069
      0.00022401
      0.00020663
      0.00018816
      0.00016844
      0.00014757
      0.00012594
      0.00010422
      0.00008325
      0.00006392
      0.00004700
      0.00003300
      0.00002209
      0.00001415
      0.00000875
      0.00000535
      0.00000337
      0.00000227
      0.00000168
      0.00000132
      0.00000106
      0.00000083
      0.00000062
      0.00000044
      0.00000028
      0.00000017
      0.00000009
      0.00000004
      0.00000002
      0.00000000
      0.00000000
      0.00000000
