      0.00000000
      0.00000000
      0.00000000
      0.00000002
      0.00000004
      0.00000009
      0.00000017
      0.00000028
      0.00000044
      0.00000062
      0.00000083
      0.00000106
      0.00000132
      0.00000168
      0.00000227
      0.00000336
      0.00000535
      0.00000874
      0.00001413
      0.00002207
      0.00003297
      0.00004698
      0.00006390
      0.00008323
      0.00010421
      0.00012594
      0.00014758
      0.00016847
      0.00018820
      0.00020668
      0.00022409
      0.00024078
      0.00025724
      0.00027393
      0.00029127
      0.00030952
      0.00032879
      0.00034906
      0.00037019
      0.00039198
      0.00041424
      0.00043677
      0.00045944
      0.00048218
      0.00050497
      0.00052785
      0.00055088
      0.00057413
      0.00059769
      0.00062162
      0.00064597
      0.00067080
      0.00069612
      0.00072196
      0.00074833
      0.00077526
      0.00080278
      0.00083090
      0.00085966
      0.00088910
      0.00091924
      0.00095013
      0.00098179
      0.00101424
      0.00104749
      0.00108153
      0.00111637
      0.00115195
      0.00118825
      0.00122521
      0.00126275
      0.00130080
      0.00133926
      0.00137804
      0.00141703
      0.00145614
      0.00149524
      0.00153425
      0.00157305
      0.00161156
      0.00164969
      0.00168736
      0.00172450
      0.00176106
      0.00179698
      0.00183223
      0.00186678
      0.00190061
      0.00193370
      0.00196606
      0.00199769
      0.00202861
      0.00205882
      0.00208834
      0.00211721
      0.00214544
      0.00217307
      0.00220012
      0.00222663
      0.00225262
      0.00227813
      0.00230319
      0.00232782
      0.00235205
      0.00237591
      0.00239942
      0.00242261
      0.00244548
      0.00246808
      0.00249040
      0.00251246
      0.00253429
      0.00255589
      0.00257727
      0.00259845
      0.00261943
      0.00264022
      0.00266082
      0.00268125
      0.00270150
      0.00272159
      0.00274151
      0.00276126
      0.00278086
      0.00280030
      0.00281959
      0.00283872
      0.00285771
      0.00287654
      0.00289522
      0.00291375
      0.00293213
      0.00295037
      0.00296846
      0.00298640
      0.00300419
      0.00302184
      0.00303934
      0.00305669
      0.00307390
      0.00309096
      0.00310788
      0.00312465
      0.00314127
      0.00315775
      0.00317408
      0.00319026
      0.00320630
      0.00322220
      0.00323794
      0.00325354
      0.00326900
      0.00328431
      0.00329947
      0.00331449
      0.00332936
      0.00334408
      0.00335866
      0.00337309
      0.00338737
      0.00340151
      0.00341550
      0.00342935
      0.00344305
      0.00345660
      0.00347001
      0.00348327
      0.00349639
      0.00350936
      0.00352218
      0.00353485
      0.00354738
      0.00355976
      0.00357200
      0.00358409
      0.00359603
      0.00360783
      0.00361948
      0.00363098
      0.00364234
      0.00365355
      0.00366462
      0.00367554
      0.00368631
      0.00369693
      0.00370741
      0.00371774
      0.00372793
      0.00373797
      0.00374786
      0.00375761
      0.00376721
      0.00377666
      0.00378597
      0.00379512
      0.00380414
      0.00381300
      0.00382173
      0.00383030
      0.00383873
      0.00384701
      0.00385514
      0.00386313
      0.00387097
      0.00387866
      0.00388621
      0.00389361
      0.00390087
      0.00390797
      0.00391494
      0.00392175
      0.00392842
      0.00393494
      0.00394131
      0.00394754
      0.00395362
      0.00395956
      0.00396535
      0.00397099
      0.00397649
      0.00398183
      0.00398704
      0.00399209
      0.00399700
      0.00400176
      0.00400638
      0.00401085
      0.00401517
      0.00401935
      0.00402338
      0.00402726
      0.00403100
      0.00403458
      0.00403803
      0.00404132
      0.00404447
      0.00404748
      0.00405033
      0.00405304
      0.00405561
      0.00405802
      0.00406029
      0.00406241
      0.00406439
      0.00406622
      0.00406790
      0.00406944
      0.00407083
      0.00407208
      0.00407317
      0.00407412
      0.00407493
      0.00407558
      0.00407609
      0.00407646
      0.00407667
      0.00407674
      0.00407667
      0.00407645
      0.00407608
      0.00407556
      0.00407490
      0.00407409
      0.00407313
      0.00407203
      0.00407078
      0.00406938
      0.00406784
      0.00406615
      0.00406432
      0.00406233
      0.00406021
      0.00405793
      0.00405551
      0.00405294
      0.00405022
      0.00404736
      0.00404435
      0.00404120
      0.00403790
      0.00403445
      0.00403085
      0.00402711
      0.00402322
      0.00401919
      0.00401500
      0.00401068
      0.00400620
      0.00400158
      0.00399681
      0.00399190
      0.00398683
      0.00398163
      0.00397627
      0.00397077
      0.00396512
      0.00395933
      0.00395339
      0.00394730
      0.00394106
      0.00393468
      0.00392815
      0.00392148
      0.00391466
      0.00390769
      0.00390058
      0.00389332
      0.00388591
      0.00387836
      0.00387066
      0.00386281
      0.00385481
      0.00384667
      0.00383839
      0.00382995
      0.00382137
      0.00381265
      0.00380377
      0.00379475
      0.00378559
      0.00377628
      0.00376682
      0.00375721
      0.00374746
      0.00373756
      0.00372751
      0.00371732
      0.00370698
      0.00369649
      0.00368586
      0.00367508
      0.00366416
      0.00365309
      0.00364187
      0.00363050
      0.00361899
      0.00360734
      0.00359553
      0.00358358
      0.00357148
      0.00355924
      0.00354685
      0.00353431
      0.00352163
      0.00350880
      0.00349582
      0.00348270
      0.00346943
      0.00345601
      0.00344245
      0.00342874
      0.00341489
      0.00340089
      0.00338674
      0.00337245
      0.00335801
      0.00334342
      0.00332869
      0.00331381
      0.00329878
      0.00328361
      0.00326829
      0.00325283
      0.00323721
      0.00322146
      0.00320556
      0.00318951
      0.00317331
      0.00315697
      0.00314048
      0.00312385
      0.00310707
      0.00309015
      0.00307308
      0.00305586
      0.00303850
      0.00302100
      0.00300335
      0.00298556
      0.00296762
      0.00294954
      0.00293131
      0.00291295
      0.00289444
      0.00287579
      0.00285700
      0.00283807
      0.00281901
      0.00279981
      0.00278047
      0.00276101
      0.00274142
      0.00272170
      0.00270186
      0.00268190
      0.00266182
      0.00264164
      0.00262136
      0.00260098
      0.00258052
      0.00255998
      0.00253937
      0.00251871
      0.00249800
      0.00247727
      0.00245652
      0.00243578
      0.00241506
      0.00239438
      0.00237378
      0.00235325
      0.00233285
      0.00231258
      0.00229248
      0.00227258
      0.00225289
      0.00223345
      0.00221429
      0.00219542
      0.00217687
      0.00215865
      0.00214079
      0.00212327
      0.00210611
      0.00208930
      0.00207281
      0.00205664
      0.00204074
      0.00202508
      0.00200959
      0.00199423
      0.00197892
      0.00196359
      0.00194817
      0.00193255
      0.00191667
      0.00190045
      0.00188379
      0.00186662
      0.00184888
      0.00183050
      0.00181144
      0.00179164
      0.00177107
      0.00174971
      0.00172755
      0.00170458
      0.00168080
      0.00165622
      0.00163085
      0.00160472
      0.00157784
      0.00155023
      0.00152191
      0.00149291
      0.00146326
      0.00143297
      0.00140207
      0.00137058
      0.00133854
      0.00130596
      0.00127287
      0.00123929
      0.00120522
      0.00117067
      0.00113562
      0.00110005
      0.00106393
      0.00102724
      0.00098995
      0.00095206
      0.00091358
      0.00087458
      0.00083513
      0.00079537
      0.00075542
      0.00071538
      0.00067532
      0.00063525
      0.00059507
      0.00055461
      0.00051364
      0.00047194
      0.00042936
      0.00038588
      0.00034174
      0.00029742
      0.00025367
      0.00021149
      0.00017195
      0.00013612
      0.00010481
      0.00007854
      0.00005740
      0.00004108
      0.00002898
      0.00002032
      0.00001427
      0.00001011
      0.00000723
      0.00000519
      0.00000372
      0.00000262
      0.00000180
      0.00000119
      0.00000075
      0.00000044
      0.00000024
      0.00000012
      0.00000005
      0.00000002
      0.00000000
      0.00000000
