      0.00000000
     -2.47358048
     -2.65481558
     -2.70899238
     -2.69227704
     -2.63492353
     -2.55186291
     -2.44988042
     -2.33082483
     -2.19295006
     -2.03148123
     -1.83922265
     -1.60857963
     -1.33715531
     -1.03655459
     -0.73432832
     -0.45907853
     -0.22414693
     -0.02782565
      0.13800464
      0.28197478
      0.41122790
      0.53124229
      0.64615584
      0.75911521
      0.87253453
      0.98825945
      1.10765778
      1.23165961
      1.36076854
      1.49506582
      1.63422839
      1.77757890
      1.92417567
      2.07293650
      2.22277503
      2.37272180
      2.52200645
      2.67009065
      2.81665619
      2.96156264
      3.10479137
     -3.03679514
     -2.89675786
     -2.75822532
     -2.62117072
     -2.48560386
     -2.35156927
     -2.21913911
     -2.08840411
     -1.95946480
     -1.83242457
     -1.70738528
     -1.58444530
     -1.46369960
     -1.34524115
     -1.22916296
     -1.11556008
     -1.00453116
     -0.89617938
     -0.79061254
     -0.68794233
     -0.58828304
     -0.49174964
     -0.39845551
     -0.30850998
     -0.22201568
     -0.13906601
     -0.05974270
      0.01588640
      0.08776927
      0.15587126
      0.22017630
      0.28068765
      0.33742826
      0.39044070
      0.43978667
      0.48554616
      0.52781629
      0.56670981
      0.60235337
      0.63488568
      0.66445540
      0.69121910
      0.71533907
      0.73698124
      0.75631318
      0.77350216
      0.78871340
      0.80210853
      0.81384417
      0.82407083
      0.83293192
      0.84056308
      0.84709160
      0.85263615
      0.85730659
      0.86120401
      0.86442082
      0.86704106
      0.86914066
      0.87078794
      0.87204397
      0.87296313
      0.87359358
      0.87397777
      0.87415297
      0.87415174
      0.87400240
      0.87372949
      0.87335417
      0.87289461
      0.87236638
      0.87178270
      0.87115483
      0.87049224
      0.86980290
      0.86909349
      0.86836955
      0.86763570
      0.86689570
      0.86615266
      0.86540909
      0.86466701
      0.86392804
      0.86319344
      0.86246420
      0.86174109
      0.86102465
      0.86031528
      0.85961327
      0.85891878
      0.85823189
      0.85755263
      0.85688095
      0.85621680
      0.85556006
      0.85491060
      0.85426828
      0.85363293
      0.85300440
      0.85238251
      0.85176709
      0.85115796
      0.85055495
      0.84995789
      0.84936661
      0.84878094
      0.84820073
      0.84762582
      0.84705606
      0.84649131
      0.84593142
      0.84537626
      0.84482570
      0.84427961
      0.84373786
      0.84320034
      0.84266694
      0.84213755
      0.84161205
      0.84109036
      0.84057236
      0.84005797
      0.83954709
      0.83903964
      0.83853553
      0.83803467
      0.83753698
      0.83704240
      0.83655084
      0.83606222
      0.83557649
      0.83509357
      0.83461340
      0.83413591
      0.83366103
      0.83318872
      0.83271891
      0.83225154
      0.83178656
      0.83132392
      0.83086356
      0.83040543
      0.82994948
      0.82949567
      0.82904395
      0.82859426
      0.82814658
      0.82770085
      0.82725704
      0.82681510
      0.82637498
      0.82593666
      0.82550010
      0.82506525
      0.82463208
      0.82420056
      0.82377065
      0.82334232
      0.82291552
      0.82249024
      0.82206644
      0.82164408
      0.82122315
      0.82080360
      0.82038540
      0.81996854
      0.81955298
      0.81913869
      0.81872566
      0.81831384
      0.81790321
      0.81749376
      0.81708544
      0.81667825
      0.81627216
      0.81586713
      0.81546315
      0.81506020
      0.81465825
      0.81425728
      0.81385727
      0.81345820
      0.81306004
      0.81266277
      0.81226638
      0.81187085
      0.81147614
      0.81108225
      0.81068916
      0.81029684
      0.80990527
      0.80951445
      0.80912434
      0.80873493
      0.80834620
      0.80795814
      0.80757072
      0.80718393
      0.80679776
      0.80641217
      0.80602717
      0.80564272
      0.80525881
      0.80487543
      0.80449257
      0.80411019
      0.80372829
      0.80334685
      0.80296586
      0.80258529
      0.80220513
      0.80182538
      0.80144600
      0.80106698
      0.80068832
      0.80030999
      0.79993198
      0.79955427
      0.79917684
      0.79879969
      0.79842279
      0.79804614
      0.79766970
      0.79729348
      0.79691745
      0.79654160
      0.79616592
      0.79579038
      0.79541497
      0.79503968
      0.79466449
      0.79428938
      0.79391435
      0.79353936
      0.79316442
      0.79278950
      0.79241458
      0.79203966
      0.79166470
      0.79128971
      0.79091466
      0.79053953
      0.79016431
      0.78978898
      0.78941352
      0.78903793
      0.78866217
      0.78828623
      0.78791011
      0.78753377
      0.78715719
      0.78678037
      0.78640329
      0.78602592
      0.78564824
      0.78527025
      0.78489191
      0.78451321
      0.78413413
      0.78375464
      0.78337474
      0.78299439
      0.78261358
      0.78223229
      0.78185049
      0.78146817
      0.78108529
      0.78070184
      0.78031779
      0.77993313
      0.77954782
      0.77916184
      0.77877517
      0.77838779
      0.77799965
      0.77761075
      0.77722105
      0.77683053
      0.77643915
      0.77604690
      0.77565373
      0.77525962
      0.77486454
      0.77446845
      0.77407133
      0.77367315
      0.77327386
      0.77287343
      0.77247184
      0.77206903
      0.77166498
      0.77125965
      0.77085299
      0.77044497
      0.77003555
      0.76962468
      0.76921232
      0.76879842
      0.76838294
      0.76796583
      0.76754703
      0.76712651
      0.76670421
      0.76628006
      0.76585403
      0.76542604
      0.76499604
      0.76456397
      0.76412976
      0.76369335
      0.76325467
      0.76281364
      0.76237020
      0.76192427
      0.76147576
      0.76102459
      0.76057068
      0.76011393
      0.75965425
      0.75919154
      0.75872569
      0.75825660
      0.75778414
      0.75730819
      0.75682862
      0.75634528
      0.75585803
      0.75536671
      0.75487113
      0.75437110
      0.75386642
      0.75335685
      0.75284214
      0.75232200
      0.75179612
      0.75126415
      0.75072567
      0.75018023
      0.74962730
      0.74906628
      0.74849648
      0.74791708
      0.74732715
      0.74672561
      0.74611116
      0.74548232
      0.74483735
      0.74417417
      0.74349039
      0.74278317
      0.74204917
      0.74128449
      0.74048455
      0.73964395
      0.73875642
      0.73781456
      0.73680980
      0.73573211
      0.73456983
      0.73330944
      0.73193527
      0.73042926
      0.72877056
      0.72693527
      0.72489600
      0.72262151
      0.72007625
      0.71721994
      0.71400708
      0.71038653
      0.70630096
      0.70168648
      0.69647212
      0.69057950
      0.68392244
      0.67640674
      0.66792998
      0.65838149
      0.64764243
      0.63558606
      0.62207817
      0.60697774
      0.59013774
      0.57140623
      0.55062763
      0.52764416
      0.50229755
      0.47443078
      0.44389006
      0.41052677
      0.37419947
      0.33477587
      0.29213471
      0.24616743
      0.19677969
      0.14389268
      0.08744399
      0.02738833
     -0.03630220
     -0.10363820
     -0.17461329
     -0.24920495
     -0.32737551
     -0.40907353
     -0.49423537
     -0.58278697
     -0.67464568
     -0.76972231
     -0.86792293
     -0.96915084
     -1.07330813
     -1.18029719
     -1.29002180
     -1.40238797
     -1.51730430
     -1.63468217
     -1.75443550
     -1.87648046
     -2.00073521
     -2.12711981
     -2.25555663
     -2.38597129
     -2.51829430
     -2.65246322
     -2.78842498
     -2.92613778
     -3.06557178
      3.07647769
      2.93365361
      2.78915753
      2.64302083
      2.49530573
      2.34612267
      2.19564625
      2.04412601
      1.89188764
      1.73932085
      1.58685191
      1.43490184
      1.28383421
      1.13389937
      0.98518244
      0.83756125
      0.69067726
      0.54391913
      0.39641551
      0.24703297
      0.09437605
     -0.06320852
     -0.22761270
     -0.40090775
     -0.58520003
     -0.78233941
     -0.99342765
     -1.21815985
     -1.45423326
     -1.69727509
     -1.94166275
     -2.18204053
     -2.41474080
     -2.63841417
     -2.85384187
     -3.06338308
      3.01268241
      2.80357506
      2.58690783
      2.35535417
      2.09907448
      1.80578818
      1.46486914
      0.00000000
