      0.00000000
      0.00045873
      0.00112205
      0.00143754
      0.00143494
      0.00120548
      0.00100390
      0.00116247
      0.00147746
      0.00166321
      0.00169271
      0.00156857
      0.00129051
      0.00109162
      0.00127526
      0.00159028
      0.00176610
      0.00179299
      0.00167443
      0.00139726
      0.00117642
      0.00134307
      0.00166611
      0.00185354
      0.00189437
      0.00180096
      0.00154326
      0.00127504
      0.00137289
      0.00170413
      0.00192305
      0.00199077
      0.00193600
      0.00172287
      0.00141358
      0.00138279
      0.00169702
      0.00196586
      0.00207400
      0.00206409
      0.00191792
      0.00161466
      0.00141915
      0.00164115
      0.00196584
      0.00213432
      0.00217202
      0.00209928
      0.00186489
      0.00155312
      0.00156708
      0.00190168
      0.00215591
      0.00225171
      0.00224351
      0.00211067
      0.00181100
      0.00157742
      0.00177158
      0.00210982
      0.00229315
      0.00234399
      0.00230103
      0.00211320
      0.00178419
      0.00166932
      0.00196693
      0.00226839
      0.00240046
      0.00242395
      0.00235334
      0.00212201
      0.00179417
      0.00178820
      0.00212928
      0.00239164
      0.00249119
      0.00249830
      0.00240751
      0.00214677
      0.00183332
      0.00190354
      0.00225807
      0.00249177
      0.00257232
      0.00257052
      0.00246817
      0.00219132
      0.00188964
      0.00200079
      0.00235845
      0.00257614
      0.00264711
      0.00264214
      0.00253749
      0.00225628
      0.00195491
      0.00207496
      0.00243445
      0.00264839
      0.00271686
      0.00271328
      0.00261519
      0.00234077
      0.00202704
      0.00212580
      0.00248784
      0.00270976
      0.00278181
      0.00278302
      0.00269891
      0.00244288
      0.00210954
      0.00215641
      0.00251817
      0.00275961
      0.00284149
      0.00284989
      0.00278485
      0.00255931
      0.00220966
      0.00217385
      0.00252319
      0.00279537
      0.00289484
      0.00291236
      0.00286861
      0.00268455
      0.00233507
      0.00219168
      0.00250019
      0.00281208
      0.00293998
      0.00296920
      0.00294585
      0.00280982
      0.00248757
      0.00223226
      0.00245096
      0.00280257
      0.00297362
      0.00301964
      0.00301351
      0.00292435
      0.00265631
      0.00231994
      0.00239081
      0.00275986
      0.00298999
      0.00306235
      0.00307082
      0.00302103
      0.00282327
      0.00246489
      0.00235095
      0.00268007
      0.00297987
      0.00309426
      0.00311830
      0.00309777
      0.00297183
      0.00265530
      0.00237487
      0.00257029
      0.00293005
      0.00310924
      0.00315691
      0.00315600
      0.00308847
      0.00285420
      0.00249381
      0.00247074
      0.00283154
      0.00309582
      0.00318452
      0.00319971
      0.00317198
      0.00302737
      0.00269148
      0.00244661
      0.00268975
      0.00303721
      0.00319444
      0.00323245
      0.00322825
      0.00315531
      0.00291014
      0.00254998
      0.00255214
      0.00291904
      0.00317249
      0.00325344
      0.00326595
      0.00323823
      0.00309446
      0.00275745
      0.00250786
      0.00274938
      0.00309788
      0.00325454
      0.00329131
      0.00328778
      0.00322076
      0.00298588
      0.00261973
      0.00259189
      0.00295427
      0.00321799
      0.00330357
      0.00331705
      0.00329445
      0.00316670
      0.00284344
      0.00255784
      0.00275864
      0.00311888
      0.00329191
      0.00333382
      0.00333313
      0.00327893
      0.00307021
      0.00270035
      0.00260196
      0.00294451
      0.00323410
      0.00333514
      0.00335248
      0.00333690
      0.00323336
      0.00293852
      0.00260741
      0.00273069
      0.00310276
      0.00330605
      0.00335952
      0.00336273
      0.00332318
      0.00314989
      0.00278986
      0.00260047
      0.00289672
      0.00322016
      0.00334730
      0.00337184
      0.00336276
      0.00328440
      0.00302883
      0.00266491
      0.00268281
      0.00305276
      0.00329580
      0.00336771
      0.00337572
      0.00334888
      0.00321247
      0.00287930
      0.00260417
      0.00282216
      0.00317637
      0.00333879
      0.00337474
      0.00337098
      0.00331385
      0.00310080
      0.00272771
      0.00263239
      0.00297567
      0.00326102
      0.00335785
      0.00337214
      0.00335435
      0.00324924
      0.00295289
      0.00261830
      0.00273733
      0.00310758
      0.00330940
      0.00336077
      0.00336156
      0.00331972
      0.00314461
      0.00278281
      0.00259002
      0.00288286
      0.00320446
      0.00332993
      0.00335230
      0.00334020
      0.00325729
      0.00299641
      0.00263262
      0.00265618
      0.00302389
      0.00326166
      0.00333011
      0.00333507
      0.00330244
      0.00315476
      0.00281244
      0.00255400
      0.00278892
      0.00313370
      0.00328549
      0.00331641
      0.00330750
      0.00323721
      0.00300144
      0.00262894
      0.00258388
      0.00293825
      0.00320113
      0.00328392
      0.00329219
      0.00326333
      0.00312939
      0.00280124
      0.00251170
      0.00270634
      0.00306021
      0.00322820
      0.00326500
      0.00325692
      0.00318971
      0.00296250
      0.00258953
      0.00251897
      0.00286411
      0.00313548
      0.00322415
      0.00323330
      0.00320283
      0.00306677
      0.00273818
      0.00245030
      0.00264380
      0.00299521
      0.00316245
      0.00319886
      0.00318825
      0.00311307
      0.00287293
      0.00250279
      0.00246247
      0.00281258
      0.00307111
      0.00315254
      0.00315817
      0.00311866
      0.00296022
      0.00261371
      0.00237029
      0.00261095
      0.00294513
      0.00309039
      0.00311805
      0.00309916
      0.00299946
      0.00272048
      0.00237088
      0.00242957
      0.00278901
      0.00300843
      0.00306879
      0.00306475
      0.00300229
      0.00279239
      0.00242408
      0.00230109
      0.00261821
      0.00290597
      0.00300922
      0.00302052
      0.00298134
      0.00282721
      0.00248786
      0.00223131
      0.00245050
      0.00278605
      0.00293888
      0.00296900
      0.00294489
      0.00283001
      0.00253418
      0.00220436
      0.00230427
      0.00265754
      0.00285903
      0.00291113
      0.00289805
      0.00280856
      0.00255236
      0.00219382
      0.00218688
      0.00253135
      0.00277321
      0.00284770
      0.00284365
      0.00276984
      0.00254316
      0.00217927
      0.00209364
      0.00241536
      0.00268591
      0.00278007
      0.00278335
      0.00271824
      0.00250975
      0.00214902
      0.00201585
      0.00231452
      0.00260165
      0.00270990
      0.00271809
      0.00265593
      0.00245422
      0.00209702
      0.00194607
      0.00223185
      0.00252434
      0.00263874
      0.00264828
      0.00258332
      0.00237684
      0.00202064
      0.00188097
      0.00216906
      0.00245629
      0.00256750
      0.00257368
      0.00249911
      0.00227567
      0.00192019
      0.00182315
      0.00212697
      0.00239756
      0.00249599
      0.00249301
      0.00239967
      0.00214645
      0.00180046
      0.00178163
      0.00210504
      0.00234569
      0.00242258
      0.00240311
      0.00227770
      0.00198351
      0.00167551
      0.00176957
      0.00209957
      0.00229579
      0.00234373
      0.00229709
      0.00212078
      0.00178601
      0.00157595
      0.00179620
      0.00210096
      0.00224059
      0.00225277
      0.00216165
      0.00191379
      0.00157605
      0.00154481
      0.00185268
      0.00209351
      0.00217113
      0.00213701
      0.00197376
      0.00165227
      0.00141948
      0.00160371
      0.00190997
      0.00206155
      0.00207494
      0.00197064
      0.00170617
      0.00138812
      0.00140663
      0.00171438
      0.00193227
      0.00199061
      0.00192592
      0.00171084
      0.00137933
      0.00127188
      0.00153571
      0.00179678
      0.00189360
      0.00185531
      0.00167089
      0.00134868
      0.00117541
      0.00139136
      0.00167061
      0.00179205
      0.00176726
      0.00159366
      0.00127939
      0.00109121
      0.00128630
      0.00156571
      0.00169198
      0.00166401
      0.00147969
      0.00116492
      0.00100332
      0.00120286
      0.00143330
      0.00143714
      0.00112226
      0.00045897
      0.00000000
