      0.00000000
      0.00000000
      0.00000000
      0.00000000
      0.00000000
      0.00000000
      0.00000000
      0.00000000
      0.00000000
      0.00000000
      0.00000000
      0.00000000
      0.00000000
      0.00000000
      0.00000000
      0.00000000
      0.00000000
      0.00000000
      0.00000000
      0.00000000
      0.00000000
      0.00000000
      0.00000000
      0.00000000
      0.00000000
      0.00000000
      0.00000000
      0.00000000
      0.00000000
      0.00000000
      0.00000000
      0.00000000
      0.00000000
      0.00000000
      0.00000000
      0.00000000
      0.00000000
      0.00000000
      0.00000000
      0.00000000
      0.00000000
      0.00000000
      0.00000000
      0.00000000
      0.00000000
      0.00000000
      0.00000000
      0.00000000
      0.00000000
      0.00000000
      0.00000000
      0.00000000
      0.00000000
      0.00000000
      0.00000001
      0.00000001
      0.00000002
      0.00000003
      0.00000004
      0.00000006
      0.00000009
      0.00000013
      0.00000019
      0.00000027
      0.00000040
      0.00000057
      0.00000082
      0.00000116
      0.00000164
      0.00000230
      0.00000322
      0.00000447
      0.00000616
      0.00000844
      0.00001148
      0.00001552
      0.00002085
      0.00002782
      0.00003686
      0.00004850
      0.00006337
      0.00008222
      0.00010590
      0.00013541
      0.00017186
      0.00021651
      0.00027070
      0.00033589
      0.00041360
      0.00050538
      0.00061277
      0.00073724
      0.00088017
      0.00104276
      0.00122599
      0.00143057
      0.00165691
      0.00190510
      0.00217488
      0.00246564
      0.00277648
      0.00310618
      0.00345331
      0.00381622
      0.00419316
      0.00458227
      0.00498169
      0.00538960
      0.00580423
      0.00622392
      0.00664716
      0.00707258
      0.00749896
      0.00792526
      0.00835057
      0.00877414
      0.00919535
      0.00961370
      0.01002879
      0.01044030
      0.01084798
      0.01125164
      0.01165112
      0.01204628
      0.01243698
      0.01282307
      0.01320437
      0.01358064
      0.01395155
      0.01431669
      0.01467547
      0.01502710
      0.01537055
      0.01570440
      0.01602678
      0.01633519
      0.01662630
      0.01689572
      0.01713763
      0.01734435
      0.01750582
      0.01760892
      0.01763669
      0.01756746
      0.01737408
      0.01702338
      0.01647633
      0.01568981
      0.01462105
      0.01323695
      0.01153054
      0.00954585
      0.00740508
      0.00531339
      0.00350314
      0.00212809
      0.00120283
      0.00063957
      0.00032220
      0.00015389
      0.00006947
      0.00002962
      0.00001199
      0.00000464
      0.00000173
      0.00000062
      0.00000022
      0.00000007
      0.00000002
      0.00000001
      0.00000000
      0.00000000
      0.00000000
      0.00000000
      0.00000000
      0.00000000
      0.00000000
      0.00000000
      0.00000000
      0.00000000
      0.00000000
      0.00000000
      0.00000000
      0.00000000
      0.00000000
      0.00000000
      0.00000000
      0.00000000
      0.00000000
      0.00000000
      0.00000000
      0.00000000
      0.00000000
      0.00000000
      0.00000000
      0.00000000
      0.00000000
      0.00000000
      0.00000000
      0.00000000
      0.00000000
      0.00000000
      0.00000000
      0.00000000
      0.00000000
      0.00000000
      0.00000000
      0.00000000
      0.00000000
      0.00000000
      0.00000000
      0.00000000
      0.00000000
      0.00000000
      0.00000000
      0.00000000
      0.00000000
      0.00000000
      0.00000000
      0.00000000
      0.00000000
      0.00000000
      0.00000000
      0.00000000
      0.00000000
      0.00000000
      0.00000000
      0.00000000
      0.00000000
      0.00000000
      0.00000000
      0.00000000
      0.00000000
      0.00000000
      0.00000000
      0.00000000
      0.00000000
      0.00000000
      0.00000000
      0.00000000
      0.00000000
      0.00000000
      0.00000000
      0.00000000
      0.00000000
      0.00000000
      0.00000000
      0.00000000
      0.00000000
      0.00000000
      0.00000000
      0.00000000
      0.00000000
      0.00000000
      0.00000000
      0.00000000
      0.00000000
      0.00000000
      0.00000000
      0.00000000
      0.00000000
      0.00000000
      0.00000000
      0.00000000
      0.00000000
      0.00000000
      0.00000000
      0.00000000
      0.00000000
      0.00000000
      0.00000000
      0.00000000
      0.00000000
      0.00000000
      0.00000000
      0.00000000
      0.00000000
      0.00000000
      0.00000000
      0.00000000
      0.00000000
      0.00000000
      0.00000000
      0.00000000
      0.00000000
      0.00000000
      0.00000000
      0.00000000
      0.00000000
      0.00000000
      0.00000000
      0.00000000
      0.00000000
      0.00000000
      0.00000000
      0.00000000
      0.00000000
      0.00000000
      0.00000000
      0.00000000
      0.00000000
      0.00000000
      0.00000000
      0.00000000
      0.00000000
      0.00000000
      0.00000000
      0.00000000
      0.00000000
      0.00000000
      0.00000000
      0.00000000
      0.00000000
      0.00000000
      0.00000000
      0.00000000
      0.00000000
      0.00000000
      0.00000000
      0.00000000
      0.00000000
      0.00000000
      0.00000000
      0.00000000
      0.00000000
      0.00000000
      0.00000000
      0.00000000
      0.00000000
      0.00000000
      0.00000000
      0.00000000
      0.00000000
      0.00000000
      0.00000000
      0.00000000
      0.00000000
      0.00000000
      0.00000000
      0.00000000
      0.00000000
      0.00000000
      0.00000000
      0.00000001
      0.00000002
      0.00000007
      0.00000022
      0.00000062
      0.00000171
      0.00000458
      0.00001182
      0.00002928
      0.00006900
      0.00015371
      0.00032257
      0.00063861
      0.00119457
      0.00210333
      0.00345465
      0.00524267
      0.00732276
      0.00946382
      0.01145598
      0.01317267
      0.01456748
      0.01564626
      0.01644157
      0.01699600
      0.01735272
      0.01755090
      0.01762390
      0.01759909
      0.01749826
      0.01733855
      0.01713317
      0.01689230
      0.01662366
      0.01633315
      0.01602521
      0.01570319
      0.01536961
      0.01502637
      0.01467489
      0.01431624
      0.01395120
      0.01358036
      0.01320415
      0.01282290
      0.01243685
      0.01204617
      0.01165104
      0.01125157
      0.01084793
      0.01044025
      0.01002875
      0.00961367
      0.00919533
      0.00877412
      0.00835055
      0.00792524
      0.00749895
      0.00707257
      0.00664715
      0.00622391
      0.00580422
      0.00538959
      0.00498169
      0.00458227
      0.00419315
      0.00381622
      0.00345331
      0.00310618
      0.00277648
      0.00246564
      0.00217488
      0.00190510
      0.00165691
      0.00143057
      0.00122598
      0.00104276
      0.00088017
      0.00073724
      0.00061277
      0.00050538
      0.00041360
      0.00033589
      0.00027070
      0.00021651
      0.00017186
      0.00013541
      0.00010590
      0.00008222
      0.00006337
      0.00004850
      0.00003686
      0.00002782
      0.00002085
      0.00001552
      0.00001148
      0.00000844
      0.00000616
      0.00000447
      0.00000322
      0.00000230
      0.00000164
      0.00000116
      0.00000082
      0.00000057
      0.00000040
      0.00000027
      0.00000019
      0.00000013
      0.00000009
      0.00000006
      0.00000004
      0.00000003
      0.00000002
      0.00000001
      0.00000001
      0.00000000
      0.00000000
      0.00000000
      0.00000000
      0.00000000
      0.00000000
      0.00000000
      0.00000000
      0.00000000
      0.00000000
      0.00000000
      0.00000000
      0.00000000
      0.00000000
      0.00000000
      0.00000000
      0.00000000
      0.00000000
      0.00000000
      0.00000000
      0.00000000
      0.00000000
      0.00000000
      0.00000000
      0.00000000
      0.00000000
      0.00000000
      0.00000000
      0.00000000
      0.00000000
      0.00000000
      0.00000000
      0.00000000
      0.00000000
      0.00000000
      0.00000000
      0.00000000
      0.00000000
      0.00000000
      0.00000000
      0.00000000
      0.00000000
      0.00000000
      0.00000000
      0.00000000
      0.00000000
      0.00000000
      0.00000000
      0.00000000
      0.00000000
      0.00000000
      0.00000000
      0.00000000
      0.00000000
