             NaN
      1.36499474
      1.75439851
      2.14443114
      2.53545578
      2.92725907
     -2.96402168
     -2.57276649
     -2.18254165
     -1.79313175
     -1.40384465
     -1.01390366
     -0.62289481
     -0.23101982
      0.16100366
      0.55235530
      0.94259646
      1.33193113
      1.72109309
      2.11093067
      2.50191933
      2.89387196
     -2.99715784
     -2.60569722
     -2.21543532
     -1.82618242
     -1.43715968
     -1.04743919
     -0.65647594
     -0.26443887
      0.12786383
      0.51944807
      0.90973596
      1.29889956
      1.68776670
      2.07735403
      2.46828562
      2.86041492
     -3.03030273
     -2.63857759
     -2.24825738
     -1.85919186
     -1.47049963
     -1.08106454
     -0.69017221
     -0.29794160
      0.09471208
      0.48659876
      0.87695897
      1.26591610
      1.65441039
      2.04367025
      2.43451394
      2.82685655
     -3.06346376
     -2.67139051
     -2.28098077
     -1.89214432
     -1.50387588
     -1.11481933
     -0.72403604
     -0.33156872
      0.06153845
      0.45382912
      0.84430037
      1.23300127
      1.62100957
      2.00982788
      2.40053576
      2.79314316
     -3.09665453
     -2.70410775
     -2.31355962
     -1.92501248
     -1.53730722
     -1.14877137
     -0.75815851
     -0.36539227
      0.02832409
      0.42117662
      0.81182220
      1.20019346
      1.58754152
      1.97573788
      2.36622896
      2.75917621
     -3.12990245
     -2.73667841
     -2.34590456
     -1.95773249
     -1.57080813
     -1.18302604
     -0.79269741
     -0.39954812
     -0.00497496
      0.38871125
      0.77966741
      1.16762698
      1.55405218
      1.94132052
      2.33141825
      2.72477721
      3.11990576
     -2.76900586
     -2.37777528
     -1.99002159
     -1.60418124
     -1.21756185
     -0.82780393
     -0.43424610
     -0.03845492
      0.35657620
      0.74821465
      1.13577942
      1.52091981
      1.90669985
      2.29595885
      2.68969272
      3.08629365
     -2.80086187
     -2.40862303
     -2.02122067
     -1.63694605
     -1.25228733
     -0.86377392
     -0.46991506
     -0.07229375
      0.32510768
      0.71826745
      1.10558408
      1.48876319
      1.87185773
      2.25919516
      2.65303649
      3.05198248
     -2.83179338
     -2.43709530
     -2.04962637
     -1.66785367
     -1.28708662
     -0.90177169
     -0.50832233
     -0.10751543
      0.29525108
      0.69293432
      1.08120575
      1.46086661
      1.83731859
      2.21827288
      2.61050670
      3.01587921
     -2.85484162
     -2.44755718
     -2.05698015
     -1.68699097
     -1.33152014
     -0.97642490
     -0.60411706
     -0.20134934
      0.23017724
      0.66882448
      1.08633425
      1.46918951
      1.82445518
      2.17178509
      2.53376991
      2.92699780
     -2.93093590
     -2.49380914
     -2.07412075
     -1.68837184
     -1.33186722
     -0.98571486
     -0.62691436
     -0.23772075
      0.18441740
      0.62099337
      1.04262530
      1.43099692
      1.78899238
      2.13468413
      2.49118000
      2.87710015
     -2.98660281
     -2.55045644
     -2.12691231
     -1.73586308
     -1.37614383
     -1.03055859
     -0.67601022
     -0.29311466
      0.12378599
      0.55943581
      0.98483279
      1.37862661
      1.74026305
      2.08599332
      2.43881975
      2.81881267
     -3.05008260
     -2.61506396
     -2.18790673
     -1.79132027
     -1.42760019
     -1.08151266
     -0.73022470
     -0.35304894
      0.05857064
      0.49279385
      0.92159120
      1.32099602
      1.68694643
      2.03358494
      2.38350379
      2.75794016
     -3.11636163
     -2.68311137
     -2.25281611
     -1.85058874
     -1.48227745
     -1.13490477
     -0.78618956
     -0.41441176
     -0.00832508
      0.42377017
      0.85540335
      1.26043725
      1.63122555
      1.97950833
      2.32718550
      2.69639281
      3.09963178
     -2.75279444
     -2.31999762
     -1.91219224
     -1.53882436
     -1.18946158
     -0.84265531
     -0.47592144
     -0.07556852
      0.35367796
      0.78745285
      1.19797670
      1.57401341
      1.92462042
      2.27072483
      2.63509174
      3.03253425
     -2.82308596
     -2.38852713
     -1.97535481
     -1.59657333
     -1.24456373
     -0.89899040
     -0.53687455
     -0.14235202
      0.28337293
      0.71851562
      1.13425039
      1.51583918
      1.86940352
      2.21461789
      2.57460763
      2.96621583
     -2.89323132
     -2.45770825
     -2.03951194
     -1.65506688
     -1.29980233
     -0.95477400
     -0.59677670
     -0.20806165
      0.21355699
      0.64925619
      1.06979946
      1.45713612
      1.81423915
      2.15925471
      2.51540153
      2.90126033
     -2.96254289
     -2.52686982
     -2.10410623
     -1.71385622
     -1.35478403
     -1.00960800
     -0.65516163
     -0.27210619
      0.14493975
      0.58038942
      1.00523659
      1.39840855
      1.75957284
      2.10508239
      2.45798645
      2.83830790
     -3.03024790
     -2.59521048
     -2.16842383
     -1.77233339
     -1.40896143
     -1.06294501
     -0.71141651
     -0.33374238
      0.07841204
      0.51286096
      0.94143955
      1.34043523
      1.70612461
      2.05282314
      2.40315312
      2.77828550
     -3.09525465
     -2.66155236
     -2.23132649
     -1.82944352
     -1.46132842
     -1.11376634
     -0.76444385
     -0.39172584
      0.01540438
      0.44822819
      0.87997092
      1.28473014
      1.65538919
      2.00401345
      2.35254221
      2.72300032
      3.12764404
     -2.72368779
     -2.29052024
     -1.88285899
     -1.50949605
     -1.15956372
     -0.81157045
     -0.44318132
     -0.04095505
      0.38990355
      0.82450588
      1.23522394
      1.61159702
      1.96322800
      2.31105179
      2.67761158
      3.07752302
     -2.77568681
     -2.33930481
     -1.92485451
     -1.54454462
     -1.19023877
     -0.84186730
     -0.47694267
     -0.07952063
      0.34995234
      0.79044371
      1.21383169
      1.60619649
      1.97304766
      2.33013964
      2.69360032
      3.07389430
     -2.81038744
     -2.39995628
     -1.98996583
     -1.59013888
     -1.20299834
     -0.82433097
     -0.44675255
     -0.06337037
      0.32935676
      0.72993402
      1.13250265
      1.53035966
      1.92004162
      2.30287992
      2.68360406
      3.06763201
     -2.82476933
     -2.42751713
     -2.02775904
     -1.63077517
     -1.23991858
     -0.85485717
     -0.47217934
     -0.08744694
      0.30250515
      0.69790770
      1.09587614
      1.49211616
      1.88355445
      2.27003455
      2.65412044
      3.03951205
     -2.85411917
     -2.45991039
     -2.06322432
     -1.66762516
     -1.27589035
     -0.88843964
     -0.50329753
     -0.11733534
      0.27201930
      0.66539657
      1.06111386
      1.45616520
      1.84804688
      2.23619377
      2.62215563
      3.00860973
     -2.88531086
     -2.49253764
     -2.09758023
     -1.70300578
     -1.31106960
     -0.92240959
     -0.53579048
     -0.14890007
      0.24035019
      0.63267885
      1.02702578
      1.42117844
      1.81310892
      2.20215418
      2.58931244
      2.97659354
     -2.91730813
     -2.52531103
     -2.13145973
     -1.73767432
     -1.34577845
     -0.95643515
     -0.56883109
     -0.18120947
      0.20812515
      0.59986503
      0.99330962
      1.38678168
      1.77863499
      2.16821660
      2.55619136
      2.94410404
     -2.94969421
     -2.55816188
     -2.16505614
     -1.77185148
     -1.38004151
     -0.99026503
     -0.60197856
     -0.21381641
      0.17562063
      0.56698168
      0.95980083
      1.35277487
      1.74454229
      2.13448052
      2.52303244
      2.91141075
     -2.98229026
     -2.59107250
     -2.19849883
     -1.80572599
     -1.41399992
     -1.02392586
     -0.63514529
     -0.24657765
      0.14295141
      0.53404802
      0.92640920
      1.31900477
      1.71069082
      2.10088003
      2.48985944
      2.87859449
     -3.01501930
     -2.62402594
     -2.23185032
     -1.83941226
     -1.44776485
     -1.05747729
     -0.66832355
     -0.27943933
      0.11017259
      0.50107736
      0.89308973
      1.28538685
      1.67699699
      2.06736905
      2.45667665
      2.84569468
     -3.04784019
     -2.65701180
     -2.26514392
     -1.87297367
     -1.48139946
     -1.09095450
     -0.70151036
     -0.31237162
      0.07731564
      0.46807795
      0.85981730
      1.25187276
      1.64341230
      2.03392037
      2.42348622
      2.81273437
     -3.08072840
     -2.69002339
     -2.29839884
     -1.90644769
     -1.51494161
     -1.12437884
     -0.73470062
      0.00000000
