      0.00000000
      0.00000000
      0.00000000
      0.00000000
      0.00000000
      0.00000000
      0.00000000
      0.00000000
      0.00000000
      0.00000000
      0.00000000
      0.00000000
      0.00000000
      0.00000000
      0.00000000
      0.00000000
      0.00000000
      0.00000000
      0.00000000
      0.00000000
      0.00000000
      0.00000000
      0.00000000
      0.00000000
      0.00000000
      0.00000000
      0.00000000
      0.00000000
      0.00000000
      0.00000000
      0.00000000
      0.00000000
      0.00000000
      0.00000000
      0.00000000
      0.00000000
      0.00000000
      0.00000000
      0.00000000
      0.00000000
      0.00000000
      0.00000000
      0.00000000
      0.00000000
      0.00000000
      0.00000000
      0.00000000
      0.00000000
      0.00000000
      0.00000000
      0.00000000
      0.00000000
      0.00000000
      0.00000000
      0.00000000
      0.00000000
      0.00000000
      0.00000000
      0.00000000
      0.00000000
      0.00000000
      0.00000000
      0.00000000
      0.00000000
      0.00000000
      0.00000000
      0.00000000
      0.00000000
      0.00000000
      0.00000000
      0.00000000
      0.00000000
      0.00000000
      0.00000000
      0.00000000
      0.00000000
      0.00000000
      0.00000000
      0.00000000
      0.00000000
      0.00000000
      0.00000000
      0.00000000
      0.00000000
      0.00000000
      0.00000000
      0.00000000
      0.00000000
      0.00000000
      0.00000000
      0.00000000
      0.00000000
      0.00000000
      0.00000000
      0.00000000
      0.00000000
      0.00000000
      0.00000000
      0.00000000
      0.00000000
      0.00000000
      0.00000000
      0.00000000
      0.00000000
      0.00000000
      0.00000000
      0.00000000
      0.00000000
      0.00000000
      0.00000000
      0.00000000
      0.00000000
      0.00000000
      0.00000000
      0.00000000
      0.00000000
      0.00000000
      0.00000000
      0.00000000
      0.00000000
      0.00000000
      0.00000000
      0.00000000
      0.00000000
      0.00000000
      0.00000000
      0.00000000
      0.00000000
      0.00000000
      0.00000000
      0.00000000
      0.00000000
      0.00000000
      0.00000000
      0.00000000
      0.00000000
      0.00000000
      0.00000000
      0.00000000
      0.00000000
      0.00000000
      0.00000000
      0.00000000
      0.00000000
      0.00000000
      0.00000001
      0.00000004
      0.00000019
      0.00000088
      0.00000356
      0.00001230
      0.00003585
      0.00008741
      0.00017835
      0.00030898
      0.00046753
      0.00063887
      0.00081249
      0.00098380
      0.00115176
      0.00131662
      0.00147888
      0.00163888
      0.00179686
      0.00195294
      0.00210720
      0.00225967
      0.00241039
      0.00255938
      0.00270664
      0.00285220
      0.00299604
      0.00313819
      0.00327864
      0.00341739
      0.00355446
      0.00368983
      0.00382352
      0.00395551
      0.00408582
      0.00421445
      0.00434139
      0.00446664
      0.00459022
      0.00471210
      0.00483231
      0.00495083
      0.00506767
      0.00518283
      0.00529630
      0.00540809
      0.00551820
      0.00562663
      0.00573338
      0.00583844
      0.00594183
      0.00604353
      0.00614355
      0.00624189
      0.00633855
      0.00643352
      0.00652682
      0.00661844
      0.00670837
      0.00679662
      0.00688318
      0.00696807
      0.00705129
      0.00713287
      0.00721284
      0.00729123
      0.00736804
      0.00744323
      0.00751671
      0.00758834
      0.00765803
      0.00772588
      0.00779226
      0.00785794
      0.00792402
      0.00799174
      0.00806217
      0.00813584
      0.00821254
      0.00829137
      0.00837091
      0.00844964
      0.00852622
      0.00859972
      0.00866970
      0.00873610
      0.00879913
      0.00885912
      0.00891643
      0.00897135
      0.00902405
      0.00907462
      0.00912304
      0.00916926
      0.00921319
      0.00925473
      0.00929381
      0.00933036
      0.00936435
      0.00939576
      0.00942460
      0.00945086
      0.00947457
      0.00949574
      0.00951439
      0.00953052
      0.00954416
      0.00955532
      0.00956399
      0.00957017
      0.00957389
      0.00957513
      0.00957389
      0.00957017
      0.00956399
      0.00955532
      0.00954416
      0.00953052
      0.00951439
      0.00949574
      0.00947457
      0.00945086
      0.00942460
      0.00939576
      0.00936435
      0.00933036
      0.00929381
      0.00925473
      0.00921319
      0.00916926
      0.00912304
      0.00907462
      0.00902405
      0.00897135
      0.00891643
      0.00885912
      0.00879913
      0.00873610
      0.00866970
      0.00859972
      0.00852622
      0.00844964
      0.00837091
      0.00829137
      0.00821254
      0.00813584
      0.00806217
      0.00799174
      0.00792402
      0.00785794
      0.00779226
      0.00772588
      0.00765803
      0.00758834
      0.00751671
      0.00744323
      0.00736804
      0.00729123
      0.00721284
      0.00713287
      0.00705129
      0.00696807
      0.00688318
      0.00679662
      0.00670837
      0.00661844
      0.00652682
      0.00643352
      0.00633855
      0.00624189
      0.00614355
      0.00604353
      0.00594183
      0.00583844
      0.00573338
      0.00562663
      0.00551820
      0.00540809
      0.00529630
      0.00518283
      0.00506767
      0.00495083
      0.00483231
      0.00471210
      0.00459022
      0.00446664
      0.00434139
      0.00421445
      0.00408582
      0.00395551
      0.00382352
      0.00368983
      0.00355446
      0.00341739
      0.00327864
      0.00313819
      0.00299604
      0.00285220
      0.00270664
      0.00255938
      0.00241039
      0.00225967
      0.00210720
      0.00195294
      0.00179686
      0.00163888
      0.00147888
      0.00131662
      0.00115176
      0.00098380
      0.00081249
      0.00063887
      0.00046753
      0.00030898
      0.00017835
      0.00008741
      0.00003585
      0.00001230
      0.00000356
      0.00000088
      0.00000019
      0.00000004
      0.00000001
      0.00000000
      0.00000000
      0.00000000
      0.00000000
      0.00000000
      0.00000000
      0.00000000
      0.00000000
      0.00000000
      0.00000000
      0.00000000
      0.00000000
      0.00000000
      0.00000000
      0.00000000
      0.00000000
      0.00000000
      0.00000000
      0.00000000
      0.00000000
      0.00000000
      0.00000000
      0.00000000
      0.00000000
      0.00000000
      0.00000000
      0.00000000
      0.00000000
      0.00000000
      0.00000000
      0.00000000
      0.00000000
      0.00000000
      0.00000000
      0.00000000
      0.00000000
      0.00000000
      0.00000000
      0.00000000
      0.00000000
      0.00000000
      0.00000000
      0.00000000
      0.00000000
      0.00000000
      0.00000000
      0.00000000
      0.00000000
      0.00000000
      0.00000000
      0.00000000
      0.00000000
      0.00000000
      0.00000000
      0.00000000
      0.00000000
      0.00000000
      0.00000000
      0.00000000
      0.00000000
      0.00000000
      0.00000000
      0.00000000
      0.00000000
      0.00000000
      0.00000000
      0.00000000
      0.00000000
      0.00000000
      0.00000000
      0.00000000
      0.00000000
      0.00000000
      0.00000000
      0.00000000
      0.00000000
      0.00000000
      0.00000000
      0.00000000
      0.00000000
      0.00000000
      0.00000000
      0.00000000
      0.00000000
      0.00000000
      0.00000000
      0.00000000
      0.00000000
      0.00000000
      0.00000000
      0.00000000
      0.00000000
      0.00000000
      0.00000000
      0.00000000
      0.00000000
      0.00000000
      0.00000000
      0.00000000
      0.00000000
      0.00000000
      0.00000000
      0.00000000
      0.00000000
      0.00000000
      0.00000000
      0.00000000
      0.00000000
      0.00000000
      0.00000000
      0.00000000
      0.00000000
      0.00000000
      0.00000000
      0.00000000
      0.00000000
      0.00000000
      0.00000000
      0.00000000
      0.00000000
      0.00000000
      0.00000000
      0.00000000
      0.00000000
      0.00000000
      0.00000000
      0.00000000
      0.00000000
      0.00000000
      0.00000000
      0.00000000
      0.00000000
      0.00000000
      0.00000000
      0.00000000
      0.00000000
      0.00000000
      0.00000000
      0.00000000
      0.00000000
      0.00000000
      0.00000000
      0.00000000
      0.00000000
      0.00000000
