      0.00000000
      1.33906270
      1.01738347
      0.71454919
      0.39728009
      0.03226333
     -0.40282311
     -0.88486819
     -1.34168604
     -1.72791755
     -2.05413358
     -2.35232544
     -2.65663534
     -3.00205116
      2.86436542
      2.38279207
      1.90659443
      1.50074284
      1.16572470
      0.86984532
      0.57780323
      0.25374688
     -0.13825324
     -0.61021743
     -1.10469100
     -1.53655917
     -1.88645905
     -2.18375685
     -2.46530415
     -2.76739466
     -3.12880078
      2.70470275
      2.19869583
      1.73417892
      1.36049987
      1.05583467
      0.78141663
      0.50024091
      0.17328456
     -0.23964759
     -0.74095395
     -1.24142591
     -1.65151551
     -1.97317241
     -2.24631400
     -2.50987645
     -2.80180450
      3.11745378
      2.64795718
      2.12076805
      1.65870361
      1.30418604
      1.02220140
      0.76978590
      0.50925610
      0.19958583
     -0.20757898
     -0.72545266
     -1.24810456
     -1.66108655
     -1.97017902
     -2.22305767
     -2.46075167
     -2.72054732
     -3.04798851
      2.78811564
      2.23789430
      1.73507900
      1.36416091
      1.08878928
      0.85857833
      0.63505665
      0.38117183
      0.04725063
     -0.42399821
     -0.99549860
     -1.48637523
     -1.83183118
     -2.08414032
     -2.29457112
     -2.49939494
     -2.73360375
     -3.04696286
      2.77583050
      2.18620172
      1.67363168
      1.32587958
      1.08335080
      0.88987418
      0.70984897
      0.51329052
      0.25987676
     -0.11891435
     -0.68383880
     -1.27884928
     -1.69277526
     -1.95737963
     -2.14666953
     -2.30368676
     -2.45495814
     -2.62517209
     -2.85164020
      3.07667997
      2.50505557
      1.87325061
      1.45177910
      1.20099015
      1.03383448
      0.90565247
      0.79361770
      0.68234718
      0.55568437
      0.38720894
      0.11970979
     -0.36554282
     -1.06568024
     -1.58492743
     -1.86264482
     -2.02220820
     -2.12622610
     -2.20100380
     -2.25866035
     -2.30541759
     -2.34477318
     -2.37884190
     -2.40897972
     -2.43609879
     -2.46083768
     -2.48365880
     -2.50490681
     -2.52484527
     -2.54368028
     -2.56157642
     -2.57866764
     -2.59506503
     -2.61086241
     -2.62614053
     -2.64097026
     -2.65541519
     -2.66953368
     -2.68338080
     -2.69700999
     -2.71047484
     -2.72383094
     -2.73713790
     -2.75046142
     -2.76387479
     -2.77745735
     -2.79128389
     -2.80539318
     -2.81972232
     -2.83401361
     -2.84775655
     -2.86026499
     -2.87090430
     -2.87933165
     -2.88559476
     -2.89004458
     -2.89314784
     -2.89532996
     -2.89690765
     -2.89809051
     -2.89900939
     -2.89974490
     -2.90034777
     -2.90085116
     -2.90127767
     -2.90164332
     -2.90195984
     -2.90223605
     -2.90247871
     -2.90269312
     -2.90288347
     -2.90305316
     -2.90320493
     -2.90334104
     -2.90346337
     -2.90357351
     -2.90367278
     -2.90376230
     -2.90384306
     -2.90391589
     -2.90398150
     -2.90404052
     -2.90409351
     -2.90414096
     -2.90418328
     -2.90422086
     -2.90425404
     -2.90428312
     -2.90430837
     -2.90433003
     -2.90434833
     -2.90436346
     -2.90437561
     -2.90438494
     -2.90439159
     -2.90439570
     -2.90439738
     -2.90439676
     -2.90439398
     -2.90438918
     -2.90438252
     -2.90437408
     -2.90436373
     -2.90435103
     -2.90433518
     -2.90431520
     -2.90429046
     -2.90426153
     -2.90423092
     -2.90420321
     -2.90418360
     -2.90417451
     -2.90417057
     -2.90415375
     -2.90409148
     -2.90394085
     -2.90366006
     -2.90322506
     -2.90264514
     -2.90196932
     -2.90127822
     -2.90066254
     -2.90019707
     -2.89992117
     -2.89983316
     -2.89989812
     -2.90006347
     -2.90027501
     -2.90048850
     -2.90067526
     -2.90082235
     -2.90092953
     -2.90100463
     -2.90105913
     -2.90110455
     -2.90115024
     -2.90120234
     -2.90126377
     -2.90133481
     -2.90141396
     -2.90149884
     -2.90158682
     -2.90167557
     -2.90176326
     -2.90184868
     -2.90193113
     -2.90201042
     -2.90208663
     -2.90216007
     -2.90223115
     -2.90230032
     -2.90236803
     -2.90243468
     -2.90250065
     -2.90256629
     -2.90263193
     -2.90269790
     -2.90276455
     -2.90283225
     -2.90290142
     -2.90297251
     -2.90304595
     -2.90312215
     -2.90320144
     -2.90328390
     -2.90336931
     -2.90345700
     -2.90354575
     -2.90363373
     -2.90371861
     -2.90379777
     -2.90386880
     -2.90393023
     -2.90398233
     -2.90402802
     -2.90407345
     -2.90412794
     -2.90420304
     -2.90431022
     -2.90445732
     -2.90464407
     -2.90485756
     -2.90506910
     -2.90523445
     -2.90529942
     -2.90521140
     -2.90493550
     -2.90447003
     -2.90385435
     -2.90316325
     -2.90248744
     -2.90190751
     -2.90147251
     -2.90119172
     -2.90104109
     -2.90097882
     -2.90096200
     -2.90095806
     -2.90094897
     -2.90092936
     -2.90090165
     -2.90087105
     -2.90084211
     -2.90081737
     -2.90079739
     -2.90078154
     -2.90076884
     -2.90075849
     -2.90075005
     -2.90074339
     -2.90073860
     -2.90073581
     -2.90073519
     -2.90073687
     -2.90074098
     -2.90074763
     -2.90075696
     -2.90076911
     -2.90078424
     -2.90080254
     -2.90082420
     -2.90084945
     -2.90087853
     -2.90091171
     -2.90094929
     -2.90099161
     -2.90103906
     -2.90109205
     -2.90115108
     -2.90121669
     -2.90128951
     -2.90137027
     -2.90145980
     -2.90155906
     -2.90166920
     -2.90179153
     -2.90192765
     -2.90207941
     -2.90224910
     -2.90243946
     -2.90265386
     -2.90289653
     -2.90317273
     -2.90348925
     -2.90385490
     -2.90428141
     -2.90478480
     -2.90538768
     -2.90612319
     -2.90704206
     -2.90822493
     -2.90980261
     -2.91198473
     -2.91508799
     -2.91953781
     -2.92580092
     -2.93422827
     -2.94486759
     -2.95737602
     -2.97111896
     -2.98541025
     -2.99973939
     -3.01384869
     -3.02767522
     -3.04125778
     -3.05467116
     -3.06799468
     -3.08130163
     -3.09465773
     -3.10812259
     -3.12175178
     -3.13559889
      3.13346792
      3.11902300
      3.10419327
      3.08891515
      3.07311777
      3.05672038
      3.03962915
      3.02173302
      3.00289800
      2.98295955
      2.96171153
      2.93889041
      2.91415152
      2.88703246
      2.85689464
      2.82282592
      2.78347033
      2.73671309
      2.67905653
      2.60427883
      2.50026094
      2.34069755
      2.06298017
      1.54373298
      0.84359556
      0.35834295
      0.09084380
     -0.07763163
     -0.20429444
     -0.31556497
     -0.42759974
     -0.55578175
     -0.72293742
     -0.97372636
     -1.39519787
     -2.02700284
     -2.59862723
     -2.95349237
      3.10322482
      2.93301088
      2.78173949
      2.62472227
      2.43543237
      2.17082800
      1.75690201
      1.16189153
      0.59696708
      0.21817598
     -0.03523779
     -0.23179623
     -0.41182144
     -0.60529806
     -0.84782685
     -1.19557895
     -1.70814898
     -2.29777776
     -2.75816971
     -3.07152882
      2.97744767
      2.77262385
      2.56219306
      2.30988392
      1.96442797
      1.47355134
      0.90205095
      0.43080211
      0.09688091
     -0.15700392
     -0.38052560
     -0.61073654
     -0.88610818
     -1.25702627
     -1.75984156
     -2.31006291
     -2.75714406
     -3.08458525
      2.93880440
      2.70111040
      2.44823175
      2.13913928
      1.72615730
      1.20350539
      0.68563172
      0.27846690
     -0.03120336
     -0.29173317
     -0.54414866
     -0.82613331
     -1.18065087
     -1.64271531
     -2.16990444
     -2.63940105
     -3.00332807
      2.98792919
      2.72436674
      2.45122515
      2.12956824
      1.71947864
      1.21900669
      0.71770033
      0.30476818
     -0.02218817
     -0.30336389
     -0.57778194
     -0.88244713
     -1.25612618
     -1.72064309
     -2.22665002
     -2.67633179
     -3.03773791
      2.94335688
      2.66180959
      2.36451178
      2.01461191
      1.58274373
      1.08827017
      0.61630598
      0.22430585
     -0.09975049
     -0.39179258
     -0.68767197
     -1.02269011
     -1.42854169
     -1.90473933
     -2.38631269
     -2.80308142
      3.13468808
      2.83037817
      2.53218632
      2.20597028
      1.81973878
      1.36292092
      0.88087584
      0.44578940
      0.08077264
     -0.23649646
     -0.53933073
     -0.86100997
      0.00000000
