      0.00000000
      0.00100584
      0.00210599
      0.00252948
      0.00263559
      0.00256895
      0.00221266
      0.00158260
      0.00156847
      0.00220435
      0.00258617
      0.00269286
      0.00269361
      0.00258096
      0.00217809
      0.00155324
      0.00164724
      0.00228675
      0.00263019
      0.00271934
      0.00271416
      0.00259051
      0.00216431
      0.00154799
      0.00170438
      0.00234207
      0.00266401
      0.00274382
      0.00273554
      0.00260567
      0.00216607
      0.00155492
      0.00174562
      0.00238193
      0.00269225
      0.00276701
      0.00275725
      0.00262464
      0.00217834
      0.00156834
      0.00177524
      0.00241187
      0.00271690
      0.00278918
      0.00277896
      0.00264606
      0.00219771
      0.00158550
      0.00179643
      0.00243499
      0.00273900
      0.00281043
      0.00280039
      0.00266883
      0.00222153
      0.00160485
      0.00181172
      0.00245339
      0.00275916
      0.00283082
      0.00282133
      0.00269206
      0.00224772
      0.00162536
      0.00182319
      0.00246859
      0.00277785
      0.00285038
      0.00284163
      0.00271508
      0.00227471
      0.00164626
      0.00183239
      0.00248171
      0.00279536
      0.00286912
      0.00286117
      0.00273744
      0.00230141
      0.00166702
      0.00184037
      0.00249353
      0.00281192
      0.00288704
      0.00287988
      0.00275887
      0.00232719
      0.00168725
      0.00184777
      0.00250454
      0.00282765
      0.00290416
      0.00289773
      0.00277926
      0.00235171
      0.00170672
      0.00185492
      0.00251500
      0.00284263
      0.00292047
      0.00291470
      0.00279855
      0.00237486
      0.00172531
      0.00186193
      0.00252502
      0.00285688
      0.00293596
      0.00293080
      0.00281674
      0.00239660
      0.00174297
      0.00186882
      0.00253463
      0.00287042
      0.00295065
      0.00294601
      0.00283387
      0.00241700
      0.00175969
      0.00187553
      0.00254380
      0.00288323
      0.00296452
      0.00296036
      0.00284997
      0.00243613
      0.00177550
      0.00188199
      0.00255249
      0.00289531
      0.00297757
      0.00297385
      0.00286506
      0.00245405
      0.00179043
      0.00188812
      0.00256064
      0.00290664
      0.00298981
      0.00298648
      0.00287919
      0.00247087
      0.00180451
      0.00189383
      0.00256818
      0.00291719
      0.00300123
      0.00299826
      0.00289239
      0.00248666
      0.00181783
      0.00189902
      0.00257503
      0.00292694
      0.00301183
      0.00300920
      0.00290470
      0.00250157
      0.00183046
      0.00190358
      0.00258108
      0.00293585
      0.00302159
      0.00301931
      0.00291620
      0.00251578
      0.00184256
      0.00190731
      0.00258615
      0.00294386
      0.00303050
      0.00302859
      0.00292698
      0.00252962
      0.00185443
      0.00190988
      0.00258991
      0.00295086
      0.00303853
      0.00303706
      0.00293724
      0.00254368
      0.00186660
      0.00191073
      0.00259178
      0.00295663
      0.00304561
      0.00304474
      0.00294732
      0.00255906
      0.00188016
      0.00190878
      0.00259060
      0.00296075
      0.00305162
      0.00305165
      0.00295783
      0.00257788
      0.00189730
      0.00190203
      0.00258406
      0.00296236
      0.00305630
      0.00305782
      0.00296989
      0.00260411
      0.00192270
      0.00188689
      0.00256746
      0.00295967
      0.00305910
      0.00306318
      0.00298531
      0.00264497
      0.00196656
      0.00185761
      0.00253082
      0.00294871
      0.00305891
      0.00306733
      0.00300604
      0.00271138
      0.00205074
      0.00180978
      0.00245353
      0.00292057
      0.00305383
      0.00306929
      0.00303069
      0.00280762
      0.00220585
      0.00176440
      0.00230582
      0.00285832
      0.00304231
      0.00307060
      0.00305061
      0.00289775
      0.00239368
      0.00178641
      0.00212063
      0.00276000
      0.00302257
      0.00307348
      0.00306346
      0.00294889
      0.00251936
      0.00185173
      0.00199575
      0.00267186
      0.00300030
      0.00307369
      0.00307057
      0.00297772
      0.00259882
      0.00191664
      0.00191869
      0.00260095
      0.00297841
      0.00307066
      0.00307358
      0.00299953
      0.00266935
      0.00199271
      0.00185371
      0.00252221
      0.00294987
      0.00306359
      0.00307335
      0.00302163
      0.00275659
      0.00211528
      0.00178802
      0.00239855
      0.00289966
      0.00305080
      0.00307037
      0.00304146
      0.00285516
      0.00229941
      0.00176342
      0.00221171
      0.00281056
      0.00303101
      0.00306886
      0.00305308
      0.00291874
      0.00244960
      0.00180762
      0.00205392
      0.00271343
      0.00300620
      0.00306684
      0.00305823
      0.00294758
      0.00252870
      0.00185597
      0.00196767
      0.00264577
      0.00298511
      0.00306261
      0.00305843
      0.00295881
      0.00256621
      0.00188580
      0.00192274
      0.00260404
      0.00296939
      0.00305714
      0.00305557
      0.00296158
      0.00258320
      0.00190126
      0.00189679
      0.00257726
      0.00295709
      0.00305086
      0.00305082
      0.00295996
      0.00258989
      0.00190816
      0.00187931
      0.00255809
      0.00294639
      0.00304384
      0.00304472
      0.00295578
      0.00259111
      0.00191017
      0.00186554
      0.00254246
      0.00293617
      0.00303606
      0.00303754
      0.00294994
      0.00258922
      0.00190932
      0.00185321
      0.00252821
      0.00292577
      0.00302748
      0.00302942
      0.00294285
      0.00258540
      0.00190671
      0.00184122
      0.00251422
      0.00291486
      0.00301810
      0.00302041
      0.00293475
      0.00258026
      0.00190293
      0.00182900
      0.00249987
      0.00290325
      0.00300788
      0.00301055
      0.00292574
      0.00257412
      0.00189830
      0.00181628
      0.00248484
      0.00289082
      0.00299684
      0.00299985
      0.00291588
      0.00256716
      0.00189301
      0.00180289
      0.00246894
      0.00287752
      0.00298496
      0.00298833
      0.00290521
      0.00255948
      0.00188718
      0.00178875
      0.00245207
      0.00286330
      0.00297223
      0.00297598
      0.00289376
      0.00255115
      0.00188086
      0.00177382
      0.00243414
      0.00284814
      0.00295865
      0.00296282
      0.00288153
      0.00254218
      0.00187411
      0.00175808
      0.00241512
      0.00283202
      0.00294422
      0.00294885
      0.00286851
      0.00253258
      0.00186693
      0.00174156
      0.00239502
      0.00281494
      0.00292895
      0.00293405
      0.00285470
      0.00252227
      0.00185923
      0.00172431
      0.00237390
      0.00279693
      0.00291283
      0.00291845
      0.00284006
      0.00251113
      0.00185087
      0.00170647
      0.00235194
      0.00277805
      0.00289589
      0.00290202
      0.00282449
      0.00249886
      0.00184150
      0.00168828
      0.00232949
      0.00275843
      0.00287817
      0.00288477
      0.00280788
      0.00248500
      0.00183049
      0.00167011
      0.00230717
      0.00273834
      0.00285972
      0.00286669
      0.00279000
      0.00246875
      0.00181686
      0.00165257
      0.00228601
      0.00271819
      0.00284067
      0.00284776
      0.00277049
      0.00244888
      0.00179904
      0.00163660
      0.00226760
      0.00269863
      0.00282117
      0.00282794
      0.00274878
      0.00242349
      0.00177476
      0.00162375
      0.00225430
      0.00268063
      0.00280146
      0.00280714
      0.00272387
      0.00238943
      0.00174069
      0.00161675
      0.00224965
      0.00266558
      0.00278193
      0.00278515
      0.00269384
      0.00234107
      0.00169205
      0.00162111
      0.00225910
      0.00265551
      0.00276310
      0.00276136
      0.00265432
      0.00226713
      0.00162265
      0.00164899
      0.00229121
      0.00265322
      0.00274559
      0.00273362
      0.00259444
      0.00214450
      0.00153131
      0.00172633
      0.00235665
      0.00266081
      0.00272861
      0.00269472
      0.00248988
      0.00194152
      0.00145569
      0.00188613
      0.00245255
      0.00267209
      0.00270569
      0.00263145
      0.00232108
      0.00168877
      0.00148858
      0.00208980
      0.00252719
      0.00263424
      0.00253760
      0.00211435
      0.00101115
      0.00000000
