      0.00000000
     -0.70716546
     -0.92486601
     -1.07633868
     -1.20479584
     -1.37043651
     -1.66337897
     -2.25436852
      3.11948267
      2.51572959
      2.21747913
      2.05047415
      1.91906149
      1.74606756
      1.43251553
      0.79827478
     -0.10622019
     -0.66694984
     -0.94479857
     -1.10316564
     -1.23286401
     -1.41025301
     -1.73683946
     -2.39663293
      2.98943763
      2.45241919
      2.18552972
      2.03182022
      1.90297595
      1.72301225
      1.38891751
      0.71507758
     -0.17649130
     -0.70088787
     -0.96199739
     -1.11317847
     -1.24144111
     -1.42254276
     -1.76016740
     -2.44036152
      2.95428061
      2.43553194
      2.17700796
      2.02706285
      1.89929063
      1.71810617
      1.37976872
      0.69844096
     -0.18922136
     -0.70692935
     -0.96496736
     -1.11452855
     -1.24186778
     -1.42243310
     -1.75961582
     -2.43866624
      2.95625726
      2.43659128
      2.17766704
      2.02792098
      1.90094980
      1.72140665
      1.38647734
      0.71172784
     -0.17796125
     -0.70139010
     -0.96203623
     -1.11232664
     -1.23900184
     -1.41734402
     -1.74949496
     -2.41894362
      2.97279999
      2.44468104
      2.18187358
      2.03083765
      1.90439009
      1.72728102
      1.39805168
      0.73421266
     -0.15898851
     -0.69212403
     -0.95725828
     -1.10912791
     -1.23540444
     -1.41133037
     -1.73771667
     -2.39605116
      2.99233052
      2.45422147
      2.18676599
      2.03404758
      1.90789955
      1.73306978
      1.40934057
      0.75619473
     -0.13999380
     -0.68283677
     -0.95251488
     -1.10605559
     -1.23210507
     -1.40593547
     -1.72722950
     -2.37558185
      3.01025078
      2.46299495
      2.19123315
      2.03691623
      1.91094493
      1.73802154
      1.41894398
      0.77498577
     -0.12333299
     -0.67466737
     -0.94836525
     -1.10340637
     -1.22931319
     -1.40141131
     -1.71846943
     -2.35839940
      3.02566828
      2.47056715
      2.19507237
      2.03935748
      1.91350592
      1.74216396
      1.42695695
      0.79073847
     -0.10904119
     -0.66763616
     -0.94480507
     -1.10114864
     -1.22695103
     -1.39759303
     -1.71108674
     -2.34385570
      3.03899796
      2.47713626
      2.19839593
      2.04146188
      1.91570511
      1.74572003
      1.43383333
      0.80431020
     -0.09648612
     -0.66143796
     -0.94166954
     -1.09916375
     -1.22487564
     -1.39423220
     -1.70458308
     -2.33099760
      3.05099466
      2.48306985
      2.20140020
      2.04336706
      1.91770331
      1.74896596
      1.44012470
      0.81676871
     -0.08477036
     -0.65563097
     -0.93872224
     -1.09728504
     -1.22289058
     -1.39098908
     -1.69827934
     -2.31849422
      3.06284032
      2.48895680
      2.20440262
      2.04530129
      1.91977646
      1.75238573
      1.44680174
      0.83003650
     -0.07210713
     -0.64931561
     -0.93547471
     -1.09515454
     -1.22055302
     -1.38707762
     -1.69059437
     -2.30318988
      3.07756782
      2.49633554
      2.20824207
      2.04788594
      1.92270295
      1.75737030
      1.45666632
      0.84973744
     -0.05294526
     -0.63966122
     -0.93038224
     -1.09162604
     -1.21642374
     -1.37992112
     -1.67633781
     -2.27460971
      3.10581641
      2.51065693
      2.21588505
      2.05330719
      1.92920772
      1.76878748
      1.47950990
      0.89577067
     -0.00621565
     -0.61580554
     -0.91757735
     -1.08245686
     -1.20532727
     -1.36034779
     -1.63712741
     -2.19501447
     -3.09268391
      2.55429898
      2.23922134
      2.06979588
      1.94880714
      1.80313357
      1.54811430
      1.03635861
      0.15646703
     -0.53043320
     -0.87278246
     -1.05243392
     -1.17209489
     -1.30394531
     -1.52565203
     -1.96476963
     -2.78758125
      2.72207815
      2.32408693
      2.12087836
      1.99608368
      1.87542635
      1.68646923
      1.32127162
      0.59611993
     -0.26248710
     -0.74139180
     -0.98107614
     -1.11987731
     -1.23889132
     -1.41015333
     -1.73171725
     -2.38057230
      3.00885269
      2.46329242
      2.19267256
      2.04116456
      1.92113579
      1.75987520
      1.46462591
      0.86774587
     -0.03368344
     -0.62910166
     -0.92363590
     -1.08462324
     -1.20467667
     -1.35652164
     -1.62796718
     -2.17527728
     -3.06956873
      2.56665819
      2.24609139
      2.07520994
      1.95616426
      1.81689491
      1.57607010
      1.09467527
      0.23420439
     -0.48797117
     -0.85130675
     -1.03947286
     -1.15995236
     -1.28510866
     -1.48938498
     -1.88979026
     -2.66656203
      2.79662368
      2.36017085
      2.13967087
      2.00830174
      1.88863422
      1.70850022
      1.36492627
      0.67586811
     -0.20300805
     -0.71287448
     -0.96701211
     -1.11230583
     -1.23321636
     -1.40281882
     -1.71841806
     -2.35564972
      3.03010343
      2.47319781
      2.19689105
      2.04207928
      1.91926864
      1.75433402
      1.45236775
      0.84236850
     -0.05958217
     -0.64290717
     -0.93197869
     -1.09230531
     -1.21636936
     -1.37894895
     -1.67375683
     -2.26900407
      3.11141971
      2.51324477
      2.21688002
      2.05340931
      1.92863074
      1.76741142
      1.47673639
      0.89010439
     -0.01257982
     -0.61958847
     -0.92032810
     -1.08567224
     -1.21084582
     -1.37116344
     -1.65916594
     -2.24021843
      3.14054586
      2.52776941
      2.22416626
      2.05760805
      1.93221321
      1.77257994
      1.48653794
      0.90956541
      0.00743666
     -0.60956998
     -0.91527093
     -1.08270862
     -1.20823338
     -1.36728330
     -1.65170448
     -2.22531754
     -3.12714611
      2.53554501
      2.22811854
      2.05996456
      1.93435665
      1.77584803
      1.49289941
      0.92233049
      0.02081993
     -0.60283940
     -0.91182917
     -1.08062763
     -1.20629581
     -1.36427387
     -1.64579635
     -2.21341904
     -3.11457841
      2.54187620
      2.23137009
      2.06194895
      1.93623044
      1.77878966
      1.49870348
      0.93405105
      0.03329144
     -0.59654704
     -0.90858883
     -1.07863956
     -1.20440588
     -1.36129238
     -1.63989914
     -2.20148523
     -3.10178163
      2.54834230
      2.23470474
      2.06399987
      1.93818357
      1.78187417
      1.50480937
      0.94642902
      0.04667367
     -0.58977490
     -0.90509449
     -1.07648961
     -1.20236190
     -1.35806925
     -1.63352053
     -2.18853408
     -3.08765765
      2.55550073
      2.23839764
      2.06626884
      1.94033055
      1.78524754
      1.51147848
      0.95998926
      0.06159658
     -0.58220041
     -0.90119051
     -1.07409894
     -1.20011835
     -1.35456497
     -1.62660404
     -2.17445336
     -3.07201895
      2.56344846
      2.24248704
      2.06875813
      1.94263558
      1.78881488
      1.51850319
      0.97430399
      0.07763501
     -0.57404393
     -0.89700516
     -1.07157681
     -1.19783376
     -1.35108101
     -1.61976531
     -2.16051178
     -3.05628604
      2.57144465
      2.24657239
      2.07117726
      1.94474304
      1.79194533
      1.52461898
      0.98676240
      0.09173485
     -0.56690533
     -0.89338566
     -1.06950665
     -1.19617482
     -1.34876110
     -1.61527477
     -2.15140331
     -3.04608818
      2.57653167
      2.24910371
      2.07248718
      1.94551161
      1.79272192
      1.52604405
      0.98954170
      0.09440552
     -0.56577523
     -0.89293380
     -1.06960953
     -1.19699245
     -1.35067552
     -1.61916821
     -2.15960716
     -3.05648610
      2.57081164
      2.24596315
      2.06996059
      1.94200777
      1.78628520
      1.51322274
      0.96292635
      0.06258614
     -0.58264327
     -0.90195069
     -1.07615238
     -1.20501700
     -1.36477262
     -1.64716644
     -2.21738633
     -3.12259288
      2.53632914
      2.22752197
      2.05672802
      1.92608965
      1.75852636
      1.45791042
      0.84973387
     -0.05819388
     -0.64468887
     -0.93556092
     -1.10090218
     -1.23558822
     -1.41869865
     -1.75556057
     -2.43442995
      2.95561561
      2.43278795
      2.17014742
      2.01232047
      1.86841289
      1.65470865
      1.24647526
      0.45338676
     -0.36753408
     -0.79857414
     -1.02279526
     -1.17169690
     -1.33152446
     -1.59436695
     -2.11668338
     -3.01212017
      2.58922391
      2.24984330
      2.06258204
      1.92397980
      1.76827497
      1.54921954
      0.00000000
