             NaN
      1.54439339
      1.76209393
      1.91356660
      2.04202376
      2.20766442
      2.50060687
      3.09159638
     -2.28225492
     -1.67850188
     -1.38025144
     -1.21324648
     -1.08183385
     -0.90883994
     -0.59528793
      0.03895271
      0.94344744
      1.50417701
      1.78202571
      1.94039274
      2.07009107
      2.24748003
      2.57406644
     -3.04932557
     -2.15221118
     -1.61519285
     -1.34830343
     -1.19459398
     -1.06574977
     -0.88578613
     -0.55169145
      0.12214824
      1.01371664
      1.53811307
      1.79922253
      1.95040354
      2.07866610
      2.25976767
      2.59739222
     -3.00559927
     -2.11705669
     -1.59830818
     -1.33978429
     -1.18983927
     -1.06206716
     -0.88088278
     -0.54254543
      0.13878194
      1.02644355
      1.54415134
      1.80218925
      1.95175032
      2.07908943
      2.25965463
      2.59683723
     -3.00729810
     -2.11903712
     -1.59937139
     -1.34044727
     -1.19070135
     -1.06373032
     -0.88418730
     -0.54925813
      0.12549085
      1.01517898
      1.53860754
      1.79925353
      1.94954378
      2.07621880
      2.25456083
      2.58671160
     -3.02702562
     -2.13558502
     -1.60746642
     -1.34465912
     -1.19362338
     -1.06717602
     -0.89006713
     -0.56083798
      0.10300040
      0.99620033
      1.52933545
      1.79446952
      1.94633893
      2.07261524
      2.24854096
      2.57492704
     -3.04992447
     -2.15512224
     -1.61701364
     -1.34955838
     -1.19684021
     -1.07069244
     -0.89586290
     -0.57213394
      0.08101113
      0.97719811
      1.52004057
      1.78971844
      1.94325888
      2.06930806
      2.24313820
      2.56443195
     -3.07040183
     -2.17305088
     -1.62579563
     -1.35403411
     -1.19971749
     -1.07374651
     -0.90082341
     -0.58174615
      0.06221114
      0.96052802
      1.51186174
      1.78555932
      1.94060010
      2.06650657
      2.23860436
      2.55566214
     -3.08759417
     -2.18847862
     -1.63337822
     -1.35788377
     -1.20216925
     -1.07631809
     -0.90497649
     -0.58976985
      0.04644758
      0.94622498
      1.50481914
      1.78198769
      1.93833085
      2.06413281
      2.23477440
      2.54826771
     -3.10214976
     -2.20182057
     -1.63995975
     -1.36121983
     -1.20428622
     -1.07852992
     -0.90854529
     -0.59665903
      0.03286290
      0.93365656
      1.49860743
      1.77883857
      1.93633230
      2.06204368
      2.23139975
      2.54175016
     -3.11502192
     -2.21383173
     -1.64590798
     -1.36423881
     -1.20620619
     -1.08054299
     -0.91180616
     -0.60296542
      0.02038919
      0.92192521
      1.49278467
      1.77587542
      1.93443766
      2.06004259
      2.22814053
      2.53543024
     -3.12754165
     -2.22569415
     -1.65181188
     -1.36725825
     -1.20815753
     -1.08263335
     -0.91524323
     -0.60965983
      0.00710387
      0.90924402
      1.48645116
      1.77260965
      1.93228884
      2.05768662
      2.22421057
      2.52772669
      3.14032059
     -2.24044082
     -1.65920999
     -1.37111716
     -1.21076172
     -1.08557947
     -0.92024751
     -0.61954420
     -0.01261700
      0.89006178
      1.47677617
      1.76749651
      1.92873957
      2.05353649
      2.21703312
      2.51344910
      3.11171928
     -2.26871097
     -1.67355321
     -1.37878205
     -1.21620496
     -1.09210633
     -0.93168688
     -0.64241005
     -0.05867254
      0.84330944
      1.45289745
      1.75466848
      1.91954717
      2.04241670
      2.19743638
      2.47421522
      3.03210063
     -2.35341974
     -1.71721948
     -1.40214267
     -1.23271807
     -1.11173027
     -0.96605759
     -0.71103913
     -0.19928492
      0.68060217
      1.36749975
      1.70984809
      1.88949867
      2.00915866
      2.14100810
      2.36271396
      2.80183035
     -2.65854738
     -1.88502503
     -1.48703489
     -1.28382722
     -1.15903356
     -1.03837727
     -0.84942108
     -0.48422450
      0.24092396
      1.09952637
      1.57842962
      1.81811304
      1.95691319
      2.07592612
      2.24718714
      2.56875008
     -3.06558283
     -2.17182778
     -1.62626939
     -1.35565048
     -1.20414352
     -1.08411587
     -0.92285631
     -0.62760801
     -0.03073028
      0.87069347
      1.46610938
      1.76064262
      1.92162889
      2.04168118
      2.19352506
      2.46496960
      3.01227769
     -2.37662180
     -1.72966625
     -1.40910051
     -1.23822014
     -1.11917565
     -0.97990744
     -0.73908366
     -0.25769048
      0.60277509
      1.32494699
      1.68828138
      1.87644641
      1.99692469
      2.12207978
      2.32635502
      2.72675898
     -2.77965894
     -1.95966425
     -1.52321290
     -1.30271400
     -1.17134608
     -1.05167982
     -0.87154694
     -0.52797417
      0.16108050
      1.03995081
      1.54981531
      1.80395186
      1.94924437
      2.07015364
      2.23975493
      2.55535303
     -3.09060365
     -2.19317776
     -1.63627445
     -1.35996881
     -1.20515823
     -1.08234887
     -0.91741544
     -0.61545031
     -0.00545387
      0.89649032
      1.47981274
      1.76888313
      1.92920855
      2.05327131
      2.21584970
      2.51065644
      3.10590097
     -2.27452940
     -1.67635721
     -1.37999361
     -1.21652411
     -1.09174683
     -0.93052873
     -0.63985483
     -0.05322550
      0.84945204
      1.45645783
      1.75719631
      1.92253924
      2.04771152
      2.20802793
      2.49602928
      3.07707914
     -2.30369187
     -1.69091835
     -1.38731636
     -1.22075936
     -1.09536582
     -0.93573377
     -0.64969291
     -0.07272298
      0.82939902
      1.44640269
      1.75210247
      1.91953896
      2.04506242
      2.20411113
      2.48853118
      3.06214168
     -2.31922181
     -1.69873064
     -1.39130533
     -1.22315254
     -1.09754591
     -0.93903850
     -0.65609100
     -0.08552460
      0.81597923
      1.43963552
      1.74862415
      1.91742143
      2.04308834
      2.20106522
      2.48258659
      3.05020681
     -2.33182581
     -1.70509816
     -1.39459318
     -1.22517320
     -1.09945593
     -0.94201632
     -0.66193122
     -0.09728121
      0.80347179
      1.43330724
      1.74534792
      1.91539752
      2.04116262
      2.19804798
      2.47665368
      3.03823743
     -2.34465799
     -1.71159963
     -1.39796316
     -1.22725938
     -1.10144427
     -0.94513598
     -0.66807220
     -0.10969412
      0.79005485
      1.42650044
      1.74181898
      1.91321304
      2.03908418
      2.19479045
      2.47024074
      3.02525212
     -2.35881584
     -1.71879185
     -1.40168978
     -1.22956200
     -1.10362481
     -0.94854283
     -0.67477472
     -0.12328758
      0.77509908
      1.41889319
      1.73788231
      1.91078977
      2.03680813
      2.19125376
      2.46329194
      3.01113929
     -2.37448623
     -1.72677114
     -1.40581065
     -1.23208267
     -1.10596111
     -0.95214135
     -0.68183051
     -0.13763315
      0.75903029
      1.41070651
      1.73366685
      1.90823765
      2.03449366
      2.18774003
      2.45642353
      2.99716829
     -2.39024802
     -1.73479601
     -1.40992458
     -1.23453024
     -1.10809689
     -0.95530000
     -0.68797438
     -0.15011940
      0.74490321
      1.40354092
      1.73002049
      1.90614075
      2.03280811
      2.18539365
      2.45190665
      2.98803372
     -2.40047130
     -1.73990815
     -1.41248089
     -1.23586503
     -1.10889018
     -0.95610117
     -0.68942390
     -0.15292288
      0.74220907
      1.40238772
      1.72954566
      1.90622080
      2.03360308
      2.18728555
      2.45577770
      2.99621543
     -2.39009476
     -1.73420906
     -1.40936110
     -1.23335906
     -1.10540680
     -0.94968475
     -0.67662276
     -0.12632748
      0.77400933
      1.41923716
      1.73854413
      1.91274537
      2.04160952
      2.20136471
      2.48375813
      3.05397700
     -2.32400471
     -1.69974266
     -1.39093585
     -1.22014227
     -1.08950428
     -0.92194134
     -0.62132571
     -0.01315014
      0.89477518
      1.48126930
      1.77214107
      1.93748205
      2.07216781
      2.25527798
      2.59213964
     -3.01217725
     -2.11903930
     -1.59621214
     -1.33357180
     -1.17574505
     -1.03183766
     -0.81813359
     -0.40990042
      0.38318715
      1.20410700
      1.63514685
      1.85936786
      2.00826939
      2.16809684
      2.43093924
      2.95325551
     -2.43449359
     -1.75265266
     -1.41327210
     -1.22601088
     -1.08740867
     -0.93170386
     -0.71264843
      0.00000000
