      0.00000000
      0.00000788
      0.00003616
      0.00008729
      0.00015176
      0.00021475
      0.00026687
      0.00030672
      0.00033749
      0.00036325
      0.00038714
      0.00041095
      0.00043542
      0.00046066
      0.00048649
      0.00051268
      0.00053903
      0.00056539
      0.00059169
      0.00061789
      0.00064398
      0.00066995
      0.00069581
      0.00072156
      0.00074719
      0.00077271
      0.00079811
      0.00082340
      0.00084858
      0.00087364
      0.00089858
      0.00092341
      0.00094813
      0.00097273
      0.00099722
      0.00102160
      0.00104586
      0.00107002
      0.00109406
      0.00111799
      0.00114180
      0.00116551
      0.00118911
      0.00121259
      0.00123597
      0.00125923
      0.00128239
      0.00130543
      0.00132836
      0.00135119
      0.00137390
      0.00139650
      0.00141899
      0.00144138
      0.00146365
      0.00148581
      0.00150786
      0.00152981
      0.00155164
      0.00157336
      0.00159497
      0.00161648
      0.00163787
      0.00165915
      0.00168032
      0.00170138
      0.00172234
      0.00174318
      0.00176391
      0.00178453
      0.00180504
      0.00182545
      0.00184574
      0.00186592
      0.00188599
      0.00190595
      0.00192581
      0.00194555
      0.00196518
      0.00198470
      0.00200412
      0.00202342
      0.00204261
      0.00206169
      0.00208066
      0.00209953
      0.00211828
      0.00213692
      0.00215545
      0.00217388
      0.00219219
      0.00221039
      0.00222848
      0.00224647
      0.00226434
      0.00228210
      0.00229975
      0.00231730
      0.00233473
      0.00235205
      0.00236927
      0.00238637
      0.00240336
      0.00242024
      0.00243702
      0.00245368
      0.00247023
      0.00248668
      0.00250301
      0.00251923
      0.00253534
      0.00255135
      0.00256724
      0.00258302
      0.00259870
      0.00261426
      0.00262971
      0.00264506
      0.00266029
      0.00267541
      0.00269043
      0.00270533
      0.00272012
      0.00273481
      0.00274938
      0.00276384
      0.00277820
      0.00279244
      0.00280658
      0.00282060
      0.00283451
      0.00284832
      0.00286201
      0.00287559
      0.00288907
      0.00290243
      0.00291569
      0.00292883
      0.00294186
      0.00295479
      0.00296760
      0.00298031
      0.00299290
      0.00300538
      0.00301776
      0.00303002
      0.00304218
      0.00305422
      0.00306615
      0.00307798
      0.00308969
      0.00310130
      0.00311279
      0.00312418
      0.00313545
      0.00314662
      0.00315767
      0.00316861
      0.00317945
      0.00319017
      0.00320079
      0.00321129
      0.00322169
      0.00323197
      0.00324215
      0.00325221
      0.00326217
      0.00327201
      0.00328175
      0.00329137
      0.00330089
      0.00331029
      0.00331959
      0.00332877
      0.00333785
      0.00334681
      0.00335567
      0.00336441
      0.00337305
      0.00338157
      0.00338999
      0.00339829
      0.00340649
      0.00341457
      0.00342255
      0.00343041
      0.00343817
      0.00344581
      0.00345335
      0.00346078
      0.00346809
      0.00347530
      0.00348239
      0.00348938
      0.00349625
      0.00350302
      0.00350967
      0.00351622
      0.00352266
      0.00352898
      0.00353520
      0.00354130
      0.00354730
      0.00355319
      0.00355896
      0.00356463
      0.00357018
      0.00357563
      0.00358096
      0.00358619
      0.00359131
      0.00359631
      0.00360121
      0.00360600
      0.00361067
      0.00361524
      0.00361969
      0.00362404
      0.00362828
      0.00363240
      0.00363642
      0.00364033
      0.00364412
      0.00364781
      0.00365139
      0.00365485
      0.00365821
      0.00366147
      0.00366463
      0.00366772
      0.00367077
      0.00367389
      0.00367732
      0.00368157
      0.00368774
      0.00369801
      0.00371615
      0.00374703
      0.00379140
      0.00382684
      0.00376445
      0.00343649
      0.00295561
      0.00308900
      0.00358693
      0.00381390
      0.00383149
      0.00379213
      0.00375777
      0.00374160
      0.00374381
      0.00376452
      0.00380278
      0.00384069
      0.00380334
      0.00352751
      0.00302519
      0.00302289
      0.00352489
      0.00380238
      0.00384042
      0.00380254
      0.00376408
      0.00374314
      0.00374068
      0.00375657
      0.00379066
      0.00383004
      0.00381349
      0.00358940
      0.00309241
      0.00295114
      0.00342982
      0.00376092
      0.00382500
      0.00378986
      0.00374531
      0.00371418
      0.00369583
      0.00368540
      0.00367909
      0.00367472
      0.00367118
      0.00366795
      0.00366479
      0.00366160
      0.00365833
      0.00365497
      0.00365150
      0.00364792
      0.00364424
      0.00364045
      0.00363654
      0.00363253
      0.00362841
      0.00362418
      0.00361983
      0.00361538
      0.00361082
      0.00360614
      0.00360136
      0.00359647
      0.00359147
      0.00358635
      0.00358113
      0.00357580
      0.00357036
      0.00356480
      0.00355914
      0.00355337
      0.00354749
      0.00354149
      0.00353539
      0.00352918
      0.00352285
      0.00351642
      0.00350988
      0.00350323
      0.00349646
      0.00348959
      0.00348261
      0.00347552
      0.00346831
      0.00346100
      0.00345358
      0.00344605
      0.00343840
      0.00343065
      0.00342279
      0.00341482
      0.00340673
      0.00339854
      0.00339024
      0.00338183
      0.00337331
      0.00336467
      0.00335593
      0.00334708
      0.00333812
      0.00332904
      0.00331986
      0.00331057
      0.00330117
      0.00329165
      0.00328203
      0.00327230
      0.00326246
      0.00325251
      0.00324244
      0.00323227
      0.00322199
      0.00321160
      0.00320109
      0.00319048
      0.00317976
      0.00316893
      0.00315799
      0.00314693
      0.00313577
      0.00312450
      0.00311312
      0.00310162
      0.00309002
      0.00307831
      0.00306649
      0.00305456
      0.00304251
      0.00303036
      0.00301810
      0.00300573
      0.00299324
      0.00298065
      0.00296795
      0.00295514
      0.00294222
      0.00292918
      0.00291604
      0.00290279
      0.00288943
      0.00287596
      0.00286237
      0.00284868
      0.00283488
      0.00282097
      0.00280695
      0.00279281
      0.00277857
      0.00276422
      0.00274976
      0.00273519
      0.00272050
      0.00270571
      0.00269081
      0.00267580
      0.00266068
      0.00264544
      0.00263010
      0.00261465
      0.00259909
      0.00258342
      0.00256763
      0.00255174
      0.00253574
      0.00251963
      0.00250341
      0.00248707
      0.00247063
      0.00245408
      0.00243742
      0.00242065
      0.00240377
      0.00238677
      0.00236967
      0.00235246
      0.00233514
      0.00231771
      0.00230016
      0.00228251
      0.00226475
      0.00224688
      0.00222890
      0.00221080
      0.00219260
      0.00217429
      0.00215587
      0.00213734
      0.00211870
      0.00209994
      0.00208108
      0.00206211
      0.00204303
      0.00202384
      0.00200454
      0.00198512
      0.00196560
      0.00194597
      0.00192623
      0.00190638
      0.00188642
      0.00186634
      0.00184616
      0.00182587
      0.00180547
      0.00178496
      0.00176434
      0.00174361
      0.00172276
      0.00170181
      0.00168075
      0.00165958
      0.00163830
      0.00161691
      0.00159541
      0.00157379
      0.00155207
      0.00153024
      0.00150830
      0.00148625
      0.00146409
      0.00144182
      0.00141944
      0.00139695
      0.00137434
      0.00135163
      0.00132881
      0.00130588
      0.00128284
      0.00125969
      0.00123643
      0.00121306
      0.00118958
      0.00116599
      0.00114229
      0.00111848
      0.00109456
      0.00107053
      0.00104639
      0.00102214
      0.00099778
      0.00097331
      0.00094873
      0.00092404
      0.00089924
      0.00087433
      0.00084931
      0.00082417
      0.00079893
      0.00077358
      0.00074812
      0.00072255
      0.00069687
      0.00067108
      0.00064517
      0.00061914
      0.00059299
      0.00056673
      0.00054040
      0.00051405
      0.00048783
      0.00046194
      0.00043662
      0.00041204
      0.00038809
      0.00036405
      0.00033812
      0.00030720
      0.00026722
      0.00021499
      0.00015191
      0.00008737
      0.00003619
      0.00000789
      0.00000000
