      0.00000000
      1.18072546
      1.45822349
      1.65525493
      1.79491787
      1.89375635
      1.96229098
      2.00791384
      2.03657114
      2.05332715
      2.06236294
      2.06685181
      2.06895231
      2.06996237
      2.07056108
      2.07104692
      2.07151927
      2.07199242
      2.07245526
      2.07289633
      2.07331054
      2.07369840
      2.07406334
      2.07440938
      2.07473991
      2.07505716
      2.07536234
      2.07565579
      2.07593739
      2.07620673
      2.07646332
      2.07670672
      2.07693660
      2.07715277
      2.07735516
      2.07754385
      2.07771902
      2.07788097
      2.07803005
      2.07816668
      2.07829129
      2.07840438
      2.07850643
      2.07859792
      2.07867935
      2.07875118
      2.07881388
      2.07886789
      2.07891363
      2.07895151
      2.07898191
      2.07900519
      2.07902169
      2.07903175
      2.07903565
      2.07903370
      2.07902617
      2.07901330
      2.07899535
      2.07897254
      2.07894508
      2.07891318
      2.07887702
      2.07883680
      2.07879268
      2.07874483
      2.07869339
      2.07863851
      2.07858033
      2.07851898
      2.07845459
      2.07838727
      2.07831713
      2.07824429
      2.07816883
      2.07809087
      2.07801048
      2.07792777
      2.07784280
      2.07775567
      2.07766644
      2.07757520
      2.07748201
      2.07738693
      2.07729004
      2.07719139
      2.07709104
      2.07698905
      2.07688548
      2.07678037
      2.07667377
      2.07656574
      2.07645632
      2.07634555
      2.07623348
      2.07612014
      2.07600559
      2.07588985
      2.07577296
      2.07565497
      2.07553590
      2.07541578
      2.07529466
      2.07517256
      2.07504951
      2.07492554
      2.07480068
      2.07467496
      2.07454840
      2.07442103
      2.07429288
      2.07416397
      2.07403432
      2.07390395
      2.07377290
      2.07364117
      2.07350880
      2.07337580
      2.07324219
      2.07310800
      2.07297323
      2.07283792
      2.07270207
      2.07256571
      2.07242885
      2.07229152
      2.07215372
      2.07201547
      2.07187679
      2.07173769
      2.07159820
      2.07145831
      2.07131806
      2.07117744
      2.07103648
      2.07089520
      2.07075359
      2.07061168
      2.07046948
      2.07032700
      2.07018425
      2.07004124
      2.06989800
      2.06975452
      2.06961082
      2.06946691
      2.06932281
      2.06917852
      2.06903405
      2.06888941
      2.06874462
      2.06859968
      2.06845461
      2.06830941
      2.06816410
      2.06801867
      2.06787315
      2.06772754
      2.06758185
      2.06743609
      2.06729027
      2.06714440
      2.06699848
      2.06685252
      2.06670654
      2.06656053
      2.06641452
      2.06626850
      2.06612248
      2.06597648
      2.06583050
      2.06568454
      2.06553862
      2.06539274
      2.06524690
      2.06510113
      2.06495542
      2.06480978
      2.06466421
      2.06451873
      2.06437335
      2.06422806
      2.06408287
      2.06393780
      2.06379284
      2.06364801
      2.06350331
      2.06335874
      2.06321432
      2.06307005
      2.06292593
      2.06278197
      2.06263818
      2.06249457
      2.06235113
      2.06220788
      2.06206481
      2.06192195
      2.06177928
      2.06163683
      2.06149459
      2.06135256
      2.06121076
      2.06106919
      2.06092786
      2.06078676
      2.06064591
      2.06050531
      2.06036497
      2.06022488
      2.06008507
      2.05994552
      2.05980625
      2.05966726
      2.05952856
      2.05939014
      2.05925203
      2.05911421
      2.05897670
      2.05883951
      2.05870263
      2.05856609
      2.05842990
      2.05829413
      2.05815887
      2.05802441
      2.05789137
      2.05776125
      2.05763758
      2.05752877
      2.05745470
      2.05746224
      2.05766147
      2.05830881
      2.05999454
      2.06405325
      2.07342117
      2.09430735
      2.13915359
      2.23137849
      2.41294777
      2.75805175
     -2.91457909
     -2.16348724
     -1.64842044
     -1.36825319
     -1.22226978
     -1.14864846
     -1.11214480
     -1.09246309
     -1.07707934
     -1.05563845
     -1.01476088
     -0.93227891
     -0.76961333
     -0.45901171
      0.10303456
      0.86128076
      1.42493998
      1.73663257
      1.89989940
      1.98270242
      2.02373805
      2.04523743
      2.06060398
      2.08017895
      2.11642897
      2.18953540
      2.33454350
      2.61292284
      3.12512398
     -2.40783716
     -1.79440892
     -1.44712209
     -1.26433551
     -1.17144666
     -1.12624918
     -1.10518249
     -1.09572122
     -1.09161069
     -1.08989169
     -1.08921882
     -1.08899691
     -1.08896742
     -1.08901939
     -1.08910553
     -1.08920582
     -1.08931180
     -1.08941989
     -1.08952860
     -1.08963728
     -1.08974568
     -1.08985368
     -1.08996122
     -1.09006828
     -1.09017486
     -1.09028094
     -1.09038652
     -1.09049160
     -1.09059617
     -1.09070022
     -1.09080376
     -1.09090678
     -1.09100928
     -1.09111126
     -1.09121270
     -1.09131361
     -1.09141398
     -1.09151382
     -1.09161311
     -1.09171185
     -1.09181003
     -1.09190767
     -1.09200474
     -1.09210125
     -1.09219720
     -1.09229257
     -1.09238737
     -1.09248160
     -1.09257524
     -1.09266829
     -1.09276075
     -1.09285262
     -1.09294389
     -1.09303456
     -1.09312463
     -1.09321408
     -1.09330292
     -1.09339114
     -1.09347873
     -1.09356570
     -1.09365204
     -1.09373774
     -1.09382279
     -1.09390721
     -1.09399097
     -1.09407408
     -1.09415652
     -1.09423830
     -1.09431942
     -1.09439986
     -1.09447961
     -1.09455869
     -1.09463707
     -1.09471476
     -1.09479174
     -1.09486802
     -1.09494359
     -1.09501844
     -1.09509256
     -1.09516595
     -1.09523861
     -1.09531053
     -1.09538170
     -1.09545211
     -1.09552176
     -1.09559065
     -1.09565876
     -1.09572608
     -1.09579262
     -1.09585836
     -1.09592330
     -1.09598742
     -1.09605073
     -1.09611320
     -1.09617485
     -1.09623564
     -1.09629559
     -1.09635467
     -1.09641288
     -1.09647022
     -1.09652666
     -1.09658220
     -1.09663684
     -1.09669055
     -1.09674334
     -1.09679518
     -1.09684607
     -1.09689600
     -1.09694495
     -1.09699292
     -1.09703988
     -1.09708584
     -1.09713076
     -1.09717465
     -1.09721748
     -1.09725925
     -1.09729993
     -1.09733952
     -1.09737799
     -1.09741533
     -1.09745153
     -1.09748655
     -1.09752040
     -1.09755305
     -1.09758448
     -1.09761467
     -1.09764359
     -1.09767124
     -1.09769759
     -1.09772260
     -1.09774628
     -1.09776857
     -1.09778947
     -1.09780895
     -1.09782698
     -1.09784352
     -1.09785856
     -1.09787207
     -1.09788400
     -1.09789433
     -1.09790303
     -1.09791006
     -1.09791539
     -1.09791897
     -1.09792077
     -1.09792075
     -1.09791887
     -1.09791507
     -1.09790932
     -1.09790156
     -1.09789176
     -1.09787984
     -1.09786577
     -1.09784948
     -1.09783092
     -1.09781002
     -1.09778672
     -1.09776094
     -1.09773263
     -1.09770170
     -1.09766807
     -1.09763168
     -1.09759242
     -1.09755021
     -1.09750496
     -1.09745657
     -1.09740493
     -1.09734993
     -1.09729146
     -1.09722940
     -1.09716362
     -1.09709398
     -1.09702035
     -1.09694257
     -1.09686048
     -1.09677392
     -1.09668270
     -1.09658665
     -1.09648556
     -1.09637922
     -1.09626740
     -1.09614986
     -1.09602636
     -1.09589662
     -1.09576036
     -1.09561726
     -1.09546700
     -1.09530922
     -1.09514356
     -1.09496960
     -1.09478693
     -1.09459507
     -1.09439353
     -1.09418177
     -1.09395922
     -1.09372525
     -1.09347920
     -1.09322035
     -1.09294790
     -1.09266101
     -1.09235876
     -1.09204016
     -1.09170411
     -1.09134944
     -1.09097487
     -1.09057899
     -1.09016027
     -1.08971703
     -1.08924744
     -1.08874947
     -1.08822089
     -1.08765921
     -1.08706167
     -1.08642515
     -1.08574609
     -1.08502042
     -1.08424334
     -1.08340922
     -1.08251141
     -1.08154218
     -1.08049298
     -1.07935525
     -1.07812222
     -1.07679177
     -1.07536979
     -1.07387187
     -1.07231741
     -1.07070563
     -1.06895682
     -1.06679890
     -1.06358529
     -1.05805424
     -1.04808193
     -1.03052125
     -1.00120246
     -0.95505547
     -0.88611469
     -0.78696285
     -0.64705703
     -0.44984235
     -0.17223059
      0.00000000
