      0.00000000
     -0.07998761
     -0.35775790
     -0.55522855
     -0.69547410
     -0.79506458
     -0.86457426
     -0.91145577
     -0.94170191
     -0.96039108
     -0.97167747
     -0.97867183
     -0.98344984
     -0.98722305
     -0.99059284
     -0.99379460
     -0.99688060
     -0.99983268
     -1.00261976
     -1.00522042
     -1.00762747
     -1.00984518
     -1.01188489
     -1.01376133
     -1.01549018
     -1.01708671
     -1.01856510
     -1.01993827
     -1.02121779
     -1.02241393
     -1.02353581
     -1.02459146
     -1.02558792
     -1.02653136
     -1.02742718
     -1.02828007
     -1.02909415
     -1.02987302
     -1.03061981
     -1.03133728
     -1.03202786
     -1.03269371
     -1.03333672
     -1.03395859
     -1.03456084
     -1.03514482
     -1.03571178
     -1.03626282
     -1.03679895
     -1.03732110
     -1.03783010
     -1.03832673
     -1.03881171
     -1.03928568
     -1.03974926
     -1.04020301
     -1.04064744
     -1.04108304
     -1.04151026
     -1.04192952
     -1.04234121
     -1.04274570
     -1.04314333
     -1.04353442
     -1.04391927
     -1.04429817
     -1.04467139
     -1.04503917
     -1.04540175
     -1.04575935
     -1.04611218
     -1.04646044
     -1.04680432
     -1.04714399
     -1.04747962
     -1.04781138
     -1.04813941
     -1.04846385
     -1.04878484
     -1.04910251
     -1.04941698
     -1.04972836
     -1.05003677
     -1.05034232
     -1.05064510
     -1.05094520
     -1.05124272
     -1.05153775
     -1.05183037
     -1.05212066
     -1.05240869
     -1.05269453
     -1.05297826
     -1.05325993
     -1.05353962
     -1.05381738
     -1.05409328
     -1.05436736
     -1.05463967
     -1.05491028
     -1.05517922
     -1.05544655
     -1.05571231
     -1.05597654
     -1.05623928
     -1.05650058
     -1.05676046
     -1.05701898
     -1.05727615
     -1.05753202
     -1.05778661
     -1.05803996
     -1.05829210
     -1.05854306
     -1.05879286
     -1.05904153
     -1.05928910
     -1.05953558
     -1.05978101
     -1.06002541
     -1.06026879
     -1.06051118
     -1.06075260
     -1.06099307
     -1.06123261
     -1.06147123
     -1.06170896
     -1.06194580
     -1.06218178
     -1.06241691
     -1.06265121
     -1.06288468
     -1.06311735
     -1.06334923
     -1.06358033
     -1.06381066
     -1.06404023
     -1.06426906
     -1.06449716
     -1.06472454
     -1.06495120
     -1.06517716
     -1.06540243
     -1.06562701
     -1.06585092
     -1.06607417
     -1.06629676
     -1.06651869
     -1.06673999
     -1.06696065
     -1.06718068
     -1.06740009
     -1.06761889
     -1.06783708
     -1.06805466
     -1.06827165
     -1.06848805
     -1.06870387
     -1.06891910
     -1.06913376
     -1.06934785
     -1.06956138
     -1.06977434
     -1.06998675
     -1.07019860
     -1.07040991
     -1.07062067
     -1.07083089
     -1.07104057
     -1.07124971
     -1.07145833
     -1.07166642
     -1.07187398
     -1.07208102
     -1.07228754
     -1.07249355
     -1.07269903
     -1.07290401
     -1.07310848
     -1.07331244
     -1.07351589
     -1.07371884
     -1.07392129
     -1.07412324
     -1.07432470
     -1.07452565
     -1.07472611
     -1.07492608
     -1.07512555
     -1.07532454
     -1.07552303
     -1.07572104
     -1.07591856
     -1.07611560
     -1.07631215
     -1.07650821
     -1.07670380
     -1.07689890
     -1.07709352
     -1.07728766
     -1.07748132
     -1.07767450
     -1.07786721
     -1.07805944
     -1.07825118
     -1.07844246
     -1.07863326
     -1.07882358
     -1.07901343
     -1.07920280
     -1.07939170
     -1.07958012
     -1.07976807
     -1.07995555
     -1.08014255
     -1.08032909
     -1.08051515
     -1.08070073
     -1.08088585
     -1.08107050
     -1.08125468
     -1.08143840
     -1.08162169
     -1.08180458
     -1.08198719
     -1.08216977
     -1.08235294
     -1.08253819
     -1.08272900
     -1.08293372
     -1.08317207
     -1.08349068
     -1.08399911
     -1.08495281
     -1.08694031
     -1.09129309
     -1.10094239
     -1.12208991
     -1.16716855
     -1.25958947
     -1.44131849
     -1.78656864
     -2.39734251
      3.13445544
      2.61920811
      2.33889720
      2.19274636
      2.11892292
      2.08218769
      2.06225633
      2.04661799
      2.02493087
      1.98382822
      1.90115271
      1.73832833
      1.42758723
      0.86534978
      0.10681481
     -0.45703561
     -0.76886627
     -0.93228906
     -1.01528111
     -1.05653547
     -1.07827299
     -1.09388459
     -1.11369873
     -1.15016956
     -1.22346781
     -1.36863398
     -1.64714784
     -2.15951583
     -2.91001309
      2.75954018
      2.41211916
      2.22918742
      2.13612146
      2.09071502
      2.06941450
      2.05970271
      2.05533169
      2.05334681
      2.05240546
      2.05191408
      2.05161500
      2.05139769
      2.05121513
      2.05104741
      2.05088612
      2.05072774
      2.05057077
      2.05041458
      2.05025893
      2.05010368
      2.04994881
      2.04979428
      2.04964009
      2.04948624
      2.04933271
      2.04917952
      2.04902665
      2.04887410
      2.04872188
      2.04856998
      2.04841840
      2.04826713
      2.04811619
      2.04796556
      2.04781523
      2.04766522
      2.04751552
      2.04736613
      2.04721703
      2.04706824
      2.04691975
      2.04677155
      2.04662365
      2.04647604
      2.04632872
      2.04618168
      2.04603493
      2.04588845
      2.04574226
      2.04559634
      2.04545069
      2.04530531
      2.04516019
      2.04501534
      2.04487074
      2.04472640
      2.04458231
      2.04443847
      2.04429487
      2.04415151
      2.04400838
      2.04386549
      2.04372282
      2.04358038
      2.04343815
      2.04329614
      2.04315434
      2.04301274
      2.04287135
      2.04273014
      2.04258913
      2.04244830
      2.04230765
      2.04216717
      2.04202686
      2.04188671
      2.04174671
      2.04160687
      2.04146716
      2.04132760
      2.04118816
      2.04104885
      2.04090965
      2.04077056
      2.04063157
      2.04049268
      2.04035387
      2.04021514
      2.04007648
      2.03993788
      2.03979934
      2.03966083
      2.03952236
      2.03938392
      2.03924550
      2.03910708
      2.03896865
      2.03883021
      2.03869175
      2.03855324
      2.03841469
      2.03827609
      2.03813741
      2.03799864
      2.03785978
      2.03772081
      2.03758172
      2.03744249
      2.03730311
      2.03716357
      2.03702384
      2.03688392
      2.03674379
      2.03660343
      2.03646282
      2.03632195
      2.03618080
      2.03603935
      2.03589758
      2.03575547
      2.03561300
      2.03547015
      2.03532691
      2.03518323
      2.03503911
      2.03489452
      2.03474943
      2.03460382
      2.03445766
      2.03431092
      2.03416358
      2.03401560
      2.03386696
      2.03371762
      2.03356756
      2.03341673
      2.03326510
      2.03311264
      2.03295930
      2.03280506
      2.03264986
      2.03249366
      2.03233643
      2.03217811
      2.03201866
      2.03185803
      2.03169616
      2.03153301
      2.03136851
      2.03120262
      2.03103526
      2.03086637
      2.03069589
      2.03052375
      2.03034988
      2.03017419
      2.02999662
      2.02981708
      2.02963549
      2.02945174
      2.02926576
      2.02907743
      2.02888665
      2.02869332
      2.02849732
      2.02829853
      2.02809682
      2.02789205
      2.02768409
      2.02747279
      2.02725798
      2.02703951
      2.02681720
      2.02659086
      2.02636030
      2.02612531
      2.02588567
      2.02564114
      2.02539148
      2.02513643
      2.02487569
      2.02460899
      2.02433599
      2.02405635
      2.02376972
      2.02347570
      2.02317388
      2.02286381
      2.02254501
      2.02221695
      2.02187909
      2.02153083
      2.02117151
      2.02080042
      2.02041682
      2.02001986
      2.01960863
      2.01918216
      2.01873936
      2.01827903
      2.01779988
      2.01730046
      2.01677918
      2.01623426
      2.01566373
      2.01506540
      2.01443681
      2.01377519
      2.01307747
      2.01234013
      2.01155925
      2.01073036
      2.00984839
      2.00890754
      2.00790117
      2.00682164
      2.00566025
      2.00440717
      2.00305192
      2.00158425
      1.99999615
      1.99828493
      1.99645692
      1.99452938
      1.99252504
      1.99044853
      1.98822794
      1.98560158
      1.98193573
      1.97598283
      1.96563261
      1.94774810
      1.91816372
      1.87180668
      1.80270342
      1.70342640
      1.56342364
      1.36613591
      1.08847886
      0.00000000
