      0.00000000
      0.00000000
      0.00000000
      0.00000000
      0.00000000
      0.00000000
      0.00000000
      0.00000000
      0.00000000
      0.00000000
      0.00000000
      0.00000000
      0.00000000
      0.00000000
      0.00000000
      0.00000000
      0.00000000
      0.00000000
      0.00000000
      0.00000000
      0.00000000
      0.00000000
      0.00000000
      0.00000000
      0.00000000
      0.00000000
      0.00000000
      0.00000000
      0.00000000
      0.00000000
      0.00000000
      0.00000000
      0.00000000
      0.00000000
      0.00000000
      0.00000000
      0.00000000
      0.00000000
      0.00000000
      0.00000000
      0.00000000
      0.00000000
      0.00000000
      0.00000000
      0.00000000
      0.00000000
      0.00000000
      0.00000000
      0.00000000
      0.00000000
      0.00000000
      0.00000000
      0.00000000
      0.00000000
      0.00000000
      0.00000000
      0.00000000
      0.00000000
      0.00000000
      0.00000000
      0.00000000
      0.00000000
      0.00000000
      0.00000000
      0.00000000
      0.00000000
      0.00000000
      0.00000000
      0.00000000
      0.00000000
      0.00000000
      0.00000000
      0.00000000
      0.00000000
      0.00000000
      0.00000000
      0.00000000
      0.00000000
      0.00000000
      0.00000000
      0.00000000
      0.00000000
      0.00000000
      0.00000000
      0.00000000
      0.00000000
      0.00000000
      0.00000000
      0.00000000
      0.00000000
      0.00000000
      0.00000000
      0.00000000
      0.00000000
      0.00000000
      0.00000000
      0.00000000
      0.00000000
      0.00000000
      0.00000000
      0.00000000
      0.00000000
      0.00000000
      0.00000000
      0.00000000
      0.00000000
      0.00000000
      0.00000000
      0.00000000
      0.00000000
      0.00000000
      0.00000000
      0.00000000
      0.00000000
      0.00000000
      0.00000000
      0.00000000
      0.00000000
      0.00000000
      0.00000000
      0.00000000
      0.00000000
      0.00000000
      0.00000000
      0.00000000
      0.00000000
      0.00000000
      0.00000000
      0.00000000
      0.00000000
      0.00000000
      0.00000000
      0.00000000
      0.00000000
      0.00000000
      0.00000000
      0.00000000
      0.00000000
      0.00000000
      0.00000000
      0.00000000
      0.00000000
      0.00000000
      0.00000000
      0.00000001
      0.00000006
      0.00000029
      0.00000115
      0.00000398
      0.00001200
      0.00003194
      0.00007562
      0.00015838
      0.00028916
      0.00045788
      0.00063825
      0.00080588
      0.00095174
      0.00108489
      0.00122723
      0.00139671
      0.00158900
      0.00178267
      0.00195897
      0.00210946
      0.00223423
      0.00234496
      0.00246760
      0.00262442
      0.00280884
      0.00299393
      0.00315929
      0.00329750
      0.00340873
      0.00350361
      0.00360876
      0.00374989
      0.00392196
      0.00409611
      0.00425017
      0.00437662
      0.00447538
      0.00455580
      0.00464410
      0.00476856
      0.00492682
      0.00508931
      0.00523211
      0.00534714
      0.00543401
      0.00550081
      0.00557277
      0.00568015
      0.00582379
      0.00597419
      0.00610573
      0.00620949
      0.00628478
      0.00633849
      0.00639453
      0.00648463
      0.00661305
      0.00675105
      0.00687129
      0.00696387
      0.00702776
      0.00706876
      0.00710925
      0.00718197
      0.00729473
      0.00741999
      0.00752890
      0.00761034
      0.00766294
      0.00769153
      0.00771685
      0.00777218
      0.00786887
      0.00798111
      0.00807863
      0.00814895
      0.00819033
      0.00820676
      0.00821724
      0.00825525
      0.00833554
      0.00843446
      0.00852049
      0.00857972
      0.00860994
      0.00861440
      0.00861039
      0.00863118
      0.00869479
      0.00878007
      0.00885452
      0.00890265
      0.00892175
      0.00891441
      0.00889625
      0.00889997
      0.00894664
      0.00901798
      0.00908074
      0.00911777
      0.00912576
      0.00910676
      0.00907476
      0.00906162
      0.00909116
      0.00914822
      0.00919916
      0.00922506
      0.00922197
      0.00919143
      0.00914588
      0.00911612
      0.00912836
      0.00917084
      0.00920979
      0.00922455
      0.00921038
      0.00916839
      0.00910958
      0.00906345
      0.00905829
      0.00908586
      0.00911264
      0.00911623
      0.00909097
      0.00903762
      0.00896581
      0.00890361
      0.00888098
      0.00889332
      0.00890773
      0.00890009
      0.00886375
      0.00879908
      0.00871453
      0.00863657
      0.00859645
      0.00859325
      0.00859507
      0.00857614
      0.00852870
      0.00845277
      0.00835570
      0.00826231
      0.00820475
      0.00818571
      0.00817468
      0.00814438
      0.00808582
      0.00799865
      0.00788927
      0.00778081
      0.00770589
      0.00767073
      0.00764657
      0.00760481
      0.00753508
      0.00743668
      0.00731520
      0.00719204
      0.00709992
      0.00704838
      0.00701078
      0.00695740
      0.00687647
      0.00676684
      0.00663342
      0.00649596
      0.00638687
      0.00631872
      0.00626732
      0.00620213
      0.00610992
      0.00598904
      0.00584385
      0.00569253
      0.00556681
      0.00548185
      0.00541622
      0.00533896
      0.00523534
      0.00510315
      0.00494636
      0.00478172
      0.00463983
      0.00453791
      0.00445750
      0.00436775
      0.00425250
      0.00410888
      0.00394069
      0.00376343
      0.00360611
      0.00348712
      0.00339114
      0.00328816
      0.00316079
      0.00300552
      0.00282627
      0.00263767
      0.00246638
      0.00233045
      0.00221767
      0.00210014
      0.00195987
      0.00179280
      0.00160392
      0.00140798
      0.00122711
      0.00107410
      0.00093859
      0.00079817
      0.00063878
      0.00046446
      0.00029683
      0.00016327
      0.00007737
      0.00003214
      0.00001189
      0.00000391
      0.00000113
      0.00000028
      0.00000006
      0.00000001
      0.00000000
      0.00000000
      0.00000000
      0.00000000
      0.00000000
      0.00000000
      0.00000000
      0.00000000
      0.00000000
      0.00000000
      0.00000000
      0.00000000
      0.00000000
      0.00000000
      0.00000000
      0.00000000
      0.00000000
      0.00000000
      0.00000000
      0.00000000
      0.00000000
      0.00000000
      0.00000000
      0.00000000
      0.00000000
      0.00000000
      0.00000000
      0.00000000
      0.00000000
      0.00000000
      0.00000000
      0.00000000
      0.00000000
      0.00000000
      0.00000000
      0.00000000
      0.00000000
      0.00000000
      0.00000000
      0.00000000
      0.00000000
      0.00000000
      0.00000000
      0.00000000
      0.00000000
      0.00000000
      0.00000000
      0.00000000
      0.00000000
      0.00000000
      0.00000000
      0.00000000
      0.00000000
      0.00000000
      0.00000000
      0.00000000
      0.00000000
      0.00000000
      0.00000000
      0.00000000
      0.00000000
      0.00000000
      0.00000000
      0.00000000
      0.00000000
      0.00000000
      0.00000000
      0.00000000
      0.00000000
      0.00000000
      0.00000000
      0.00000000
      0.00000000
      0.00000000
      0.00000000
      0.00000000
      0.00000000
      0.00000000
      0.00000000
      0.00000000
      0.00000000
      0.00000000
      0.00000000
      0.00000000
      0.00000000
      0.00000000
      0.00000000
      0.00000000
      0.00000000
      0.00000000
      0.00000000
      0.00000000
      0.00000000
      0.00000000
      0.00000000
      0.00000000
      0.00000000
      0.00000000
      0.00000000
      0.00000000
      0.00000000
      0.00000000
      0.00000000
      0.00000000
      0.00000000
      0.00000000
      0.00000000
      0.00000000
      0.00000000
      0.00000000
      0.00000000
      0.00000000
      0.00000000
      0.00000000
      0.00000000
      0.00000000
      0.00000000
      0.00000000
      0.00000000
      0.00000000
      0.00000000
      0.00000000
      0.00000000
      0.00000000
      0.00000000
      0.00000000
      0.00000000
      0.00000000
      0.00000000
      0.00000000
      0.00000000
      0.00000000
      0.00000000
      0.00000000
      0.00000000
      0.00000000
      0.00000000
      0.00000000
      0.00000000
      0.00000000
      0.00000000
      0.00000000
      0.00000000
      0.00000000
