      0.00000000
     -2.53176384
     -2.14113883
     -1.75051381
     -1.35988878
     -0.96926375
     -0.57863871
     -0.18801367
      0.20261137
      0.59323641
      0.98386145
      1.37448649
      1.76511154
      2.15573658
      2.54636162
      2.93698667
     -2.95557359
     -2.56494855
     -2.17432350
     -1.78369846
     -1.39307341
     -1.00244836
     -0.61182332
     -0.22119827
      0.16942678
      0.56005183
      0.95067687
      1.34130192
      1.73192697
      2.12255202
      2.51317707
      2.90380212
     -2.98875813
     -2.59813308
     -2.20750803
     -1.81688298
     -1.42625793
     -1.03563287
     -0.64500782
     -0.25438276
      0.13624229
      0.52686735
      0.91749240
      1.30811746
      1.69874251
      2.08936757
      2.47999263
      2.87061769
     -3.02194256
     -2.63131750
     -2.24069244
     -1.85006738
     -1.45944232
     -1.06881725
     -0.67819219
     -0.28756713
      0.10305794
      0.49368300
      0.88430807
      1.27493314
      1.66555820
      2.05618327
      2.44680834
      2.83743341
     -3.05512682
     -2.66450175
     -2.27387668
     -1.88325160
     -1.49262653
     -1.10200145
     -0.71137637
     -0.32075129
      0.06987379
      0.46049887
      0.85112395
      1.24174904
      1.63237413
      2.02299921
      2.41362430
      2.80424939
     -3.08831082
     -2.69768572
     -2.30706063
     -1.91643553
     -1.52581043
     -1.13518532
     -0.74456021
     -0.35393511
      0.03669001
      0.42731512
      0.81794024
      1.20856536
      1.59919049
      1.98981562
      2.38044075
      2.77106589
     -3.12149428
     -2.73086913
     -2.34024398
     -1.94961882
     -1.55899366
     -1.16836849
     -0.77774331
     -0.38711813
      0.00350706
      0.39413226
      0.78475746
      1.17538268
      1.56600790
      1.95663313
      2.34725838
      2.73788363
      3.12850889
     -2.76405115
     -2.37342586
     -1.98280057
     -1.59217526
     -1.20154994
     -0.81092461
     -0.42029927
     -0.02967392
      0.36095145
      0.75157684
      1.14220223
      1.53282764
      1.92345306
      2.31407850
      2.70470395
      3.09532941
     -2.79723041
     -2.40660492
     -2.01597941
     -1.62535389
     -1.23472835
     -0.84410279
     -0.45347722
     -0.06285163
      0.32777397
      0.71839959
      1.10902523
      1.49965088
      1.89027656
      2.28090225
      2.67152797
      3.06215370
     -2.83040587
     -2.43978023
     -2.04915464
     -1.65852710
     -1.26788776
     -0.87721552
     -0.48651840
     -0.09598448
      0.29382179
      0.68211403
      1.06871021
      1.45492603
      1.84340925
      2.23660573
      2.63472977
      3.03473130
     -2.85175482
     -2.46266860
     -2.08173673
     -1.70491177
     -1.32532793
     -0.93688830
     -0.53807936
     -0.13362781
      0.26786983
      0.65915364
      1.03860946
      1.41114652
      1.78572189
      2.17076934
      2.56923754
      2.97607236
     -2.90233914
     -2.50892969
     -2.12961236
     -1.75933763
     -1.38800782
     -1.00556603
     -0.60773614
     -0.19937686
      0.20798618
      0.60347025
      0.98326214
      1.35223677
      1.72115718
      2.10129469
      2.49815735
      2.90738451
     -2.96636484
     -2.56888048
     -2.18823473
     -1.81993949
     -1.45288409
     -1.07486798
     -0.67923536
     -0.26964429
      0.14146452
      0.54088202
      0.92265593
      1.29072980
      1.65632853
      2.03236509
      2.42656442
      2.83611516
     -3.03462072
     -2.63333843
     -2.25022778
     -1.88201266
     -1.51753705
     -1.14335160
     -0.75074031
     -0.34156650
      0.07193043
      0.47500050
      0.85960840
      1.22826514
      1.59190703
      1.96436922
      2.35527866
      2.76378820
     -3.10512272
     -2.70035510
     -2.31412803
     -1.94477344
     -1.58170317
     -1.21083032
     -0.82170062
     -0.41410406
      0.00069161
      0.40705070
      0.79498563
      1.16526070
      1.52800388
      1.89743098
      2.28473582
      2.69120311
      3.10627264
     -2.76908567
     -2.37938456
     -2.00799385
     -1.64534506
     -1.27720823
     -0.89174128
     -0.48658623
     -0.07147865
      0.33765864
      0.72903888
      1.10134310
      1.46346835
      1.83057048
      2.21809614
      2.62995346
      3.04665665
     -2.83933366
     -2.46542932
     -2.10299811
     -1.73646984
     -1.35375872
     -0.95137981
     -0.53691173
     -0.12566169
      0.26878062
      0.64339342
      1.00666105
      1.37270931
      1.75388908
      2.15465817
      2.56847788
      2.98051696
     -2.90647637
     -2.53021453
     -2.16628013
     -1.80083808
     -1.42121687
     -1.02214994
     -0.60918849
     -0.19658855
      0.20125353
      0.57924967
      0.94406233
      1.30912584
      1.68732169
      2.08464820
      2.49654727
      2.90945680
     -2.97436976
     -2.59457568
     -2.22867129
     -1.86373668
     -1.48680195
     -1.09122852
     -0.68059131
     -0.26764614
      0.13306083
      0.51469577
      0.88191224
      1.24699644
      1.62287018
      2.01670392
      2.42588059
      2.83855878
     -3.04277942
     -2.65928038
     -2.29051624
     -1.92496343
     -1.54990590
     -1.15777126
     -0.75025968
     -0.33819022
      0.06454174
      0.44991098
      0.82048824
      1.18688957
      1.56143563
      1.95194136
      2.35756614
      2.76862795
     -3.11125526
     -2.72402082
     -2.35130781
     -1.98357970
     -1.60915150
     -1.22016904
     -0.81668921
     -0.40712217
     -0.00364291
      0.38545684
      0.76074229
      1.13045097
      1.50530646
      1.89292652
      2.29393954
      2.70138840
      3.10455385
     -2.78760374
     -2.40904606
     -2.03632520
     -1.66016442
     -1.27359760
     -0.87544894
     -0.47093370
     -0.06863702
      0.32471552
      0.70807703
      1.08596330
      1.46525448
      1.85134199
      2.24555003
      2.64492845
      3.04445628
     -2.84302056
     -2.45215046
     -2.06447091
     -1.67741179
     -1.28923678
     -0.89966659
     -0.50927690
     -0.11863140
      0.27202985
      0.66266783
      1.05329444
      1.44391860
      1.83454266
      2.22516684
      2.61579108
      3.00641535
     -2.88614567
     -2.49552136
     -2.10489703
     -1.71427268
     -1.32364832
     -0.93302393
     -0.54239953
     -0.15177512
      0.23884932
      0.62947376
      1.02009823
      1.41072271
      1.80134720
      2.19197171
      2.58259623
      2.97322077
     -2.91933998
     -2.52871541
     -2.13809083
     -1.74746624
     -1.35684163
     -0.96621701
     -0.57559237
     -0.18496772
      0.20565694
      0.59628162
      0.98690630
      1.37753100
      1.76815571
      2.15878043
      2.54940517
      2.94002991
     -2.95253065
     -2.56190588
     -2.17128111
     -1.78065633
     -1.39003154
     -0.99940674
     -0.60878194
     -0.21815713
      0.17246769
      0.56309252
      0.95371735
      1.34434219
      1.73496704
      2.12559188
      2.51621674
      2.90684160
     -2.98571884
     -2.59509398
     -2.20446911
     -1.81384423
     -1.42321935
     -1.03259447
     -0.64196958
     -0.25134470
      0.13928020
      0.52990509
      0.92052998
      1.31115488
      1.70177978
      2.09240469
      2.48302959
      2.87365450
     -3.01890590
     -2.62828099
     -2.23765608
     -1.84703117
     -1.45640625
     -1.06578134
     -0.67515642
     -0.28453150
      0.10609342
      0.49671834
      0.88734326
      1.27796819
      1.66859311
      2.05921804
      2.44984296
      2.84046789
     -3.05209249
     -2.66146756
     -2.27084263
     -1.88021770
     -1.48959276
     -1.09896783
     -0.70834290
     -0.31771796
      0.07290697
      0.46353191
      0.85415685
      1.24478178
      1.63540672
      2.02603166
      2.41665660
      2.80728154
     -3.08527883
     -2.69465388
     -2.30402894
     -1.91340400
     -1.52277906
     -1.13215411
     -0.74152917
     -0.35090422
      0.03972072
      0.43034567
      0.82097061
      1.21159556
      1.60222051
      1.99284545
      2.38347040
      2.77409535
     -3.11846501
     -2.72784006
     -2.33721511
     -1.94659016
     -1.55596521
     -1.16534026
     -0.77471531
     -0.38409036
      0.00653460
      0.39715955
      0.78778450
      1.17840945
      1.56903441
      1.95965936
      2.35028431
      2.74090927
      3.13153422
     -2.76102613
     -2.37040117
     -1.97977622
     -1.58915126
     -1.19852630
     -0.80790134
     -0.41727638
     -0.02665142
      0.36397355
      0.75459852
      1.14522350
      1.53584848
      0.00000000
