      0.00000000
     -0.61218124
     -1.00167687
     -1.39192535
     -1.78316661
     -2.17505975
     -2.56687159
     -2.95790300
      2.93528311
      2.54596947
      2.15659117
      1.76642039
      1.37517403
      0.98319353
      0.59126191
      0.20014885
     -0.18984473
     -0.57906678
     -0.96831872
     -1.35840123
     -1.74965062
     -2.14172652
     -2.53379157
     -2.92499747
      2.96819792
      2.57907620
      2.18996531
      1.79998338
      1.40873349
      1.01655298
      0.62433864
      0.23302683
     -0.15696180
     -0.54597309
     -0.93492580
     -1.32479268
     -1.71603993
     -2.10833574
     -2.50071795
     -2.89215115
      3.00104392
      2.61215484
      2.22338053
      1.83364595
      1.44240522
      1.04998161
      0.65740945
      0.26583635
     -0.12415914
     -0.51291205
     -0.90148381
     -1.29106529
     -1.68229454
     -2.07486080
     -2.46764946
     -2.85938496
      3.03379499
      2.64519495
      2.25685502
      1.86745214
      1.47624074
      1.08351400
      0.69047637
      0.29855072
     -0.09147049
     -0.47989732
     -0.86796933
     -1.25716184
     -1.64834703
     -2.04125602
     -2.43458297
     -2.82673368
      3.06640673
      2.67817824
      2.29041941
      1.90147764
      1.51032986
      1.11721158
      0.72354414
      0.33112354
     -0.05895578
     -0.44695445
     -0.83434231
     -1.22298091
     -1.61407565
     -2.00743708
     -2.40151134
     -2.79426165
      3.09879323
      2.71106271
      2.32412027
      1.93585534
      1.54483839
      1.15119294
      0.75662389
      0.36345831
     -0.02675617
     -0.41417804
     -0.80057999
     -1.18837110
     -1.57926343
     -1.97323508
     -2.36841594
     -2.76212621
      3.13069226
      2.74361256
      2.35787323
      1.97070421
      1.58002500
      1.18569143
      0.78974388
      0.39529805
      0.00466317
     -0.38204442
     -0.76695384
     -1.15328073
     -1.54360102
     -1.93832863
     -2.33525722
     -2.73071823
     -3.12179900
      2.77508609
      2.39125193
      2.00610567
      1.61638716
      1.22124242
      0.82301402
      0.42608909
      0.03424846
     -0.35162767
     -0.73401303
     -1.11740558
     -1.50605011
     -1.90156300
     -2.30159128
     -2.70080102
     -3.09407518
      2.80354308
      2.42319739
      2.04267243
      1.65622038
      1.26073922
      0.85809274
      0.45479948
      0.05827784
     -0.32771021
     -0.70496332
     -1.07974273
     -1.46021311
     -1.85309385
     -2.25964540
     -2.67301274
     -3.08074819
      2.81091226
      2.43814690
      2.07759344
      1.71592594
      1.33739833
      0.93144776
      0.50258005
      0.07270593
     -0.33367172
     -0.70762608
     -1.05865756
     -1.40682647
     -1.77373894
     -2.17336715
     -2.60222466
     -3.03682303
      2.83415391
      2.45642329
      2.10481522
      1.75893152
      1.39615817
      1.00098943
      0.57481971
      0.13959466
     -0.27582624
     -0.65698870
     -1.01032070
     -1.35551277
     -1.71550025
     -2.10700652
     -2.53063294
     -2.96613341
      2.89885354
      2.51444190
      2.15924816
      1.81439902
      1.45680747
      1.06870587
      0.64762649
      0.21207722
     -0.20867563
     -0.59629292
     -0.95349464
     -1.29825564
     -1.65370422
     -2.03853353
     -2.45698955
     -2.89235546
      2.96770921
      2.57689565
      2.21753711
      1.87263880
      1.51912386
      1.13747266
      0.72173679
      0.28679039
     -0.13851526
     -0.53251920
     -0.89417861
     -1.23942585
     -1.59120057
     -1.96975829
     -2.38267620
     -2.81696617
      3.03891746
      2.64173661
      2.27763997
      1.93184022
      1.58161750
      1.20606682
      0.79605708
      0.36265834
     -0.06644087
     -0.46677282
     -0.83343378
     -1.17998394
     -1.52884214
     -1.90147890
     -2.30850214
     -2.74077950
      3.11171767
      2.70827502
      2.33893295
      1.99143937
      1.64375707
      1.27393229
      0.86995971
      0.43902702
      0.00696812
     -0.39952914
     -0.77165795
     -1.12028324
     -1.46698005
     -1.83410442
     -2.23497755
     -2.66435119
     -3.09755428
      2.77615140
      2.40114206
      2.05120174
      1.70529810
      1.34075283
      0.94301187
      0.51540105
      0.08128720
     -0.33108635
     -0.70905754
     -1.06049092
     -1.40579541
     -1.76789242
     -2.16248476
     -2.58814124
     -3.02292730
      2.84509492
      2.46409350
      2.11099475
      1.76609399
      1.40630528
      1.01486178
      0.59133757
      0.15612103
     -0.26171189
     -0.64579864
     -1.00072901
     -1.34542247
     -1.70305153
     -2.09136199
     -2.51259072
     -2.94799489
      2.91482179
      2.52760795
      2.17068602
      1.82600262
      1.47037643
      1.08516759
      0.66638190
      0.23103192
     -0.19172520
     -0.58209488
     -0.94116212
     -1.28603350
     -1.63982137
     -2.02197500
     -2.43818634
     -2.87324355
      2.98495446
      2.59141221
      2.23005139
      1.88479273
      1.53267110
      1.15351207
      0.73999008
      0.30545864
     -0.12159221
     -0.51831409
     -0.88211334
     -1.22796135
     -1.57859654
     -1.95483443
     -2.36556760
     -2.79934805
      3.05489326
      2.65498930
      2.28860532
      1.94195932
      1.59262208
      1.21922143
      0.81136391
      0.37855000
     -0.05212097
     -0.45521611
     -0.82434449
     -1.17201292
     -1.52025220
     -1.89090442
     -2.29580348
     -2.72744546
      3.12348747
      2.71715716
      2.34508017
      1.99612425
      1.64876410
      1.28078262
      0.87894853
      0.44868097
      0.01493181
     -0.39479623
     -0.77017455
     -1.12081839
     -1.46758339
     -1.83291659
     -2.23141305
     -2.65994120
     -3.09513474
      2.77435904
      2.39444056
      2.04036520
      1.69248812
      1.32917761
      0.93566533
      0.51290604
      0.08040143
     -0.33671171
     -0.72650516
     -1.09447544
     -1.45503072
     -1.82264171
     -2.20663178
     -2.60829254
     -3.02027357
      2.85277592
      2.45407444
      2.06884502
      1.69230787
      1.31659804
      0.93443090
      0.54199888
      0.14082221
     -0.26280659
     -0.66154252
     -1.05147231
     -1.43386967
     -1.81371487
     -2.19682004
     -2.58703028
     -2.98429362
      2.89859946
      2.50089978
      2.10954628
      1.72443565
      1.34213955
      0.95801153
      0.56858754
      0.17337711
     -0.22481639
     -0.62154525
     -1.01344933
     -1.40013048
     -1.78407155
     -2.16906419
     -2.55817543
     -2.95212871
      2.93430895
      2.53838332
      2.14625518
      1.75856025
      1.37344067
      0.98774320
      0.59875052
      0.20563794
     -0.19005280
     -0.58531835
     -0.97752042
     -1.36591152
     -1.75191542
     -2.13819637
     -2.52717110
     -2.91969690
      2.96860073
      2.57388759
      2.18169478
      1.79281027
      1.40611952
      1.01934235
      0.63032323
      0.23821332
     -0.15605019
     -0.55029728
     -0.94243733
     -1.33168270
     -1.71892082
     -2.10612225
     -2.49521520
     -2.88702021
      3.00239697
      2.60854060
      2.21646664
      1.82694460
      1.43926166
      1.05170143
      0.66253059
      0.27096196
     -0.12240305
     -0.51593143
     -0.90793978
     -1.29768236
     -1.68573287
     -2.07359643
     -2.46284009
     -2.85421808
      3.03593735
      2.64268753
      2.25074125
      1.86081888
      1.47245993
      1.08433719
      0.69502665
      0.30380562
     -0.08894114
     -0.48195119
     -0.87383910
     -1.26391020
     -1.65253151
     -2.04087848
     -2.43025067
     -2.82134081
      3.06933999
      2.67653877
      2.28470579
      1.89451024
      1.50566320
      1.11712008
      0.72769072
      0.33671084
     -0.05558418
     -0.44820168
     -0.83998288
     -1.23028352
     -1.61932667
     -2.00804298
     -2.39752563
     -2.78841185
      3.10266117
      2.71020666
      2.31847439
      1.92808434
      1.53886946
      1.14999902
      0.76046647
      0.36966027
     -0.02229142
     -0.41460031
     -0.80628625
     -1.19675279
     -1.58611906
     -1.97512757
     -2.36470704
     -2.75544454
      3.13593106
      2.74375307
      2.35211108
      1.96157886
      1.57207838
      1.18294550
      0.79332174
      0.40264340
      0.01095985
     -0.38109988
     -0.77270007
     -1.16328886
     -1.55290882
     -1.94215430
     -2.33181999
     -2.72244729
     -3.11401831
      2.77721458
      2.38565422
      1.99501666
      1.60528656
      0.00000000
