      0.00000000
      0.00084284
      0.00188770
      0.00235460
      0.00247673
      0.00239662
      0.00211669
      0.00179735
      0.00185702
      0.00221322
      0.00247027
      0.00256250
      0.00254568
      0.00240075
      0.00208237
      0.00179684
      0.00193605
      0.00229671
      0.00252196
      0.00259238
      0.00255880
      0.00238770
      0.00204923
      0.00180958
      0.00201411
      0.00236871
      0.00256589
      0.00261873
      0.00256993
      0.00237458
      0.00202332
      0.00183334
      0.00208794
      0.00243054
      0.00260380
      0.00264247
      0.00257993
      0.00236291
      0.00200528
      0.00186417
      0.00215528
      0.00248352
      0.00263701
      0.00266430
      0.00258961
      0.00235393
      0.00199487
      0.00189847
      0.00221513
      0.00252898
      0.00266653
      0.00268478
      0.00259964
      0.00234850
      0.00199123
      0.00193338
      0.00226734
      0.00256812
      0.00269314
      0.00270433
      0.00261055
      0.00234706
      0.00199323
      0.00196685
      0.00231223
      0.00260199
      0.00271740
      0.00272322
      0.00262268
      0.00234980
      0.00199973
      0.00199754
      0.00235028
      0.00263139
      0.00273972
      0.00274167
      0.00263625
      0.00235671
      0.00200974
      0.00202466
      0.00238202
      0.00265694
      0.00276037
      0.00275978
      0.00265135
      0.00236766
      0.00202251
      0.00204780
      0.00240792
      0.00267907
      0.00277953
      0.00277760
      0.00266798
      0.00238248
      0.00203753
      0.00206680
      0.00242834
      0.00269807
      0.00279731
      0.00279514
      0.00268604
      0.00240093
      0.00205452
      0.00208173
      0.00244358
      0.00271414
      0.00281375
      0.00281234
      0.00270538
      0.00242277
      0.00207341
      0.00209279
      0.00245383
      0.00272736
      0.00282886
      0.00282913
      0.00272579
      0.00244775
      0.00209430
      0.00210031
      0.00245923
      0.00273774
      0.00284263
      0.00284541
      0.00274702
      0.00247559
      0.00211740
      0.00210475
      0.00245983
      0.00274521
      0.00285498
      0.00286107
      0.00276879
      0.00250597
      0.00214305
      0.00210668
      0.00245565
      0.00274964
      0.00286582
      0.00287596
      0.00279079
      0.00253857
      0.00217161
      0.00210682
      0.00244669
      0.00275083
      0.00287505
      0.00288998
      0.00281272
      0.00257298
      0.00220343
      0.00210606
      0.00243300
      0.00274852
      0.00288250
      0.00290296
      0.00283424
      0.00260870
      0.00223876
      0.00210545
      0.00241470
      0.00274244
      0.00288800
      0.00291479
      0.00285501
      0.00264515
      0.00227767
      0.00210621
      0.00239211
      0.00273230
      0.00289138
      0.00292532
      0.00287469
      0.00268162
      0.00231991
      0.00210963
      0.00236585
      0.00271792
      0.00289242
      0.00293444
      0.00289298
      0.00271734
      0.00236491
      0.00211693
      0.00233681
      0.00269919
      0.00289095
      0.00294205
      0.00290961
      0.00275158
      0.00241181
      0.00212905
      0.00230619
      0.00267618
      0.00288676
      0.00294803
      0.00292442
      0.00278371
      0.00245960
      0.00214656
      0.00227527
      0.00264904
      0.00287970
      0.00295230
      0.00293731
      0.00281333
      0.00250736
      0.00216963
      0.00224536
      0.00261798
      0.00286957
      0.00295474
      0.00294826
      0.00284023
      0.00255431
      0.00219816
      0.00221764
      0.00258318
      0.00285612
      0.00295524
      0.00295729
      0.00286435
      0.00259992
      0.00223189
      0.00219321
      0.00254481
      0.00283906
      0.00295364
      0.00296440
      0.00288569
      0.00264371
      0.00227039
      0.00217322
      0.00250313
      0.00281805
      0.00294976
      0.00296963
      0.00290424
      0.00268519
      0.00231299
      0.00215885
      0.00245868
      0.00279281
      0.00294341
      0.00297297
      0.00291999
      0.00272374
      0.00235863
      0.00215120
      0.00241244
      0.00276326
      0.00293442
      0.00297442
      0.00293292
      0.00275875
      0.00240586
      0.00215099
      0.00236584
      0.00272957
      0.00292264
      0.00297399
      0.00294308
      0.00278971
      0.00245304
      0.00215830
      0.00232052
      0.00269219
      0.00290804
      0.00297167
      0.00295057
      0.00281639
      0.00249868
      0.00217250
      0.00227800
      0.00265173
      0.00289059
      0.00296745
      0.00295556
      0.00283884
      0.00254174
      0.00219259
      0.00223942
      0.00260879
      0.00287032
      0.00296134
      0.00295824
      0.00285731
      0.00258160
      0.00221738
      0.00220553
      0.00256388
      0.00284721
      0.00295330
      0.00295880
      0.00287211
      0.00261796
      0.00224576
      0.00217681
      0.00251744
      0.00282124
      0.00294331
      0.00295737
      0.00288356
      0.00265065
      0.00227661
      0.00215359
      0.00247003
      0.00279245
      0.00293134
      0.00295410
      0.00289190
      0.00267946
      0.00230875
      0.00213605
      0.00242237
      0.00276101
      0.00291741
      0.00294909
      0.00289732
      0.00270418
      0.00234089
      0.00212409
      0.00237541
      0.00272728
      0.00290158
      0.00294242
      0.00290000
      0.00272462
      0.00237170
      0.00211723
      0.00233018
      0.00269186
      0.00288402
      0.00293420
      0.00290011
      0.00274070
      0.00239994
      0.00211457
      0.00228762
      0.00265547
      0.00286495
      0.00292453
      0.00289786
      0.00275250
      0.00242466
      0.00211491
      0.00224835
      0.00261887
      0.00284467
      0.00291352
      0.00289343
      0.00276023
      0.00244521
      0.00211695
      0.00221267
      0.00258279
      0.00282351
      0.00290131
      0.00288704
      0.00276416
      0.00246127
      0.00211946
      0.00218053
      0.00254780
      0.00280179
      0.00288802
      0.00287886
      0.00276460
      0.00247270
      0.00212134
      0.00215170
      0.00251441
      0.00277984
      0.00287379
      0.00286904
      0.00276182
      0.00247948
      0.00212169
      0.00212580
      0.00248301
      0.00275797
      0.00285874
      0.00285772
      0.00275604
      0.00248164
      0.00211976
      0.00210243
      0.00245393
      0.00273649
      0.00284302
      0.00284499
      0.00274745
      0.00247920
      0.00211495
      0.00208122
      0.00242746
      0.00271567
      0.00282674
      0.00283094
      0.00273613
      0.00247212
      0.00210676
      0.00206187
      0.00240390
      0.00269579
      0.00281002
      0.00281560
      0.00272212
      0.00246033
      0.00209481
      0.00204418
      0.00238349
      0.00267708
      0.00279294
      0.00279900
      0.00270539
      0.00244369
      0.00207881
      0.00202810
      0.00236648
      0.00265974
      0.00277559
      0.00278112
      0.00268584
      0.00242198
      0.00205860
      0.00201375
      0.00235312
      0.00264391
      0.00275799
      0.00276189
      0.00266324
      0.00239488
      0.00203414
      0.00200147
      0.00234363
      0.00262966
      0.00274014
      0.00274121
      0.00263729
      0.00236200
      0.00200560
      0.00199182
      0.00233817
      0.00261696
      0.00272197
      0.00271888
      0.00260754
      0.00232284
      0.00197342
      0.00198563
      0.00233688
      0.00260572
      0.00270336
      0.00269463
      0.00257335
      0.00227686
      0.00193843
      0.00198395
      0.00233977
      0.00259568
      0.00268411
      0.00266804
      0.00253388
      0.00222350
      0.00190199
      0.00198800
      0.00234666
      0.00258649
      0.00266390
      0.00263853
      0.00248807
      0.00216241
      0.00186620
      0.00199901
      0.00235709
      0.00257761
      0.00264232
      0.00260530
      0.00243463
      0.00209370
      0.00183403
      0.00201789
      0.00237019
      0.00256834
      0.00261879
      0.00256730
      0.00237218
      0.00201838
      0.00180924
      0.00204490
      0.00238468
      0.00255784
      0.00259257
      0.00252318
      0.00229937
      0.00193877
      0.00179593
      0.00207937
      0.00239895
      0.00254522
      0.00256274
      0.00247114
      0.00221485
      0.00185829
      0.00179647
      0.00211511
      0.00239585
      0.00247663
      0.00235478
      0.00188796
      0.00084301
      0.00000000
