      0.00000000
      1.39812244
      1.67225951
      1.89283323
      2.09953720
      2.35020527
      2.72205921
     -2.98834997
     -2.30667930
     -1.78443984
     -1.44965964
     -1.21492920
     -1.00174659
     -0.73642515
     -0.33484097
      0.27203605
      0.94106234
      1.42565498
      1.73640749
      1.96136152
      2.17679787
      2.45683927
      2.88738607
     -2.76200170
     -2.11174054
     -1.65958737
     -1.36800128
     -1.15006777
     -0.93114697
     -0.63642369
     -0.17894370
      0.47437249
      1.10324525
      1.52817476
      1.80455137
      2.01753052
      2.24057023
      2.54928989
      3.03086390
     -2.58606987
     -1.97853314
     -1.57594206
     -1.31153471
     -1.10198632
     -0.87467498
     -0.55317603
     -0.05087275
      0.62306092
      1.21103148
      1.59566266
      1.85074514
      2.05794921
      2.28930987
      2.62198002
      3.14143084
     -2.46391741
     -1.89281890
     -1.52233169
     -1.27442888
     -1.06883215
     -0.83392289
     -0.49194726
      0.04109429
      0.72039192
      1.27769628
      1.63732399
      1.87978648
      2.08424305
      2.32200541
      2.67127297
     -3.06866607
     -2.38928857
     -1.84262900
     -1.49103043
     -1.25258525
     -1.04899971
     -0.80920448
     -0.45472169
      0.09557695
      0.77441739
      1.31349780
      1.65953444
      1.89514930
      2.09799682
      2.33893776
      2.69656006
     -3.03218604
     -2.35400514
     -1.81958595
     -1.47692101
     -1.24311741
     -1.04095910
     -0.79977920
     -0.44104309
      0.11484056
      0.79250910
      1.32501985
      1.66630099
      1.89920037
      2.10067651
      2.34120748
      2.69911920
     -3.02925671
     -2.35186625
     -1.81867330
     -1.47692784
     -1.24409209
     -1.04329851
     -0.80425490
     -0.44899009
      0.10236372
      0.77964934
      1.31596275
      1.65993346
      1.89351730
      2.09364816
      2.33043901
      2.68137057
     -3.05619480
     -2.37902368
     -1.83729526
     -1.48938007
     -1.25423326
     -1.05470247
     -0.82083896
     -0.47577665
      0.06191030
      0.73867240
      1.28796886
      1.64154658
      1.87910302
      2.07815839
      2.30852453
      2.64634247
     -3.10921866
     -2.43353083
     -1.87466501
     -1.51367157
     -1.27280052
     -1.07401632
     -0.84760069
     -0.51823093
     -0.00272173
      0.67078645
      1.24104036
      1.61126814
      1.85644177
      2.05525600
      2.27739850
      2.59730258
      3.09875346
     -2.51469480
     -1.93147862
     -1.55011382
     -1.29954579
     -1.10028651
     -0.88259230
     -0.57296189
     -0.08734484
      0.57653641
      1.17394153
      1.56842742
      1.82559765
      2.02584490
      2.23908238
      2.53787210
      3.00613297
     -2.62154992
     -2.00922206
     -1.59958512
     -1.33449229
     -1.13258063
     -0.92362545
     -0.63597027
     -0.18623603
      0.45806235
      1.08538434
      1.51217275
      1.78659646
      1.99097311
      2.19600671
      2.47252447
      2.90299607
     -2.75000865
     -2.10843274
     -1.66263032
     -1.37742365
     -1.16968450
     -0.96804373
     -0.70238920
     -0.29145256
      0.32185382
      0.97606072
      1.44248780
      1.73992459
      1.95198224
      2.15088679
      2.40617661
      2.79772226
     -2.89142822
     -2.22705372
     -1.73872489
     -1.42764444
     -1.21028627
     -1.01338278
     -0.76781367
     -0.39521151
      0.17760884
      0.84898332
      1.36013050
      1.68624592
      1.90990429
      2.10558282
      2.34214424
      2.69642139
     -3.03665936
     -2.36198997
     -1.82745816
     -1.48488869
     -1.25389023
     -1.05862998
     -0.83033925
     -0.49369571
      0.03257272
      0.70643871
      1.26456320
      1.62509317
      1.86455325
      2.06024999
      2.28103005
      2.60077492
      3.10243786
     -2.51204881
     -1.93056816
     -1.55046146
     -1.30130333
     -1.10423792
     -0.89015158
     -0.58648970
     -0.10980772
      0.54926797
      1.15323979
      1.55459076
      1.81479312
      2.01425170
      2.22255827
      2.51109997
      2.96291176
     -2.67508885
     -2.05034088
     -1.62617995
     -1.35353780
     -1.15059099
     -0.94704172
     -0.67247012
     -0.24486882
      0.38270391
      1.02553326
      1.47376050
      1.76018652
      1.96772714
      2.16761439
      2.42952629
      2.83408138
     -2.84200747
     -2.18469229
     -1.71162624
     -1.41021792
     -1.19703800
     -0.99971364
     -0.74907975
     -0.36606343
      0.21866688
      0.88625639
      1.38438543
      1.70179173
      1.92155422
      2.11735449
      2.35805924
      2.72117826
     -3.00065882
     -2.32726257
     -1.80434560
     -1.47007556
     -1.24288390
     -1.04765727
     -0.81563428
     -0.47080278
      0.06680682
      0.74158094
      1.28860271
      1.64051940
      1.87592899
      2.07145514
      2.29592955
      2.62397905
      3.13796027
     -2.47327543
     -1.90319116
     -1.53288275
     -1.28848662
     -1.09183545
     -0.87386038
     -0.56117756
     -0.07034541
      0.59493693
      1.18665496
      1.57604230
      1.83017881
      2.02875377
      2.24123774
      2.53993778
      3.00845688
     -2.61944962
     -2.00798111
     -1.59897852
     -1.33440282
     -1.13313846
     -0.92515191
     -0.63902795
     -0.19161546
      0.45100551
      1.07985757
      1.50872527
      1.78430829
      1.98895853
      2.19342159
      2.46841516
      2.89627681
     -2.75876459
     -2.11529954
     -1.66672590
     -1.37978043
     -1.17116767
     -0.96930626
     -0.70398564
     -0.29384951
      0.31889381
      0.97399479
      1.44164779
      1.74004003
      1.95302862
      2.15311733
      2.41018294
      2.80456983
     -2.88136113
     -2.21755319
     -1.73189196
     -1.42225680
     -1.20466343
     -1.00564191
     -0.75550151
     -0.37485358
      0.20750896
      0.87737274
      1.37960924
      1.70001269
      1.92225763
      2.12078230
      2.36521022
      2.73407938
     -2.98052971
     -2.30683102
     -1.78971070
     -1.45925053
     -1.23247295
     -1.03400542
     -0.79420042
     -0.43524163
      0.12100714
      0.79681735
      1.32696307
      1.66656452
      1.89760985
      2.09634290
      2.33250214
      2.68332093
     -3.05424140
     -2.37754288
     -1.83633277
     -1.48868591
     -1.25376712
     -1.05454662
     -0.82114847
     -0.47678072
      0.06009403
      0.73692077
      1.28716781
      1.64159693
      1.87987741
      2.07972250
      2.31117509
      2.65072773
     -3.10231122
     -2.42571223
     -1.86850916
     -1.50872133
     -1.26769919
     -1.06716206
     -0.83688441
     -0.50053050
      0.02503768
      0.70138445
      1.26340437
      1.62697277
      1.87001784
      2.07126046
      2.30111376
      2.63590175
     -3.12401184
     -2.44769518
     -1.88307444
     -1.51744931
     -1.27318589
     -1.07126036
     -0.84107408
     -0.50616408
      0.01723318
      0.69388848
      1.25878708
      1.62461404
      1.86922352
      2.07179549
      2.30310944
      2.63992800
     -3.11715964
     -2.43977029
     -1.87706275
     -1.51299810
     -1.26895789
     -1.06576208
     -0.83245165
     -0.49178815
      0.03975040
      0.71814868
      1.27600652
      1.63626516
      1.87880952
      2.08265516
      2.31895035
      2.66560714
     -3.07768637
     -2.39830772
     -1.84818915
     -1.49382135
     -1.25367140
     -1.04905825
     -0.80861409
     -0.45352787
      0.09778798
      0.77758771
      1.31681970
      1.66321975
      1.90015249
      2.10579515
      2.35179802
      2.71812693
     -2.99914839
     -2.32029291
     -1.79534677
     -1.45892007
     -1.22589391
     -1.01875230
     -0.76545245
     -0.38459411
      0.19902765
      0.87445823
      1.38153115
      1.70613381
      1.93476738
      2.14415809
      2.40691492
      2.80614706
     -2.87295508
     -2.20483426
     -1.71925913
     -1.40806640
     -1.18402393
     -0.97127178
     -0.69637933
     -0.27433529
      0.35203149
      1.00740288
      1.46807295
      1.76467079
      1.98430926
      2.20198648
      2.49231005
      2.94213963
     -2.69233605
     -2.05655645
     -1.62365200
     -1.34228677
     -1.12637016
     -0.90164700
     -0.59186050
     -0.10892676
      0.55940534
      1.16790294
      1.57103432
      1.83719837
      2.05068770
      2.28528312
      2.61948697
      3.14082353
     -2.46077567
     -1.88698772
     -1.51431938
     -1.26318908
     -1.05624683
     -0.83557036
     -0.56140707
      0.00000000
