      0.00000000
     -0.56108059
     -0.83521767
     -1.05579139
     -1.26249536
     -1.51316343
     -1.88501737
     -2.45779350
     -3.13946417
      2.62148168
      2.28670147
      2.05197102
      1.83878841
      1.57346697
      1.17188278
      0.56500577
     -0.10402054
     -0.58861318
     -0.89936569
     -1.12431973
     -1.33975609
     -1.61979749
     -2.05034430
     -2.68414185
      2.94878229
      2.49662911
      2.20504302
      1.98710950
      1.76818870
      1.47346540
      1.01598541
      0.36266920
     -0.26620357
     -0.69113309
     -0.96750971
     -1.18048887
     -1.40352859
     -1.71224826
     -2.19382228
     -2.86007383
      2.81557473
      2.41298363
      2.14857627
      1.93902787
      1.71171652
      1.39021756
      0.88791426
      0.21398058
     -0.37399001
     -0.75862120
     -1.01370369
     -1.22090778
     -1.45226845
     -1.78493862
     -2.30438945
     -2.98222654
      2.72986024
      2.35937302
      2.11147019
      1.90587344
      1.67096417
      1.32898852
      0.79594695
      0.11664929
     -0.44065509
     -0.80028282
     -1.04274532
     -1.24720192
     -1.48496429
     -1.83423187
     -2.37747816
     -3.05685570
      2.67967002
      2.32807143
      2.08962623
      1.88604068
      1.64624542
      1.29176262
      0.74146394
      0.06262347
     -0.47645697
     -0.82249363
     -1.05810851
     -1.26095605
     -1.50189702
     -1.85951934
     -2.41395857
     -3.09213951
      2.65662657
      2.31396162
      2.08015799
      1.87799966
      1.63681973
      1.27808360
      0.72219992
      0.04453133
     -0.48797945
     -0.82926061
     -1.06216002
     -1.26363618
     -1.50416718
     -1.86207892
     -2.41688835
     -3.09427886
      2.65571346
      2.31396798
      2.08113220
      1.88033860
      1.64129496
      1.28603012
      0.73467627
      0.05739061
     -0.47892284
     -0.82289358
     -1.05647744
     -1.25660833
     -1.49339921
     -1.84433081
     -2.38995078
     -3.06712194
      2.67433491
      2.32641969
      2.09127284
      1.89174203
      1.65787849
      1.31281614
      0.77512915
      0.09836700
     -0.45092950
     -0.80450725
     -1.04206373
     -1.24111912
     -1.47148530
     -1.80930327
     -2.33692749
     -3.01261537
      2.71170407
      2.35071060
      2.10983952
      1.91105528
      1.68463962
      1.35526983
      0.83976059
      0.16625235
     -0.40400160
     -0.77422943
     -1.01940309
     -1.21821735
     -1.44035988
     -1.76026400
     -2.26171493
     -2.93145203
      2.76851705
      2.38715221
      2.13658415
      1.93732483
      1.71963059
      1.41000014
      0.92438305
      0.26050174
     -0.33690343
     -0.73138936
     -0.98855962
     -1.18880691
     -1.40204443
     -1.70083418
     -2.16909510
     -2.82459758
      2.84625981
      2.43662283
      2.17152997
      1.96961828
      1.76066305
      1.47300784
      1.02327355
      0.37897511
     -0.24834693
     -0.67513539
     -0.94955914
     -1.15393583
     -1.35896947
     -1.63548727
     -2.06595891
     -2.69613956
      2.94546978
      2.49966732
      2.21446061
      2.00672142
      1.80508061
      1.53942604
      1.12848936
      0.51518291
     -0.13902405
     -0.60545117
     -0.90288800
     -1.11494569
     -1.31385028
     -1.56914015
     -1.96068584
     -2.55472072
      3.06409002
      2.57576114
      2.26468065
      2.04732244
      1.85041890
      1.60484976
      1.23224756
      0.65942714
     -0.01194740
     -0.52309463
     -0.84921009
     -1.07286850
     -1.26854708
     -1.50510854
     -1.85938573
     -2.40949035
     -3.08415981
      2.66449364
      2.32192412
      2.09092562
      1.89566533
      1.66737456
      1.33073098
      0.80446249
      0.13059644
     -0.42752812
     -0.78805813
     -1.02751825
     -1.22321504
     -1.44399514
     -1.76374005
     -2.26540304
     -2.93410175
      2.76760285
      2.38749610
      2.13833793
      1.94127248
      1.72718609
      1.42352418
      0.94684214
      0.28776639
     -0.31620550
     -0.71755652
     -0.97775892
     -1.17721755
     -1.38552415
     -1.67406590
     -2.12587773
     -2.77106250
      2.88737477
      2.46321380
      2.19057160
      1.98762475
      1.78407543
      1.50950379
      1.08190244
      0.45432965
     -0.18849977
     -0.63672706
     -0.92315312
     -1.13069378
     -1.33058108
     -1.59249302
     -1.99704817
     -2.60414468
      3.02172538
      2.54865927
      2.24725092
      2.03407095
      1.83674655
      1.58611262
      1.20309625
      0.61836588
     -0.04922370
     -0.54735279
     -0.86475914
     -1.08452167
     -1.28032198
     -1.52102678
     -1.88414584
     -2.44549412
     -3.11889044
      2.64137783
      2.30710776
      2.07991605
      1.88468938
      1.65266635
      1.30783480
      0.77022515
      0.09545096
     -0.45157087
     -0.80348760
     -1.03889723
     -1.23442342
     -1.45889788
     -1.78694743
     -2.30092870
     -2.97287837
      2.74022261
      2.36991416
      2.12551798
      1.92886677
      1.71089166
      1.39820879
      0.90737660
      0.24209420
     -0.34962390
     -0.73901128
     -0.99314783
     -1.19172284
     -1.40420684
     -1.70290692
     -2.17142607
     -2.82670494
      2.84501180
      2.43600916
      2.17143342
      1.97016901
      1.76218243
      1.47605843
      1.02864589
      0.38602486
     -0.24282726
     -0.67169500
     -0.94727806
     -1.15192835
     -1.35639144
     -1.63138505
     -2.05924675
     -2.68739072
      2.95232948
      2.50375580
      2.21681028
      2.00819749
      1.80633604
      1.54101538
      1.13087921
      0.51813583
     -0.13696520
     -0.60461825
     -0.90301053
     -1.11599916
     -1.31608791
     -1.57315356
     -1.96754049
     -2.56479488
      3.05458242
      2.56892115
      2.25928595
      2.04169254
      1.84267099
      1.59253055
      1.21188259
      0.62951999
     -0.04034385
     -0.54258039
     -0.86298388
     -1.08522885
     -1.28375356
     -1.52818152
     -1.89705071
     -2.46562698
     -3.13932572
      2.62673922
      2.29627902
      2.06950140
      1.87103383
      1.63122880
      1.27226998
      0.71602117
      0.04021089
     -0.48993487
     -0.82953635
     -1.06058172
     -1.25931480
     -1.49547407
     -1.84629289
     -2.39191591
     -3.06861449
      2.67336067
      2.32571377
      2.09079496
      1.89157442
      1.65817624
      1.31380846
      0.77693367
      0.10010688
     -0.45014021
     -0.80456936
     -1.04284987
     -1.24269499
     -1.47414761
     -1.81370028
     -2.34384667
     -3.02044571
      2.70553649
      2.34574863
      2.10472646
      1.90418930
      1.67391162
      1.33755768
      0.81198947
      0.13564265
     -0.42637730
     -0.78994573
     -1.03299083
     -1.23423348
     -1.46408680
     -1.79887482
     -2.32214657
     -2.99846328
      2.72010125
      2.35447610
      2.11021265
      1.90828710
      1.67810080
      1.34319077
      0.81979348
      0.14313814
     -0.42176049
     -0.78758748
     -1.03219698
     -1.23476898
     -1.46608295
     -1.80290154
     -2.32899923
     -3.00638862
      2.71408912
      2.35002444
      2.10598421
      1.90278838
      1.66947793
      1.32881441
      0.79727583
      0.11887752
     -0.43898035
     -0.79923901
     -1.04178339
     -1.24562905
     -1.48192426
     -1.82858107
     -2.36847289
     -3.04785157
      2.68521514
      2.33084732
      2.09069735
      1.88608418
      1.64564000
      1.29055377
      0.73923790
      0.05943814
     -0.47979388
     -0.82619394
     -1.06312669
     -1.26876937
     -1.51477226
     -1.88110118
     -2.44701119
     -3.12586670
      2.63237245
      2.29594574
      2.06291957
      1.85577794
      1.60247808
      1.22161972
      0.63799795
     -0.03743266
     -0.54450559
     -0.86910826
     -1.09774184
     -1.30713257
     -1.56988940
     -1.96912156
     -2.57320474
      3.04185973
      2.55628458
      2.24509184
      2.02104937
      1.80829721
      1.53340475
      1.11136069
      0.48499390
     -0.17037750
     -0.63104758
     -0.92764542
     -1.14728390
     -1.36496113
     -1.65528470
     -2.10511429
     -2.75382393
      2.89358176
      2.46067731
      2.17931208
      1.96339545
      1.73867229
      1.42888578
      0.94595204
      0.27761994
     -0.33087767
     -0.73400905
     -1.00017311
     -1.21366244
     -1.44825787
     -1.78246172
     -2.30379827
     -2.98538439
      2.72401297
      2.35134462
      2.10021432
      1.89327207
      1.67259561
      1.39843232
      0.00000000
