      0.00000000
      0.47924131
      0.08861631
     -0.30200869
     -0.69263369
     -1.08325869
     -1.47388369
     -1.86450869
     -2.25513369
     -2.64575869
     -3.03638369
      2.85617662
      2.46555162
      2.07492662
      1.68430162
      1.29367662
      0.90305162
      0.51242662
      0.12180162
     -0.26882338
     -0.65944838
     -1.05007338
     -1.44069838
     -1.83132338
     -2.22194838
     -2.61257338
     -3.00319838
      2.88936192
      2.49873692
      2.10811192
      1.71748692
      1.32686192
      0.93623692
      0.54561192
      0.15498692
     -0.23563808
     -0.62626308
     -1.01688808
     -1.40751308
     -1.79813808
     -2.18876308
     -2.57938808
     -2.97001308
      2.92254723
      2.53192223
      2.14129723
      1.75067223
      1.36004723
      0.96942223
      0.57879723
      0.18817223
     -0.20245277
     -0.59307777
     -0.98370277
     -1.37432777
     -1.76495277
     -2.15557777
     -2.54620277
     -2.93682777
      2.95573254
      2.56510754
      2.17448254
      1.78385754
      1.39323254
      1.00260754
      0.61198254
      0.22135754
     -0.16926746
     -0.55989246
     -0.95051746
     -1.34114246
     -1.73176746
     -2.12239246
     -2.51301746
     -2.90364246
      2.98891784
      2.59829284
      2.20766784
      1.81704284
      1.42641784
      1.03579284
      0.64516784
      0.25454284
     -0.13608216
     -0.52670716
     -0.91733216
     -1.30795716
     -1.69858216
     -2.08920716
     -2.47983216
     -2.87045716
      3.02210315
      2.63147815
      2.24085315
      1.85022815
      1.45960315
      1.06897816
      0.67835316
      0.28772816
     -0.10289684
     -0.49352183
     -0.88414683
     -1.27477182
     -1.66539682
     -2.05602181
     -2.44664680
     -2.83727180
      3.05528851
      2.66466351
      2.27403850
      1.88341348
      1.49278846
      1.10216343
      0.71153838
      0.32091332
     -0.06971175
     -0.46033684
     -0.85096195
     -1.24158707
     -1.63221219
     -2.02283733
     -2.41346247
     -2.80408760
      3.08847259
      2.69784749
      2.30722242
      1.91659740
      1.52597243
      1.13534754
      0.74472274
      0.35409804
     -0.03652653
     -0.42715095
     -0.81777520
     -1.20839926
     -1.59902309
     -1.98964667
     -2.38026997
     -2.77089295
      3.12166972
      2.73104748
      2.34042566
      1.94980431
      1.55918346
      1.16856317
      0.77794346
      0.38732437
     -0.00329404
     -0.39391115
     -0.78452061
     -1.17508969
     -1.56554165
     -1.95593407
     -2.34712214
     -2.74120485
     -3.13964808
      2.74379233
      2.35089933
      1.97215133
      1.60702371
      1.24553332
      0.87160928
      0.47031677
      0.04038091
     -0.39573541
     -0.80537925
     -1.17355500
     -1.50931326
     -1.83516532
     -2.17931876
     -2.57017474
     -3.01893445
      2.79261334
      2.36132412
      1.99746305
      1.68493257
      1.39285537
      1.08702290
      0.72935212
      0.28786596
     -0.21565812
     -0.68655449
     -1.06538032
     -1.36815355
     -1.63278517
     -1.89587860
     -2.19656966
     -2.58226837
     -3.08069136
      2.67069321
      2.23476996
      1.91155106
      1.65649786
      1.42779608
      1.18987228
      0.90132691
      0.50531977
     -0.02918187
     -0.57979700
     -0.99561841
     -1.28696179
     -1.51088037
     -1.70907794
     -1.91365107
     -2.16162702
     -2.51096285
     -3.02639084
      2.66087323
      2.20206670
      1.90016008
      1.68549497
      1.50977827
      1.34284369
      1.15782794
      0.91647560
      0.55011175
     -0.01265367
     -0.62195969
     -1.04336504
     -1.30652321
     -1.49004917
     -1.63792994
     -1.77512987
     -1.92177924
     -2.10423147
     -2.37179671
     -2.81781137
      2.81784252
      2.26637182
      1.93683349
      1.73324570
      1.58840475
      1.47012648
      1.36053540
      1.24560950
      1.10810111
      0.91704369
      0.60465162
      0.05639646
     -0.61966637
     -1.07192817
     -1.32409493
     -1.48399609
     -1.60650499
     -1.72027008
     -1.84417554
     -1.99436672
     -2.18922655
     -2.45469149
     -2.82644965
      2.95648015
      2.39507502
      1.92345645
      1.57326967
      1.30247095
      1.05993467
      0.79691361
      0.46281483
      0.01179872
     -0.54242308
     -1.05985035
     -1.45160822
     -1.73123289
     -1.93485413
     -2.08996807
     -2.21567474
     -2.32788423
     -2.44419553
     -2.59006651
     -2.81250759
      3.07413990
      2.42250591
      1.81683450
      1.46548866
      1.25927344
      1.11734194
      1.00360177
      0.89958266
      0.79223077
      0.66731655
      0.50191781
      0.24918350
     -0.18441542
     -0.83355049
     -1.39768118
     -1.73590860
     -1.94737789
     -2.10268986
     -2.23624332
     -2.36874500
     -2.51947922
     -2.71682426
     -3.01481711
      2.78275657
      2.14736316
      1.64279700
      1.32726575
      1.11314545
      0.94228179
      0.78231365
      0.60819949
      0.38858650
      0.07047693
     -0.41775507
     -1.02379500
     -1.51429519
     -1.83975928
     -2.07293597
     -2.26836859
     -2.46069356
     -2.68126210
     -2.97269232
      2.88852049
      2.32834806
      1.79411157
      1.40589303
      1.12548420
      0.89484381
      0.67314514
      0.42541873
      0.10963495
     -0.32205051
     -0.85868502
     -1.36532556
     -1.75338630
     -2.05125616
     -2.30840308
     -2.56457774
     -2.85651182
      3.05914348
      2.59251118
      2.08022433
      1.62763977
      1.26598641
      0.96294678
      0.67850647
      0.37717613
      0.02573372
     -0.39830532
     -0.87503537
     -1.33594188
     -1.73437564
     -2.07812871
     -2.39727421
     -2.72252669
     -3.08001150
      2.79868689
      2.35791147
      1.91773043
      1.50961947
      1.13639797
      0.78179715
      0.42594994
      0.05392137
     -0.33915104
     -0.74619707
     -1.15402208
     -1.55384425
     -1.94572194
     -2.33432414
     -2.72321361
     -3.11315173
      2.77955514
      2.38894501
      1.99832337
      1.60770363
      1.21708415
      0.82646415
      0.43584353
      0.04522233
     -0.34539942
     -0.73602168
     -1.12664439
     -1.51726751
     -1.90789101
     -2.29851484
     -2.68913897
     -3.07976335
      2.81279735
      2.42217256
      2.03154761
      1.64092254
      1.25029737
      0.85967213
      0.46904683
      0.07842150
     -0.31220384
     -0.70282918
     -1.09345451
     -1.48407982
     -1.87470510
     -2.26533035
     -2.65595556
     -3.04658074
      2.84597943
      2.45535432
      2.06472924
      1.67410418
      1.28347915
      0.89285413
      0.50222913
      0.11160414
     -0.27902085
     -0.66964584
     -1.06027082
     -1.45089580
     -1.84152079
     -2.23214578
     -2.62277076
     -3.01339575
      2.87916456
      2.48853957
      2.09791457
      1.70728957
      1.31666458
      0.92603958
      0.53541458
      0.14478958
     -0.24583542
     -0.63646042
     -1.02708542
     -1.41771042
     -1.80833542
     -2.19896042
     -2.58958542
     -2.98021042
      2.91234989
      2.52172489
      2.13109989
      1.74047489
      1.34984989
      0.95922489
      0.56859989
      0.17797488
     -0.21265012
     -0.60327512
     -0.99390012
     -1.38452512
     -1.77515012
     -2.16577512
     -2.55640012
     -2.94702512
      2.94553519
      2.55491019
      2.16428519
      1.77366019
      1.38303519
      0.99241019
      0.60178519
      0.21116019
     -0.17946481
     -0.57008981
     -0.96071481
     -1.35133981
     -1.74196481
     -2.13258981
     -2.52321481
     -2.91383981
      2.97872050
      2.58809550
      2.19747050
      1.80684550
      1.41622050
      1.02559550
      0.63497050
      0.24434550
     -0.14627950
     -0.53690450
     -0.92752950
     -1.31815450
     -1.70877950
     -2.09940450
     -2.49002950
     -2.88065450
      3.01190581
      2.62128081
      2.23065581
      1.84003081
      1.44940581
      1.05878081
      0.66815581
      0.27753081
     -0.11309419
     -0.50371919
     -0.89434419
     -1.28496919
     -1.67559419
     -2.06621919
     -2.45684419
     -2.84746919
      3.04509111
      2.65446611
      2.26384111
      1.87321611
      1.48259111
      1.09196611
      0.70134111
      0.31071611
     -0.07990889
     -0.47053389
     -0.86115889
     -1.25178389
     -1.64240889
     -2.03303389
     -2.42365889
     -2.81428389
      3.07827642
      2.68765142
      2.29702642
      1.90640142
      1.51577642
      1.12515142
      0.00000000
