      0.00000000
     -3.02219545
      2.85414249
      2.43965237
      2.03272077
      1.64333919
      1.27049405
      0.90454270
      0.53262157
      0.14420765
     -0.26296999
     -0.67932388
     -1.08839479
     -1.47877794
     -1.85097356
     -2.21498994
     -2.58456485
     -2.97138382
      2.90442766
      2.48606815
      2.07457412
      1.68298110
      1.31141660
      0.94950266
      0.58257034
      0.19766278
     -0.20975227
     -0.63026168
     -1.04451143
     -1.43757287
     -1.80854486
     -2.16817421
     -2.53212072
     -2.91472926
      2.96121870
      2.53841973
      2.12102167
      1.72616637
      1.35571795
      0.99856945
      0.63800820
      0.25817758
     -0.14857331
     -0.57378459
     -0.99479730
     -1.39186269
     -1.76190232
     -2.11636192
     -2.47307101
     -2.84952680
      3.02783025
      2.60012273
      2.17493851
      1.77512160
      1.40530614
      1.05374945
      0.70143991
      0.32910922
     -0.07517776
     -0.50538803
     -0.93540978
     -1.33869524
     -1.70857887
     -2.05702489
     -2.40429287
     -2.77154829
      3.10977349
      2.67719990
      2.24154850
      1.83382711
      1.46341416
      1.11825624
      0.77677976
      0.41580972
      0.01763509
     -0.41689398
     -0.85909775
     -1.27258503
     -1.64425844
     -1.98602793
     -2.32084755
     -2.67398706
     -3.06664770
      2.78095015
      2.33117758
      1.91006207
      1.53595319
      1.19750444
      0.87031278
      0.52697162
      0.14246535
     -0.29239358
     -0.75069068
     -1.18208357
     -1.56055839
     -1.89610338
     -2.21464321
     -2.54570946
     -2.91825121
      2.93420482
      2.46696172
      2.02149932
      1.63538498
      1.30160073
      0.99263049
      0.67686474
      0.32170781
     -0.09860534
     -0.57335248
     -1.03817676
     -1.43771830
     -1.77244766
     -2.07145935
     -2.36847700
     -2.69882753
     -3.09753251
      2.71026615
      2.21973080
      1.79601991
      1.45402657
      1.16369682
      0.88867839
      0.59242349
      0.23373167
     -0.22136670
     -0.73925116
     -1.20762041
     -1.57261067
     -1.86061127
     -2.11263577
     -2.36553068
     -2.65921254
     -3.04480930
      2.72833837
      2.18462699
      1.75183100
      1.44150572
      1.20382239
      0.99702461
      0.78831499
      0.54024208
      0.19317488
     -0.32577407
     -0.93493237
     -1.39566802
     -1.68470310
     -1.87521692
     -2.01339167
     -2.12202028
     -2.21259390
     -2.29107881
     -2.36033945
     -2.42123876
     -2.47343940
     -2.51628680
     -2.54961875
     -2.57419324
     -2.59157425
     -2.60363471
     -2.61206326
     -2.61812393
     -2.62265443
     -2.62617346
     -2.62899596
     -2.63131687
     -2.63326212
     -2.63491713
     -2.63634244
     -2.63758245
     -2.63867060
     -2.63963262
     -2.64048865
     -2.64125469
     -2.64194364
     -2.64256600
     -2.64313039
     -2.64364401
     -2.64411286
     -2.64454203
     -2.64493583
     -2.64529795
     -2.64563159
     -2.64593950
     -2.64622408
     -2.64648743
     -2.64673140
     -2.64695761
     -2.64716751
     -2.64736238
     -2.64754337
     -2.64771151
     -2.64786771
     -2.64801281
     -2.64814757
     -2.64827267
     -2.64838872
     -2.64849630
     -2.64859592
     -2.64868805
     -2.64877314
     -2.64885158
     -2.64892374
     -2.64898997
     -2.64905059
     -2.64910588
     -2.64915613
     -2.64920158
     -2.64924249
     -2.64927907
     -2.64931153
     -2.64934007
     -2.64936488
     -2.64938614
     -2.64940402
     -2.64941866
     -2.64943021
     -2.64943876
     -2.64944439
     -2.64944712
     -2.64944704
     -2.64944436
     -2.64943956
     -2.64943343
     -2.64942680
     -2.64941983
     -2.64941047
     -2.64939256
     -2.64935430
     -2.64927904
     -2.64915084
     -2.64896696
     -2.64875625
     -2.64859654
     -2.64861518
     -2.64894952
     -2.64964255
     -2.65046281
     -2.65067190
     -2.64883075
     -2.64285657
     -2.63070124
     -2.61201316
     -2.59043245
     -2.57464872
     -2.57618986
     -2.60544020
     -2.67033785
     -2.78015009
     -2.95659859
      3.01887384
      2.41954873
      1.57078127
      1.05152122
      0.77362539
      0.58695345
      0.42505617
      0.24535923
     -0.01129255
     -0.47727454
     -1.29556161
     -1.95777437
     -2.29983105
     -2.49204329
     -2.61132773
     -2.68365435
     -2.71933323
     -2.72591116
     -2.71290592
     -2.69160453
     -2.67150597
     -2.65745556
     -2.64993979
     -2.64719640
     -2.64706726
     -2.64790325
     -2.64876052
     -2.64926589
     -2.64939380
     -2.64926970
     -2.64904039
     -2.64881181
     -2.64863577
     -2.64852216
     -2.64845848
     -2.64842590
     -2.64840847
     -2.64839622
     -2.64838469
     -2.64837288
     -2.64836144
     -2.64835132
     -2.64834328
     -2.64833773
     -2.64833481
     -2.64833455
     -2.64833697
     -2.64834212
     -2.64835009
     -2.64836101
     -2.64837501
     -2.64839224
     -2.64841288
     -2.64843707
     -2.64846501
     -2.64849688
     -2.64853287
     -2.64857319
     -2.64861807
     -2.64866775
     -2.64872249
     -2.64878255
     -2.64884824
     -2.64891987
     -2.64899778
     -2.64908235
     -2.64917398
     -2.64927310
     -2.64938018
     -2.64949576
     -2.64962038
     -2.64975468
     -2.64989933
     -2.65005510
     -2.65022280
     -2.65040337
     -2.65059783
     -2.65080733
     -2.65103315
     -2.65127674
     -2.65153972
     -2.65182394
     -2.65213150
     -2.65246480
     -2.65282660
     -2.65322009
     -2.65364895
     -2.65411751
     -2.65463085
     -2.65519497
     -2.65581707
     -2.65650577
     -2.65727158
     -2.65812739
     -2.65908919
     -2.66017714
     -2.66141697
     -2.66284210
     -2.66449695
     -2.66644205
     -2.66876282
     -2.67158520
     -2.67510411
     -2.67963450
     -2.68569508
     -2.69412356
     -2.70618395
     -2.72356490
     -2.74813934
     -2.78147126
     -2.82431862
     -2.87651924
     -2.93741853
     -3.00667915
     -3.08516404
      3.10744766
      2.99881907
      2.86064433
      2.67013053
      2.38109546
      1.92035980
      1.31120146
      0.79225250
      0.44518531
      0.19711242
     -0.01159719
     -0.21839495
     -0.45607827
     -0.76640354
     -1.19919953
     -1.74291094
     -2.25294860
     -2.63854535
     -2.93222719
      3.09806322
      2.84603873
      2.55803814
      2.19304789
      1.72467863
      1.20679415
      0.75169577
      0.39300396
      0.09674907
     -0.17826935
     -0.46859908
     -0.81059242
     -1.23430331
     -1.72483868
     -2.20022534
     -2.59893031
     -2.92928083
      3.05688683
      2.75787515
      2.42314580
      2.02360426
      1.55877997
      1.08403282
      0.66371967
      0.30856274
     -0.00720299
     -0.31617323
     -0.64995747
     -1.03607180
     -1.48153421
     -1.94877733
     -2.37950660
     -2.75204835
     -3.08311459
      2.88153089
      2.54598591
      2.16751109
      1.73611820
      1.27782109
      0.84296215
      0.45845588
      0.11511473
     -0.21207692
     -0.55052566
     -0.92463454
     -1.34575006
     -1.79552263
     -2.23111010
     -2.62377073
     -2.97691024
      2.97145545
      2.62968597
      2.25801257
      1.84452528
      1.40232150
      0.96779244
      0.56961780
      0.20864776
     -0.13282871
     -0.47798663
     -0.84839956
     -1.25612096
     -1.69177236
     -2.12434596
     -2.52620949
     -2.89346491
      3.04245243
      2.69400641
      2.32412279
      1.92083733
      1.49081558
      1.06060529
      0.65631832
      0.28398763
     -0.06832190
     -0.41987859
     -0.78969405
     -1.18951096
     -1.61469518
     -2.04240270
     -2.44823097
     -2.82468676
      3.10178947
      2.74732987
      2.37729025
      1.98022485
      1.55921214
      1.13400086
      0.72724997
      0.34741935
     -0.01314189
     -0.37029039
     -0.74073881
     -1.13559411
     -1.55299217
     -1.97579114
     -2.38302849
     -2.76563703
     -3.12958354
      2.79397242
      2.42300043
      2.02993900
      1.61568924
      1.19517983
      0.78776478
      0.40285722
      0.03592490
     -0.32598903
     -0.69755353
     -1.08914656
     -1.50064058
     -1.91900010
     -2.32637393
     -2.71319290
     -3.08276780
      2.83640113
      2.46420551
      2.07382236
      1.66475145
      1.24839756
      0.84121991
      0.45280600
      0.08088487
     -0.28506648
     -0.65791162
     -1.04729319
     -1.45422479
     -1.86871492
     -2.27556229
      0.00000000
