      0.00000000
      0.00108391
      0.00214854
      0.00252101
      0.00260719
      0.00254402
      0.00222873
      0.00170089
      0.00172564
      0.00226244
      0.00257266
      0.00265633
      0.00265541
      0.00255862
      0.00221337
      0.00169093
      0.00178144
      0.00231906
      0.00260566
      0.00267874
      0.00267419
      0.00256996
      0.00220912
      0.00169306
      0.00182456
      0.00236086
      0.00263304
      0.00269987
      0.00269321
      0.00258444
      0.00221398
      0.00170203
      0.00185795
      0.00239320
      0.00265689
      0.00272003
      0.00271223
      0.00260113
      0.00222535
      0.00171493
      0.00188380
      0.00241897
      0.00267823
      0.00273935
      0.00273106
      0.00261932
      0.00224133
      0.00173019
      0.00190385
      0.00243992
      0.00269766
      0.00275788
      0.00274957
      0.00263838
      0.00226045
      0.00174689
      0.00191950
      0.00245728
      0.00271556
      0.00277566
      0.00276763
      0.00265779
      0.00228147
      0.00176440
      0.00193196
      0.00247195
      0.00273219
      0.00279272
      0.00278514
      0.00267713
      0.00230341
      0.00178225
      0.00194220
      0.00248466
      0.00274775
      0.00280906
      0.00280203
      0.00269607
      0.00232550
      0.00180009
      0.00195095
      0.00249596
      0.00276240
      0.00282468
      0.00281824
      0.00271439
      0.00234721
      0.00181764
      0.00195876
      0.00250623
      0.00277625
      0.00283960
      0.00283373
      0.00273196
      0.00236819
      0.00183469
      0.00196596
      0.00251574
      0.00278936
      0.00285380
      0.00284848
      0.00274868
      0.00238824
      0.00185112
      0.00197273
      0.00252464
      0.00280178
      0.00286730
      0.00286249
      0.00276453
      0.00240728
      0.00186686
      0.00197918
      0.00253302
      0.00281352
      0.00288009
      0.00287575
      0.00277951
      0.00242529
      0.00188186
      0.00198530
      0.00254089
      0.00282460
      0.00289216
      0.00288827
      0.00279363
      0.00244229
      0.00189614
      0.00199107
      0.00254823
      0.00283501
      0.00290352
      0.00290003
      0.00280691
      0.00245835
      0.00190971
      0.00199643
      0.00255500
      0.00284472
      0.00291416
      0.00291106
      0.00281940
      0.00247357
      0.00192265
      0.00200126
      0.00256110
      0.00285372
      0.00292407
      0.00292136
      0.00283114
      0.00248810
      0.00193507
      0.00200544
      0.00256642
      0.00286195
      0.00293325
      0.00293093
      0.00284221
      0.00250215
      0.00194712
      0.00200876
      0.00257074
      0.00286935
      0.00294168
      0.00293978
      0.00285272
      0.00251606
      0.00195912
      0.00201089
      0.00257373
      0.00287580
      0.00294932
      0.00294793
      0.00286284
      0.00253036
      0.00197155
      0.00201132
      0.00257484
      0.00288110
      0.00295612
      0.00295539
      0.00287284
      0.00254595
      0.00198530
      0.00200923
      0.00257314
      0.00288491
      0.00296198
      0.00296218
      0.00288315
      0.00256428
      0.00200196
      0.00200330
      0.00256695
      0.00288659
      0.00296674
      0.00296830
      0.00289443
      0.00258777
      0.00202448
      0.00199150
      0.00255329
      0.00288499
      0.00297006
      0.00297370
      0.00290756
      0.00262018
      0.00205848
      0.00197116
      0.00252671
      0.00287787
      0.00297137
      0.00297818
      0.00292339
      0.00266638
      0.00211407
      0.00194074
      0.00247766
      0.00286098
      0.00296977
      0.00298136
      0.00294149
      0.00272893
      0.00220489
      0.00190734
      0.00239327
      0.00282711
      0.00296425
      0.00298333
      0.00295851
      0.00279763
      0.00232889
      0.00189772
      0.00227441
      0.00277049
      0.00295399
      0.00298552
      0.00297117
      0.00285076
      0.00244454
      0.00192800
      0.00216137
      0.00270314
      0.00293939
      0.00298724
      0.00297962
      0.00288397
      0.00252641
      0.00197420
      0.00208188
      0.00264303
      0.00292356
      0.00298708
      0.00298456
      0.00290539
      0.00258530
      0.00202169
      0.00202605
      0.00258998
      0.00290694
      0.00298481
      0.00298689
      0.00292204
      0.00263802
      0.00207608
      0.00197826
      0.00253215
      0.00288604
      0.00297998
      0.00298708
      0.00293773
      0.00269705
      0.00215258
      0.00193162
      0.00245293
      0.00285410
      0.00297173
      0.00298534
      0.00295241
      0.00276409
      0.00226282
      0.00189858
      0.00233990
      0.00280278
      0.00295931
      0.00298296
      0.00296298
      0.00282240
      0.00238319
      0.00190445
      0.00221433
      0.00273444
      0.00294243
      0.00298087
      0.00296873
      0.00285809
      0.00247116
      0.00193703
      0.00211967
      0.00267039
      0.00292406
      0.00297767
      0.00297051
      0.00287604
      0.00252279
      0.00196822
      0.00206124
      0.00262246
      0.00290779
      0.00297313
      0.00296926
      0.00288369
      0.00255086
      0.00198940
      0.00202559
      0.00258878
      0.00289425
      0.00296764
      0.00296594
      0.00288553
      0.00256531
      0.00200180
      0.00200213
      0.00256442
      0.00288266
      0.00296142
      0.00296115
      0.00288395
      0.00257192
      0.00200809
      0.00198492
      0.00254552
      0.00287211
      0.00295454
      0.00295522
      0.00288016
      0.00257383
      0.00201037
      0.00197083
      0.00252956
      0.00286193
      0.00294698
      0.00294835
      0.00287483
      0.00257278
      0.00201002
      0.00195817
      0.00251500
      0.00285167
      0.00293874
      0.00294063
      0.00286831
      0.00256977
      0.00200789
      0.00194603
      0.00250093
      0.00284104
      0.00292980
      0.00293212
      0.00286083
      0.00256537
      0.00200449
      0.00193390
      0.00248679
      0.00282988
      0.00292014
      0.00292286
      0.00285249
      0.00255990
      0.00200015
      0.00192147
      0.00247225
      0.00281808
      0.00290977
      0.00291285
      0.00284335
      0.00255354
      0.00199505
      0.00190858
      0.00245713
      0.00280558
      0.00289867
      0.00290212
      0.00283346
      0.00254640
      0.00198929
      0.00189517
      0.00244132
      0.00279234
      0.00288685
      0.00289067
      0.00282283
      0.00253849
      0.00198287
      0.00188121
      0.00242481
      0.00277836
      0.00287431
      0.00287850
      0.00281145
      0.00252977
      0.00197576
      0.00186674
      0.00240765
      0.00276366
      0.00286106
      0.00286561
      0.00279928
      0.00252014
      0.00196782
      0.00185186
      0.00238999
      0.00274830
      0.00284711
      0.00285201
      0.00278627
      0.00250937
      0.00195877
      0.00183672
      0.00237209
      0.00273239
      0.00283249
      0.00283768
      0.00277232
      0.00249715
      0.00194822
      0.00182159
      0.00235438
      0.00271610
      0.00281724
      0.00282263
      0.00275731
      0.00248298
      0.00193554
      0.00180684
      0.00233749
      0.00269969
      0.00280144
      0.00280685
      0.00274100
      0.00246611
      0.00191983
      0.00179303
      0.00232236
      0.00268355
      0.00278517
      0.00279030
      0.00272307
      0.00244548
      0.00189985
      0.00178103
      0.00231029
      0.00266819
      0.00276857
      0.00277295
      0.00270300
      0.00241943
      0.00187390
      0.00177226
      0.00230313
      0.00265434
      0.00275182
      0.00275470
      0.00267987
      0.00238524
      0.00183961
      0.00176931
      0.00230355
      0.00264299
      0.00273517
      0.00273533
      0.00265191
      0.00233816
      0.00179395
      0.00177712
      0.00231547
      0.00263546
      0.00271895
      0.00271421
      0.00261536
      0.00226936
      0.00173424
      0.00180544
      0.00234429
      0.00263322
      0.00270333
      0.00268951
      0.00256211
      0.00216389
      0.00166463
      0.00187103
      0.00239448
      0.00263635
      0.00268724
      0.00265641
      0.00247809
      0.00200850
      0.00161419
      0.00198716
      0.00245963
      0.00263977
      0.00266676
      0.00260796
      0.00235503
      0.00182604
      0.00163084
      0.00212669
      0.00250849
      0.00260639
      0.00252843
      0.00215623
      0.00108913
      0.00000000
