      0.00000000
      0.00108391
      0.00214854
      0.00252101
      0.00260719
      0.00254402
      0.00222873
      0.00170089
      0.00172564
      0.00226244
      0.00257266
      0.00265633
      0.00265541
      0.00255862
      0.00221337
      0.00169093
      0.00178144
      0.00231906
      0.00260566
      0.00267874
      0.00267419
      0.00256996
      0.00220912
      0.00169306
      0.00182456
      0.00236086
      0.00263304
      0.00269987
      0.00269321
      0.00258444
      0.00221398
      0.00170203
      0.00185795
      0.00239320
      0.00265689
      0.00272003
      0.00271223
      0.00260113
      0.00222535
      0.00171493
      0.00188380
      0.00241897
      0.00267823
      0.00273935
      0.00273107
      0.00261932
      0.00224133
      0.00173019
      0.00190385
      0.00243993
      0.00269766
      0.00275788
      0.00274957
      0.00263838
      0.00226045
      0.00174690
      0.00191951
      0.00245728
      0.00271556
      0.00277566
      0.00276763
      0.00265779
      0.00228147
      0.00176441
      0.00193197
      0.00247195
      0.00273219
      0.00279272
      0.00278514
      0.00267713
      0.00230341
      0.00178226
      0.00194220
      0.00248466
      0.00274775
      0.00280906
      0.00280203
      0.00269607
      0.00232550
      0.00180010
      0.00195096
      0.00249596
      0.00276241
      0.00282468
      0.00281824
      0.00271440
      0.00234721
      0.00181764
      0.00195877
      0.00250623
      0.00277625
      0.00283960
      0.00283373
      0.00273196
      0.00236819
      0.00183470
      0.00196597
      0.00251574
      0.00278936
      0.00285380
      0.00284848
      0.00274868
      0.00238825
      0.00185113
      0.00197274
      0.00252465
      0.00280178
      0.00286730
      0.00286249
      0.00276454
      0.00240729
      0.00186687
      0.00197919
      0.00253302
      0.00281352
      0.00288009
      0.00287575
      0.00277951
      0.00242529
      0.00188187
      0.00198531
      0.00254089
      0.00282460
      0.00289216
      0.00288827
      0.00279363
      0.00244230
      0.00189615
      0.00199108
      0.00254824
      0.00283501
      0.00290352
      0.00290003
      0.00280692
      0.00245836
      0.00190973
      0.00199644
      0.00255500
      0.00284472
      0.00291416
      0.00291106
      0.00281940
      0.00247358
      0.00192267
      0.00200128
      0.00256111
      0.00285372
      0.00292407
      0.00292136
      0.00283115
      0.00248811
      0.00193508
      0.00200546
      0.00256643
      0.00286195
      0.00293325
      0.00293093
      0.00284222
      0.00250216
      0.00194714
      0.00200877
      0.00257074
      0.00286936
      0.00294168
      0.00293978
      0.00285273
      0.00251607
      0.00195914
      0.00201090
      0.00257374
      0.00287581
      0.00294932
      0.00294793
      0.00286285
      0.00253037
      0.00197157
      0.00201134
      0.00257485
      0.00288111
      0.00295612
      0.00295539
      0.00287285
      0.00254596
      0.00198532
      0.00200925
      0.00257315
      0.00288491
      0.00296198
      0.00296218
      0.00288316
      0.00256429
      0.00200198
      0.00200332
      0.00256697
      0.00288659
      0.00296674
      0.00296830
      0.00289443
      0.00258778
      0.00202451
      0.00199152
      0.00255331
      0.00288499
      0.00297006
      0.00297370
      0.00290756
      0.00262019
      0.00205850
      0.00197119
      0.00252672
      0.00287788
      0.00297137
      0.00297818
      0.00292339
      0.00266639
      0.00211409
      0.00194076
      0.00247768
      0.00286099
      0.00296977
      0.00298136
      0.00294149
      0.00272893
      0.00220491
      0.00190737
      0.00239329
      0.00282712
      0.00296426
      0.00298333
      0.00295851
      0.00279764
      0.00232891
      0.00189775
      0.00227443
      0.00277050
      0.00295399
      0.00298552
      0.00297117
      0.00285077
      0.00244456
      0.00192803
      0.00216139
      0.00270315
      0.00293939
      0.00298724
      0.00297962
      0.00288398
      0.00252642
      0.00197423
      0.00208191
      0.00264304
      0.00292356
      0.00298708
      0.00298456
      0.00290540
      0.00258532
      0.00202172
      0.00202608
      0.00259000
      0.00290695
      0.00298481
      0.00298689
      0.00292204
      0.00263804
      0.00207611
      0.00197830
      0.00253217
      0.00288604
      0.00297998
      0.00298708
      0.00293773
      0.00269706
      0.00215261
      0.00193166
      0.00245295
      0.00285411
      0.00297173
      0.00298534
      0.00295241
      0.00276410
      0.00226285
      0.00189862
      0.00233993
      0.00280279
      0.00295931
      0.00298295
      0.00296298
      0.00282241
      0.00238322
      0.00190449
      0.00221436
      0.00273445
      0.00294243
      0.00298087
      0.00296874
      0.00285809
      0.00247118
      0.00193707
      0.00211970
      0.00267040
      0.00292407
      0.00297767
      0.00297051
      0.00287605
      0.00252281
      0.00196826
      0.00206127
      0.00262248
      0.00290779
      0.00297313
      0.00296926
      0.00288369
      0.00255088
      0.00198944
      0.00202563
      0.00258880
      0.00289425
      0.00296764
      0.00296594
      0.00288554
      0.00256533
      0.00200184
      0.00200217
      0.00256444
      0.00288267
      0.00296142
      0.00296115
      0.00288395
      0.00257194
      0.00200813
      0.00198496
      0.00254554
      0.00287212
      0.00295454
      0.00295522
      0.00288016
      0.00257384
      0.00201041
      0.00197087
      0.00252958
      0.00286194
      0.00294698
      0.00294835
      0.00287483
      0.00257280
      0.00201006
      0.00195821
      0.00251502
      0.00285167
      0.00293874
      0.00294063
      0.00286832
      0.00256979
      0.00200792
      0.00194608
      0.00250095
      0.00284105
      0.00292980
      0.00293212
      0.00286083
      0.00256539
      0.00200453
      0.00193394
      0.00248681
      0.00282989
      0.00292014
      0.00292286
      0.00285249
      0.00255992
      0.00200019
      0.00192151
      0.00247227
      0.00281809
      0.00290977
      0.00291285
      0.00284336
      0.00255356
      0.00199509
      0.00190862
      0.00245715
      0.00280559
      0.00289867
      0.00290212
      0.00283347
      0.00254642
      0.00198932
      0.00189521
      0.00244134
      0.00279235
      0.00288685
      0.00289067
      0.00282284
      0.00253851
      0.00198291
      0.00188125
      0.00242483
      0.00277837
      0.00287431
      0.00287850
      0.00281145
      0.00252979
      0.00197580
      0.00186678
      0.00240767
      0.00276367
      0.00286106
      0.00286561
      0.00279928
      0.00252015
      0.00196785
      0.00185189
      0.00239001
      0.00274831
      0.00284711
      0.00285201
      0.00278627
      0.00250939
      0.00195880
      0.00183676
      0.00237211
      0.00273240
      0.00283249
      0.00283768
      0.00277233
      0.00249717
      0.00194825
      0.00182163
      0.00235440
      0.00271611
      0.00281725
      0.00282263
      0.00275731
      0.00248299
      0.00193557
      0.00180687
      0.00233751
      0.00269970
      0.00280144
      0.00280685
      0.00274100
      0.00246613
      0.00191986
      0.00179306
      0.00232238
      0.00268355
      0.00278518
      0.00279030
      0.00272307
      0.00244549
      0.00189988
      0.00178105
      0.00231031
      0.00266819
      0.00276857
      0.00277295
      0.00270301
      0.00241944
      0.00187392
      0.00177229
      0.00230314
      0.00265434
      0.00275182
      0.00275470
      0.00267988
      0.00238525
      0.00183963
      0.00176933
      0.00230356
      0.00264299
      0.00273517
      0.00273533
      0.00265191
      0.00233817
      0.00179396
      0.00177713
      0.00231548
      0.00263546
      0.00271895
      0.00271421
      0.00261536
      0.00226937
      0.00173426
      0.00180545
      0.00234430
      0.00263322
      0.00270333
      0.00268951
      0.00256212
      0.00216390
      0.00166465
      0.00187104
      0.00239449
      0.00263635
      0.00268724
      0.00265641
      0.00247809
      0.00200851
      0.00161420
      0.00198717
      0.00245964
      0.00263978
      0.00266676
      0.00260796
      0.00235503
      0.00182604
      0.00163085
      0.00212669
      0.00250849
      0.00260639
      0.00252843
      0.00215623
      0.00108913
      0.00000000
