      0.00000000
     -0.69406296
     -0.91969721
     -1.07995836
     -1.21945471
     -1.40081592
     -1.71529558
     -2.31570636
      3.11325956
      2.53225299
      2.22857229
      2.05172464
      1.90864036
      1.72125585
      1.39155714
      0.76324263
     -0.08637495
     -0.63964609
     -0.92893792
     -1.09955908
     -1.24160630
     -1.43267654
     -1.77249948
     -2.41835074
      3.02032147
      2.48388930
      2.20313605
      2.03621313
      1.89474479
      1.70137906
      1.35531413
      0.69907620
     -0.14152526
     -0.66812086
     -0.94393976
     -1.10867988
     -1.24972514
     -1.44426586
     -1.79364767
     -2.45522619
      2.98973894
      2.46819725
      2.19490549
      2.03135424
      1.89068357
      1.69583260
      1.34532104
      0.68202421
     -0.15519240
     -0.67506093
     -0.94751132
     -1.11056742
     -1.25088717
     -1.44542058
     -1.79548751
     -2.45794261
      2.98797583
      2.46739940
      2.19460322
      2.03154808
      1.89155033
      1.69775241
      1.34918806
      0.68929603
     -0.14871965
     -0.67161378
     -0.94556418
     -1.10896306
     -1.24867820
     -1.44149551
     -1.78791770
     -2.44418725
      2.99984742
      2.47363017
      2.19801312
      2.03404376
      1.89456608
      1.70284447
      1.35888798
      0.70679989
     -0.13363624
     -0.66372366
     -0.94129404
     -1.10596858
     -1.24525323
     -1.43585263
     -1.77723905
     -2.42493981
      3.01652778
      2.48234987
      2.20270217
      2.03725599
      1.89812535
      1.70862082
      1.36977151
      0.72643608
     -0.11647268
     -0.65474712
     -0.93648783
     -1.10272513
     -1.24173329
     -1.43019812
     -1.76661829
     -2.40574053
      3.03347380
      2.49122222
      2.20743768
      2.04041910
      1.90150959
      1.71401920
      1.37988866
      0.74476801
     -0.10012820
     -0.64617734
     -0.93192419
     -1.09969833
     -1.23852614
     -1.42510607
     -1.75708934
     -2.38843111
      3.04906132
      2.49940888
      2.21179062
      2.04329275
      1.90453567
      1.71881074
      1.38884824
      0.76108432
     -0.08529277
     -0.63837114
     -0.92777680
     -1.09696731
     -1.23565926
     -1.42057080
     -1.74860961
     -2.37295006
      3.06326747
      2.50689930
      2.21577058
      2.04591264
      1.90728568
      1.72316521
      1.39699564
      0.77599545
     -0.07148869
     -0.63107595
     -0.92389588
     -1.09440675
     -1.23296224
     -1.41628703
     -1.74058150
     -2.35822052
      3.07702007
      2.51418675
      2.21965790
      2.04849197
      1.91002369
      1.72753867
      1.40521391
      0.79111344
     -0.05725297
     -0.62350822
     -0.91984043
     -1.09168948
     -1.23004062
     -1.41158080
     -1.73170428
     -2.34184335
      3.09258016
      2.52249087
      2.22413755
      2.05153560
      1.91335406
      1.73296150
      1.41549042
      0.81013473
     -0.03899515
     -0.61371894
     -0.91451658
     -1.08801143
     -1.22593482
     -1.40481687
     -1.71882430
     -2.31790924
      3.11584928
      2.53503395
      2.23101525
      2.05636441
      1.91884407
      1.74209957
      1.43296342
      0.84276210
     -0.00671515
     -0.59621292
     -0.90485636
     -1.08115195
     -1.21804329
     -1.39159287
     -1.69347031
     -2.27026854
     -3.11898026
      2.56144886
      2.24562930
      2.06676349
      1.93081440
      1.76218091
      1.47149084
      0.91575399
      0.07034822
     -0.55369365
     -0.88140643
     -1.06466735
     -1.19939422
     -1.36054416
     -1.63403186
     -2.15648064
     -2.99120399
      2.63312574
      2.28471111
      2.09330414
      1.95940853
      1.80864493
      1.55978559
      1.08666268
      0.28078999
     -0.43177868
     -0.81633345
     -1.02327365
     -1.15922014
     -1.29912993
     -1.51953957
     -1.93340347
     -2.68282205
      2.82347892
      2.38392422
      2.15142427
      2.00734673
      1.87340806
      1.67539609
      1.31088651
      0.62705584
     -0.19580339
     -0.69485137
     -0.95636828
     -1.11193596
     -1.24487456
     -1.42923781
     -1.76125502
     -2.39287389
      3.04736050
      2.49956286
      2.21330248
      2.04748186
      1.91416908
      1.73900943
      1.42987245
      0.83892654
     -0.00928453
     -0.59684435
     -0.90414365
     -1.07856395
     -1.21190522
     -1.37854006
     -1.66676816
     -2.21835697
     -3.06223560
      2.59328267
      2.26356434
      2.08013111
      1.94716871
      1.79059525
      1.52664136
      1.02270803
      0.19713359
     -0.48136158
     -0.84233726
     -1.03881816
     -1.17252227
     -1.31758738
     -1.55271968
     -1.99777541
     -2.77993715
      2.75984880
      2.35110785
      2.13309387
      1.99398755
      1.85758716
      1.64876743
      1.26002797
      0.54181866
     -0.26014307
     -0.72815446
     -0.97450913
     -1.12424664
     -1.25813752
     -1.45053127
     -1.80136418
     -2.46410434
      2.98593987
      2.46713131
      2.19549703
      2.03515064
      1.90054856
      1.71680521
      1.38779797
      0.76148344
     -0.08342504
     -0.63693991
     -0.92646010
     -1.09457506
     -1.23041182
     -1.40951231
     -1.72600891
     -2.33001380
      3.10457981
      2.52904052
      2.22784410
      2.05460040
      1.91778717
      1.74138272
      1.43240183
      0.84226035
     -0.00720820
     -0.59674620
     -0.90551522
     -1.08209259
     -1.21956344
     -1.39425580
     -1.69842041
     -2.27952452
     -3.12896627
      2.55543767
      2.24160271
      2.06280094
      1.92490683
      1.75140732
      1.45057303
      0.87576780
      0.02662516
     -0.57864136
     -0.89605818
     -1.07642379
     -1.21458994
     -1.38717740
     -1.68550734
     -2.25556206
     -3.10432926
      2.56868400
      2.24854643
      2.06700164
      1.92865590
      1.75682840
      1.46054637
      0.89437885
      0.04601214
     -0.56817903
     -0.89055073
     -1.07305673
     -1.21152766
     -1.38267537
     -1.67715452
     -2.23989914
     -3.08784514
      2.57760657
      2.25326244
      2.06991269
      1.93134689
      1.76083945
      1.46804014
      0.90848753
      0.06099088
     -0.56005086
     -0.88624056
     -1.07037719
     -1.20902305
     -1.37890760
     -1.67008133
     -2.22653963
     -3.07354811
      2.58538158
      2.25739425
      2.07249163
      1.93376996
      1.76450076
      1.47493235
      0.92153774
      0.07506336
     -0.55238369
     -0.88216192
     -1.06782932
     -1.20663052
     -1.37529193
     -1.66326800
     -2.21361388
     -3.05950788
      2.59304294
      2.26146944
      2.07503149
      1.93614021
      1.76806897
      1.48165406
      0.93430782
      0.08902924
     -0.54475493
     -0.87810899
     -1.06531794
     -1.20431650
     -1.37183712
     -1.65676976
     -2.20125777
     -3.04591603
      2.60046871
      2.26540430
      2.07744399
      1.93831412
      1.77126714
      1.48765223
      0.94571323
      0.10162118
     -0.53788631
     -0.87448677
     -1.06313920
     -1.20243162
     -1.36914009
     -1.65173809
     -2.19170658
     -3.03538673
      2.60617871
      2.26838641
      2.07916715
      1.93967324
      1.77308188
      1.49099478
      0.95201128
      0.10843582
     -0.53426970
     -0.87265174
     -1.06221157
     -1.20195534
     -1.36877690
     -1.65116062
     -2.19074205
     -3.03472923
      2.60632369
      2.26832698
      2.07879777
      1.93873989
      1.77115455
      1.48722177
      0.94458527
      0.09942369
     -0.53956410
     -0.87567759
     -1.06460733
     -1.20507964
     -1.37425154
     -1.66166732
     -2.21112960
     -3.05843352
      2.59281423
      2.26080531
      2.07330140
      1.93222294
      1.76015635
      1.46620560
      0.90406429
      0.05372410
     -0.56524092
     -0.88991823
     -1.07485202
     -1.21695958
     -1.39411752
     -1.69965067
     -2.28382919
     -3.13702713
      2.54923320
      2.23651328
      2.05564281
      1.91152055
      1.72534496
      1.39937990
      0.77784891
     -0.07381069
     -0.63488955
     -0.92922085
     -1.10428672
     -1.25264604
     -1.45503815
     -1.81737275
     -2.49975644
      2.95017827
      2.44408620
      2.17612450
      2.00846287
      1.85172889
      1.62137856
      1.19713768
      0.43094732
     -0.34463759
     -0.77772901
     -1.01275600
     -1.17236958
     -1.34244111
     -1.61361592
     -2.12588255
     -2.96409313
      2.64166546
      2.28198647
      2.07861815
      1.92857422
      1.76384618
      1.53678158
      0.00000000
