             NaN
      1.53144435
      1.75707861
      1.91733974
      2.05683609
      2.23819729
      2.55267695
     -3.13009765
     -2.27587845
     -1.69487196
     -1.39119127
     -1.21434365
     -1.07125940
     -0.88387492
     -0.55417624
      0.07413810
      0.92375528
      1.47702630
      1.76631809
      1.93693920
      2.07898637
      2.27005657
      2.60987945
     -3.02745489
     -2.18294238
     -1.64651040
     -1.36575720
     -1.19883435
     -1.05736609
     -0.86400042
     -0.51793557
      0.13830194
      0.97890262
      1.50549799
      1.78131681
      1.94605684
      2.08710200
      2.28164263
      2.63102433
     -2.99058299
     -2.15236379
     -1.63082238
     -1.35753072
     -1.19397959
     -1.05330906
     -0.85845820
     -0.50794678
      0.15534940
      0.99256483
      1.51243302
      1.78488329
      1.94793924
      2.08825883
      2.28279209
      2.63285885
     -2.98787213
     -2.15060664
     -1.63003064
     -1.35723460
     -1.19417965
     -1.05418209
     -0.86038434
     -0.51182019
      0.14807095
      0.98608502
      1.50897865
      1.78292887
      1.94632753
      2.08604244
      2.27885955
      2.62528150
     -3.00163527
     -2.16248649
     -1.63626982
     -1.36065299
     -1.19668387
     -1.05720646
     -0.86548509
     -0.52152887
      0.13055808
      0.97099210
      1.50107884
      1.77864896
      1.94332322
      2.08260755
      2.27320668
      2.61459279
     -3.02089302
     -2.17917770
     -1.64500057
     -1.36535316
     -1.19990731
     -1.06077703
     -0.87127282
     -0.53242387
      0.11091018
      0.95381625
      1.49208980
      1.77383016
      1.94006709
      2.07907484
      2.26753931
      2.60395908
     -3.04010550
     -2.19613753
     -1.65388698
     -1.37010281
     -1.20308466
     -1.06417561
     -0.87668564
     -0.54255554
      0.09256344
      0.93745632
      1.48350431
      1.76925074
      1.93702440
      2.07585169
      2.26243116
      2.59441393
     -3.05743141
     -2.21174222
     -1.66209107
     -1.37447329
     -1.20597594
     -1.06721945
     -0.88149504
     -0.55153309
      0.07622887
      0.92260193
      1.47567885
      1.76508398
      1.93427390
      2.07296521
      2.25787617
      2.58591437
     -3.07293259
     -2.22596923
     -1.66960267
     -1.37847455
     -1.20861725
     -1.06999100
     -0.88587117
     -0.55970226
      0.06129565
      0.90877499
      1.46836047
      1.76117975
      1.93168991
      2.07024462
      2.25356871
      2.57786245
     -3.08768627
     -2.23974676
     -1.67691540
     -1.38238726
     -1.21122210
     -1.07275468
     -0.89027043
     -0.56794646
      0.04615142
      0.89451220
      1.46076532
      1.75709675
      1.92894495
      2.06729516
      2.24883450
      2.56895713
     -3.10409185
     -2.25533611
     -1.68524916
     -1.38689670
     -1.21429566
     -1.07611513
     -0.89572347
     -0.57825331
      0.02709949
      0.87622289
      1.45094411
      1.75174082
      1.92523469
      2.06315700
      2.24203806
      2.55604451
     -3.12805886
     -2.27863900
     -1.69782649
     -1.39380878
     -1.21915899
     -1.08163983
     -0.90489639
     -0.59576128
     -0.00556305
      0.84390684
      1.43340151
      1.74204387
      1.91833834
      2.05522842
      2.22877686
      2.53065320
      3.10744832
     -2.32703304
     -1.72428032
     -1.40846192
     -1.22959730
     -1.09364956
     -0.92501730
     -0.63432838
     -0.07859454
      0.76680311
      1.39084101
      1.71855253
      1.90181219
      2.03653762
      2.19768623
      2.47117273
      2.99361875
     -2.45485147
     -1.79600064
     -1.44758743
     -1.25618177
     -1.12228768
     -0.97152554
     -0.72266746
     -0.24954690
      0.55631783
      1.26888053
      1.65343362
      1.86037246
      1.99631736
      2.13622556
      2.35663385
      2.77049581
     -2.76327795
     -1.98640126
     -1.54684873
     -1.31435016
     -1.17027426
     -1.03633728
     -0.83832676
     -0.47381889
      0.21000584
      1.03285589
      1.53190097
      1.79341645
      1.94898247
      2.08191931
      2.26628100
      2.59829659
     -3.05327499
     -2.21033424
     -1.66254031
     -1.37628145
     -1.21046250
     -1.07715156
     -0.90199355
     -0.59285817
     -0.00191684
      0.84628350
      1.43383878
      1.74113646
      1.91555506
      2.04889443
      2.21552753
      2.50375403
      3.05533879
     -2.38397884
     -1.75631728
     -1.42660071
     -1.24316921
     -1.11020878
     -0.95363716
     -0.68968490
     -0.18575498
      0.63980875
      1.31829714
      1.67927085
      1.87575000
      2.00945209
      2.15451523
      2.38964584
      2.83469884
     -2.66633443
     -1.92294368
     -1.51420512
     -1.29619289
     -1.15708861
     -1.02069028
     -0.81187233
     -0.42313513
      0.29506601
      1.09701717
      1.56502545
      1.81137838
      1.96111387
      2.09500263
      2.28739453
      2.63822541
     -2.98222670
     -2.14909749
     -1.63029288
     -1.35866037
     -1.19831599
     -1.06371605
     -0.87997460
     -0.55096931
      0.07533900
      0.92023486
      1.47374507
      1.76326343
      1.93137640
      2.06721100
      2.24630955
      2.56280423
     -3.11638200
     -2.26780332
     -1.69226923
     -1.39107467
     -1.21783296
     -1.08102191
     -0.90461942
     -0.59564043
     -0.00550454
      0.84395076
      1.43348318
      1.74225029
      1.91882568
      2.05629435
      2.23098473
      2.53514744
      3.11624611
     -2.31751087
     -1.71873535
     -1.40490232
     -1.22610252
     -1.08821059
     -0.91471306
     -0.61388066
     -0.03908076
      0.81004836
      1.41530884
      1.73272372
      1.91308737
      2.05125135
      2.22383683
      2.52216490
      3.09221438
     -2.34221730
     -1.73205142
     -1.41191580
     -1.23037294
     -1.09202936
     -0.92020383
     -0.62392365
     -0.05776127
      0.79059188
      1.40477678
      1.72714655
      1.90965065
      2.04811944
      2.21926520
      2.51374254
      3.07648211
     -2.35877071
     -1.74104342
     -1.41670120
     -1.23335332
     -1.09478962
     -0.92428409
     -0.63148657
     -0.07193888
      0.77554438
      1.39657978
      1.72276760
      1.90690240
      2.04554621
      2.21542889
      2.50660089
      3.06305439
     -2.37313565
     -1.74888637
     -1.42090088
     -1.23600003
     -1.09728035
     -0.92801298
     -0.63844624
     -0.08505627
      0.76140512
      1.38884588
      1.71862232
      1.90428801
      2.04308728
      2.21174692
      2.49972138
      3.05006281
     -2.38724120
     -1.75661293
     -1.42504117
     -1.23860486
     -1.09971543
     -0.93164588
     -0.64523252
     -0.09789054
      0.74737571
      1.38115376
      1.71450615
      1.90171354
      2.04071033
      2.20822933
      2.49316051
      3.03764447
     -2.40089448
     -1.76409989
     -1.42903707
     -1.24107824
     -1.10195003
     -0.93490458
     -0.65129105
     -0.10935588
      0.73472474
      1.37422646
      1.71082540
      1.89947646
      2.03876732
      2.20547435
      2.48807107
      3.02803595
     -2.41148007
     -1.76986573
     -1.43207485
     -1.24285687
     -1.10336441
     -0.93677438
     -0.65468846
     -0.11570832
      0.72785687
      1.37055716
      1.70893790
      1.89849656
      2.03823901
      2.20505935
      2.48744199
      3.02702029
     -2.41218743
     -1.77005990
     -1.43206437
     -1.24253621
     -1.10247953
     -0.93489528
     -0.65096348
     -0.10832989
      0.73682283
      1.37580621
      1.71191865
      1.90084746
      2.04131870
      2.21048965
      2.49790456
      3.04736414
     -2.38852534
     -1.75659164
     -1.42458363
     -1.23708052
     -1.09600298
     -0.92393722
     -0.62998721
     -0.06784843
      0.78248452
      1.40144631
      1.72612288
      1.91105598
      2.05316277
      2.23032003
      2.53585254
      3.12002867
     -2.30996500
     -1.71304253
     -1.40032319
     -1.21945328
     -1.07533164
     -0.88915658
     -0.56319206
      0.05833660
      0.90999101
      1.47106814
      1.76539902
      1.94046447
      2.08882332
      2.29121505
      2.65354916
     -2.94725475
     -2.11400796
     -1.60791686
     -1.33995544
     -1.17229411
     -1.01556043
     -0.78521036
     -0.36096992
      0.40521834
      1.18080111
      1.61389212
      1.84891896
      2.00853237
      2.17860374
      2.44977842
      2.96204470
     -2.48293128
     -1.80550527
     -1.44582637
     -1.24245808
     -1.09241419
     -0.92768619
     -0.70062160
      0.00000000
