      0.00000000
      0.00000000
      0.00000000
      0.00000000
      0.00000000
      0.00000000
      0.00000000
      0.00000000
      0.00000000
      0.00000000
      0.00000000
      0.00000000
      0.00000000
      0.00000000
      0.00000000
      0.00000000
      0.00000000
      0.00000000
      0.00000000
      0.00000000
      0.00000000
      0.00000000
      0.00000000
      0.00000000
      0.00000000
      0.00000000
      0.00000000
      0.00000000
      0.00000000
      0.00000000
      0.00000000
      0.00000000
      0.00000000
      0.00000000
      0.00000000
      0.00000000
      0.00000000
      0.00000000
      0.00000000
      0.00000000
      0.00000000
      0.00000000
      0.00000000
      0.00000000
      0.00000000
      0.00000000
      0.00000000
      0.00000000
      0.00000000
      0.00000000
      0.00000000
      0.00000000
      0.00000000
      0.00000000
      0.00000000
      0.00000000
      0.00000000
      0.00000000
      0.00000000
      0.00000000
      0.00000000
      0.00000000
      0.00000000
      0.00000000
      0.00000000
      0.00000000
      0.00000000
      0.00000000
      0.00000000
      0.00000000
      0.00000000
      0.00000000
      0.00000000
      0.00000000
      0.00000000
      0.00000000
      0.00000000
      0.00000000
      0.00000000
      0.00000000
      0.00000000
      0.00000000
      0.00000000
      0.00000000
      0.00000000
      0.00000000
      0.00000000
      0.00000000
      0.00000000
      0.00000000
      0.00000000
      0.00000000
      0.00000000
      0.00000000
      0.00000000
      0.00000000
      0.00000000
      0.00000000
      0.00000000
      0.00000000
      0.00000000
      0.00000000
      0.00000000
      0.00000000
      0.00000000
      0.00000000
      0.00000000
      0.00000000
      0.00000000
      0.00000000
      0.00000000
      0.00000000
      0.00000000
      0.00000000
      0.00000000
      0.00000000
      0.00000000
      0.00000000
      0.00000000
      0.00000000
      0.00000000
      0.00000000
      0.00000000
      0.00000000
      0.00000000
      0.00000000
      0.00000000
      0.00000000
      0.00000000
      0.00000000
      0.00000000
      0.00000000
      0.00000000
      0.00000000
      0.00000000
      0.00000000
      0.00000000
      0.00000000
      0.00000000
      0.00000000
      0.00000000
      0.00000000
      0.00000000
      0.00000000
      0.00000000
      0.00000000
      0.00000000
      0.00000003
      0.00000024
      0.00000149
      0.00000728
      0.00002739
      0.00007939
      0.00017946
      0.00032624
      0.00050016
      0.00068038
      0.00085637
      0.00102635
      0.00119182
      0.00135439
      0.00151493
      0.00167374
      0.00183090
      0.00198640
      0.00214023
      0.00229237
      0.00244283
      0.00259159
      0.00273867
      0.00288407
      0.00302777
      0.00316979
      0.00331013
      0.00344878
      0.00358575
      0.00372103
      0.00385463
      0.00398655
      0.00411679
      0.00424534
      0.00437221
      0.00449740
      0.00462091
      0.00474274
      0.00486289
      0.00498135
      0.00509813
      0.00521323
      0.00532665
      0.00543839
      0.00554845
      0.00565683
      0.00576353
      0.00586854
      0.00597188
      0.00607353
      0.00617351
      0.00627180
      0.00636841
      0.00646335
      0.00655660
      0.00664817
      0.00673806
      0.00682627
      0.00691280
      0.00699765
      0.00708082
      0.00716231
      0.00724212
      0.00732025
      0.00739670
      0.00747147
      0.00754456
      0.00761597
      0.00768570
      0.00775375
      0.00782012
      0.00788481
      0.00794782
      0.00800914
      0.00806879
      0.00812676
      0.00818306
      0.00823769
      0.00829065
      0.00834193
      0.00839140
      0.00843885
      0.00848392
      0.00852639
      0.00856704
      0.00860950
      0.00866272
      0.00874173
      0.00886173
      0.00902268
      0.00918875
      0.00925884
      0.00900492
      0.00828503
      0.00829306
      0.00919355
      0.00973052
      0.00994874
      0.01000995
      0.00990690
      0.00949171
      0.00874793
      0.00873043
      0.00952118
      0.01002462
      0.01021213
      0.01022541
      0.01006470
      0.00959148
      0.00882680
      0.00883357
      0.00959671
      0.01006233
      0.01021752
      0.01019975
      0.01000717
      0.00949642
      0.00870380
      0.00873592
      0.00947797
      0.00988429
      0.00998098
      0.00991538
      0.00969308
      0.00914895
      0.00824511
      0.00825750
      0.00897578
      0.00922013
      0.00914585
      0.00897949
      0.00881986
      0.00870107
      0.00862229
      0.00856828
      0.00852440
      0.00848205
      0.00843783
      0.00839102
      0.00834186
      0.00829069
      0.00823774
      0.00818309
      0.00812678
      0.00806881
      0.00800916
      0.00794783
      0.00788482
      0.00782013
      0.00775376
      0.00768571
      0.00761598
      0.00754457
      0.00747149
      0.00739672
      0.00732027
      0.00724214
      0.00716233
      0.00708084
      0.00699767
      0.00691281
      0.00682628
      0.00673807
      0.00664818
      0.00655661
      0.00646336
      0.00636842
      0.00627181
      0.00617352
      0.00607354
      0.00597189
      0.00586855
      0.00576354
      0.00565684
      0.00554846
      0.00543840
      0.00532666
      0.00521324
      0.00509814
      0.00498136
      0.00486289
      0.00474275
      0.00462092
      0.00449741
      0.00437222
      0.00424535
      0.00411679
      0.00398656
      0.00385464
      0.00372104
      0.00358575
      0.00344878
      0.00331013
      0.00316979
      0.00302777
      0.00288407
      0.00273868
      0.00259160
      0.00244283
      0.00229237
      0.00214023
      0.00198640
      0.00183090
      0.00167374
      0.00151493
      0.00135439
      0.00119182
      0.00102635
      0.00085637
      0.00068038
      0.00050016
      0.00032624
      0.00017946
      0.00007939
      0.00002739
      0.00000728
      0.00000149
      0.00000024
      0.00000003
      0.00000000
      0.00000000
      0.00000000
      0.00000000
      0.00000000
      0.00000000
      0.00000000
      0.00000000
      0.00000000
      0.00000000
      0.00000000
      0.00000000
      0.00000000
      0.00000000
      0.00000000
      0.00000000
      0.00000000
      0.00000000
      0.00000000
      0.00000000
      0.00000000
      0.00000000
      0.00000000
      0.00000000
      0.00000000
      0.00000000
      0.00000000
      0.00000000
      0.00000000
      0.00000000
      0.00000000
      0.00000000
      0.00000000
      0.00000000
      0.00000000
      0.00000000
      0.00000000
      0.00000000
      0.00000000
      0.00000000
      0.00000000
      0.00000000
      0.00000000
      0.00000000
      0.00000000
      0.00000000
      0.00000000
      0.00000000
      0.00000000
      0.00000000
      0.00000000
      0.00000000
      0.00000000
      0.00000000
      0.00000000
      0.00000000
      0.00000000
      0.00000000
      0.00000000
      0.00000000
      0.00000000
      0.00000000
      0.00000000
      0.00000000
      0.00000000
      0.00000000
      0.00000000
      0.00000000
      0.00000000
      0.00000000
      0.00000000
      0.00000000
      0.00000000
      0.00000000
      0.00000000
      0.00000000
      0.00000000
      0.00000000
      0.00000000
      0.00000000
      0.00000000
      0.00000000
      0.00000000
      0.00000000
      0.00000000
      0.00000000
      0.00000000
      0.00000000
      0.00000000
      0.00000000
      0.00000000
      0.00000000
      0.00000000
      0.00000000
      0.00000000
      0.00000000
      0.00000000
      0.00000000
      0.00000000
      0.00000000
      0.00000000
      0.00000000
      0.00000000
      0.00000000
      0.00000000
      0.00000000
      0.00000000
      0.00000000
      0.00000000
      0.00000000
      0.00000000
      0.00000000
      0.00000000
      0.00000000
      0.00000000
      0.00000000
      0.00000000
      0.00000000
      0.00000000
      0.00000000
      0.00000000
      0.00000000
      0.00000000
      0.00000000
      0.00000000
      0.00000000
      0.00000000
      0.00000000
      0.00000000
      0.00000000
      0.00000000
      0.00000000
      0.00000000
      0.00000000
      0.00000000
      0.00000000
      0.00000000
      0.00000000
      0.00000000
      0.00000000
      0.00000000
      0.00000000
      0.00000000
      0.00000000
      0.00000000
      0.00000000
      0.00000000
