      0.00000000
      0.00000000
      0.00000000
      0.00000000
      0.00000000
      0.00000000
      0.00000000
      0.00000000
      0.00000000
      0.00000000
      0.00000000
      0.00000000
      0.00000000
      0.00000000
      0.00000000
      0.00000000
      0.00000000
      0.00000000
      0.00000000
      0.00000000
      0.00000000
      0.00000000
      0.00000000
      0.00000000
      0.00000000
      0.00000000
      0.00000000
      0.00000000
      0.00000000
      0.00000000
      0.00000000
      0.00000000
      0.00000000
      0.00000000
      0.00000000
      0.00000000
      0.00000000
      0.00000000
      0.00000000
      0.00000000
      0.00000000
      0.00000000
      0.00000000
      0.00000000
      0.00000000
      0.00000000
      0.00000000
      0.00000000
      0.00000000
      0.00000000
      0.00000000
      0.00000000
      0.00000000
      0.00000000
      0.00000000
      0.00000000
      0.00000000
      0.00000000
      0.00000000
      0.00000000
      0.00000000
      0.00000000
      0.00000000
      0.00000000
      0.00000000
      0.00000000
      0.00000000
      0.00000000
      0.00000000
      0.00000000
      0.00000000
      0.00000000
      0.00000000
      0.00000000
      0.00000000
      0.00000000
      0.00000000
      0.00000000
      0.00000000
      0.00000000
      0.00000000
      0.00000000
      0.00000000
      0.00000000
      0.00000000
      0.00000000
      0.00000000
      0.00000000
      0.00000000
      0.00000000
      0.00000000
      0.00000000
      0.00000000
      0.00000000
      0.00000000
      0.00000000
      0.00000000
      0.00000000
      0.00000000
      0.00000000
      0.00000000
      0.00000000
      0.00000000
      0.00000000
      0.00000000
      0.00000000
      0.00000000
      0.00000000
      0.00000000
      0.00000000
      0.00000000
      0.00000000
      0.00000000
      0.00000000
      0.00000000
      0.00000000
      0.00000000
      0.00000000
      0.00000000
      0.00000000
      0.00000000
      0.00000000
      0.00000000
      0.00000000
      0.00000000
      0.00000000
      0.00000000
      0.00000000
      0.00000000
      0.00000000
      0.00000000
      0.00000000
      0.00000000
      0.00000000
      0.00000000
      0.00000000
      0.00000000
      0.00000000
      0.00000000
      0.00000000
      0.00000000
      0.00000000
      0.00000000
      0.00000000
      0.00000000
      0.00000000
      0.00000000
      0.00000003
      0.00000024
      0.00000149
      0.00000728
      0.00002739
      0.00007940
      0.00017946
      0.00032625
      0.00050018
      0.00068042
      0.00085643
      0.00102643
      0.00119193
      0.00135453
      0.00151510
      0.00167395
      0.00183115
      0.00198670
      0.00214058
      0.00229277
      0.00244328
      0.00259210
      0.00273924
      0.00288469
      0.00302845
      0.00317054
      0.00331094
      0.00344966
      0.00358669
      0.00372204
      0.00385571
      0.00398770
      0.00411801
      0.00424664
      0.00437358
      0.00449885
      0.00462243
      0.00474433
      0.00486455
      0.00498309
      0.00509995
      0.00521512
      0.00532862
      0.00544043
      0.00555056
      0.00565902
      0.00576579
      0.00587088
      0.00597428
      0.00607601
      0.00617606
      0.00627442
      0.00637110
      0.00646610
      0.00655942
      0.00665106
      0.00674102
      0.00682929
      0.00691589
      0.00700080
      0.00708403
      0.00716558
      0.00724545
      0.00732363
      0.00740014
      0.00747496
      0.00754810
      0.00761956
      0.00768934
      0.00775744
      0.00782385
      0.00788859
      0.00795164
      0.00801300
      0.00807269
      0.00813070
      0.00818703
      0.00824169
      0.00829468
      0.00834598
      0.00839548
      0.00844295
      0.00848802
      0.00853047
      0.00857106
      0.00861334
      0.00866623
      0.00874472
      0.00886406
      0.00902428
      0.00918966
      0.00925902
      0.00900408
      0.00828271
      0.00829066
      0.00919257
      0.00973038
      0.00994893
      0.01001018
      0.00990697
      0.00949136
      0.00874696
      0.00872942
      0.00952080
      0.01002466
      0.01021234
      0.01022562
      0.01006476
      0.00959115
      0.00882589
      0.00883267
      0.00959639
      0.01006239
      0.01021773
      0.01019996
      0.01000721
      0.00949603
      0.00870278
      0.00873494
      0.00947762
      0.00988436
      0.00998120
      0.00991556
      0.00969292
      0.00914790
      0.00824257
      0.00825508
      0.00897490
      0.00922031
      0.00914676
      0.00898110
      0.00882218
      0.00870405
      0.00862577
      0.00857208
      0.00852836
      0.00848609
      0.00844188
      0.00839506
      0.00834588
      0.00829469
      0.00824170
      0.00818703
      0.00813069
      0.00807267
      0.00801299
      0.00795162
      0.00788857
      0.00782384
      0.00775742
      0.00768933
      0.00761955
      0.00754809
      0.00747495
      0.00740012
      0.00732362
      0.00724543
      0.00716557
      0.00708402
      0.00700079
      0.00691587
      0.00682928
      0.00674101
      0.00665105
      0.00655941
      0.00646609
      0.00637109
      0.00627441
      0.00617604
      0.00607600
      0.00597427
      0.00587087
      0.00576578
      0.00565901
      0.00555056
      0.00544042
      0.00532861
      0.00521512
      0.00509994
      0.00498308
      0.00486454
      0.00474432
      0.00462242
      0.00449884
      0.00437358
      0.00424663
      0.00411801
      0.00398770
      0.00385571
      0.00372204
      0.00358669
      0.00344965
      0.00331093
      0.00317053
      0.00302845
      0.00288469
      0.00273923
      0.00259210
      0.00244328
      0.00229277
      0.00214058
      0.00198670
      0.00183115
      0.00167395
      0.00151510
      0.00135453
      0.00119193
      0.00102643
      0.00085643
      0.00068042
      0.00050018
      0.00032625
      0.00017946
      0.00007940
      0.00002739
      0.00000728
      0.00000149
      0.00000024
      0.00000003
      0.00000000
      0.00000000
      0.00000000
      0.00000000
      0.00000000
      0.00000000
      0.00000000
      0.00000000
      0.00000000
      0.00000000
      0.00000000
      0.00000000
      0.00000000
      0.00000000
      0.00000000
      0.00000000
      0.00000000
      0.00000000
      0.00000000
      0.00000000
      0.00000000
      0.00000000
      0.00000000
      0.00000000
      0.00000000
      0.00000000
      0.00000000
      0.00000000
      0.00000000
      0.00000000
      0.00000000
      0.00000000
      0.00000000
      0.00000000
      0.00000000
      0.00000000
      0.00000000
      0.00000000
      0.00000000
      0.00000000
      0.00000000
      0.00000000
      0.00000000
      0.00000000
      0.00000000
      0.00000000
      0.00000000
      0.00000000
      0.00000000
      0.00000000
      0.00000000
      0.00000000
      0.00000000
      0.00000000
      0.00000000
      0.00000000
      0.00000000
      0.00000000
      0.00000000
      0.00000000
      0.00000000
      0.00000000
      0.00000000
      0.00000000
      0.00000000
      0.00000000
      0.00000000
      0.00000000
      0.00000000
      0.00000000
      0.00000000
      0.00000000
      0.00000000
      0.00000000
      0.00000000
      0.00000000
      0.00000000
      0.00000000
      0.00000000
      0.00000000
      0.00000000
      0.00000000
      0.00000000
      0.00000000
      0.00000000
      0.00000000
      0.00000000
      0.00000000
      0.00000000
      0.00000000
      0.00000000
      0.00000000
      0.00000000
      0.00000000
      0.00000000
      0.00000000
      0.00000000
      0.00000000
      0.00000000
      0.00000000
      0.00000000
      0.00000000
      0.00000000
      0.00000000
      0.00000000
      0.00000000
      0.00000000
      0.00000000
      0.00000000
      0.00000000
      0.00000000
      0.00000000
      0.00000000
      0.00000000
      0.00000000
      0.00000000
      0.00000000
      0.00000000
      0.00000000
      0.00000000
      0.00000000
      0.00000000
      0.00000000
      0.00000000
      0.00000000
      0.00000000
      0.00000000
      0.00000000
      0.00000000
      0.00000000
      0.00000000
      0.00000000
      0.00000000
      0.00000000
      0.00000000
      0.00000000
      0.00000000
      0.00000000
      0.00000000
      0.00000000
      0.00000000
      0.00000000
      0.00000000
      0.00000000
      0.00000000
      0.00000000
      0.00000000
