      0.00000000
     -2.88449709
      3.01005248
      2.63111120
      2.25545489
      1.87491733
      1.48360565
      1.08146605
      0.67523094
      0.27453630
     -0.11452948
     -0.49291214
     -0.86732761
     -1.24656243
     -1.63722051
     -2.03980101
     -2.44734541
     -2.84936359
      3.04425333
      2.66645795
      2.29340635
      1.91563915
      1.52576267
      1.12274994
      0.71376857
      0.31025354
     -0.07991617
     -0.45709486
     -0.82864265
     -1.20474995
     -1.59368930
     -1.99711435
     -2.40767615
     -2.81289200
      3.07940199
      2.70286928
      2.33298547
      1.95876435
      1.57095327
      1.16715236
      0.75484872
      0.34768925
     -0.04407251
     -0.41993164
     -0.78796694
     -1.16003279
     -1.54647754
     -1.95059326
     -2.36482049
     -2.77421623
      3.11614943
      2.74098712
      2.37501442
      2.00542751
      1.62064984
      1.21631718
      0.79996243
      0.38797266
     -0.00614551
     -0.38059671
     -0.74425679
     -1.11097055
     -1.49369521
     -1.89809107
     -2.31680008
     -2.73182777
     -3.12755995
      2.78188287
      2.42082929
      2.05747513
      1.67730704
      1.27308782
      0.85177794
      0.43315286
      0.03538353
     -0.33768260
     -0.69578259
     -1.05516854
     -1.43211107
     -1.83577858
     -2.25994458
     -2.68288350
     -3.08327217
      2.82743769
      2.47270199
      2.11805678
      1.74524608
      1.34272297
      0.91546710
      0.48728226
      0.08344959
     -0.28861699
     -0.63950443
     -0.98841357
     -1.35583783
     -1.75626358
     -2.18674807
     -2.62140861
     -3.02989483
      2.88127289
      2.53479406
      2.19292314
      1.83266436
      1.43590550
      1.00232414
      0.55955223
      0.14456131
     -0.22811180
     -0.56956489
     -0.90266918
     -1.25317211
     -1.64359901
     -2.07944738
     -2.53248129
     -2.95696306
      2.95147930
      2.61563483
      2.29361574
      1.95674802
      1.57734545
      1.14184782
      0.67595108
      0.23683975
     -0.14298403
     -0.47299112
     -0.78082420
     -1.09808762
     -1.45787451
     -1.88565769
     -2.36626554
     -2.82951908
      3.06165723
      2.73621546
      2.44649985
      2.15818795
      1.83426547
      1.43480275
      0.94638618
      0.44084752
      0.01663893
     -0.31198351
     -0.58009655
     -0.82513984
     -1.08265191
     -1.39683073
     -1.82632774
     -2.38298784
     -2.91524534
      2.98624783
      2.72797840
      2.54254461
      2.40020021
      2.28638085
      2.19451920
      2.12170781
      2.06608452
      2.02542395
      1.99680124
      1.97703542
      1.96330861
      1.95350670
      1.94622313
      1.94058819
      1.93607830
      1.93237368
      1.92927047
      1.92663167
      1.92436067
      1.92238667
      1.92065633
      1.91912855
      1.91777112
      1.91655842
      1.91546979
      1.91448841
      1.91360039
      1.91279421
      1.91206020
      1.91139020
      1.91077724
      1.91021537
      1.90969946
      1.90922504
      1.90878825
      1.90838569
      1.90801435
      1.90767162
      1.90735513
      1.90706281
      1.90679279
      1.90654339
      1.90631310
      1.90610058
      1.90590457
      1.90572397
      1.90555776
      1.90540500
      1.90526484
      1.90513650
      1.90501926
      1.90491245
      1.90481545
      1.90472771
      1.90464869
      1.90457789
      1.90451486
      1.90445918
      1.90441043
      1.90436825
      1.90433228
      1.90430218
      1.90427765
      1.90425839
      1.90424411
      1.90423455
      1.90422946
      1.90422860
      1.90423175
      1.90423876
      1.90424955
      1.90426424
      1.90428307
      1.90430635
      1.90433389
      1.90436444
      1.90439588
      1.90442996
      1.90448871
      1.90465362
      1.90513444
      1.90634657
      1.90890062
      1.91327195
      1.91879772
      1.92182836
      1.91369316
      1.87991925
      1.80019370
      1.64306094
      1.34568248
      0.78782160
     -0.01768486
     -0.60229121
     -0.92966950
     -1.14141925
     -1.32444488
     -1.53977932
     -1.86364823
     -2.41077495
      3.12666690
      2.56320510
      2.22790886
      2.00318518
      1.80906511
      1.58485994
      1.25249131
      0.69783465
     -0.04060417
     -0.59193020
     -0.92227271
     -1.14560667
     -1.33956505
     -1.56488974
     -1.90218908
     -2.46959915
      3.06700575
      2.52315129
      2.20164412
      1.98765314
      1.80529521
      1.59333203
      1.26379847
      0.67362385
     -0.13407823
     -0.68771931
     -0.98168847
     -1.13647487
     -1.21458003
     -1.24739404
     -1.25516221
     -1.25216002
     -1.24682214
     -1.24264014
     -1.24021747
     -1.23907867
     -1.23863259
     -1.23848237
     -1.23843003
     -1.23839986
     -1.23837203
     -1.23834535
     -1.23832194
     -1.23830298
     -1.23828859
     -1.23827850
     -1.23827245
     -1.23827038
     -1.23827236
     -1.23827858
     -1.23828926
     -1.23830466
     -1.23832503
     -1.23835066
     -1.23838185
     -1.23841891
     -1.23846217
     -1.23851199
     -1.23856873
     -1.23863281
     -1.23870464
     -1.23878470
     -1.23887346
     -1.23897146
     -1.23907926
     -1.23919749
     -1.23932681
     -1.23946792
     -1.23962163
     -1.23978877
     -1.23997029
     -1.24016720
     -1.24038062
     -1.24061177
     -1.24086203
     -1.24113290
     -1.24142605
     -1.24174335
     -1.24208688
     -1.24245899
     -1.24286231
     -1.24329985
     -1.24377498
     -1.24429160
     -1.24485415
     -1.24546778
     -1.24613843
     -1.24687306
     -1.24767984
     -1.24856844
     -1.24955039
     -1.25063955
     -1.25185277
     -1.25321069
     -1.25473894
     -1.25646972
     -1.25844414
     -1.26071554
     -1.26335471
     -1.26645826
     -1.27016320
     -1.27467338
     -1.28030859
     -1.28759239
     -1.29739450
     -1.31112150
     -1.33088747
     -1.35951030
     -1.40017097
     -1.45579434
     -1.52860580
     -1.62046750
     -1.73428691
     -1.87663136
     -2.06206519
     -2.32033467
     -2.70202681
      3.04890107
      2.49224105
      2.06274404
      1.74856520
      1.49105309
      1.24600976
      0.97789668
      0.64927422
      0.22506564
     -0.28047297
     -0.76888950
     -1.16835222
     -1.49227472
     -1.78058666
     -2.07030230
     -2.39574409
     -2.78775309
      3.03217870
      2.55157090
      2.12378773
      1.76400082
      1.44673737
      1.13890427
      0.80889716
      0.42907337
     -0.01003794
     -0.47593465
     -0.91143226
     -1.29083484
     -1.62770258
     -1.94972169
     -2.28556618
     -2.66030914
     -3.08479090
      2.74536052
      2.30951217
      1.91908527
      1.56858233
      1.23547802
      0.89402490
      0.52135179
      0.10636088
     -0.33641102
     -0.76999235
     -1.16675122
     -1.52701001
     -1.86888095
     -2.21535979
     -2.58737738
     -2.99586360
      2.85266119
      2.42217671
      2.02175096
      1.65432670
      1.30541754
      0.95453008
      0.58246349
      0.17863083
     -0.24955400
     -0.67680986
     -1.07933296
     -1.45214367
     -1.80678890
     -2.16152460
     -2.53400006
     -2.93438872
      2.92585768
      2.50169168
      2.09802418
      1.72108164
      1.36169568
      1.00359567
      0.63052954
      0.23276021
     -0.18586486
     -0.60717473
     -1.01139395
     -1.39156204
     -1.75491621
     -2.11596980
     -2.48971230
     -2.88544447
      2.98271315
      2.56400415
      2.15960830
      1.77688363
      1.41016987
      1.04650978
      0.67205857
      0.27794040
     -0.13404936
     -0.55040410
     -0.95473676
     -1.33951444
     -1.70910135
     -2.07507406
     -2.45023638
     -2.84305602
      3.03073355
      2.61650632
      2.21239061
      1.82594586
      1.45388000
      1.08584470
      0.70998556
      0.31822380
     -0.08893566
     -0.50123930
     -0.90504020
     -1.29285129
     -1.66707241
     -2.03695622
     -2.41348894
     -2.80438026
      3.07358920
      2.66302741
      2.25960236
      1.87066301
      1.49455570
      1.12300790
      0.74582921
      0.35565950
     -0.04785552
     -0.45683689
     -0.85984962
     -1.24972610
     -1.62749330
     -2.00054491
     -2.37834030
     -2.76790868
      3.11325845
      2.70571406
      2.30313356
      1.91247548
      1.53324065
      1.15882518
      0.78044251
      0.39137673
     -0.00931790
     -0.41555300
     -0.81769261
     -1.20900428
     -1.58954185
     -1.96519816
     -2.34413944
     -2.73277519
      0.00000000
