      0.00000000
      0.00000000
      0.00000000
      0.00000000
      0.00000000
      0.00000000
      0.00000000
      0.00000000
      0.00000000
      0.00000000
      0.00000000
      0.00000000
      0.00000000
      0.00000000
      0.00000000
      0.00000000
      0.00000000
      0.00000000
      0.00000000
      0.00000000
      0.00000000
      0.00000000
      0.00000000
      0.00000000
      0.00000000
      0.00000000
      0.00000000
      0.00000000
      0.00000000
      0.00000000
      0.00000000
      0.00000000
      0.00000000
      0.00000000
      0.00000000
      0.00000000
      0.00000000
      0.00000000
      0.00000000
      0.00000000
      0.00000000
      0.00000000
      0.00000000
      0.00000000
      0.00000000
      0.00000000
      0.00000000
      0.00000000
      0.00000000
      0.00000000
      0.00000000
      0.00000000
      0.00000000
      0.00000000
      0.00000000
      0.00000000
      0.00000000
      0.00000000
      0.00000000
      0.00000000
      0.00000000
      0.00000000
      0.00000000
      0.00000000
      0.00000000
      0.00000000
      0.00000000
      0.00000000
      0.00000000
      0.00000000
      0.00000000
      0.00000000
      0.00000000
      0.00000000
      0.00000000
      0.00000000
      0.00000000
      0.00000000
      0.00000000
      0.00000000
      0.00000000
      0.00000000
      0.00000000
      0.00000000
      0.00000000
      0.00000000
      0.00000000
      0.00000000
      0.00000000
      0.00000000
      0.00000000
      0.00000000
      0.00000000
      0.00000000
      0.00000000
      0.00000000
      0.00000000
      0.00000000
      0.00000000
      0.00000000
      0.00000000
      0.00000000
      0.00000000
      0.00000000
      0.00000000
      0.00000000
      0.00000000
      0.00000000
      0.00000000
      0.00000000
      0.00000000
      0.00000000
      0.00000000
      0.00000000
      0.00000000
      0.00000000
      0.00000000
      0.00000000
      0.00000000
      0.00000000
      0.00000000
      0.00000000
      0.00000000
      0.00000000
      0.00000000
      0.00000000
      0.00000000
      0.00000000
      0.00000000
      0.00000000
      0.00000000
      0.00000000
      0.00000000
      0.00000000
      0.00000000
      0.00000000
      0.00000000
      0.00000000
      0.00000000
      0.00000000
      0.00000000
      0.00000000
      0.00000000
      0.00000000
      0.00000000
      0.00000000
      0.00000000
      0.00000000
      0.00000000
      0.00000000
      0.00000000
      0.00000000
      0.00000001
      0.00000002
      0.00000011
      0.00000059
      0.00000322
      0.00001450
      0.00005044
      0.00013436
      0.00027922
      0.00047164
      0.00068318
      0.00089271
      0.00109331
      0.00128615
      0.00147414
      0.00165923
      0.00184227
      0.00202345
      0.00220274
      0.00238007
      0.00255538
      0.00272865
      0.00289985
      0.00306899
      0.00323606
      0.00340106
      0.00356398
      0.00372483
      0.00388360
      0.00404031
      0.00419493
      0.00434748
      0.00449796
      0.00464636
      0.00479268
      0.00493693
      0.00507910
      0.00521920
      0.00535723
      0.00549317
      0.00562705
      0.00575884
      0.00588856
      0.00601621
      0.00614178
      0.00626528
      0.00638669
      0.00650604
      0.00662331
      0.00673850
      0.00685162
      0.00696266
      0.00707162
      0.00717851
      0.00728333
      0.00738607
      0.00748673
      0.00758532
      0.00768183
      0.00777627
      0.00786863
      0.00795892
      0.00804713
      0.00813327
      0.00821732
      0.00829931
      0.00837922
      0.00845705
      0.00853281
      0.00860649
      0.00867810
      0.00874763
      0.00881508
      0.00888046
      0.00894377
      0.00900500
      0.00906415
      0.00912123
      0.00917624
      0.00922918
      0.00928006
      0.00932892
      0.00937580
      0.00942084
      0.00946436
      0.00950705
      0.00955049
      0.00959797
      0.00965558
      0.00973090
      0.00981662
      0.00982065
      0.00943012
      0.00858338
      0.00886812
      0.00970542
      0.00996219
      0.00995816
      0.00992650
      0.00992284
      0.00995325
      0.01000822
      0.01001447
      0.00969753
      0.00882862
      0.00882093
      0.00968924
      0.01000856
      0.01000135
      0.00994416
      0.00991125
      0.00991234
      0.00994165
      0.00994514
      0.00969376
      0.00886174
      0.00855021
      0.00939167
      0.00979012
      0.00978730
      0.00969967
      0.00962190
      0.00956193
      0.00951222
      0.00946664
      0.00942184
      0.00937623
      0.00932910
      0.00928014
      0.00922921
      0.00917625
      0.00912124
      0.00906415
      0.00900500
      0.00894377
      0.00888046
      0.00881508
      0.00874763
      0.00867810
      0.00860649
      0.00853281
      0.00845705
      0.00837922
      0.00829931
      0.00821732
      0.00813327
      0.00804713
      0.00795892
      0.00786863
      0.00777627
      0.00768183
      0.00758532
      0.00748673
      0.00738607
      0.00728333
      0.00717852
      0.00707162
      0.00696266
      0.00685162
      0.00673850
      0.00662331
      0.00650604
      0.00638670
      0.00626528
      0.00614178
      0.00601621
      0.00588857
      0.00575884
      0.00562705
      0.00549318
      0.00535723
      0.00521920
      0.00507911
      0.00493693
      0.00479268
      0.00464636
      0.00449796
      0.00434748
      0.00419493
      0.00404031
      0.00388361
      0.00372483
      0.00356398
      0.00340106
      0.00323606
      0.00306899
      0.00289985
      0.00272865
      0.00255538
      0.00238007
      0.00220274
      0.00202345
      0.00184227
      0.00165923
      0.00147414
      0.00128615
      0.00109331
      0.00089271
      0.00068318
      0.00047164
      0.00027922
      0.00013436
      0.00005044
      0.00001450
      0.00000322
      0.00000059
      0.00000011
      0.00000002
      0.00000001
      0.00000000
      0.00000000
      0.00000000
      0.00000000
      0.00000000
      0.00000000
      0.00000000
      0.00000000
      0.00000000
      0.00000000
      0.00000000
      0.00000000
      0.00000000
      0.00000000
      0.00000000
      0.00000000
      0.00000000
      0.00000000
      0.00000000
      0.00000000
      0.00000000
      0.00000000
      0.00000000
      0.00000000
      0.00000000
      0.00000000
      0.00000000
      0.00000000
      0.00000000
      0.00000000
      0.00000000
      0.00000000
      0.00000000
      0.00000000
      0.00000000
      0.00000000
      0.00000000
      0.00000000
      0.00000000
      0.00000000
      0.00000000
      0.00000000
      0.00000000
      0.00000000
      0.00000000
      0.00000000
      0.00000000
      0.00000000
      0.00000000
      0.00000000
      0.00000000
      0.00000000
      0.00000000
      0.00000000
      0.00000000
      0.00000000
      0.00000000
      0.00000000
      0.00000000
      0.00000000
      0.00000000
      0.00000000
      0.00000000
      0.00000000
      0.00000000
      0.00000000
      0.00000000
      0.00000000
      0.00000000
      0.00000000
      0.00000000
      0.00000000
      0.00000000
      0.00000000
      0.00000000
      0.00000000
      0.00000000
      0.00000000
      0.00000000
      0.00000000
      0.00000000
      0.00000000
      0.00000000
      0.00000000
      0.00000000
      0.00000000
      0.00000000
      0.00000000
      0.00000000
      0.00000000
      0.00000000
      0.00000000
      0.00000000
      0.00000000
      0.00000000
      0.00000000
      0.00000000
      0.00000000
      0.00000000
      0.00000000
      0.00000000
      0.00000000
      0.00000000
      0.00000000
      0.00000000
      0.00000000
      0.00000000
      0.00000000
      0.00000000
      0.00000000
      0.00000000
      0.00000000
      0.00000000
      0.00000000
      0.00000000
      0.00000000
      0.00000000
      0.00000000
      0.00000000
      0.00000000
      0.00000000
      0.00000000
      0.00000000
      0.00000000
      0.00000000
      0.00000000
      0.00000000
      0.00000000
      0.00000000
      0.00000000
      0.00000000
      0.00000000
      0.00000000
      0.00000000
      0.00000000
      0.00000000
      0.00000000
      0.00000000
      0.00000000
      0.00000000
      0.00000000
      0.00000000
      0.00000000
      0.00000000
      0.00000000
      0.00000000
      0.00000000
      0.00000000
      0.00000000
      0.00000000
      0.00000000
      0.00000000
