      0.00000000
     -0.02505097
     -0.41567597
     -0.80630097
     -1.19692597
     -1.58755097
     -1.97817597
     -2.36880097
     -2.75942597
      3.13313434
      2.74250934
      2.35188434
      1.96125934
      1.57063434
      1.18000934
      0.78938434
      0.39875934
      0.00813434
     -0.38249066
     -0.77311566
     -1.16374066
     -1.55436566
     -1.94499066
     -2.33561566
     -2.72624066
     -3.11686566
      2.77569464
      2.38506964
      1.99444464
      1.60381964
      1.21319464
      0.82256964
      0.43194464
      0.04131964
     -0.34930536
     -0.73993036
     -1.13055536
     -1.52118036
     -1.91180536
     -2.30243036
     -2.69305536
     -3.08368036
      2.80887995
      2.41825495
      2.02762995
      1.63700495
      1.24637995
      0.85575495
      0.46512995
      0.07450495
     -0.31612005
     -0.70674505
     -1.09737005
     -1.48799505
     -1.87862005
     -2.26924505
     -2.65987005
     -3.05049505
      2.84206526
      2.45144026
      2.06081526
      1.67019026
      1.27956526
      0.88894026
      0.49831526
      0.10769026
     -0.28293474
     -0.67355974
     -1.06418474
     -1.45480974
     -1.84543474
     -2.23605974
     -2.62668474
     -3.01730974
      2.87525056
      2.48462556
      2.09400056
      1.70337556
      1.31275056
      0.92212556
      0.53150056
      0.14087556
     -0.24974944
     -0.64037444
     -1.03099944
     -1.42162444
     -1.81224944
     -2.20287444
     -2.59349944
     -2.98412444
      2.90843587
      2.51781087
      2.12718587
      1.73656087
      1.34593587
      0.95531087
      0.56468587
      0.17406087
     -0.21656413
     -0.60718913
     -0.99781413
     -1.38843913
     -1.77906413
     -2.16968913
     -2.56031413
     -2.95093913
      2.94162118
      2.55099618
      2.16037118
      1.76974618
      1.37912118
      0.98849618
      0.59787118
      0.20724618
     -0.18337882
     -0.57400382
     -0.96462882
     -1.35525382
     -1.74587882
     -2.13650382
     -2.52712882
     -2.91775382
      2.97480649
      2.58418149
      2.19355649
      1.80293149
      1.41230649
      1.02168149
      0.63105649
      0.24043149
     -0.15019351
     -0.54081851
     -0.93144351
     -1.32206851
     -1.71269351
     -2.10331851
     -2.49394351
     -2.88456851
      3.00799179
      2.61736679
      2.22674179
      1.83611679
      1.44549179
      1.05486679
      0.66424179
      0.27361679
     -0.11700821
     -0.50763321
     -0.89825821
     -1.28888321
     -1.67950821
     -2.07013321
     -2.46075821
     -2.85138321
      3.04117710
      2.65055210
      2.25992710
      1.86930210
      1.47867710
      1.08805210
      0.69742710
      0.30680210
     -0.08382290
     -0.47444790
     -0.86507290
     -1.25569790
     -1.64632290
     -2.03694790
     -2.42757290
     -2.81819790
      3.07436241
      2.68373741
      2.29311241
      1.90248741
      1.51186241
      1.12123741
      0.73061241
      0.33998741
     -0.05063759
     -0.44126259
     -0.83188759
     -1.22251259
     -1.61313759
     -2.00376259
     -2.39438759
     -2.78501259
      3.10754771
      2.71692271
      2.32629771
      1.93567271
      1.54504771
      1.15442271
      0.76379771
      0.37317271
     -0.01745229
     -0.40807729
     -0.79870229
     -1.18932729
     -1.57995229
     -1.97057729
     -2.36120229
     -2.75182729
      3.14073302
      2.75010802
      2.35948302
      1.96885802
      1.57823302
      1.18760802
      0.79698302
      0.40635802
      0.01573302
     -0.37489198
     -0.76551698
     -1.15614198
     -1.54676698
     -1.93739198
     -2.32801698
     -2.71864198
     -3.10926698
      2.78329333
      2.39266833
      2.00204333
      1.61141833
      1.22079333
      0.83016833
      0.43954333
      0.04891833
     -0.34170667
     -0.73233167
     -1.12295667
     -1.51358167
     -1.90420667
     -2.29483167
     -2.68545667
     -3.07608167
      2.81647864
      2.42585364
      2.03522864
      1.64460364
      1.25397864
      0.86335364
      0.47272864
      0.08210364
     -0.30852136
     -0.69914636
     -1.08977136
     -1.48039636
     -1.87102136
     -2.26164636
     -2.65227136
     -3.04289636
      2.84966394
      2.45903894
      2.06841394
      1.67778894
      1.28716394
      0.89653894
      0.50591394
      0.11528894
     -0.27533606
     -0.66596106
     -1.05658606
     -1.44721106
     -1.83783606
     -2.22846106
     -2.61908606
     -3.00971106
      2.88284925
      2.49222425
      2.10159925
      1.71097425
      1.32034925
      0.92972425
      0.53909925
      0.14847425
     -0.24215075
     -0.63277575
     -1.02340075
     -1.41402575
     -1.80465075
     -2.19527575
     -2.58590075
     -2.97652575
      2.91603456
      2.52540956
      2.13478456
      1.74415956
      1.35353456
      0.96290956
      0.57228456
      0.18165956
     -0.20896544
     -0.59959044
     -0.99021544
     -1.38084044
     -1.77146544
     -2.16209044
     -2.55271544
     -2.94334044
      2.94921987
      2.55859487
      2.16796987
      1.77734487
      1.38671987
      0.99609487
      0.60546987
      0.21484487
     -0.17578013
     -0.56640513
     -0.95703013
     -1.34765513
     -1.73828013
     -2.12890513
     -2.51953013
     -2.91015513
      2.98240517
      2.59178017
      2.20115517
      1.81053017
      1.41990517
      1.02928017
      0.63865517
      0.24803017
     -0.14259483
     -0.53321983
     -0.92384483
     -1.31446983
     -1.70509483
     -2.09571983
     -2.48634483
     -2.87696983
      3.01559048
      2.62496548
      2.23434048
      1.84371548
      1.45309048
      1.06246548
      0.67184048
      0.28121548
     -0.10940952
     -0.50003452
     -0.89065952
     -1.28128452
     -1.67190952
     -2.06253452
     -2.45315952
     -2.84378452
      3.04877579
      2.65815079
      2.26752579
      1.87690079
      1.48627579
      1.09565079
      0.70502579
      0.31440079
     -0.07622421
     -0.46684921
     -0.85747421
     -1.24809921
     -1.63872421
     -2.02934921
     -2.41997421
     -2.81059921
      3.08196109
      2.69133609
      2.30071109
      1.91008609
      1.51946109
      1.12883609
      0.73821109
      0.34758609
     -0.04303891
     -0.43366391
     -0.82428891
     -1.21491391
     -1.60553891
     -1.99616391
     -2.38678891
     -2.77741391
      3.11514640
      2.72452140
      2.33389640
      1.94327140
      1.55264640
      1.16202140
      0.77139640
      0.38077140
     -0.00985360
     -0.40047860
     -0.79110360
     -1.18172860
     -1.57235360
     -1.96297860
     -2.35360360
     -2.74422860
     -3.13485360
      2.75770671
      2.36708171
      1.97645671
      1.58583171
      1.19520671
      0.80458171
      0.41395671
      0.02333171
     -0.36729329
     -0.75791829
     -1.14854329
     -1.53916829
     -1.92979329
     -2.32041829
     -2.71104329
     -3.10166829
      2.79089202
      2.40026702
      2.00964202
      1.61901702
      1.22839202
      0.83776702
      0.44714202
      0.05651702
     -0.33410798
     -0.72473298
     -1.11535798
     -1.50598298
     -1.89660798
     -2.28723298
     -2.67785798
     -3.06848298
      2.82407732
      2.43345232
      2.04282732
      1.65220232
      1.26157732
      0.87095232
      0.48032732
      0.08970232
     -0.30092268
     -0.69154768
     -1.08217268
     -1.47279768
     -1.86342268
     -2.25404768
     -2.64467268
     -3.03529768
      2.85726263
      2.46663763
      2.07601263
      1.68538763
      1.29476263
      0.90413763
      0.51351263
      0.12288763
     -0.26773737
     -0.65836237
     -1.04898737
     -1.43961237
     -1.83023737
     -2.22086237
     -2.61148737
     -3.00211237
      2.89044794
      2.49982294
      2.10919794
      1.71857294
      1.32794794
      0.93732294
      0.54669794
      0.15607294
     -0.23455206
     -0.62517706
     -1.01580206
     -1.40642706
     -1.79705206
     -2.18767706
     -2.57830206
     -2.96892706
      2.92363324
      2.53300824
      2.14238324
      1.75175824
      1.36113324
      0.97050824
      0.57988324
      0.18925824
     -0.20136676
     -0.59199176
     -0.98261676
     -1.37324176
     -1.76386676
     -2.15449176
     -2.54511676
     -2.93574176
      2.95681855
      2.56619355
      2.17556855
      1.78494355
      1.39431855
      1.00369355
      0.61306855
      0.22244355
     -0.16818145
     -0.55880645
     -0.94943145
     -1.34005645
     -1.73068145
     -2.12130645
     -2.51193145
     -2.90255645
      2.99000386
      2.59937886
      2.20875386
      1.81812886
      0.00000000
