      0.00000000
     -2.73578281
     -2.34497189
     -1.96218908
     -1.58308082
     -1.20129326
     -0.81172980
     -0.41347933
     -0.01088986
      0.38878018
      0.78005499
      1.16254918
      1.54078566
      1.92156831
      2.31054157
      2.70899360
      3.11249105
     -2.76998027
     -2.37818149
     -1.99598337
     -1.61870005
     -1.23903986
     -0.85075301
     -0.45211544
     -0.04762814
      0.35425550
      0.74666231
      1.12855763
      1.50479561
      1.88319773
      2.27068411
      2.66948377
      3.07505234
     -2.80493383
     -2.41181938
     -2.03023223
     -1.65514473
     -1.27815833
     -0.89160900
     -0.49268103
     -0.08592883
      0.31875660
      0.71269810
      1.09397399
      1.46779035
      1.84317597
      2.22862285
      2.62763084
      3.03568148
     -2.84112999
     -2.44621623
     -2.06525082
     -1.69284516
     -1.31927983
     -0.93513840
     -0.53611932
     -0.12664150
      0.28166282
      0.67772828
      1.05839036
      1.42922268
      1.80070423
      2.18328741
      2.58221871
      2.99326766
     -2.87938905
     -2.48194612
     -2.10156983
     -1.73250192
     -1.36342458
     -0.98271959
     -0.58401901
     -0.17123945
      0.24187517
      0.64098530
      1.02111023
      1.38818739
      1.75446537
      2.13288006
      2.53114081
      2.94582404
     -2.92120845
     -2.52005101
     -2.14011547
     -1.77529921
     -1.41231546
     -1.03673217
     -0.63922202
     -0.22245583
      0.19730952
      0.60102532
      0.98087925
      1.34311012
      1.70216954
      2.07419542
      2.47048354
      2.88949880
     -2.96956714
     -2.56258579
     -2.18262745
     -1.82337288
     -1.46905504
     -1.10158503
     -0.70725294
     -0.28588282
      0.14356336
      0.55482329
      0.93521148
      1.29102098
      1.63951510
      2.00101574
      2.39221069
      2.81586897
     -3.03125019
     -2.61419649
     -2.23279087
     -1.88097591
     -1.53977235
     -1.18631247
     -0.80023526
     -0.37480253
      0.06960612
      0.49484766
      0.87838809
      1.22561067
      1.55748275
      1.89973731
      2.27719906
      2.70273298
     -3.12549794
     -2.68800785
     -2.30003407
     -1.95788849
     -1.63826511
     -1.31230252
     -0.95004799
     -0.52927558
     -0.06160056
      0.39567935
      0.79342350
      1.13079787
      1.43392931
      1.73489751
      2.06846737
      2.46985104
      2.94793932
     -2.84277351
     -2.42007101
     -2.08307510
     -1.80226295
     -1.54234609
     -1.26786363
     -0.93491345
     -0.49105220
      0.05880826
      0.57063304
      0.94298203
      1.20135168
      1.38925206
      1.53241334
      1.64348119
      1.72875299
      1.79227890
      1.83788968
      1.86968138
      1.89160294
      1.90691722
      1.91797359
      1.92629871
      1.93282554
      1.93811390
      1.94250672
      1.94622425
      1.94941594
      1.95218834
      1.95462028
      1.95677172
      1.95868924
      1.96040958
      1.96196217
      1.96337082
      1.96465505
      1.96583098
      1.96691207
      1.96790964
      1.96883327
      1.96969112
      1.97049022
      1.97123661
      1.97193555
      1.97259163
      1.97320884
      1.97379073
      1.97434041
      1.97486065
      1.97535390
      1.97582238
      1.97626803
      1.97669265
      1.97709781
      1.97748496
      1.97785541
      1.97821033
      1.97855082
      1.97887785
      1.97919233
      1.97949507
      1.97978685
      1.98006835
      1.98034021
      1.98060304
      1.98085738
      1.98110373
      1.98134257
      1.98157435
      1.98179946
      1.98201829
      1.98223119
      1.98243850
      1.98264053
      1.98283757
      1.98302990
      1.98321778
      1.98340145
      1.98358115
      1.98375711
      1.98392959
      1.98409885
      1.98426528
      1.98442954
      1.98459287
      1.98475795
      1.98493080
      1.98512511
      1.98537247
      1.98574589
      1.98641427
      1.98776816
      1.99070868
      1.99730410
      2.01225050
      2.04598971
      2.12091702
      2.28269719
      2.61950081
     -3.01476828
     -2.17674606
     -1.64505875
     -1.37952675
     -1.25204267
     -1.18934321
     -1.15111037
     -1.11083738
     -1.04085304
     -0.89700038
     -0.59842100
     -0.01025433
      0.83861592
      1.42972459
      1.73009567
      1.87483774
      1.94520061
      1.98552659
      2.02350666
      2.08549368
      2.21141810
      2.47379998
      2.99992702
     -2.44736156
     -1.79252063
     -1.45171913
     -1.28788755
     -1.21195825
     -1.17775097
     -1.16259309
     -1.15590368
     -1.15292129
     -1.15154822
     -1.15087043
     -1.15049172
     -1.15024076
     -1.15004350
     -1.14986790
     -1.14970004
     -1.14953385
     -1.14936659
     -1.14919698
     -1.14902437
     -1.14884835
     -1.14866864
     -1.14848497
     -1.14829710
     -1.14810478
     -1.14790774
     -1.14770572
     -1.14749841
     -1.14728551
     -1.14706667
     -1.14684156
     -1.14660977
     -1.14637091
     -1.14612454
     -1.14587018
     -1.14560732
     -1.14533541
     -1.14505387
     -1.14476204
     -1.14445924
     -1.14414469
     -1.14381758
     -1.14347701
     -1.14312198
     -1.14275142
     -1.14236415
     -1.14195885
     -1.14153409
     -1.14108827
     -1.14061962
     -1.14012618
     -1.13960574
     -1.13905583
     -1.13847371
     -1.13785624
     -1.13719989
     -1.13650066
     -1.13575396
     -1.13495454
     -1.13409635
     -1.13317236
     -1.13217442
     -1.13109294
     -1.12991659
     -1.12863194
     -1.12722285
     -1.12566981
     -1.12394899
     -1.12203100
     -1.11987906
     -1.11744663
     -1.11467372
     -1.11148151
     -1.10776347
     -1.10337013
     -1.09808127
     -1.09155394
     -1.08322833
     -1.07217150
     -1.05685678
     -1.03493482
     -1.00314277
     -0.95753168
     -0.89400549
     -0.80873346
     -0.69766540
     -0.55450391
     -0.36660334
     -0.10823353
      0.26411552
      0.77594008
      1.32580023
      1.76966141
      2.10261170
      2.37709432
      2.63701133
      2.91782363
     -3.02836569
     -2.60566322
     -2.11319093
     -1.63510279
     -1.23371912
     -0.90014916
     -0.59918084
     -0.29604928
      0.04132517
      0.43906933
      0.89634913
      1.36402402
      1.78479639
      2.14705098
      2.47301367
      2.79263715
      3.13478281
     -2.76042871
     -2.32293869
     -1.86798440
     -1.44245053
     -1.06498875
     -0.72273411
     -0.39086194
     -0.04363930
      0.33990115
      0.76514264
      1.20955121
      1.63498389
      2.02106111
      2.37452105
      2.71572469
      3.06753971
     -2.83423996
     -2.41718629
     -1.98112021
     -1.55746198
     -1.16626702
     -0.80476634
     -0.45627215
     -0.10046259
      0.27992562
      0.69118553
      1.12063164
      1.54200171
      1.93633380
      2.30380386
      2.65812176
      3.01737638
     -2.88585056
     -2.47886924
     -2.05474992
     -1.63573471
     -1.23944659
     -0.86742068
     -0.50836121
     -0.14613028
      0.23372366
      0.63743945
      1.05720476
      1.47397090
      1.87148105
      2.24706436
      2.61004816
      2.97486447
     -2.92838527
     -2.52722785
     -2.11107507
     -1.69639188
     -1.29813113
     -0.91971642
     -0.55343841
     -0.18636120
      0.19376375
      0.59287387
      1.00598845
      1.41876798
      1.81746855
      2.19817356
      2.56725094
      2.93631888
     -2.96649011
     -2.56904719
     -2.15851862
     -1.74746971
     -1.34853842
     -0.96595522
     -0.59447364
     -0.22364128
      0.15702082
      0.55308627
      0.96139056
      1.37086836
      1.76988742
      2.15402887
      2.52759423
      2.89999992
     -3.00221996
     -2.60730620
     -2.20093239
     -1.79288178
     -1.39387380
     -1.00842691
     -0.63304126
     -0.25922487
      0.12205103
      0.51599254
      0.92067794
      1.32743012
      1.72635808
      2.11290742
      2.48989384
      2.86498138
     -3.03661677
     -2.64350232
     -2.24030320
     -1.83473465
     -1.43593500
     -1.04844862
     -0.67004647
     -0.29380847
      0.08808686
      0.48049368
      0.88237730
      1.28686458
      1.68550214
      2.07378900
      2.45344921
      2.83073255
     -3.07025462
     -2.67845585
     -2.27774188
     -1.87424444
     -1.47579242
     -1.08681916
     -0.70603649
     -0.32779999
      0.05469422
      0.44596903
      0.84563905
      1.24822850
      1.64647897
      2.03604243
      2.41783000
      2.79693829
     -3.10346420
     -2.71265328
      0.00000000
