      0.00000000
     -2.71263392
     -3.10344484
      2.79695763
      2.41784932
      2.03606173
      1.64649827
      1.24824781
      0.84565838
      0.44598837
      0.05471356
     -0.32778067
     -0.70601718
     -1.08679987
     -1.47577315
     -1.87422515
     -2.27772257
     -2.67843652
     -3.07023530
      2.83075186
      2.45346849
      2.07380826
      1.68552140
      1.28688385
      0.88239659
      0.48051299
      0.08810617
     -0.29378918
     -0.67002721
     -1.04842938
     -1.43591577
     -1.83471541
     -2.24028393
     -2.64348303
     -3.03659748
      2.86500065
      2.48991309
      2.11292664
      1.72637729
      1.32744934
      0.92069719
      0.51601180
      0.12207030
     -0.25920562
     -0.63302203
     -1.00840771
     -1.39385462
     -1.79286258
     -2.20091317
     -2.60728695
     -3.00220071
      2.90001915
      2.52761343
      2.15404804
      1.76990657
      1.37088752
      0.96140976
      0.55310550
      0.15704004
     -0.22362207
     -0.59445447
     -0.96593608
     -1.34851930
     -1.74745058
     -2.15849946
     -2.56902800
     -2.96647091
      2.93633806
      2.56727008
      2.19819266
      1.81748763
      1.41878707
      1.00600758
      0.59289303
      0.19378292
     -0.18634205
     -0.55341930
     -0.91969735
     -1.29811209
     -1.69637283
     -2.11105598
     -2.52720872
     -2.92836613
      2.97488359
      2.61006723
      2.24708339
      1.87150005
      1.47398991
      1.05722380
      0.63745854
      0.23374277
     -0.14611119
     -0.50834217
     -0.86740169
     -1.23942764
     -1.63571576
     -2.05473092
     -2.47885019
     -2.88583149
      3.01739543
      2.65814075
      2.30382279
      1.93635269
      1.54202060
      1.12065058
      0.69120453
      0.27994465
     -0.10044359
     -0.45625320
     -0.80474746
     -1.16624820
     -1.55744317
     -1.98110134
     -2.41716735
     -2.83422097
      3.06755867
      2.71574358
      2.37453986
      2.02107986
      1.63500262
      1.20956999
      0.76516152
      0.33992008
     -0.04362039
     -0.39084311
     -0.72271537
     -1.06497009
     -1.44243190
     -1.86796572
     -2.32291990
     -2.76040984
      3.13480166
      2.79265592
      2.47303233
      2.14706954
      1.78481489
      1.36404256
      0.89636780
      0.43908812
      0.04134396
     -0.29603058
     -0.59916227
     -0.90013072
     -1.23370078
     -1.63508445
     -2.11317243
     -2.60564454
     -3.02834697
      2.91784225
      2.63702981
      2.37711263
      2.10262984
      1.76967944
      1.32581833
      0.77595852
      0.26413418
     -0.10821492
     -0.36658490
     -0.55448568
     -0.69764737
     -0.80871566
     -0.89398795
     -0.95751441
     -1.00312584
     -1.03491827
     -1.05684065
     -1.07215583
     -1.08321314
     -1.09153926
     -1.09806713
     -1.10335653
     -1.10775041
     -1.11146900
     -1.11466176
     -1.11743521
     -1.11986818
     -1.12202065
     -1.12393916
     -1.12566048
     -1.12721402
     -1.12862360
     -1.12990872
     -1.13108551
     -1.13216744
     -1.13316580
     -1.13409018
     -1.13494877
     -1.13574856
     -1.13649561
     -1.13719518
     -1.13785184
     -1.13846961
     -1.13905203
     -1.13960220
     -1.14012290
     -1.14061658
     -1.14108545
     -1.14153148
     -1.14195644
     -1.14236192
     -1.14274937
     -1.14312008
     -1.14347526
     -1.14381597
     -1.14414321
     -1.14445788
     -1.14476079
     -1.14505272
     -1.14533436
     -1.14560635
     -1.14586928
     -1.14612372
     -1.14637016
     -1.14660908
     -1.14684092
     -1.14706609
     -1.14728497
     -1.14749791
     -1.14770526
     -1.14790732
     -1.14810439
     -1.14829674
     -1.14848463
     -1.14866831
     -1.14884802
     -1.14902399
     -1.14919647
     -1.14936573
     -1.14953217
     -1.14969642
     -1.14985974
     -1.15002482
     -1.15019766
     -1.15039197
     -1.15063932
     -1.15101273
     -1.15168110
     -1.15303499
     -1.15597550
     -1.16257091
     -1.17751730
     -1.21125651
     -1.28618381
     -1.44796397
     -1.78476760
     -2.43368381
      3.01147928
      2.47979198
      2.21425998
      2.08677590
      2.02407644
      1.98584360
      1.94557061
      1.87558627
      1.73173361
      1.43315423
      0.84498756
     -0.00388270
     -0.59499138
     -0.89536247
     -1.04010454
     -1.11046742
     -1.15079340
     -1.18877348
     -1.25076052
     -1.37668495
     -1.63906684
     -2.16519390
     -3.00109064
      2.62725372
      2.28645220
      2.12262061
      2.04669129
      2.01248400
      1.99732609
      1.99063665
      1.98765424
      1.98628115
      1.98560333
      1.98522459
      1.98497360
      1.98477631
      1.98460068
      1.98443279
      1.98426656
      1.98409927
      1.98392962
      1.98375697
      1.98358092
      1.98340117
      1.98321746
      1.98302955
      1.98283719
      1.98264011
      1.98243804
      1.98223069
      1.98201775
      1.98179887
      1.98157371
      1.98134188
      1.98110298
      1.98085656
      1.98060215
      1.98033924
      1.98006729
      1.97978570
      1.97949382
      1.97919097
      1.97887637
      1.97854921
      1.97820859
      1.97785351
      1.97748291
      1.97709558
      1.97669024
      1.97626543
      1.97581956
      1.97535086
      1.97485737
      1.97433687
      1.97378692
      1.97320475
      1.97258723
      1.97193084
      1.97123156
      1.97048481
      1.96968535
      1.96882710
      1.96790308
      1.96690509
      1.96582356
      1.96464717
      1.96336248
      1.96195334
      1.96040026
      1.95867941
      1.95676137
      1.95460940
      1.95217693
      1.94940398
      1.94621174
      1.94249366
      1.93810029
      1.93281140
      1.92628403
      1.91795840
      1.90690155
      1.89158680
      1.86966482
      1.83787275
      1.79226164
      1.72873544
      1.64346340
      1.53239532
      1.38923383
      1.20133324
      0.94296343
      0.57061437
      0.05878982
     -0.49107030
     -0.93493148
     -1.26788178
     -1.54236440
     -1.80228143
     -2.08309373
     -2.42008973
     -2.84279219
      2.94792083
      2.46983270
      2.06844903
      1.73487907
      1.43391074
      1.13077917
      0.79340472
      0.39566056
     -0.06161923
     -0.52929412
     -0.95006649
     -1.31232108
     -1.63828378
     -1.95790726
     -2.30005292
     -2.68802671
     -3.12551673
      2.70271430
      2.27718043
      1.89971865
      1.55746400
      1.22559183
      0.87836918
      0.49482873
      0.06958724
     -0.37482132
     -0.80025399
     -1.18633122
     -1.53979116
     -1.88099480
     -2.23280983
     -2.61421547
     -3.03126913
      2.81585010
      2.39219187
      2.00099691
      1.63949622
      1.29100203
      0.93519247
      0.55480426
      0.14354435
     -0.28590176
     -0.70727183
     -1.10160392
     -1.46907397
     -1.82339187
     -2.18264650
     -2.56260487
     -2.96958619
      2.88947980
      2.47046459
      2.07417647
      1.70215056
      1.34309109
      0.98086016
      0.60100621
      0.19729043
     -0.22247488
     -0.63924102
     -1.03675117
     -1.41233448
     -1.77531828
     -2.14013460
     -2.52007016
     -2.92122758
      2.94580495
      2.53112176
      2.13286101
      1.75444630
      1.38816828
      1.02109108
      0.64096613
      0.24185600
     -0.17125858
     -0.58403810
     -0.98273867
     -1.36344368
     -1.73252106
     -2.10158901
     -2.48196532
     -2.87940824
      2.99324850
      2.58219958
      2.18326829
      1.80068509
      1.42920351
      1.05837115
      0.67770905
      0.28164360
     -0.12666069
     -0.53613848
     -0.93515755
     -1.31929900
     -1.69286436
     -2.06527005
     -2.44623548
     -2.84114924
      3.03566226
      2.62761165
      2.22860367
      1.84315678
      1.46777113
      1.09395474
      0.71267883
      0.31873733
     -0.08594807
     -0.49270025
     -0.89162821
     -1.27817754
     -1.65516397
     -2.03025151
     -2.41183867
     -2.80495312
      3.07503307
      2.66946453
      2.27066487
      1.88317849
      1.50477634
      1.12853834
      0.74664300
      0.35423619
     -0.04764743
     -0.45213471
     -0.85077227
     -1.23905913
     -1.61871934
     -1.99600268
     -2.37820082
     -2.76999959
      3.11247174
      2.70897431
      2.31052229
      1.92154903
      1.54076635
      1.16252986
      0.78003565
      0.38876084
     -0.01090918
     -0.41349864
     -0.81174910
     -1.20131256
     -1.58310014
     -1.96220842
     -2.34499125
     -2.73580216
      0.00000000
