      0.00000000
      0.00000000
      0.00000000
      0.00000000
      0.00000000
      0.00000000
      0.00000000
      0.00000000
      0.00000000
      0.00000000
      0.00000000
      0.00000000
      0.00000000
      0.00000000
      0.00000000
      0.00000000
      0.00000000
      0.00000000
      0.00000000
      0.00000000
      0.00000000
      0.00000000
      0.00000000
      0.00000000
      0.00000000
      0.00000000
      0.00000000
      0.00000000
      0.00000000
      0.00000000
      0.00000000
      0.00000000
      0.00000000
      0.00000000
      0.00000000
      0.00000000
      0.00000000
      0.00000000
      0.00000000
      0.00000000
      0.00000000
      0.00000000
      0.00000000
      0.00000000
      0.00000000
      0.00000000
      0.00000000
      0.00000000
      0.00000000
      0.00000000
      0.00000000
      0.00000000
      0.00000000
      0.00000000
      0.00000000
      0.00000000
      0.00000000
      0.00000000
      0.00000000
      0.00000000
      0.00000000
      0.00000000
      0.00000000
      0.00000000
      0.00000000
      0.00000000
      0.00000000
      0.00000000
      0.00000000
      0.00000000
      0.00000000
      0.00000000
      0.00000000
      0.00000000
      0.00000000
      0.00000000
      0.00000000
      0.00000000
      0.00000000
      0.00000000
      0.00000000
      0.00000000
      0.00000000
      0.00000000
      0.00000000
      0.00000000
      0.00000000
      0.00000000
      0.00000000
      0.00000000
      0.00000000
      0.00000000
      0.00000000
      0.00000000
      0.00000000
      0.00000000
      0.00000000
      0.00000000
      0.00000000
      0.00000000
      0.00000000
      0.00000000
      0.00000000
      0.00000000
      0.00000000
      0.00000000
      0.00000000
      0.00000000
      0.00000000
      0.00000000
      0.00000000
      0.00000000
      0.00000000
      0.00000000
      0.00000000
      0.00000000
      0.00000000
      0.00000000
      0.00000000
      0.00000000
      0.00000000
      0.00000000
      0.00000000
      0.00000000
      0.00000000
      0.00000000
      0.00000000
      0.00000000
      0.00000000
      0.00000000
      0.00000000
      0.00000000
      0.00000000
      0.00000000
      0.00000000
      0.00000000
      0.00000000
      0.00000000
      0.00000000
      0.00000000
      0.00000000
      0.00000000
      0.00000000
      0.00000000
      0.00000000
      0.00000001
      0.00000005
      0.00000023
      0.00000096
      0.00000347
      0.00001096
      0.00003036
      0.00007345
      0.00015383
      0.00027757
      0.00043528
      0.00060691
      0.00077494
      0.00093302
      0.00108629
      0.00124519
      0.00141564
      0.00159344
      0.00176823
      0.00193111
      0.00207849
      0.00221323
      0.00234487
      0.00248587
      0.00264215
      0.00280757
      0.00296978
      0.00311920
      0.00325236
      0.00337223
      0.00348864
      0.00361486
      0.00375754
      0.00391029
      0.00406000
      0.00419662
      0.00431656
      0.00442264
      0.00452465
      0.00463631
      0.00476505
      0.00490469
      0.00504169
      0.00516559
      0.00527259
      0.00536526
      0.00545319
      0.00555039
      0.00566500
      0.00579128
      0.00591547
      0.00602672
      0.00612095
      0.00620049
      0.00627465
      0.00635761
      0.00645824
      0.00657136
      0.00668317
      0.00678246
      0.00686492
      0.00693264
      0.00699474
      0.00706554
      0.00715464
      0.00725762
      0.00736079
      0.00745263
      0.00752846
      0.00759016
      0.00764668
      0.00771229
      0.00779694
      0.00789686
      0.00799842
      0.00808930
      0.00816384
      0.00822342
      0.00827689
      0.00833824
      0.00841737
      0.00851110
      0.00860610
      0.00868932
      0.00875425
      0.00880212
      0.00884208
      0.00888826
      0.00895088
      0.00902759
      0.00910559
      0.00917149
      0.00921820
      0.00924687
      0.00926680
      0.00929229
      0.00933388
      0.00938988
      0.00944789
      0.00949421
      0.00952124
      0.00952985
      0.00952924
      0.00953372
      0.00955416
      0.00958946
      0.00962750
      0.00965436
      0.00966202
      0.00965101
      0.00963028
      0.00961409
      0.00961364
      0.00962840
      0.00964654
      0.00965400
      0.00964243
      0.00961199
      0.00957132
      0.00953454
      0.00951318
      0.00950728
      0.00950531
      0.00949313
      0.00946216
      0.00941222
      0.00935150
      0.00929392
      0.00925136
      0.00922445
      0.00920194
      0.00916971
      0.00911908
      0.00904959
      0.00896891
      0.00889070
      0.00882729
      0.00877998
      0.00873783
      0.00868689
      0.00861868
      0.00853261
      0.00843576
      0.00834150
      0.00826276
      0.00820163
      0.00814742
      0.00808627
      0.00801001
      0.00791777
      0.00781568
      0.00771641
      0.00763319
      0.00756865
      0.00751198
      0.00744905
      0.00737150
      0.00727797
      0.00717366
      0.00707053
      0.00698201
      0.00691136
      0.00684816
      0.00677826
      0.00669314
      0.00659124
      0.00647744
      0.00636343
      0.00626278
      0.00617952
      0.00610390
      0.00602189
      0.00592473
      0.00581065
      0.00568427
      0.00555696
      0.00544223
      0.00534472
      0.00525534
      0.00516018
      0.00505022
      0.00492345
      0.00478423
      0.00464351
      0.00451465
      0.00440270
      0.00429928
      0.00419071
      0.00406779
      0.00392828
      0.00377634
      0.00362250
      0.00347969
      0.00335319
      0.00323537
      0.00311299
      0.00297680
      0.00282446
      0.00266003
      0.00249356
      0.00233712
      0.00219574
      0.00206253
      0.00192503
      0.00177433
      0.00160829
      0.00143108
      0.00125187
      0.00108034
      0.00091942
      0.00076286
      0.00060253
      0.00043872
      0.00028448
      0.00015952
      0.00007622
      0.00003115
      0.00001105
      0.00000345
      0.00000096
      0.00000023
      0.00000005
      0.00000001
      0.00000000
      0.00000000
      0.00000000
      0.00000000
      0.00000000
      0.00000000
      0.00000000
      0.00000000
      0.00000000
      0.00000000
      0.00000000
      0.00000000
      0.00000000
      0.00000000
      0.00000000
      0.00000000
      0.00000000
      0.00000000
      0.00000000
      0.00000000
      0.00000000
      0.00000000
      0.00000000
      0.00000000
      0.00000000
      0.00000000
      0.00000000
      0.00000000
      0.00000000
      0.00000000
      0.00000000
      0.00000000
      0.00000000
      0.00000000
      0.00000000
      0.00000000
      0.00000000
      0.00000000
      0.00000000
      0.00000000
      0.00000000
      0.00000000
      0.00000000
      0.00000000
      0.00000000
      0.00000000
      0.00000000
      0.00000000
      0.00000000
      0.00000000
      0.00000000
      0.00000000
      0.00000000
      0.00000000
      0.00000000
      0.00000000
      0.00000000
      0.00000000
      0.00000000
      0.00000000
      0.00000000
      0.00000000
      0.00000000
      0.00000000
      0.00000000
      0.00000000
      0.00000000
      0.00000000
      0.00000000
      0.00000000
      0.00000000
      0.00000000
      0.00000000
      0.00000000
      0.00000000
      0.00000000
      0.00000000
      0.00000000
      0.00000000
      0.00000000
      0.00000000
      0.00000000
      0.00000000
      0.00000000
      0.00000000
      0.00000000
      0.00000000
      0.00000000
      0.00000000
      0.00000000
      0.00000000
      0.00000000
      0.00000000
      0.00000000
      0.00000000
      0.00000000
      0.00000000
      0.00000000
      0.00000000
      0.00000000
      0.00000000
      0.00000000
      0.00000000
      0.00000000
      0.00000000
      0.00000000
      0.00000000
      0.00000000
      0.00000000
      0.00000000
      0.00000000
      0.00000000
      0.00000000
      0.00000000
      0.00000000
      0.00000000
      0.00000000
      0.00000000
      0.00000000
      0.00000000
      0.00000000
      0.00000000
      0.00000000
      0.00000000
      0.00000000
      0.00000000
      0.00000000
      0.00000000
      0.00000000
      0.00000000
      0.00000000
      0.00000000
      0.00000000
      0.00000000
      0.00000000
      0.00000000
      0.00000000
      0.00000000
      0.00000000
      0.00000000
      0.00000000
      0.00000000
      0.00000000
      0.00000000
      0.00000000
