      0.00000000
     -2.79561755
     -2.40499254
     -2.01436752
     -1.62374251
     -1.23311749
     -0.84249247
     -0.45186746
     -0.06124244
      0.32938258
      0.72000760
      1.11063261
      1.50125763
      1.89188265
      2.28250767
      2.67313269
      3.06375770
     -2.82880258
     -2.43817757
     -2.04755255
     -1.65692753
     -1.26630251
     -0.87567749
     -0.48505247
     -0.09442746
      0.29619756
      0.68682258
      1.07744760
      1.46807262
      1.85869764
      2.24932265
      2.63994767
      3.03057269
     -2.86198760
     -2.47136258
     -2.08073756
     -1.69011254
     -1.29948752
     -0.90886250
     -0.51823748
     -0.12761246
      0.26301256
      0.65363757
      1.04426259
      1.43488761
      1.82551263
      2.21613765
      2.60676267
      2.99738769
     -2.89517260
     -2.50454758
     -2.11392256
     -1.72329754
     -1.33267252
     -0.94204750
     -0.55142248
     -0.16079746
      0.22982756
      0.62045258
      1.01107760
      1.40170262
      1.79232764
      2.18295266
      2.57357768
      2.96420270
     -2.92835759
     -2.53773257
     -2.14710755
     -1.75648253
     -1.36585751
     -0.97523249
     -0.58460747
     -0.19398244
      0.19664258
      0.58726760
      0.97789262
      1.36851764
      1.75914266
      2.14976768
      2.54039270
      2.93101772
     -2.96154257
     -2.57091754
     -2.18029252
     -1.78966750
     -1.39904248
     -1.00841746
     -0.61779244
     -0.22716742
      0.16345761
      0.55408263
      0.94470765
      1.33533267
      1.72595769
      2.11658271
      2.50720774
      2.89783276
     -2.99472753
     -2.60410250
     -2.21347748
     -1.82285246
     -1.43222744
     -1.04160243
     -0.65097741
     -0.26035239
      0.13027262
      0.52089763
      0.91152264
      1.30214765
      1.69277266
      2.08339766
      2.47402267
      2.86464768
     -3.02791262
     -2.63728761
     -2.24666259
     -1.85603757
     -1.46541254
     -1.07478750
     -0.68416245
     -0.29353740
      0.09708767
      0.48771275
      0.87833784
      1.26896294
      1.65958805
      2.05021317
      2.44083829
      2.83146343
     -3.06109674
     -2.67047160
     -2.27984645
     -1.88922131
     -1.49859616
     -1.10797102
     -0.71734589
     -0.32672076
      0.06390437
      0.45452948
      0.84515459
      1.23577969
      1.62640478
      2.01702985
      2.40765492
      2.79827998
     -3.09428027
     -2.70365524
     -2.31303023
     -1.92240527
     -1.53178027
     -1.14115519
     -0.75053228
     -0.35992552
      0.03062461
      0.42106209
      0.81139642
      1.20180613
      1.59260640
      1.98401908
      2.37590719
      2.76771408
     -3.12446214
     -2.73465963
     -2.34579700
     -1.95695865
     -1.56704271
     -1.17541976
     -0.78241133
     -0.38925890
      0.00250739
      0.39199952
      0.77960090
      1.16684657
      1.55561335
      1.94706434
      2.34089730
      2.73535350
      3.12812338
     -2.76546474
     -2.37874330
     -1.99292003
     -1.60540546
     -1.21442126
     -0.82006621
     -0.42442743
     -0.03050699
      0.35954546
      0.74576557
      1.13038902
      1.51661960
      1.90688649
      2.30144709
      2.69807605
      3.09319880
     -2.79920243
     -2.41312625
     -2.02944670
     -1.64447046
     -1.25512244
     -0.86066928
     -0.46329021
     -0.06698643
      0.32474867
      0.71102918
      1.09406288
      1.47788001
      1.86615122
      2.26016870
      2.65798434
      3.05536550
     -2.83493020
     -2.44799269
     -2.06509285
     -1.68210298
     -1.29494001
     -0.90177860
     -0.50415268
     -0.10619057
      0.28780480
      0.67591132
      1.05958267
      1.44266844
      1.82925495
      2.22145990
      2.61822942
      3.01588843
     -2.87286733
     -2.48378193
     -2.09904523
     -1.71528837
     -1.32869313
     -0.93706819
     -0.54108837
     -0.14395352
      0.25050828
      0.64013053
      1.02558388
      1.40985308
      1.79652188
      2.18780571
      2.58328312
      2.98007842
     -2.90862829
     -2.51867483
     -2.13279581
     -1.74825298
     -1.36159636
     -0.97056809
     -0.57540546
     -0.17877669
      0.21578022
      0.60598947
      0.99213128
      1.37678532
      1.76334636
      2.15414716
      2.54910743
      2.94569592
     -2.94278718
     -2.55234952
     -2.16604885
     -1.78140813
     -1.39502398
     -1.00444851
     -0.60960906
     -0.21294785
      0.18197794
      0.57264096
      0.95901405
      1.34351402
      1.72961824
      2.11994612
      2.51473934
      2.91160596
     -2.97631599
     -2.58540446
     -2.19905220
     -1.81486582
     -1.42920990
     -1.03920175
     -0.64438168
     -0.24712236
      0.14867545
      0.53992034
      0.92615582
      1.30977491
      1.69467797
      2.08415279
      2.47898264
      2.87682287
     -3.00973328
     -2.61789716
     -2.23168464
     -1.84876056
     -1.46494308
     -1.07645960
     -0.68207214
     -0.28393507
      0.11355322
      0.50637084
      0.89321287
      1.27611056
      1.65921835
      2.04656530
      2.43984579
      2.83738236
     -3.04813941
     -2.65445991
     -2.26648431
     -1.88272662
     -1.49945742
     -1.11274840
     -0.72060443
     -0.32411853
      0.07314504
      0.46729696
      0.85637354
      1.24129501
      1.62519817
      2.01168663
      2.40287611
      2.79820264
     -3.08842414
     -2.69411205
     -2.30407557
     -1.91788270
     -1.53304306
     -1.14643114
     -0.75598725
     -0.36185206
      0.03375748
      0.42792344
      0.81873381
      1.20624612
      1.59229241
      1.97939031
      2.36936055
      2.76234737
     -3.12637479
     -2.73266651
     -2.34131752
     -1.95249709
     -1.56500358
     -1.17703218
     -0.78718770
     -0.39521188
     -0.00202470
      0.39092344
      0.78252620
      1.17256667
      1.56168853
      1.95091239
      2.34102601
      2.73219960
      3.12401937
     -2.76733136
     -2.37592453
     -1.98501663
     -1.59440998
     -1.20387622
     -0.81330751
     -0.42270016
     -0.03207726
      0.35854843
      0.74917393
      1.13979920
      1.53042442
      1.92104967
      2.31167493
      2.70230022
      3.09292552
     -2.79963446
     -2.40900913
     -2.01838377
     -1.62775840
     -1.23713302
     -0.84650763
     -0.45588223
     -0.06525683
      0.32536857
      0.71599398
      1.10661937
      1.49724476
      1.88787013
      2.27849549
      2.66912083
      3.05974615
     -2.83281386
     -2.44218858
     -2.05156334
     -1.66093812
     -1.27031293
     -0.87968777
     -0.48906263
     -0.09843752
      0.29218756
      0.68281263
      1.07343767
      1.46406270
      1.85468771
      2.24531272
      2.63593771
      3.02656270
     -2.86599763
     -2.47537265
     -2.08474767
     -1.69412269
     -1.30349771
     -0.91287272
     -0.52224774
     -0.13162275
      0.25900224
      0.64962724
      1.04025224
      1.43087723
      1.82150224
      2.21212724
      2.60275224
      2.99337725
     -2.89918305
     -2.50855805
     -2.11793304
     -1.72730803
     -1.33668303
     -0.94605802
     -0.55543301
     -0.16480801
      0.22581700
      0.61644201
      1.00706702
      1.39769202
      1.78831703
      2.17894204
      2.56956704
      2.96019205
     -2.93236825
     -2.54174325
     -2.15111824
     -1.76049323
     -1.36986823
     -0.97924322
     -0.58861821
     -0.19799321
      0.19263180
      0.58325680
      0.97388181
      1.36450682
      1.75513182
      2.14575683
      2.53638183
      2.92700684
     -2.96555346
     -2.57492846
     -2.18430345
     -1.79367844
     -1.40305344
     -1.01242843
     -0.62180343
     -0.23117842
      0.15944658
      0.55007159
      0.94069660
      1.33132160
      1.72194661
      2.11257161
      2.50319662
      2.89382162
     -2.99873868
     -2.60811367
     -2.21748867
     -1.82686366
     -1.43623865
     -1.04561365
     -0.65498864
     -0.26436364
      0.12626137
      0.51688637
      0.90751138
      1.29813639
      1.68876139
      2.07938640
      2.47001140
      2.86063641
     -3.03192389
     -2.64129889
     -2.25067388
     -1.86004888
     -1.46942387
     -1.07879887
     -0.68817386
     -0.29754886
      0.09307615
      0.48370115
      0.87432616
      1.26495117
      1.65557617
      2.04620118
      2.43682618
      2.82745119
     -3.06510912
     -2.67448411
     -2.28385910
     -1.89323410
     -1.50260909
     -1.11198409
     -0.72135908
     -0.33073408
      0.05989093
      0.45051593
      0.84114094
      1.23176594
      1.62239094
      0.00000000
