             NaN
      1.19118495
      1.58117556
      1.97133170
      2.36193234
      2.75300078
     -3.13889892
     -2.74777957
     -2.35711939
     -1.96694747
     -1.57700840
     -1.18690634
     -0.79633232
     -0.40524655
     -0.01390871
      0.37726772
      0.76795614
      1.15811011
      1.54799440
      1.93803601
      2.32857930
      2.71968310
      3.11107845
     -2.78086650
     -2.39014547
     -2.00001027
     -1.61018644
     -1.22021266
     -0.82970489
     -0.43858231
     -0.04712336
      0.34418889
      0.73494765
      1.12506320
      1.51482000
      1.90471732
      2.29518391
      2.68632608
      3.07785572
     -2.81393609
     -2.42313354
     -2.03303860
     -1.64335655
     -1.25354588
     -0.86312725
     -0.47196460
     -0.08035591
      0.31112995
      0.70198360
      1.09205686
      1.48165501
      1.87136681
      2.26172928
      2.65291332
      3.04461104
     -2.84698260
     -2.45606895
     -2.06601854
     -1.67651532
     -1.28691724
     -0.89662101
     -0.50541461
     -0.11361577
      0.27809816
      0.66908284
      1.05910910
      1.44850394
      1.83796996
      2.22818730
      2.61941705
      3.01133190
     -2.87999671
     -2.48892707
     -2.09892635
     -1.70965664
     -1.32034576
     -0.93022345
     -0.53896935
     -0.14691983
      0.24510569
      0.63627823
      1.02625185
      1.41537518
      1.80450130
      2.19450758
      2.58578690
      2.97799501
     -2.91296211
     -2.52166307
     -2.13171821
     -1.74276882
     -1.35386642
     -0.96400424
     -0.57269907
     -0.18030101
      0.21217496
      0.60363242
      0.99354682
      1.38228553
      1.77091152
      2.16059092
      2.55192194
      2.94455229
     -2.94584719
     -2.55418658
     -2.16430414
     -1.77582668
     -1.38755101
     -0.99810990
     -0.60675453
     -0.21383267
      0.17935199
      0.57128138
      0.96113133
      1.34927500
      1.73709169
      2.12621044
      2.51758481
      2.91088489
     -2.97858208
     -2.58628125
     -2.19646098
     -1.80876096
     -1.42157385
     -1.03291512
     -0.64153741
     -0.24772409
      0.14674907
      0.53959784
      0.92940249
      1.31647927
      1.70274164
      2.09068675
      2.48201994
      2.87657594
     -3.01097158
     -2.61722200
     -2.22737535
     -1.84125089
     -1.45651124
     -1.06984960
     -0.67873864
     -0.28299671
      0.11474553
      0.51032500
      0.90050637
      1.28495618
      1.66653182
      2.04999071
      2.43979765
      2.83767902
     -3.04225071
     -2.64016704
     -2.24634044
     -1.86438997
     -1.49241123
     -1.12354027
     -0.74842342
     -0.35911827
      0.04620672
      0.46041719
      0.87044157
      1.26562753
      1.64425001
      2.01351580
      2.38515736
      2.76976143
     -3.11189029
     -2.69928482
     -2.28865837
     -1.89179986
     -1.51182253
     -1.14232763
     -0.77164155
     -0.38868978
      0.01128441
      0.42319077
      0.83424794
      1.23221352
      1.61317789
      1.98294969
      2.35305559
      2.73484364
      3.13364828
     -2.73816995
     -2.32674139
     -1.92781116
     -1.54593916
     -1.17584441
     -0.80617225
     -0.42537176
     -0.02760629
      0.38325981
      0.79501751
      1.19485084
      1.57761012
      1.94807026
      2.31739557
      2.69729922
      3.09407711
     -2.77875288
     -2.36671789
     -1.96602272
     -1.58235909
     -1.21144524
     -0.84233837
     -0.46323407
     -0.06746191
      0.34221311
      0.75428750
      1.15572582
      1.54046760
      1.91233315
      2.28186848
      2.66061285
      3.05523703
     -2.81977136
     -2.40874055
     -2.00718129
     -1.62101022
     -1.24692982
     -0.87538474
     -0.49590540
     -0.10239492
      0.30329281
      0.71193284
      1.11271123
      1.50018640
      1.87689900
      2.25098164
      2.63157810
      3.02423320
     -2.85549208
     -2.44899431
     -2.04896614
     -1.66056750
     -1.28198227
     -0.90619512
     -0.52495183
     -0.13295778
      0.26905144
      0.67428492
      1.07399177
      1.46306674
      1.84278893
      2.21947942
      2.60091998
      2.99236655
     -2.88969214
     -2.48507440
     -2.08535070
     -1.69572682
     -1.31533623
     -0.93827340
     -0.55695090
     -0.16599838
      0.23461806
      0.63907689
      1.03908547
      1.42919984
      1.80993019
      2.18695449
      2.56788339
      2.95835039
     -2.92443672
     -2.51973060
     -2.11916006
     -1.72856877
     -1.34779367
     -0.97122732
     -0.59101317
     -0.20106699
      0.19941053
      0.60484025
      1.00634124
      1.39743541
      1.77790173
      2.15344915
      2.53247628
      2.92180502
     -2.96043205
     -2.55358668
     -2.15058399
     -1.75891453
     -1.37926695
     -1.00558328
     -0.62847895
     -0.23997135
      0.16193026
      0.57108681
      0.97633471
      1.36872846
      1.74708659
      2.11813880
      2.49265196
      2.87999423
     -3.00038358
     -2.58883153
     -2.18120933
     -1.78782029
     -1.41020136
     -1.04102726
     -0.66853672
     -0.28248082
      0.12022716
      0.53273170
      0.94172921
      1.33620092
      1.71420413
      2.08303343
      2.45466490
      2.83971390
     -3.04145859
     -2.62896255
     -2.21927334
     -1.82380589
     -1.44502668
     -1.07600216
     -0.70483191
     -0.32066267
      0.08055194
      0.49285339
      0.90311320
      1.29957885
      1.67922600
      2.04855811
      2.41934343
      2.80264920
     -3.08015028
     -2.66807782
     -2.25724004
     -1.85971246
     -1.47909923
     -1.10936714
     -0.73891787
     -0.35648554
      0.04302767
      0.45485497
      0.86633932
      1.26508804
      1.64686808
      2.01716621
      2.38734097
      2.76883790
     -3.11581606
     -2.70423048
     -2.29184637
     -1.89137566
     -1.50783042
     -1.13650569
     -0.76651884
     -0.38632444
      0.01070432
      0.42213679
      0.83699796
      1.24261229
      1.63260285
      2.00923025
      2.38022340
      2.75426772
      3.13752021
     -2.75167038
     -2.35041861
     -1.94846832
     -1.55174988
     -1.16254423
     -0.77900974
     -0.39682736
     -0.01155713
      0.37927547
      0.77503952
      1.17244703
      1.56756336
      1.95811715
      2.34456683
      2.72951152
      3.11612173
     -2.77671773
     -2.38272251
     -1.98721307
     -1.59306210
     -1.20216496
     -0.81444857
     -0.42810186
     -0.04069190
      0.34950367
      0.74258356
      1.13700530
      1.53052906
      1.92155705
      2.31000328
      2.69722220
      3.08516826
     -2.80788018
     -2.41537132
     -2.02166746
     -1.62858609
     -1.23749973
     -0.84857325
     -0.46075214
     -0.07241881
      0.31769418
      0.70980983
      1.10300033
      1.49575126
      1.88686450
      2.27613223
      2.66439650
      3.05302422
     -2.84005593
     -2.44822801
     -2.05542427
     -1.66293057
     -1.27180630
     -0.88228368
     -0.49367880
     -0.10481881
      0.28528688
      0.67689540
      1.06939680
      1.46168392
      1.85281034
      2.24253019
      2.63140533
      3.02045387
     -2.87262045
     -2.48118432
     -2.08892592
     -1.69680886
     -1.30568556
     -0.91580905
     -0.52671413
     -0.13750903
      0.25261012
      0.64390767
      1.03596643
      1.42794068
      1.81905757
      2.20906110
      2.59833827
      2.98767580
     -2.90538041
     -2.51419632
     -2.12230451
     -1.73045216
     -1.33934381
     -0.94923557
     -0.55980479
     -0.17035353
      0.21978660
      0.61087642
      1.00262656
      1.39437340
      1.78547186
      2.17566761
      2.56522957
      2.95477977
     -2.93825369
     -2.54724318
     -2.15561476
     -1.76396029
     -1.37287258
     -0.98260288
     -0.59292759
     -0.20329041
      0.18687352
      0.57781665
      0.96933940
      1.36091224
      1.75198865
      2.14232142
      2.53209554
      2.92180989
     -2.97119921
     -2.58031383
     -2.18888358
     -1.79738351
     -1.40631870
     -1.01593173
     -0.62607076
     -0.23628742
      0.15390112
      0.54473669
      0.93608537
      1.32752014
      1.71857317
      2.10900700
      2.49894480
      2.88879022
     -3.00419423
     -2.61340184
     -2.22212554
     -1.83074971
     -1.43970852
     -1.04923399
     -0.65922786
     -0.26932628
      0.12088682
      0.51164163
      0.90285341
      1.29417576
      1.68520512
      2.07571510
      2.46578229
      2.85573492
     -3.03722516
     -2.64650314
     -2.25534911
     -1.86407549
     -1.47305791
     -1.08251697
     -0.69239329
      0.00000000
