      0.00000000
     -1.16551880
     -1.55614381
     -1.94676882
     -2.33739384
     -2.72801886
     -3.11864387
      2.77391642
      2.38329140
      1.99266638
      1.60204136
      1.21141634
      0.82079133
      0.43016631
      0.03954129
     -0.35108373
     -0.74170875
     -1.13233376
     -1.52295878
     -1.91358380
     -2.30420882
     -2.69483384
     -3.08545886
      2.80710143
      2.41647642
      2.02585140
      1.63522638
      1.24460136
      0.85397634
      0.46335132
      0.07272630
     -0.31789871
     -0.70852373
     -1.09914875
     -1.48977377
     -1.88039879
     -2.27102381
     -2.66164883
     -3.05227385
      2.84028644
      2.44966142
      2.05903640
      1.66841138
      1.27778636
      0.88716135
      0.49653633
      0.10591131
     -0.28471371
     -0.67533873
     -1.06596375
     -1.45658877
     -1.84721379
     -2.23783881
     -2.62846383
     -3.01908885
      2.87347144
      2.48284642
      2.09222140
      1.70159638
      1.31097136
      0.92034634
      0.52972132
      0.13909630
     -0.25152872
     -0.64215374
     -1.03277876
     -1.42340378
     -1.81402880
     -2.20465382
     -2.59527884
     -2.98590386
      2.90665642
      2.51603140
      2.12540638
      1.73478136
      1.34415634
      0.95353132
      0.56290630
      0.17228128
     -0.21834374
     -0.60896876
     -0.99959378
     -1.39021880
     -1.78084383
     -2.17146885
     -2.56209387
     -2.95271889
      2.93984140
      2.54921638
      2.15859135
      1.76796633
      1.37734131
      0.98671629
      0.59609127
      0.20546624
     -0.18515878
     -0.57578380
     -0.96640882
     -1.35703384
     -1.74765886
     -2.13828388
     -2.52890890
     -2.91953392
      2.97302637
      2.58240135
      2.19177634
      1.80115133
      1.41052632
      1.01990131
      0.62927630
      0.23865130
     -0.15197371
     -0.54259872
     -0.93322373
     -1.32384874
     -1.71447376
     -2.10509878
     -2.49572381
     -2.88634885
      3.00621141
      2.61558636
      2.22496129
      1.83433621
      1.44371112
      1.05308602
      0.66246091
      0.27183579
     -0.11878934
     -0.50941447
     -0.90003961
     -1.29066475
     -1.68128990
     -2.07191504
     -2.46254019
     -2.85316533
      3.03939484
      2.64876971
      2.25814459
      1.86751948
      1.47689437
      1.08626927
      0.69564418
      0.30501910
     -0.08560596
     -0.47623102
     -0.86685607
     -1.25748111
     -1.64810612
     -2.03873108
     -2.42935608
     -2.81998116
      3.07258124
      2.68197448
      2.29142435
      1.90098687
      1.51065254
      1.12024283
      0.72944256
      0.33802988
     -0.05385824
     -0.44566513
     -0.83667421
     -1.22647672
     -1.61533935
     -2.00417770
     -2.39409364
     -2.78571658
      3.10446029
      2.71130786
      2.31954157
      1.93004944
      1.54244805
      1.15520239
      0.76643561
      0.37498462
     -0.01884834
     -0.41330454
     -0.80607443
     -1.19567161
     -1.58239305
     -1.96821632
     -2.35573089
     -2.74671509
     -3.14107013
      2.74647639
      2.35255595
      1.96250350
      1.57628339
      1.19165994
      0.80542936
      0.41516247
      0.02060186
     -0.37602709
     -0.77114984
     -1.16193392
     -1.54801009
     -1.93168965
     -2.31666589
     -2.70601391
     -3.10046706
      2.78533917
      2.38903538
      1.99730029
      1.61101978
      1.22798608
      0.84416895
      0.45589774
      0.06188026
     -0.33593538
     -0.73331654
     -1.12620615
     -1.51314366
     -1.89604350
     -2.27903336
     -2.66619634
     -3.05935775
      2.82620164
      2.42823953
      2.03424416
      1.64613764
      1.26246629
      0.87938051
      0.49279401
      0.10058906
     -0.29618046
     -0.69383947
     -1.08826901
     -1.47735442
     -1.86209112
     -2.24584798
     -2.63244322
     -3.02406816
      2.86313733
      2.46600248
      2.07154068
      1.68191843
      1.29646508
      0.91219588
      0.52552708
      0.13424325
     -0.26123416
     -0.65802946
     -1.05250806
     -1.44246152
     -1.82834054
     -2.21288337
     -2.59953999
     -2.99056826
      2.89745442
      2.50082565
      2.10626874
      1.71605949
      1.32991768
      0.94526364
      0.55870259
      0.16790180
     -0.22705847
     -0.62364696
     -1.01834916
     -1.40878682
     -1.79508750
     -2.17972822
     -2.56611236
     -2.95668784
      2.93165801
      2.53499681
      2.14007101
      1.74940800
      1.36303491
      0.97853494
      0.59243072
      0.20210283
     -0.19269038
     -0.58955700
     -0.98482036
     -1.37573189
     -1.76208415
     -2.14627053
     -2.53192645
     -2.92193460
      2.96643064
      2.56917132
      2.17337351
      1.78212861
      1.39589314
      1.01227405
      0.62737099
      0.23789617
     -0.15693368
     -0.55477391
     -0.95140307
     -1.34323918
     -1.72945171
     -2.11237579
     -2.49619327
     -2.88467675
      3.00412110
      2.60598403
      2.20849574
      1.81567812
      1.42883609
      1.04593840
      0.66283061
      0.27548366
     -0.11779684
     -0.51533340
     -0.91299694
     -1.30667643
     -1.69465204
     -2.07840972
     -2.46167892
     -2.84838795
      3.04265339
      2.64616749
      2.24890392
      1.85475200
      1.46567542
      1.08075395
      0.69685079
      0.31036233
     -0.08082715
     -0.47615368
     -0.87271221
     -1.26702430
     -1.65706078
     -2.04325365
     -2.42809329
     -2.81470521
      3.07803621
      2.68390102
      2.28829148
      1.89412552
      1.50331515
      1.11580284
      0.72975654
      0.34265865
     -0.04731159
     -0.44029841
     -0.83476156
     -1.22846984
     -1.61981882
     -2.00863926
     -2.39613277
     -2.78410417
      3.10923666
      2.71726083
      2.32407366
      1.93112552
      1.53952276
      1.14948229
      0.76036043
      0.37113656
     -0.01897705
     -0.41015064
     -0.80197041
     -1.19380499
     -1.58521181
     -1.97611971
     -2.36672637
     -2.75726013
      3.13535647
      2.74474912
      2.35412622
      1.96350053
      1.57287503
      1.18224976
      0.79162453
      0.40099929
      0.01037403
     -0.38025126
     -0.77087656
     -1.16150188
     -1.55212722
     -1.94275258
     -2.33337795
     -2.72400333
     -3.11462872
      2.77793119
      2.38730579
      1.99668038
      1.60605498
      1.21542959
      0.82480420
      0.43417883
      0.04355347
     -0.34707188
     -0.73769720
     -1.12832249
     -1.51894776
     -1.90957301
     -2.30019823
     -2.69082342
     -3.08144858
      2.81111159
      2.42048648
      2.02986140
      1.63923633
      1.24861129
      0.85798626
      0.46736124
      0.07673624
     -0.31388875
     -0.70451374
     -1.09513872
     -1.48576370
     -1.87638868
     -2.26701366
     -2.65763864
     -3.04826362
      2.84429670
      2.45367171
      2.06304672
      1.67242172
      1.28179672
      0.89117172
      0.50054672
      0.10992172
     -0.28070328
     -0.67132829
     -1.06195329
     -1.45257830
     -1.84320331
     -2.23382831
     -2.62445332
     -3.01507833
      2.87748197
      2.48685696
      2.09623196
      1.70560695
      1.31498194
      0.92435694
      0.53373193
      0.14310692
     -0.24751808
     -0.63814309
     -1.02876810
     -1.41939310
     -1.81001811
     -2.20064312
     -2.59126812
     -2.98189313
      2.91066717
      2.52004217
      2.12941716
      1.73879216
      1.34816715
      0.95754214
      0.56691714
      0.17629213
     -0.21433287
     -0.60495788
     -0.99558289
     -1.38620789
     -1.77683290
     -2.16745790
     -2.55808291
     -2.94870792
      2.94385239
      2.55322738
      2.16260237
      1.77197737
      1.38135236
      0.99072736
      0.60010235
      0.20947735
     -0.18114766
     -0.57177267
     -0.96239767
     -1.35302268
     -1.74364768
     -2.13427269
     -2.52489769
     -2.91552270
      2.97703760
      2.58641260
      2.19578759
      1.80516258
      1.41453758
      1.02391257
      0.63328757
      0.24266256
     -0.14796244
     -0.53858745
     -0.92921245
     -1.31983746
     -1.71046246
     -2.10108747
     -2.49171248
     -2.88233748
      3.01022282
      2.61959781
      2.22897281
      1.83834780
      1.44772280
      1.05709779
      0.66647279
      0.27584778
     -0.11477722
     -0.50540223
     -0.89602723
     -1.28665224
     -1.67727724
     -2.06790225
     -2.45852725
     -2.84915226
      3.04340804
      2.65278304
      2.26215803
      1.87153303
      1.48090802
      1.09028302
      0.69965802
      0.00000000
