      0.00000000
     -0.34927389
     -0.73926450
     -1.12942063
     -1.52002127
     -1.91108971
     -2.30237531
     -2.69349466
     -3.08415484
      2.80885854
      2.41891947
      2.02881741
      1.63824340
      1.24715763
      0.85581979
      0.46464336
      0.07395494
     -0.31619902
     -0.70608331
     -1.09612492
     -1.48666821
     -1.87777201
     -2.26916736
     -2.66040772
     -3.05112875
      2.84192136
      2.45209753
      2.06212375
      1.67161598
      1.28049340
      0.88903445
      0.49772221
      0.10696345
     -0.28315210
     -0.67290890
     -1.06280622
     -1.45327280
     -1.84441498
     -2.23594462
     -2.62733811
     -3.01814066
      2.87494971
      2.48526766
      2.09545699
      1.70503836
      1.31387572
      0.92226703
      0.53078117
      0.13992752
     -0.25014574
     -0.63974388
     -1.02945568
     -1.41981815
     -1.81100219
     -2.20269991
     -2.59429158
     -2.98520522
      2.90792968
      2.51842646
      2.12882838
      1.73853215
      1.34732576
      0.95552692
      0.56381299
      0.17282831
     -0.21719795
     -0.60659279
     -0.99605881
     -1.38627614
     -1.77750589
     -2.16942074
     -2.56127743
     -2.95234708
      2.94083752
      2.55156781
      2.16225693
      1.77213462
      1.38088053
      0.98883101
      0.59680549
      0.20563295
     -0.18434066
     -0.57346400
     -0.96259011
     -1.35259639
     -1.74387571
     -2.13608381
     -2.52831200
     -2.91961103
      2.97362942
      2.58468003
      2.19577763
      1.80591545
      1.41461028
      1.02221223
      0.62973626
      0.23827880
     -0.15163560
     -0.54037430
     -0.92900029
     -1.31867968
     -1.71001071
     -2.10264105
     -2.49542687
     -2.88708748
      3.00621539
      2.61773794
      2.22946227
      1.84002116
      1.44866580
      1.05574394
      0.66255929
      0.27062990
     -0.11922005
     -0.50736371
     -0.89518040
     -1.28429915
     -1.67567351
     -2.06897359
     -2.46269192
     -2.85499274
      3.03837230
      2.65067229
      2.26348518
      1.87482646
      1.48344875
      1.08963544
      0.69516228
      0.30231351
     -0.08749112
     -0.47456790
     -0.86083027
     -1.24877536
     -1.64010855
     -2.03466454
     -2.43030232
     -2.82405189
      3.06928677
      2.68316232
      2.29842268
      1.91176105
      1.52065009
      1.12490818
      0.72716595
      0.33158649
     -0.05859486
     -0.44304467
     -0.82462029
     -1.20807916
     -1.59788608
     -1.99576744
     -2.39902300
     -2.80110664
      3.08825210
      2.70630166
      2.33432295
      1.96545204
      1.59033525
      1.20103016
      0.79570526
      0.38149488
     -0.02852939
     -0.42371525
     -0.80233760
     -1.17160325
     -1.54324467
     -1.92784857
     -2.32938199
     -2.74198727
      3.13057178
      2.73371348
      2.35373637
      1.98424169
      1.61355585
      1.23060433
      0.83063040
      0.41872432
      0.00766742
     -0.39029786
     -0.77126194
     -1.14103343
     -1.51113900
     -1.89292673
     -2.29173103
     -2.70309777
     -3.11452597
      2.76972946
      2.38785784
      2.01776346
      1.64809168
      1.26729157
      0.86952650
      0.45866080
      0.04690350
     -0.35292942
     -0.73568828
     -1.10614800
     -1.47547288
     -1.85537611
     -2.25215357
     -2.66250845
     -3.07454301
      2.80794757
      2.42428438
      2.05337097
      1.68426455
      1.30516068
      0.90938897
      0.49971440
      0.08764045
     -0.31379744
     -0.69853877
     -1.07040389
     -1.43993879
     -1.81868272
     -2.21330648
     -2.62148297
     -3.03251336
      2.84911311
      2.46294245
      2.08886245
      1.71731777
      1.33783882
      0.94432874
      0.53864138
      0.13000173
     -0.27077630
     -0.65825111
     -1.03496336
     -1.40904566
     -1.78964180
     -2.18229657
     -2.58575629
     -2.99225375
      2.89090368
      2.50250533
      2.12392037
      1.74813348
      1.36689044
      0.97489664
      0.57288765
      0.16765439
     -0.23205225
     -0.62112702
     -1.00084903
     -1.37753934
     -1.75897975
     -2.15042617
     -2.55155264
     -2.95617025
      2.92729146
      2.53766768
      2.15727718
      1.78021443
      1.39889199
      1.00793953
      0.60732312
      0.20286432
     -0.19714425
     -0.58725862
     -0.96798898
     -1.34501331
     -1.72594225
     -2.11640929
     -2.51680755
     -2.92151375
      2.96110093
      2.57050955
      2.18973434
      1.81316786
      1.43295359
      1.04300726
      0.64252958
      0.23709969
     -0.16440148
     -0.55549585
     -0.93596237
     -1.31150999
     -1.69053735
     -2.07986632
     -2.48081480
     -2.88766042
      2.99252193
      2.60085220
      2.22120434
      1.84752038
      1.47041576
      1.08190785
      0.68000592
      0.27084904
     -0.13439918
     -0.52679327
     -0.90515174
     -1.27620430
     -1.65071782
     -2.03806045
     -2.44086831
     -2.85242074
      3.02314199
      2.62975258
      2.25213326
      1.88295878
      1.51046785
      1.12441156
      0.72170319
      0.30919825
     -0.09979966
     -0.49427177
     -0.87227537
     -1.24110507
     -1.61273693
     -1.99778632
     -2.39979953
     -2.81229597
      3.06119974
      2.66573190
      2.28695232
      1.91792741
      1.54675679
      1.16258717
      0.76137219
      0.34907038
     -0.06118980
     -0.45765580
     -0.83730330
     -1.20663575
     -1.57742140
     -1.96072750
     -2.36111365
     -2.77318643
      3.09916079
      2.70163291
      2.32101939
      1.95128701
      1.58083747
      1.19840487
      0.79889140
      0.38706385
     -0.02442074
     -0.42316969
     -0.80494995
     -1.17524830
     -1.54542325
     -1.92692038
     -2.32545190
     -2.73703765
      3.13376338
      2.73329253
      2.34974714
      1.97842229
      1.60843533
      1.22824082
      0.83121197
      0.41977941
      0.00491817
     -0.40069623
     -0.79068684
     -1.16731429
     -1.53830747
     -1.91235182
     -2.29560434
     -2.68959907
     -3.09085086
      2.79038413
      2.39366568
      2.00446001
      1.62092552
      1.23874312
      0.85347288
      0.46264027
      0.06687621
     -0.33053131
     -0.72564765
     -1.11620145
     -1.50265114
     -1.88759583
     -2.27420605
     -2.66455190
     -3.05854714
      2.82912872
      2.43497775
      2.04408060
      1.65636421
      1.27001749
      0.88260752
      0.49241196
      0.09933206
     -0.29508969
     -0.68861346
     -1.07964145
     -1.46808769
     -1.85530661
     -2.24325267
     -2.63338955
     -3.02589841
      2.86358303
      2.47050166
      2.07941530
      1.69048881
      1.30266769
      0.91433437
      0.52422137
      0.13210571
     -0.26108478
     -0.65383572
     -1.04494897
     -1.43421670
     -1.82248097
     -2.21110869
     -2.60121385
     -2.99304178
      2.89733979
      2.50484608
      2.11372181
      1.72419919
      1.33559430
      0.94673431
      0.55662862
      0.16502010
     -0.22748131
     -0.61976843
     -1.01089485
     -1.40061470
     -1.78948985
     -2.17853839
     -2.56864938
     -2.96008552
      2.93084139
      2.53872433
      2.14760103
      1.75772452
      1.36862960
      0.97942449
      0.58930534
      0.19800779
     -0.19405098
     -0.58602523
     -0.97714211
     -1.36714565
     -1.75642282
     -2.14576036
     -2.53588945
     -2.92707355
      2.96421995
      2.57236760
      2.18125925
      1.79115100
      1.40172023
      1.01226896
      0.62212883
      0.23103901
     -0.16071113
     -0.55245797
     -0.94355644
     -1.33375219
     -1.72331415
     -2.11286435
     -2.50301620
     -2.89402671
      2.99753018
      2.60587570
      2.21478799
      1.82451829
      1.43484300
      1.04520581
      0.65504188
      0.26409876
     -0.12742400
     -0.51899684
     -0.91007325
     -1.30040602
     -1.69018014
     -2.07989450
     -2.47007070
     -2.86095608
      3.03079897
      2.63929890
      2.24823409
      1.85784712
      1.46798615
      1.07820281
      0.68801426
      0.29717869
     -0.09416998
     -0.48560475
     -0.87665779
     -1.26709162
     -1.65702942
     -2.04687484
     -2.43707570
     -2.82786809
      3.06404091
      2.67266509
      2.28162389
      1.89114936
      1.50114323
      1.11124165
      0.72102855
      0.33027374
     -0.06093805
     -0.45226040
     -0.84328976
     -1.23379974
     -1.62386693
     -2.01381956
     -2.40404479
     -2.79476680
      3.09726447
      2.70599085
      2.31497327
      1.92443233
      1.53430864
      0.00000000
