      0.00000000
      0.00000001
      0.00000003
      0.00000010
      0.00000023
      0.00000045
      0.00000076
      0.00000117
      0.00000169
      0.00000232
      0.00000310
      0.00000410
      0.00000545
      0.00000736
      0.00001011
      0.00001407
      0.00001956
      0.00002686
      0.00003612
      0.00004726
      0.00005999
      0.00007386
      0.00008831
      0.00010279
      0.00011689
      0.00013037
      0.00014326
      0.00015576
      0.00016820
      0.00018096
      0.00019435
      0.00020855
      0.00022357
      0.00023928
      0.00025545
      0.00027178
      0.00028803
      0.00030402
      0.00031968
      0.00033504
      0.00035022
      0.00036538
      0.00038067
      0.00039624
      0.00041217
      0.00042846
      0.00044510
      0.00046202
      0.00047913
      0.00049636
      0.00051366
      0.00053101
      0.00054840
      0.00056585
      0.00058341
      0.00060111
      0.00061898
      0.00063706
      0.00065534
      0.00067383
      0.00069253
      0.00071142
      0.00073049
      0.00074973
      0.00076914
      0.00078871
      0.00080846
      0.00082838
      0.00084849
      0.00086880
      0.00088931
      0.00091003
      0.00093096
      0.00095210
      0.00097347
      0.00099506
      0.00101688
      0.00103892
      0.00106121
      0.00108373
      0.00110650
      0.00112952
      0.00115281
      0.00117636
      0.00120019
      0.00122430
      0.00124871
      0.00127342
      0.00129845
      0.00132380
      0.00134950
      0.00137555
      0.00140198
      0.00142880
      0.00145605
      0.00148373
      0.00151188
      0.00154054
      0.00156972
      0.00159948
      0.00162983
      0.00166082
      0.00169248
      0.00172484
      0.00175793
      0.00179176
      0.00182637
      0.00186174
      0.00189788
      0.00193477
      0.00197238
      0.00201068
      0.00204961
      0.00208910
      0.00212908
      0.00216946
      0.00221014
      0.00225102
      0.00229199
      0.00233293
      0.00237374
      0.00241429
      0.00245448
      0.00249421
      0.00253338
      0.00257189
      0.00260967
      0.00264664
      0.00268275
      0.00271795
      0.00275219
      0.00278546
      0.00281773
      0.00284899
      0.00287925
      0.00290851
      0.00293679
      0.00296411
      0.00299050
      0.00301599
      0.00304060
      0.00306439
      0.00308738
      0.00310962
      0.00313115
      0.00315201
      0.00317224
      0.00319187
      0.00321095
      0.00322951
      0.00324758
      0.00326521
      0.00328241
      0.00329922
      0.00331566
      0.00333175
      0.00334753
      0.00336300
      0.00337819
      0.00339312
      0.00340780
      0.00342223
      0.00343644
      0.00345044
      0.00346423
      0.00347783
      0.00349123
      0.00350445
      0.00351750
      0.00353037
      0.00354307
      0.00355561
      0.00356798
      0.00358020
      0.00359226
      0.00360416
      0.00361592
      0.00362752
      0.00363897
      0.00365027
      0.00366142
      0.00367242
      0.00368328
      0.00369399
      0.00370456
      0.00371498
      0.00372525
      0.00373537
      0.00374536
      0.00375519
      0.00376488
      0.00377443
      0.00378383
      0.00379309
      0.00380220
      0.00381116
      0.00381998
      0.00382866
      0.00383719
      0.00384557
      0.00385381
      0.00386190
      0.00386985
      0.00387766
      0.00388531
      0.00389283
      0.00390019
      0.00390742
      0.00391449
      0.00392142
      0.00392821
      0.00393485
      0.00394134
      0.00394769
      0.00395389
      0.00395995
      0.00396586
      0.00397162
      0.00397724
      0.00398271
      0.00398804
      0.00399322
      0.00399826
      0.00400315
      0.00400789
      0.00401249
      0.00401694
      0.00402124
      0.00402540
      0.00402942
      0.00403329
      0.00403701
      0.00404058
      0.00404401
      0.00404729
      0.00405043
      0.00405342
      0.00405627
      0.00405897
      0.00406152
      0.00406392
      0.00406618
      0.00406830
      0.00407027
      0.00407209
      0.00407376
      0.00407529
      0.00407668
      0.00407791
      0.00407900
      0.00407995
      0.00408075
      0.00408140
      0.00408191
      0.00408227
      0.00408248
      0.00408255
      0.00408247
      0.00408224
      0.00408187
      0.00408135
      0.00408069
      0.00407988
      0.00407892
      0.00407782
      0.00407657
      0.00407518
      0.00407364
      0.00407195
      0.00407012
      0.00406814
      0.00406601
      0.00406374
      0.00406132
      0.00405875
      0.00405604
      0.00405319
      0.00405018
      0.00404703
      0.00404374
      0.00404030
      0.00403671
      0.00403298
      0.00402910
      0.00402507
      0.00402090
      0.00401658
      0.00401211
      0.00400750
      0.00400275
      0.00399785
      0.00399280
      0.00398760
      0.00398226
      0.00397677
      0.00397114
      0.00396536
      0.00395944
      0.00395337
      0.00394715
      0.00394079
      0.00393428
      0.00392763
      0.00392083
      0.00391388
      0.00390679
      0.00389955
      0.00389217
      0.00388464
      0.00387697
      0.00386915
      0.00386118
      0.00385307
      0.00384481
      0.00383641
      0.00382786
      0.00381917
      0.00381033
      0.00380134
      0.00379221
      0.00378294
      0.00377352
      0.00376395
      0.00375424
      0.00374438
      0.00373437
      0.00372422
      0.00371393
      0.00370348
      0.00369289
      0.00368216
      0.00367127
      0.00366024
      0.00364906
      0.00363773
      0.00362625
      0.00361462
      0.00360283
      0.00359089
      0.00357880
      0.00356654
      0.00355413
      0.00354155
      0.00352881
      0.00351590
      0.00350281
      0.00348954
      0.00347608
      0.00346244
      0.00344859
      0.00343454
      0.00342027
      0.00340577
      0.00339103
      0.00337604
      0.00336077
      0.00334522
      0.00332937
      0.00331319
      0.00329667
      0.00327978
      0.00326248
      0.00324477
      0.00322660
      0.00320794
      0.00318876
      0.00316902
      0.00314869
      0.00312772
      0.00310609
      0.00308374
      0.00306064
      0.00303675
      0.00301203
      0.00298645
      0.00295997
      0.00293256
      0.00290420
      0.00287487
      0.00284455
      0.00281323
      0.00278093
      0.00274764
      0.00271338
      0.00267819
      0.00264210
      0.00260517
      0.00256745
      0.00252901
      0.00248994
      0.00245033
      0.00241026
      0.00236985
      0.00232920
      0.00228842
      0.00224763
      0.00220693
      0.00216644
      0.00212625
      0.00208647
      0.00204716
      0.00200842
      0.00197031
      0.00193287
      0.00189614
      0.00186016
      0.00182493
      0.00179046
      0.00175675
      0.00172377
      0.00169151
      0.00165993
      0.00162902
      0.00159874
      0.00156905
      0.00153992
      0.00151131
      0.00148320
      0.00145555
      0.00142835
      0.00140155
      0.00137515
      0.00134912
      0.00132345
      0.00129812
      0.00127311
      0.00124842
      0.00122403
      0.00119993
      0.00117612
      0.00115258
      0.00112931
      0.00110630
      0.00108354
      0.00106102
      0.00103875
      0.00101671
      0.00099491
      0.00097332
      0.00095197
      0.00093083
      0.00090990
      0.00088920
      0.00086869
      0.00084839
      0.00082829
      0.00080837
      0.00078863
      0.00076906
      0.00074965
      0.00073042
      0.00071135
      0.00069247
      0.00067378
      0.00065529
      0.00063701
      0.00061894
      0.00060107
      0.00058337
      0.00056581
      0.00054836
      0.00053098
      0.00051363
      0.00049633
      0.00047910
      0.00046199
      0.00044508
      0.00042844
      0.00041215
      0.00039623
      0.00038066
      0.00036536
      0.00035021
      0.00033503
      0.00031967
      0.00030402
      0.00028803
      0.00027178
      0.00025544
      0.00023928
      0.00022356
      0.00020854
      0.00019435
      0.00018096
      0.00016820
      0.00015576
      0.00014326
      0.00013037
      0.00011688
      0.00010279
      0.00008831
      0.00007386
      0.00005999
      0.00004726
      0.00003612
      0.00002686
      0.00001956
      0.00001407
      0.00001011
      0.00000736
      0.00000545
      0.00000410
      0.00000310
      0.00000232
      0.00000169
      0.00000117
      0.00000076
      0.00000045
      0.00000023
      0.00000010
      0.00000003
      0.00000001
      0.00000000
