             NaN
      2.48333769
      2.82801777
      3.13101368
     -2.88056027
     -2.62876087
     -2.38768757
     -2.15100335
     -1.91456740
     -1.67593082
     -1.43402041
     -1.18894139
     -0.94178345
     -0.69433679
     -0.44869737
     -0.20683150
      0.02978193
      0.26034142
      0.48473235
      0.70340810
      0.91721454
      1.12721305
      1.33452969
      1.54023750
      1.74526910
      1.95035554
      2.15598957
      2.36241433
      2.56963895
      2.77748027
      2.98562510
     -3.08948287
     -2.88183280
     -2.67490491
     -2.46889875
     -2.26391237
     -2.05995662
     -1.85698227
     -1.65491181
     -1.45366860
     -1.25319852
     -1.05348173
     -0.85453446
     -0.65640285
     -0.45915192
     -0.26285288
     -0.06757194
      0.12663756
      0.31973872
      0.51171081
      0.70254593
      0.89224414
      1.08080838
      1.26824021
      1.45453693
      1.63969041
      1.82368723
      2.00650992
      2.18813859
      2.36855264
      2.54773210
      2.72565849
      2.90231512
      3.07768691
     -3.03142535
     -2.85866436
     -2.68722872
     -2.51713219
     -2.34838926
     -2.18101527
     -2.01502643
     -1.85043971
     -1.68727270
     -1.52554349
     -1.36527059
     -1.20647287
     -1.04916955
     -0.89338028
     -0.73912519
     -0.58642496
     -0.43530091
     -0.28577510
     -0.13787041
      0.00838941
      0.15297962
      0.29587444
      0.43704692
      0.57646888
      0.71411068
      0.84994116
      0.98392737
      1.11603439
      1.24622509
      1.37445988
      1.50069642
      1.62488935
      1.74699005
      1.86694641
      1.98470263
      2.10019909
      2.21337236
      2.32415523
      2.43247696
      2.53826359
      2.64143845
      2.74192286
      2.83963695
      2.93450062
      3.02643475
      3.11536238
     -3.08197523
     -2.99927593
     -2.91978716
     -2.84356328
     -2.77064957
     -2.70108097
     -2.63488105
     -2.57206103
     -2.51261912
     -2.45654001
     -2.40379465
     -2.35434020
     -2.30812032
     -2.26506563
     -2.22509441
     -2.18811350
     -2.15401941
     -2.12269954
     -2.09403353
     -2.06789466
     -2.04415138
     -2.02266874
     -2.00330987
     -1.98593735
     -1.97041455
     -1.95660680
     -1.94438247
     -1.93361392
     -1.92417831
     -1.91595818
     -1.90884202
     -1.90272460
     -1.89750722
     -1.89309781
     -1.88941097
     -1.88636787
     -1.88389611
     -1.88192952
     -1.88040789
     -1.87927666
     -1.87848659
     -1.87799346
     -1.87775768
     -1.87774393
     -1.87792087
     -1.87826073
     -1.87873904
     -1.87933429
     -1.88002763
     -1.88080265
     -1.88164506
     -1.88254248
     -1.88348423
     -1.88446115
     -1.88546537
     -1.88649018
     -1.88752992
     -1.88857976
     -1.88963569
     -1.89069431
     -1.89175285
     -1.89280899
     -1.89386085
     -1.89490690
     -1.89594594
     -1.89697701
     -1.89799937
     -1.89901248
     -1.90001593
     -1.90100947
     -1.90199292
     -1.90296622
     -1.90392937
     -1.90488242
     -1.90582547
     -1.90675867
     -1.90768218
     -1.90859619
     -1.90950092
     -1.91039657
     -1.91128337
     -1.91216156
     -1.91303137
     -1.91389303
     -1.91474677
     -1.91559283
     -1.91643144
     -1.91726281
     -1.91808715
     -1.91890470
     -1.91971564
     -1.92052018
     -1.92131852
     -1.92211084
     -1.92289733
     -1.92367817
     -1.92445353
     -1.92522357
     -1.92598846
     -1.92674836
     -1.92750341
     -1.92825377
     -1.92899958
     -1.92974097
     -1.93047808
     -1.93121104
     -1.93193998
     -1.93266502
     -1.93338628
     -1.93410387
     -1.93481791
     -1.93552852
     -1.93623578
     -1.93693982
     -1.93764073
     -1.93833861
     -1.93903356
     -1.93972567
     -1.94041504
     -1.94110175
     -1.94178590
     -1.94246757
     -1.94314684
     -1.94382381
     -1.94449855
     -1.94517113
     -1.94584165
     -1.94651017
     -1.94717678
     -1.94784155
     -1.94850454
     -1.94916585
     -1.94982552
     -1.95048365
     -1.95114029
     -1.95179552
     -1.95244940
     -1.95310200
     -1.95375339
     -1.95440363
     -1.95505279
     -1.95570093
     -1.95634813
     -1.95699443
     -1.95763992
     -1.95828464
     -1.95892866
     -1.95957205
     -1.96021487
     -1.96085718
     -1.96149904
     -1.96214052
     -1.96278167
     -1.96342257
     -1.96406327
     -1.96470383
     -1.96534432
     -1.96598480
     -1.96662533
     -1.96726599
     -1.96790682
     -1.96854790
     -1.96918929
     -1.96983105
     -1.97047326
     -1.97111598
     -1.97175927
     -1.97240320
     -1.97304785
     -1.97369328
     -1.97433956
     -1.97498676
     -1.97563496
     -1.97628423
     -1.97693465
     -1.97758628
     -1.97823922
     -1.97889353
     -1.97954930
     -1.98020661
     -1.98086555
     -1.98152619
     -1.98218863
     -1.98285296
     -1.98351926
     -1.98418764
     -1.98485818
     -1.98553099
     -1.98620616
     -1.98688380
     -1.98756402
     -1.98824693
     -1.98893263
     -1.98962125
     -1.99031290
     -1.99100770
     -1.99170578
     -1.99240727
     -1.99311231
     -1.99382102
     -1.99453356
     -1.99525006
     -1.99597067
     -1.99669555
     -1.99742485
     -1.99815873
     -1.99889735
     -1.99964089
     -2.00038950
     -2.00114336
     -2.00190264
     -2.00266750
     -2.00343812
     -2.00421465
     -2.00499726
     -2.00578609
     -2.00658128
     -2.00738294
     -2.00819118
     -2.00900606
     -2.00982762
     -2.01065585
     -2.01149069
     -2.01233202
     -2.01317963
     -2.01403321
     -2.01489235
     -2.01575650
     -2.01662492
     -2.01749671
     -2.01837072
     -2.01924553
     -2.02011938
     -2.02099017
     -2.02185534
     -2.02271183
     -2.02355597
     -2.02438344
     -2.02518911
     -2.02596695
     -2.02670991
     -2.02740975
     -2.02805688
     -2.02864023
     -2.02914697
     -2.02956236
     -2.02986950
     -2.03004906
     -2.03007903
     -2.02993442
     -2.02958695
     -2.02900473
     -2.02815196
     -2.02698853
     -2.02546973
     -2.02354587
     -2.02116198
     -2.01825747
     -2.01476587
     -2.01061456
     -2.00572458
     -2.00001051
     -1.99338038
     -1.98573572
     -1.97697171
     -1.96697738
     -1.95563604
     -1.94282577
     -1.92842006
     -1.91228861
     -1.89429829
     -1.87431416
     -1.85220072
     -1.82782313
     -1.80104865
     -1.77174803
     -1.73979695
     -1.70507746
     -1.66747940
     -1.62690168
     -1.58325347
     -1.53645527
     -1.48643974
     -1.43315241
     -1.37655212
     -1.31661119
     -1.25331547
     -1.18666403
     -1.11666865
     -1.04335318
     -0.96675257
     -0.88691182
     -0.80388478
     -0.71773281
     -0.62852347
     -0.53632906
     -0.44122532
     -0.34329007
     -0.24260202
     -0.13923964
     -0.03328025
      0.07520085
      0.18613099
      0.29944062
      0.41506368
      0.53293773
      0.65300411
      0.77520783
      0.89949750
      1.02582514
      1.15414595
      1.28441807
      1.41660232
      1.55066192
      1.68656226
      1.82427066
      1.96375618
      2.10498941
      2.24794232
      2.39258814
      2.53890122
      2.68685696
      2.83643173
      2.98760276
      3.14034810
     -2.98853881
     -2.83270794
     -2.67536464
     -2.51652848
     -2.35621863
     -2.19445389
     -2.03125270
     -1.86663311
     -1.70061265
     -1.53320824
     -1.36443604
     -1.19431136
     -1.02284865
     -0.85006161
     -0.67596351
     -0.50056763
     -0.32388783
     -0.14593916
      0.03326173
      0.21369638
      0.39534485
      0.57818657
      0.76220166
      0.94737267
      1.13368622
      1.32113417
      1.50971385
      1.69942684
      1.89027610
      2.08226173
      2.27537586
      2.46959776
      2.66489058
      2.86120099
      3.05846280
     -3.02658050
     -2.82762331
     -2.62789709
     -2.42741808
     -2.22616642
     -2.02408799
     -1.82110615
     -1.61714334
     -1.41215032
     -1.20613789
     -0.99920404
     -0.79154827
     -0.58346546
     -0.37531537
     -0.16746897
      0.03976050
      0.24618986
      0.45182821
      0.65691863
      0.86195382
      1.06766477
      1.27498411
      1.48498485
      1.69879306
      1.91747015
      2.14186209
      2.37242234
      2.60903644
      2.85090304
      3.09654335
     -2.93919417
     -2.69203490
     -2.44695444
     -2.20504262
     -1.96640479
     -1.72996788
     -1.49328304
     -1.25220948
     -1.00041012
     -0.72879905
     -0.42580354
     -0.08112377
      0.00000000
