      0.00000000
      1.37045085
      1.19388242
      1.14529276
      1.17294119
      1.24946243
      1.36142854
      1.50228196
      1.66893349
      1.85988864
      2.07376403
      2.30778841
      2.55657415
      2.81203853
      3.06507906
     -2.97500391
     -2.74600103
     -2.53184418
     -2.33090506
     -2.14036200
     -1.95704003
     -1.77787602
     -1.60013830
     -1.42152607
     -1.24022676
     -1.05496623
     -0.86505521
     -0.67041210
     -0.47153101
     -0.26936939
     -0.06515528
      0.13984930
      0.34456804
      0.54825645
      0.75054826
      0.95141229
      1.15105296
      1.34979174
      1.54795846
      1.74581024
      1.94348514
      2.14099058
      2.33822096
      2.53499488
      2.73110049
      2.92633760
      3.12054831
     -2.96955322
     -2.77763965
     -2.58689363
     -2.39728393
     -2.20876907
     -2.02131251
     -1.83489258
     -1.64950663
     -1.46517010
     -1.28191214
     -1.09976954
     -0.91878078
     -0.73898133
     -0.56040083
     -0.38306223
     -0.20698247
     -0.03217418
      0.14135232
      0.31358704
      0.48451899
      0.65413529
      0.82242097
      0.98935914
      1.15493148
      1.31911873
      1.48190119
      1.64325905
      1.80317256
      1.96162204
      2.11858775
      2.27404980
      2.42798788
      2.58038115
      2.73120808
      2.88044635
      3.02807277
     -3.10912206
     -2.96479258
     -2.82215017
     -2.68122197
     -2.54203630
     -2.40462282
     -2.26901262
     -2.13523850
     -2.00333515
     -1.87333947
     -1.74529081
     -1.61923133
     -1.49520633
     -1.37326457
     -1.25345853
     -1.13584475
     -1.02048394
     -0.90744110
     -0.79678547
     -0.68859034
     -0.58293265
     -0.47989248
     -0.37955221
     -0.28199563
     -0.18730673
     -0.09556843
     -0.00686109
      0.07873899
      0.16116116
      0.24034198
      0.31622669
      0.38877068
      0.45794063
      0.52371559
      0.58608779
      0.64506321
      0.70066187
      0.75291791
      0.80187937
      0.84760776
      0.89017738
      0.92967445
      0.96619612
      0.99984920
      1.03074896
      1.05901771
      1.08478336
      1.10817805
      1.12933669
      1.14839560
      1.16549120
      1.18075883
      1.19433160
      1.20633943
      1.21690816
      1.22615888
      1.23420731
      1.24116330
      1.24713057
      1.25220644
      1.25648174
      1.26004079
      1.26296148
      1.26531540
      1.26716804
      1.26857905
      1.26960251
      1.27028727
      1.27067725
      1.27081179
      1.27072598
      1.27045102
      1.27001455
      1.26944092
      1.26875158
      1.26796528
      1.26709840
      1.26616518
      1.26517796
      1.26414739
      1.26308260
      1.26199145
      1.26088059
      1.25975570
      1.25862157
      1.25748220
      1.25634095
      1.25520060
      1.25406345
      1.25293135
      1.25180581
      1.25068802
      1.24957894
      1.24847927
      1.24738955
      1.24631017
      1.24524137
      1.24418330
      1.24313602
      1.24209951
      1.24107371
      1.24005850
      1.23905373
      1.23805921
      1.23707474
      1.23610010
      1.23513507
      1.23417940
      1.23323285
      1.23229517
      1.23136612
      1.23044545
      1.22953293
      1.22862832
      1.22773138
      1.22684188
      1.22595961
      1.22508434
      1.22421587
      1.22335399
      1.22249850
      1.22164921
      1.22080594
      1.21996849
      1.21913669
      1.21831038
      1.21748939
      1.21667355
      1.21586272
      1.21505673
      1.21425545
      1.21345873
      1.21266643
      1.21187842
      1.21109456
      1.21031474
      1.20953882
      1.20876669
      1.20799823
      1.20723332
      1.20647185
      1.20571372
      1.20495881
      1.20420703
      1.20345827
      1.20271243
      1.20196942
      1.20122914
      1.20049149
      1.19975639
      1.19902375
      1.19829347
      1.19756548
      1.19683968
      1.19611599
      1.19539433
      1.19467462
      1.19395678
      1.19324073
      1.19252640
      1.19181369
      1.19110255
      1.19039290
      1.18968465
      1.18897775
      1.18827211
      1.18756766
      1.18686433
      1.18616206
      1.18546076
      1.18476038
      1.18406084
      1.18336207
      1.18266400
      1.18196657
      1.18126970
      1.18057333
      1.17987739
      1.17918182
      1.17848653
      1.17779147
      1.17709657
      1.17640175
      1.17570696
      1.17501211
      1.17431715
      1.17362200
      1.17292659
      1.17223085
      1.17153471
      1.17083811
      1.17014096
      1.16944319
      1.16874474
      1.16804552
      1.16734546
      1.16664450
      1.16594254
      1.16523951
      1.16453533
      1.16382993
      1.16312321
      1.16241511
      1.16170552
      1.16099438
      1.16028158
      1.15956705
      1.15885069
      1.15813240
      1.15741210
      1.15668969
      1.15596506
      1.15523812
      1.15450876
      1.15377688
      1.15304237
      1.15230512
      1.15156501
      1.15082193
      1.15007575
      1.14932635
      1.14857360
      1.14781738
      1.14705755
      1.14629397
      1.14552650
      1.14475499
      1.14397929
      1.14319925
      1.14241471
      1.14162551
      1.14083148
      1.14003246
      1.13922826
      1.13841871
      1.13760364
      1.13678287
      1.13595620
      1.13512347
      1.13428450
      1.13343910
      1.13258711
      1.13172837
      1.13086273
      1.12999006
      1.12911025
      1.12822322
      1.12732891
      1.12642733
      1.12551851
      1.12460257
      1.12367970
      1.12275019
      1.12181444
      1.12087300
      1.11992656
      1.11897602
      1.11802253
      1.11706748
      1.11611261
      1.11516000
      1.11421221
      1.11327226
      1.11234381
      1.11143117
      1.11053944
      1.10967462
      1.10884374
      1.10805503
      1.10731801
      1.10664377
      1.10604505
      1.10553656
      1.10513515
      1.10486005
      1.10473321
      1.10477949
      1.10502704
      1.10550755
      1.10625664
      1.10731415
      1.10872445
      1.11053683
      1.11280579
      1.11559133
      1.11895922
      1.12298129
      1.12773553
      1.13330628
      1.13978429
      1.14726663
      1.15585665
      1.16566368
      1.17680271
      1.18939395
      1.20356218
      1.21943605
      1.23714724
      1.25682945
      1.27861729
      1.30264512
      1.32904576
      1.35794911
      1.38948077
      1.42376067
      1.46090166
      1.50100817
      1.54417496
      1.59048601
      1.64001347
      1.69281685
      1.74894240
      1.80842270
      1.87127646
      1.93750864
      2.00711073
      2.08006136
      2.15632710
      2.23586347
      2.31861621
      2.40452259
      2.49351290
      2.58551198
      2.68044076
      2.77821774
      2.87876040
      2.98198646
      3.08781502
     -3.08701783
     -2.97621705
     -2.86303993
     -2.74755453
     -2.62982477
     -2.50991041
     -2.38786714
     -2.26374673
     -2.13759728
     -2.00946357
     -1.87938729
     -1.74740741
     -1.61356048
     -1.47788091
     -1.34040125
     -1.20115239
     -1.06016377
     -0.91746356
     -0.77307874
     -0.62703525
     -0.47935801
     -0.33007100
     -0.17919729
     -0.02675912
      0.12722208
      0.28272556
      0.43973109
      0.59821885
      0.75816917
      0.91956243
      1.08237894
      1.24659895
      1.41220280
      1.57917129
      1.74748613
      1.91713048
      2.08808941
      2.26035007
      2.43390151
      2.60873379
      2.78483662
      2.96219741
      3.14079926
     -2.96256607
     -2.78155755
     -2.59939596
     -2.41611975
     -2.23176571
     -2.04636298
     -1.85992697
     -1.67245504
     -1.48392551
     -1.29430179
     -1.10354236
     -0.91161597
     -0.71851990
     -0.52429738
     -0.32904893
     -0.13293241
      0.06385201
      0.26109243
      0.45860743
      0.65629138
      0.85415167
      1.05232632
      1.25107244
      1.45071992
      1.65159026
      1.85388799
      2.05758205
      2.26230627
      2.46731630
      2.67153589
      2.87370303
      3.07258961
     -3.01594720
     -2.82603104
     -2.64076574
     -2.45946214
     -2.28084622
     -2.10310550
     -1.92393924
     -1.74061584
     -1.55007221
     -1.34913334
     -1.13497741
     -0.90597577
     -0.66287440
     -0.40983391
     -0.15436818
      0.09442016
      0.32844783
      0.54232643
      0.73328420
      0.89993748
      1.04079175
      1.15275793
      1.22927863
      1.25692610
      1.20833536
      1.03176615
      0.00000000
