      0.00000000
      0.00000000
      0.00000000
      0.00000000
      0.00000000
      0.00000000
      0.00000000
      0.00000000
      0.00000000
      0.00000000
      0.00000000
      0.00000000
      0.00000000
      0.00000000
      0.00000000
      0.00000000
      0.00000000
      0.00000000
      0.00000000
      0.00000000
      0.00000000
      0.00000000
      0.00000000
      0.00000000
      0.00000000
      0.00000000
      0.00000000
      0.00000000
      0.00000000
      0.00000000
      0.00000000
      0.00000000
      0.00000000
      0.00000000
      0.00000000
      0.00000000
      0.00000000
      0.00000000
      0.00000000
      0.00000000
      0.00000000
      0.00000000
      0.00000000
      0.00000000
      0.00000000
      0.00000000
      0.00000000
      0.00000000
      0.00000000
      0.00000000
      0.00000000
      0.00000000
      0.00000000
      0.00000000
      0.00000000
      0.00000000
      0.00000000
      0.00000000
      0.00000000
      0.00000000
      0.00000000
      0.00000000
      0.00000000
      0.00000000
      0.00000000
      0.00000000
      0.00000000
      0.00000000
      0.00000000
      0.00000000
      0.00000000
      0.00000000
      0.00000000
      0.00000000
      0.00000000
      0.00000000
      0.00000000
      0.00000000
      0.00000000
      0.00000000
      0.00000000
      0.00000000
      0.00000000
      0.00000000
      0.00000000
      0.00000000
      0.00000000
      0.00000000
      0.00000000
      0.00000000
      0.00000000
      0.00000000
      0.00000000
      0.00000000
      0.00000000
      0.00000000
      0.00000000
      0.00000000
      0.00000000
      0.00000000
      0.00000000
      0.00000000
      0.00000000
      0.00000000
      0.00000000
      0.00000000
      0.00000000
      0.00000000
      0.00000000
      0.00000000
      0.00000000
      0.00000000
      0.00000000
      0.00000000
      0.00000000
      0.00000000
      0.00000000
      0.00000000
      0.00000000
      0.00000000
      0.00000000
      0.00000000
      0.00000000
      0.00000000
      0.00000000
      0.00000000
      0.00000000
      0.00000000
      0.00000000
      0.00000000
      0.00000000
      0.00000000
      0.00000000
      0.00000000
      0.00000000
      0.00000000
      0.00000000
      0.00000000
      0.00000000
      0.00000000
      0.00000000
      0.00000000
      0.00000000
      0.00000000
      0.00000000
      0.00000000
      0.00000000
      0.00000002
      0.00000007
      0.00000026
      0.00000121
      0.00000695
      0.00003483
      0.00012330
      0.00029686
      0.00051928
      0.00073667
      0.00093105
      0.00110895
      0.00127833
      0.00144295
      0.00160433
      0.00176331
      0.00192040
      0.00207581
      0.00222959
      0.00238174
      0.00253222
      0.00268103
      0.00282817
      0.00297363
      0.00311740
      0.00325950
      0.00339992
      0.00353866
      0.00367571
      0.00381109
      0.00394478
      0.00407680
      0.00420713
      0.00433578
      0.00446275
      0.00458804
      0.00471165
      0.00483358
      0.00495382
      0.00507239
      0.00518927
      0.00530447
      0.00541800
      0.00552983
      0.00563999
      0.00574847
      0.00585527
      0.00596038
      0.00606381
      0.00616556
      0.00626563
      0.00636402
      0.00646073
      0.00655575
      0.00664910
      0.00674076
      0.00683074
      0.00691904
      0.00700566
      0.00709059
      0.00717385
      0.00725542
      0.00733531
      0.00741352
      0.00749004
      0.00756489
      0.00763805
      0.00770954
      0.00777934
      0.00784745
      0.00791389
      0.00797864
      0.00804172
      0.00810311
      0.00816282
      0.00822084
      0.00827719
      0.00833185
      0.00838484
      0.00843614
      0.00848575
      0.00853369
      0.00857994
      0.00862452
      0.00866741
      0.00870861
      0.00874814
      0.00878599
      0.00882215
      0.00885663
      0.00888943
      0.00892054
      0.00894998
      0.00897773
      0.00900380
      0.00902819
      0.00905090
      0.00907192
      0.00909127
      0.00910893
      0.00912491
      0.00913920
      0.00915182
      0.00916275
      0.00917200
      0.00917957
      0.00918546
      0.00918966
      0.00919219
      0.00919303
      0.00919219
      0.00918966
      0.00918546
      0.00917957
      0.00917200
      0.00916275
      0.00915182
      0.00913920
      0.00912491
      0.00910893
      0.00909127
      0.00907192
      0.00905090
      0.00902819
      0.00900380
      0.00897773
      0.00894998
      0.00892054
      0.00888943
      0.00885663
      0.00882215
      0.00878599
      0.00874814
      0.00870861
      0.00866741
      0.00862452
      0.00857994
      0.00853369
      0.00848575
      0.00843614
      0.00838484
      0.00833185
      0.00827719
      0.00822084
      0.00816282
      0.00810311
      0.00804172
      0.00797864
      0.00791389
      0.00784745
      0.00777934
      0.00770954
      0.00763805
      0.00756489
      0.00749004
      0.00741352
      0.00733531
      0.00725542
      0.00717385
      0.00709059
      0.00700566
      0.00691904
      0.00683074
      0.00674076
      0.00664910
      0.00655575
      0.00646073
      0.00636402
      0.00626563
      0.00616556
      0.00606381
      0.00596038
      0.00585527
      0.00574847
      0.00563999
      0.00552983
      0.00541800
      0.00530447
      0.00518927
      0.00507239
      0.00495382
      0.00483358
      0.00471165
      0.00458804
      0.00446275
      0.00433578
      0.00420713
      0.00407680
      0.00394478
      0.00381109
      0.00367571
      0.00353866
      0.00339992
      0.00325950
      0.00311740
      0.00297363
      0.00282817
      0.00268103
      0.00253222
      0.00238174
      0.00222959
      0.00207581
      0.00192040
      0.00176331
      0.00160433
      0.00144295
      0.00127833
      0.00110895
      0.00093105
      0.00073667
      0.00051928
      0.00029686
      0.00012330
      0.00003483
      0.00000695
      0.00000121
      0.00000026
      0.00000007
      0.00000002
      0.00000000
      0.00000000
      0.00000000
      0.00000000
      0.00000000
      0.00000000
      0.00000000
      0.00000000
      0.00000000
      0.00000000
      0.00000000
      0.00000000
      0.00000000
      0.00000000
      0.00000000
      0.00000000
      0.00000000
      0.00000000
      0.00000000
      0.00000000
      0.00000000
      0.00000000
      0.00000000
      0.00000000
      0.00000000
      0.00000000
      0.00000000
      0.00000000
      0.00000000
      0.00000000
      0.00000000
      0.00000000
      0.00000000
      0.00000000
      0.00000000
      0.00000000
      0.00000000
      0.00000000
      0.00000000
      0.00000000
      0.00000000
      0.00000000
      0.00000000
      0.00000000
      0.00000000
      0.00000000
      0.00000000
      0.00000000
      0.00000000
      0.00000000
      0.00000000
      0.00000000
      0.00000000
      0.00000000
      0.00000000
      0.00000000
      0.00000000
      0.00000000
      0.00000000
      0.00000000
      0.00000000
      0.00000000
      0.00000000
      0.00000000
      0.00000000
      0.00000000
      0.00000000
      0.00000000
      0.00000000
      0.00000000
      0.00000000
      0.00000000
      0.00000000
      0.00000000
      0.00000000
      0.00000000
      0.00000000
      0.00000000
      0.00000000
      0.00000000
      0.00000000
      0.00000000
      0.00000000
      0.00000000
      0.00000000
      0.00000000
      0.00000000
      0.00000000
      0.00000000
      0.00000000
      0.00000000
      0.00000000
      0.00000000
      0.00000000
      0.00000000
      0.00000000
      0.00000000
      0.00000000
      0.00000000
      0.00000000
      0.00000000
      0.00000000
      0.00000000
      0.00000000
      0.00000000
      0.00000000
      0.00000000
      0.00000000
      0.00000000
      0.00000000
      0.00000000
      0.00000000
      0.00000000
      0.00000000
      0.00000000
      0.00000000
      0.00000000
      0.00000000
      0.00000000
      0.00000000
      0.00000000
      0.00000000
      0.00000000
      0.00000000
      0.00000000
      0.00000000
      0.00000000
      0.00000000
      0.00000000
      0.00000000
      0.00000000
      0.00000000
      0.00000000
      0.00000000
      0.00000000
      0.00000000
      0.00000000
      0.00000000
      0.00000000
      0.00000000
      0.00000000
      0.00000000
      0.00000000
      0.00000000
      0.00000000
      0.00000000
      0.00000000
