      0.00000000
      0.00000000
      0.00000000
      0.00000000
      0.00000000
      0.00000000
      0.00000000
      0.00000000
      0.00000000
      0.00000000
      0.00000000
      0.00000000
      0.00000000
      0.00000000
      0.00000000
      0.00000000
      0.00000000
      0.00000000
      0.00000000
      0.00000000
      0.00000000
      0.00000000
      0.00000000
      0.00000000
      0.00000000
      0.00000000
      0.00000000
      0.00000000
      0.00000000
      0.00000000
      0.00000000
      0.00000000
      0.00000000
      0.00000000
      0.00000000
      0.00000000
      0.00000000
      0.00000000
      0.00000000
      0.00000000
      0.00000000
      0.00000000
      0.00000000
      0.00000000
      0.00000000
      0.00000000
      0.00000000
      0.00000000
      0.00000000
      0.00000000
      0.00000000
      0.00000000
      0.00000000
      0.00000000
      0.00000000
      0.00000000
      0.00000000
      0.00000000
      0.00000000
      0.00000000
      0.00000000
      0.00000000
      0.00000000
      0.00000000
      0.00000000
      0.00000000
      0.00000000
      0.00000000
      0.00000000
      0.00000000
      0.00000000
      0.00000000
      0.00000000
      0.00000000
      0.00000000
      0.00000000
      0.00000000
      0.00000000
      0.00000000
      0.00000000
      0.00000000
      0.00000000
      0.00000000
      0.00000000
      0.00000000
      0.00000000
      0.00000000
      0.00000000
      0.00000000
      0.00000000
      0.00000000
      0.00000000
      0.00000000
      0.00000000
      0.00000000
      0.00000000
      0.00000000
      0.00000000
      0.00000000
      0.00000000
      0.00000000
      0.00000000
      0.00000000
      0.00000000
      0.00000000
      0.00000000
      0.00000000
      0.00000000
      0.00000000
      0.00000000
      0.00000000
      0.00000000
      0.00000000
      0.00000000
      0.00000000
      0.00000000
      0.00000000
      0.00000000
      0.00000000
      0.00000000
      0.00000000
      0.00000000
      0.00000000
      0.00000000
      0.00000000
      0.00000000
      0.00000000
      0.00000000
      0.00000000
      0.00000000
      0.00000000
      0.00000000
      0.00000000
      0.00000000
      0.00000000
      0.00000000
      0.00000000
      0.00000000
      0.00000000
      0.00000000
      0.00000000
      0.00000000
      0.00000000
      0.00000000
      0.00000000
      0.00000000
      0.00000000
      0.00000002
      0.00000007
      0.00000026
      0.00000121
      0.00000695
      0.00003483
      0.00012330
      0.00029685
      0.00051924
      0.00073659
      0.00093093
      0.00110876
      0.00127808
      0.00144261
      0.00160390
      0.00176278
      0.00191977
      0.00207507
      0.00222874
      0.00238076
      0.00253112
      0.00267981
      0.00282682
      0.00297215
      0.00311580
      0.00325776
      0.00339805
      0.00353665
      0.00367357
      0.00380881
      0.00394236
      0.00407424
      0.00420444
      0.00433295
      0.00445978
      0.00458494
      0.00470841
      0.00483020
      0.00495031
      0.00506874
      0.00518549
      0.00530056
      0.00541395
      0.00552565
      0.00563568
      0.00574403
      0.00585070
      0.00595568
      0.00605899
      0.00616061
      0.00626056
      0.00635883
      0.00645541
      0.00655032
      0.00664354
      0.00673509
      0.00682495
      0.00691314
      0.00699964
      0.00708447
      0.00716761
      0.00724908
      0.00732887
      0.00740697
      0.00748340
      0.00755814
      0.00763121
      0.00770259
      0.00777230
      0.00784033
      0.00790667
      0.00797134
      0.00803433
      0.00809563
      0.00815526
      0.00821321
      0.00826948
      0.00832407
      0.00837697
      0.00842820
      0.00847775
      0.00852562
      0.00857181
      0.00861632
      0.00865915
      0.00870030
      0.00873977
      0.00877757
      0.00881368
      0.00884811
      0.00888086
      0.00891193
      0.00894133
      0.00896904
      0.00899507
      0.00901943
      0.00904210
      0.00906310
      0.00908241
      0.00910005
      0.00911601
      0.00913028
      0.00914288
      0.00915380
      0.00916303
      0.00917059
      0.00917647
      0.00918067
      0.00918319
      0.00918403
      0.00918319
      0.00918067
      0.00917647
      0.00917059
      0.00916303
      0.00915380
      0.00914288
      0.00913028
      0.00911601
      0.00910005
      0.00908241
      0.00906310
      0.00904210
      0.00901943
      0.00899507
      0.00896904
      0.00894133
      0.00891193
      0.00888086
      0.00884811
      0.00881368
      0.00877757
      0.00873977
      0.00870030
      0.00865915
      0.00861632
      0.00857181
      0.00852562
      0.00847775
      0.00842820
      0.00837697
      0.00832407
      0.00826948
      0.00821321
      0.00815526
      0.00809563
      0.00803433
      0.00797134
      0.00790667
      0.00784033
      0.00777230
      0.00770259
      0.00763121
      0.00755814
      0.00748340
      0.00740697
      0.00732887
      0.00724908
      0.00716761
      0.00708447
      0.00699964
      0.00691314
      0.00682495
      0.00673509
      0.00664354
      0.00655032
      0.00645541
      0.00635883
      0.00626056
      0.00616061
      0.00605899
      0.00595568
      0.00585070
      0.00574403
      0.00563568
      0.00552565
      0.00541395
      0.00530056
      0.00518549
      0.00506874
      0.00495031
      0.00483020
      0.00470841
      0.00458494
      0.00445978
      0.00433295
      0.00420444
      0.00407424
      0.00394236
      0.00380881
      0.00367357
      0.00353665
      0.00339805
      0.00325776
      0.00311580
      0.00297215
      0.00282682
      0.00267981
      0.00253112
      0.00238076
      0.00222874
      0.00207507
      0.00191977
      0.00176278
      0.00160390
      0.00144261
      0.00127808
      0.00110876
      0.00093093
      0.00073659
      0.00051924
      0.00029685
      0.00012330
      0.00003483
      0.00000695
      0.00000121
      0.00000026
      0.00000007
      0.00000002
      0.00000000
      0.00000000
      0.00000000
      0.00000000
      0.00000000
      0.00000000
      0.00000000
      0.00000000
      0.00000000
      0.00000000
      0.00000000
      0.00000000
      0.00000000
      0.00000000
      0.00000000
      0.00000000
      0.00000000
      0.00000000
      0.00000000
      0.00000000
      0.00000000
      0.00000000
      0.00000000
      0.00000000
      0.00000000
      0.00000000
      0.00000000
      0.00000000
      0.00000000
      0.00000000
      0.00000000
      0.00000000
      0.00000000
      0.00000000
      0.00000000
      0.00000000
      0.00000000
      0.00000000
      0.00000000
      0.00000000
      0.00000000
      0.00000000
      0.00000000
      0.00000000
      0.00000000
      0.00000000
      0.00000000
      0.00000000
      0.00000000
      0.00000000
      0.00000000
      0.00000000
      0.00000000
      0.00000000
      0.00000000
      0.00000000
      0.00000000
      0.00000000
      0.00000000
      0.00000000
      0.00000000
      0.00000000
      0.00000000
      0.00000000
      0.00000000
      0.00000000
      0.00000000
      0.00000000
      0.00000000
      0.00000000
      0.00000000
      0.00000000
      0.00000000
      0.00000000
      0.00000000
      0.00000000
      0.00000000
      0.00000000
      0.00000000
      0.00000000
      0.00000000
      0.00000000
      0.00000000
      0.00000000
      0.00000000
      0.00000000
      0.00000000
      0.00000000
      0.00000000
      0.00000000
      0.00000000
      0.00000000
      0.00000000
      0.00000000
      0.00000000
      0.00000000
      0.00000000
      0.00000000
      0.00000000
      0.00000000
      0.00000000
      0.00000000
      0.00000000
      0.00000000
      0.00000000
      0.00000000
      0.00000000
      0.00000000
      0.00000000
      0.00000000
      0.00000000
      0.00000000
      0.00000000
      0.00000000
      0.00000000
      0.00000000
      0.00000000
      0.00000000
      0.00000000
      0.00000000
      0.00000000
      0.00000000
      0.00000000
      0.00000000
      0.00000000
      0.00000000
      0.00000000
      0.00000000
      0.00000000
      0.00000000
      0.00000000
      0.00000000
      0.00000000
      0.00000000
      0.00000000
      0.00000000
      0.00000000
      0.00000000
      0.00000000
      0.00000000
      0.00000000
      0.00000000
      0.00000000
      0.00000000
      0.00000000
      0.00000000
      0.00000000
