      0.00000000
      0.68815409
      0.30755491
     -0.08136224
     -0.47995344
     -0.88370816
     -1.28464788
     -1.67652149
     -2.05862194
     -2.43569727
     -2.81514028
      3.07988122
      2.68120596
      2.27653530
      1.87442410
      1.48186653
      1.09996282
      0.72385198
      0.34565349
     -0.04164425
     -0.44036901
     -0.84603014
     -1.24944775
     -1.64279059
     -2.02450436
     -2.39956194
     -2.77637167
      3.12051515
      2.72178499
      2.31504929
      1.91016763
      1.51591986
      1.13438709
      0.76048593
      0.38523416
      0.00009412
     -0.39858415
     -0.80648950
     -1.21302131
     -1.60831736
     -1.98968148
     -2.36230560
     -2.73579890
     -3.11958758
      2.76504727
      2.35586502
      1.94746097
      1.55094208
      1.16972849
      0.79852324
      0.42702861
      0.04482864
     -0.35349118
     -0.76407049
     -1.17461495
     -1.57257322
     -1.95366385
     -2.32328278
     -2.69248775
     -3.07280219
      2.81243628
      2.40032724
      1.98731451
      1.58764279
      1.20663167
      0.83879739
      0.47223877
      0.09418753
     -0.30318511
     -0.71696638
     -1.13285390
     -1.53459451
     -1.91559672
     -2.28141239
     -2.64488360
     -3.02018427
      2.86649088
      2.45088973
      2.03161209
      1.62732342
      1.24620388
      0.88266813
      0.52281924
      0.15089071
     -0.24435447
     -0.66193314
     -1.08528884
     -1.49282578
     -1.87433739
     -2.23538164
     -2.59103875
     -2.95887548
      2.93082909
      2.51106428
      2.08265171
      1.67076679
      1.28825131
      0.92968420
      0.57867122
      0.21563532
     -0.17553604
     -0.59776519
     -1.03254244
     -1.45031506
     -1.83478000
     -2.19106479
     -2.53702975
     -2.89448856
      3.00050986
      2.57556020
      2.13289770
      1.70749060
      1.32017559
      0.96622796
      0.62605683
      0.27532167
     -0.10889848
     -0.53681744
     -0.98930028
     -1.42444138
     -1.81540824
     -2.16656681
     -2.49970035
     -2.84204133
      3.06227554
      2.63093840
      2.16557556
      1.71748471
      1.32173827
      0.97399397
      0.64948287
      0.31761086
     -0.05433131
     -0.49053017
     -0.97462795
     -1.44133276
     -1.84368338
     -2.18739046
     -2.50189102
     -2.82205448
      3.09517281
      2.64603849
      2.12724621
      1.63141538
      1.22231057
      0.88574027
      0.58287383
      0.27117792
     -0.10624849
     -0.61826660
     -1.23007207
     -1.74760719
     -2.10834317
     -2.36141609
     -2.54268536
     -2.66817779
     -2.74866773
     -2.79644335
     -2.82415075
     -2.84119632
     -2.85275060
     -2.86117925
     -2.86759719
     -2.87264257
     -2.87672863
     -2.88012459
     -2.88300363
     -2.88547969
     -2.88763170
     -2.88951738
     -2.89118074
     -2.89265624
     -2.89397142
     -2.89514855
     -2.89620592
     -2.89715863
     -2.89801933
     -2.89879864
     -2.89950559
     -2.90014788
     -2.90073214
     -2.90126410
     -2.90174874
     -2.90219041
     -2.90259292
     -2.90295964
     -2.90329356
     -2.90359731
     -2.90387327
     -2.90412354
     -2.90435003
     -2.90455444
     -2.90473833
     -2.90490309
     -2.90504999
     -2.90518020
     -2.90529477
     -2.90539467
     -2.90548079
     -2.90555395
     -2.90561489
     -2.90566432
     -2.90570288
     -2.90573116
     -2.90574971
     -2.90575906
     -2.90575968
     -2.90575203
     -2.90573651
     -2.90571352
     -2.90568343
     -2.90564658
     -2.90560331
     -2.90555392
     -2.90549869
     -2.90543791
     -2.90537182
     -2.90530068
     -2.90522472
     -2.90514417
     -2.90505922
     -2.90497009
     -2.90487697
     -2.90478003
     -2.90467946
     -2.90457542
     -2.90446808
     -2.90435759
     -2.90424410
     -2.90412775
     -2.90400868
     -2.90388703
     -2.90376292
     -2.90363649
     -2.90350785
     -2.90337712
     -2.90324442
     -2.90310986
     -2.90297354
     -2.90283558
     -2.90269607
     -2.90255512
     -2.90241283
     -2.90226929
     -2.90212461
     -2.90197887
     -2.90183217
     -2.90168460
     -2.90153625
     -2.90138721
     -2.90123757
     -2.90108741
     -2.90093683
     -2.90078590
     -2.90063471
     -2.90048336
     -2.90033192
     -2.90018048
     -2.90002913
     -2.89987795
     -2.89972702
     -2.89957643
     -2.89942627
     -2.89927663
     -2.89912759
     -2.89897924
     -2.89883167
     -2.89868497
     -2.89853923
     -2.89839455
     -2.89825101
     -2.89810872
     -2.89796777
     -2.89782827
     -2.89769030
     -2.89755399
     -2.89741942
     -2.89728672
     -2.89715599
     -2.89702735
     -2.89690092
     -2.89677681
     -2.89665516
     -2.89653610
     -2.89641975
     -2.89630626
     -2.89619576
     -2.89608842
     -2.89598438
     -2.89588381
     -2.89578688
     -2.89569375
     -2.89560462
     -2.89551968
     -2.89543912
     -2.89536316
     -2.89529202
     -2.89522594
     -2.89516515
     -2.89510993
     -2.89506053
     -2.89501726
     -2.89498042
     -2.89495033
     -2.89492734
     -2.89491182
     -2.89490416
     -2.89490478
     -2.89491413
     -2.89493269
     -2.89496097
     -2.89499952
     -2.89504895
     -2.89510990
     -2.89518305
     -2.89526917
     -2.89536907
     -2.89548364
     -2.89561385
     -2.89576075
     -2.89592551
     -2.89610940
     -2.89631382
     -2.89654030
     -2.89679058
     -2.89706653
     -2.89737029
     -2.89770420
     -2.89807092
     -2.89847343
     -2.89891510
     -2.89939974
     -2.89993170
     -2.90051596
     -2.90115826
     -2.90186520
     -2.90264451
     -2.90350521
     -2.90445793
     -2.90551529
     -2.90669243
     -2.90800760
     -2.90948310
     -2.91114646
     -2.91303214
     -2.91518415
     -2.91766022
     -2.92053926
     -2.92393521
     -2.92802127
     -2.93306665
     -2.93948459
     -2.94791324
     -2.95946753
     -2.97651310
     -3.00422050
     -3.05199611
     -3.13248605
      3.02520683
      2.84393755
      2.59086463
      2.23012866
      1.71259353
      1.10078806
      0.58876995
      0.21134354
     -0.10035237
     -0.40321881
     -0.73978910
     -1.14889392
     -1.64472475
     -2.16351703
     -2.61265135
     -2.97860937
      2.98441248
      2.66991192
      2.32620484
      1.92385422
      1.45714941
      0.97305164
      0.53685278
      0.16491061
     -0.16696141
     -0.49147251
     -0.83921680
     -1.23496325
     -1.68305409
     -2.14841694
     -2.57975408
     -2.95862251
      2.98222181
      2.64908828
      2.29792970
      1.90696284
      1.47182175
      1.01933890
      0.59141994
      0.20719979
     -0.14353537
     -0.48370650
     -0.83765413
     -1.22496913
     -1.65037623
     -2.09303873
     -2.51798839
     -2.90617528
      3.01955122
      2.67358625
      2.31730146
      1.93283653
      1.51506391
      1.08028665
      0.65805751
      0.26688615
     -0.09614976
     -0.44716274
     -0.80572985
     -1.18824532
     -1.60013025
     -2.02854281
     -2.44830762
     -2.84178837
      3.07356022
      2.71790310
      2.35685885
      1.97534724
      1.56781030
      1.14445460
      0.72687594
      0.33163075
     -0.04029778
     -0.40014666
     -0.76368242
     -1.14480196
     -1.54909062
     -1.96836826
     -2.38396942
     -2.78047957
      3.12740506
      2.76393385
      2.39811818
      2.01711597
      1.61537537
      1.19948785
      0.78570658
      0.38833394
      0.01028270
     -0.35627593
     -0.72411021
     -1.10512132
     -1.50479305
     -1.91780578
     -2.32991482
     -2.72786166
     -3.10817609
      2.80580425
      2.43618532
      2.05509468
      1.65713641
      1.24659195
      0.83601264
      0.43769282
      0.05549285
     -0.31600178
     -0.68720703
     -1.06842061
     -1.46493951
     -1.87334356
     -2.28252581
     -2.68107627
     -3.06486495
      2.84482707
      2.47220295
      2.09083882
      1.69554277
      1.28901096
      0.88110562
      0.48242734
      0.09728730
     -0.27796447
     -0.65186563
     -1.03339839
     -1.42764616
     -1.83252783
     -2.23926353
     -2.63799369
     -3.02429217
      2.88208340
      2.50702583
      2.12531205
      1.73196921
      1.32855160
      0.92289047
      0.52416572
      0.13686797
     -0.24133052
     -0.61744135
     -0.99934506
     -1.39190263
     -1.79401383
     -2.19868450
     -2.59735975
     -2.98552357
      2.91821873
      2.54114340
      2.15904295
      1.76716935
      1.36622962
      0.96247490
      0.56388370
      0.17496655
     -0.20563263
      0.00000000
