      0.00000000
     -2.59686799
     -2.20624299
     -1.81561799
     -1.42499299
     -1.03436799
     -0.64374299
     -0.25311799
      0.13750701
      0.52813201
      0.91875701
      1.30938201
      1.70000701
      2.09063201
      2.48125701
      2.87188201
     -3.02067830
     -2.63005330
     -2.23942830
     -1.84880330
     -1.45817830
     -1.06755330
     -0.67692830
     -0.28630330
      0.10432170
      0.49494670
      0.88557170
      1.27619670
      1.66682170
      2.05744670
      2.44807170
      2.83869670
     -3.05386361
     -2.66323861
     -2.27261361
     -1.88198861
     -1.49136361
     -1.10073861
     -0.71011361
     -0.31948861
      0.07113639
      0.46176139
      0.85238639
      1.24301139
      1.63363639
      2.02426139
      2.41488639
      2.80551139
     -3.08704892
     -2.69642392
     -2.30579892
     -1.91517392
     -1.52454892
     -1.13392392
     -0.74329892
     -0.35267392
      0.03795108
      0.42857608
      0.81920108
      1.20982608
      1.60045108
      1.99107608
      2.38170108
      2.77232608
     -3.12023422
     -2.72960922
     -2.33898422
     -1.94835922
     -1.55773422
     -1.16710922
     -0.77648422
     -0.38585922
      0.00476578
      0.39539078
      0.78601578
      1.17664078
      1.56726578
      1.95789078
      2.34851578
      2.73914078
      3.12976578
     -2.76279453
     -2.37216953
     -1.98154453
     -1.59091953
     -1.20029453
     -0.80966953
     -0.41904453
     -0.02841953
      0.36220547
      0.75283047
      1.14345547
      1.53408047
      1.92470547
      2.31533047
      2.70595547
      3.09658047
     -2.79597984
     -2.40535484
     -2.01472984
     -1.62410484
     -1.23347984
     -0.84285484
     -0.45222984
     -0.06160484
      0.32902016
      0.71964516
      1.11027016
      1.50089516
      1.89152016
      2.28214516
      2.67277016
      3.06339516
     -2.82916514
     -2.43854014
     -2.04791514
     -1.65729014
     -1.26666514
     -0.87604014
     -0.48541514
     -0.09479014
      0.29583486
      0.68645986
      1.07708486
      1.46770986
      1.85833486
      2.24895986
      2.63958486
      3.03020986
     -2.86235045
     -2.47172545
     -2.08110045
     -1.69047545
     -1.29985045
     -0.90922545
     -0.51860045
     -0.12797545
      0.26264955
      0.65327455
      1.04389955
      1.43452455
      1.82514955
      2.21577455
      2.60639955
      2.99702455
     -2.89553576
     -2.50491077
     -2.11428586
     -1.72366118
     -1.33303728
     -0.94242037
     -0.55186637
     -0.16176498
      0.22594820
      0.60560895
      0.96925171
      1.31443337
      1.64981818
      1.99415250
      2.37160816
      2.79998045
     -3.01743433
     -2.56642408
     -2.17287818
     -1.83691476
     -1.53421833
     -1.23424551
     -0.90338662
     -0.50708502
     -0.03431138
      0.45841387
      0.88801926
      1.23505855
      1.52774475
      1.80189956
      2.09307697
      2.44091603
      2.88135707
     -2.88906222
     -2.40866707
     -2.02670400
     -1.72438443
     -1.46107816
     -1.19957097
     -0.90177976
     -0.52294645
     -0.03583992
      0.49104221
      0.93490795
      1.27181350
      1.54239516
      1.78861820
      2.04718755
      2.35926533
      2.77316897
     -2.98693925
     -2.46910403
     -2.06484906
     -1.76185461
     -1.51204539
     -1.27521014
     -1.01469983
     -0.68590307
     -0.23952926
      0.30511723
      0.80318341
      1.17461489
      1.45398399
      1.69037828
      1.92213594
      2.18638753
      2.53096870
      3.00374615
     -2.72468552
     -2.24737457
     -1.90022451
     -1.63687343
     -1.40921310
     -1.18027585
     -0.91223497
     -0.55461509
     -0.06228790
      0.49585516
      0.95593309
      1.28616691
      1.53882663
      1.76075713
      1.98802651
      2.25912413
      2.62648604
      3.13230717
     -2.59239520
     -2.14496562
     -1.82601548
     -1.58033416
     -1.36211085
     -1.13583984
     -0.86250693
     -0.48833178
      0.02634671
      0.58407856
      1.02285090
      1.33454818
      1.57585286
      1.79184106
      2.01768816
      2.29280550
      2.67182927
     -3.09093066
     -2.53442068
     -2.10159935
     -1.79451133
     -1.55580691
     -1.34111236
     -1.11650037
     -0.84219335
     -0.42160199
     -0.00101063
      0.27329639
      0.49790838
      0.71260293
      0.95130734
      1.25839537
      1.69121670
      2.24772667
      2.76815206
     -3.13600948
     -2.86089214
     -2.63504504
     -2.41905684
     -2.17775216
     -1.86605488
     -1.42728255
     -0.86955069
     -0.35487220
      0.01930294
      0.29263585
      0.51890687
      0.73713018
      0.98281150
      1.30176164
      1.74919122
      2.30767415
      2.81349529
     -3.10232811
     -2.83123049
     -2.60396111
     -2.38203061
     -2.12937089
     -1.79913707
     -1.33905914
     -0.78091608
     -0.28858890
      0.06903098
      0.33707187
      0.56600912
      0.79366945
      1.05702053
      1.40417058
      1.88148154
      2.43623517
      2.90901263
     -3.02959151
     -2.76533992
     -2.53358226
     -2.29718798
     -2.01781887
     -1.64638739
     -1.14832121
     -0.60367473
     -0.15730091
      0.17149584
      0.43200616
      0.66884141
      0.91865063
      1.22164508
      1.62590005
      2.14373527
      2.66681236
      3.08071600
     -2.89039153
     -2.63182218
     -2.38559915
     -2.11501748
     -1.77811193
     -1.33424620
     -0.80736407
     -0.32025754
      0.05857578
      0.35636699
      0.61787417
      0.88118044
      1.18350001
      1.56546309
      2.04585824
      2.55862426
      2.99906530
     -2.93628095
     -2.64510354
     -2.37094874
     -2.07826253
     -1.73122324
     -1.30161785
     -0.80889260
     -0.33611897
      0.06018263
      0.39104153
      0.69101435
      0.99371078
      1.32967420
      1.72322010
      2.17423035
      2.64000088
      3.06837316
     -2.83735648
     -2.49302216
     -2.15763735
     -1.81245569
     -1.44881294
     -1.06915218
     -0.68143901
     -0.29133761
      0.09921639
      0.48983329
      0.88045719
      1.27108188
      1.66170679
      2.05233177
      2.44295677
      2.83358177
     -3.05897853
     -2.66835353
     -2.27772853
     -1.88710353
     -1.49647853
     -1.10585353
     -0.71522853
     -0.32460353
      0.06602147
      0.45664647
      0.84727147
      1.23789647
      1.62852147
      2.01914647
      2.40977147
      2.80039647
     -3.09216384
     -2.70153884
     -2.31091384
     -1.92028884
     -1.52966384
     -1.13903884
     -0.74841384
     -0.35778884
      0.03283616
      0.42346116
      0.81408616
      1.20471116
      1.59533616
      1.98596116
      2.37658616
      2.76721116
     -3.12534915
     -2.73472415
     -2.34409915
     -1.95347415
     -1.56284915
     -1.17222415
     -0.78159915
     -0.39097415
     -0.00034915
      0.39027585
      0.78090085
      1.17152585
      1.56215085
      1.95277585
      2.34340085
      2.73402585
      3.12465085
     -2.76790945
     -2.37728445
     -1.98665945
     -1.59603445
     -1.20540945
     -0.81478445
     -0.42415945
     -0.03353445
      0.35709055
      0.74771555
      1.13834055
      1.52896555
      1.91959055
      2.31021555
      2.70084055
      3.09146555
     -2.80109476
     -2.41046976
     -2.01984476
     -1.62921976
     -1.23859476
     -0.84796976
     -0.45734476
     -0.06671976
      0.32390524
      0.71453024
      1.10515524
      1.49578024
      1.88640524
      2.27703024
      2.66765524
      3.05828024
     -2.83428007
     -2.44365507
     -2.05303007
     -1.66240507
     -1.27178007
     -0.88115507
     -0.49053007
     -0.09990507
      0.29071993
      0.68134493
      1.07196993
      1.46259493
      1.85321993
      2.24384493
      2.63446993
      3.02509493
     -2.86746537
     -2.47684037
     -2.08621537
     -1.69559037
     -1.30496537
     -0.91434037
     -0.52371537
     -0.13309037
      0.25753463
      0.64815963
      1.03878463
      1.42940963
      1.82003463
      2.21065963
      2.60128463
      2.99190963
     -2.90065068
     -2.51002568
     -2.11940068
     -1.72877568
     -1.33815068
     -0.94752568
     -0.55690068
     -0.16627568
      0.22434932
      0.61497432
      1.00559932
      1.39622432
      1.78684932
      2.17747432
      2.56809932
      2.95872432
     -2.93383599
     -2.54321099
     -2.15258599
     -1.76196099
     -1.37133599
     -0.98071099
     -0.59008599
     -0.19946099
      0.19116401
      0.58178901
      0.97241401
      1.36303901
      1.75366401
      0.00000000
