      0.00000000
      0.00046301
      0.00110838
      0.00141659
      0.00150985
      0.00152846
      0.00153121
      0.00153501
      0.00154234
      0.00155217
      0.00156330
      0.00157498
      0.00158685
      0.00159874
      0.00161061
      0.00162243
      0.00163420
      0.00164592
      0.00165759
      0.00166922
      0.00168079
      0.00169231
      0.00170379
      0.00171522
      0.00172660
      0.00173792
      0.00174920
      0.00176044
      0.00177162
      0.00178275
      0.00179384
      0.00180487
      0.00181586
      0.00182680
      0.00183769
      0.00184853
      0.00185932
      0.00187006
      0.00188075
      0.00189140
      0.00190199
      0.00191254
      0.00192304
      0.00193348
      0.00194388
      0.00195424
      0.00196454
      0.00197479
      0.00198499
      0.00199515
      0.00200526
      0.00201531
      0.00202532
      0.00203528
      0.00204519
      0.00205505
      0.00206487
      0.00207463
      0.00208434
      0.00209401
      0.00210363
      0.00211320
      0.00212271
      0.00213218
      0.00214161
      0.00215098
      0.00216030
      0.00216958
      0.00217880
      0.00218798
      0.00219711
      0.00220619
      0.00221522
      0.00222420
      0.00223313
      0.00224201
      0.00225085
      0.00225963
      0.00226837
      0.00227705
      0.00228569
      0.00229428
      0.00230282
      0.00231131
      0.00231976
      0.00232815
      0.00233650
      0.00234479
      0.00235304
      0.00236124
      0.00236939
      0.00237749
      0.00238554
      0.00239354
      0.00240149
      0.00240940
      0.00241725
      0.00242506
      0.00243282
      0.00244053
      0.00244819
      0.00245580
      0.00246336
      0.00247087
      0.00247834
      0.00248575
      0.00249312
      0.00250044
      0.00250770
      0.00251492
      0.00252209
      0.00252922
      0.00253629
      0.00254331
      0.00255029
      0.00255721
      0.00256409
      0.00257092
      0.00257770
      0.00258443
      0.00259111
      0.00259774
      0.00260432
      0.00261086
      0.00261734
      0.00262378
      0.00263017
      0.00263651
      0.00264280
      0.00264904
      0.00265523
      0.00266137
      0.00266746
      0.00267351
      0.00267951
      0.00268545
      0.00269135
      0.00269720
      0.00270300
      0.00270875
      0.00271445
      0.00272011
      0.00272571
      0.00273127
      0.00273677
      0.00274223
      0.00274764
      0.00275300
      0.00275831
      0.00276357
      0.00276879
      0.00277395
      0.00277906
      0.00278413
      0.00278915
      0.00279412
      0.00279904
      0.00280391
      0.00280873
      0.00281350
      0.00281822
      0.00282290
      0.00282752
      0.00283210
      0.00283663
      0.00284111
      0.00284554
      0.00284992
      0.00285425
      0.00285853
      0.00286277
      0.00286695
      0.00287109
      0.00287518
      0.00287921
      0.00288320
      0.00288714
      0.00289103
      0.00289488
      0.00289867
      0.00290242
      0.00290611
      0.00290976
      0.00291336
      0.00291690
      0.00292040
      0.00292386
      0.00292726
      0.00293061
      0.00293391
      0.00293717
      0.00294038
      0.00294353
      0.00294664
      0.00294970
      0.00295271
      0.00295567
      0.00295859
      0.00296145
      0.00296426
      0.00296703
      0.00296975
      0.00297241
      0.00297503
      0.00297760
      0.00298012
      0.00298260
      0.00298502
      0.00298739
      0.00298972
      0.00299199
      0.00299422
      0.00299640
      0.00299853
      0.00300061
      0.00300264
      0.00300462
      0.00300656
      0.00300844
      0.00301028
      0.00301206
      0.00301380
      0.00301549
      0.00301713
      0.00301872
      0.00302026
      0.00302176
      0.00302320
      0.00302459
      0.00302594
      0.00302724
      0.00302849
      0.00302969
      0.00303084
      0.00303194
      0.00303299
      0.00303399
      0.00303495
      0.00303585
      0.00303671
      0.00303752
      0.00303828
      0.00303899
      0.00303965
      0.00304026
      0.00304082
      0.00304134
      0.00304180
      0.00304222
      0.00304258
      0.00304290
      0.00304317
      0.00304339
      0.00304356
      0.00304369
      0.00304376
      0.00304378
      0.00304376
      0.00304369
      0.00304356
      0.00304339
      0.00304317
      0.00304290
      0.00304258
      0.00304222
      0.00304180
      0.00304134
      0.00304082
      0.00304026
      0.00303965
      0.00303899
      0.00303828
      0.00303752
      0.00303671
      0.00303585
      0.00303495
      0.00303399
      0.00303299
      0.00303194
      0.00303084
      0.00302969
      0.00302849
      0.00302724
      0.00302594
      0.00302459
      0.00302320
      0.00302176
      0.00302026
      0.00301872
      0.00301713
      0.00301549
      0.00301380
      0.00301206
      0.00301028
      0.00300844
      0.00300656
      0.00300462
      0.00300264
      0.00300061
      0.00299853
      0.00299640
      0.00299422
      0.00299199
      0.00298972
      0.00298739
      0.00298502
      0.00298260
      0.00298012
      0.00297760
      0.00297503
      0.00297241
      0.00296975
      0.00296703
      0.00296426
      0.00296145
      0.00295859
      0.00295567
      0.00295271
      0.00294970
      0.00294664
      0.00294353
      0.00294038
      0.00293717
      0.00293391
      0.00293061
      0.00292726
      0.00292386
      0.00292040
      0.00291690
      0.00291336
      0.00290976
      0.00290611
      0.00290242
      0.00289867
      0.00289488
      0.00289103
      0.00288714
      0.00288320
      0.00287921
      0.00287518
      0.00287109
      0.00286695
      0.00286277
      0.00285853
      0.00285425
      0.00284992
      0.00284554
      0.00284111
      0.00283663
      0.00283210
      0.00282752
      0.00282290
      0.00281822
      0.00281350
      0.00280873
      0.00280391
      0.00279904
      0.00279412
      0.00278915
      0.00278413
      0.00277906
      0.00277395
      0.00276879
      0.00276357
      0.00275831
      0.00275300
      0.00274764
      0.00274223
      0.00273677
      0.00273127
      0.00272571
      0.00272011
      0.00271445
      0.00270875
      0.00270300
      0.00269720
      0.00269135
      0.00268545
      0.00267951
      0.00267351
      0.00266746
      0.00266137
      0.00265523
      0.00264904
      0.00264280
      0.00263651
      0.00263017
      0.00262378
      0.00261734
      0.00261086
      0.00260432
      0.00259774
      0.00259111
      0.00258443
      0.00257770
      0.00257092
      0.00256409
      0.00255721
      0.00255029
      0.00254331
      0.00253629
      0.00252922
      0.00252209
      0.00251492
      0.00250770
      0.00250044
      0.00249312
      0.00248575
      0.00247834
      0.00247087
      0.00246336
      0.00245580
      0.00244819
      0.00244053
      0.00243282
      0.00242506
      0.00241725
      0.00240940
      0.00240149
      0.00239354
      0.00238554
      0.00237749
      0.00236939
      0.00236124
      0.00235304
      0.00234479
      0.00233650
      0.00232815
      0.00231976
      0.00231131
      0.00230282
      0.00229428
      0.00228569
      0.00227705
      0.00226837
      0.00225963
      0.00225085
      0.00224201
      0.00223313
      0.00222420
      0.00221522
      0.00220619
      0.00219711
      0.00218798
      0.00217880
      0.00216958
      0.00216030
      0.00215098
      0.00214161
      0.00213218
      0.00212271
      0.00211320
      0.00210363
      0.00209401
      0.00208434
      0.00207463
      0.00206487
      0.00205505
      0.00204519
      0.00203528
      0.00202532
      0.00201531
      0.00200526
      0.00199515
      0.00198499
      0.00197479
      0.00196454
      0.00195424
      0.00194388
      0.00193348
      0.00192304
      0.00191254
      0.00190199
      0.00189140
      0.00188075
      0.00187006
      0.00185932
      0.00184853
      0.00183769
      0.00182680
      0.00181586
      0.00180487
      0.00179384
      0.00178275
      0.00177162
      0.00176044
      0.00174920
      0.00173792
      0.00172660
      0.00171522
      0.00170379
      0.00169231
      0.00168079
      0.00166922
      0.00165759
      0.00164592
      0.00163420
      0.00162243
      0.00161061
      0.00159874
      0.00158685
      0.00157498
      0.00156330
      0.00155217
      0.00154234
      0.00153501
      0.00153121
      0.00152846
      0.00150985
      0.00141659
      0.00110838
      0.00046301
      0.00000000
