      0.00000000
      0.00046301
      0.00110836
      0.00141656
      0.00150980
      0.00152838
      0.00153111
      0.00153489
      0.00154219
      0.00155199
      0.00156310
      0.00157475
      0.00158659
      0.00159846
      0.00161030
      0.00162210
      0.00163385
      0.00164555
      0.00165720
      0.00166880
      0.00168035
      0.00169185
      0.00170330
      0.00171470
      0.00172606
      0.00173736
      0.00174862
      0.00175983
      0.00177099
      0.00178210
      0.00179316
      0.00180417
      0.00181514
      0.00182605
      0.00183692
      0.00184774
      0.00185850
      0.00186922
      0.00187989
      0.00189052
      0.00190109
      0.00191161
      0.00192209
      0.00193252
      0.00194289
      0.00195322
      0.00196350
      0.00197373
      0.00198392
      0.00199405
      0.00200413
      0.00201417
      0.00202416
      0.00203409
      0.00204398
      0.00205382
      0.00206361
      0.00207336
      0.00208305
      0.00209269
      0.00210229
      0.00211184
      0.00212134
      0.00213078
      0.00214019
      0.00214954
      0.00215884
      0.00216809
      0.00217730
      0.00218646
      0.00219556
      0.00220462
      0.00221363
      0.00222259
      0.00223150
      0.00224037
      0.00224918
      0.00225795
      0.00226666
      0.00227533
      0.00228395
      0.00229252
      0.00230104
      0.00230951
      0.00231794
      0.00232631
      0.00233464
      0.00234291
      0.00235114
      0.00235932
      0.00236745
      0.00237553
      0.00238357
      0.00239155
      0.00239949
      0.00240737
      0.00241521
      0.00242300
      0.00243074
      0.00243843
      0.00244607
      0.00245366
      0.00246121
      0.00246870
      0.00247615
      0.00248355
      0.00249090
      0.00249820
      0.00250545
      0.00251265
      0.00251980
      0.00252691
      0.00253396
      0.00254097
      0.00254793
      0.00255484
      0.00256170
      0.00256851
      0.00257527
      0.00258199
      0.00258865
      0.00259527
      0.00260184
      0.00260836
      0.00261483
      0.00262125
      0.00262762
      0.00263394
      0.00264022
      0.00264644
      0.00265262
      0.00265875
      0.00266483
      0.00267086
      0.00267684
      0.00268277
      0.00268865
      0.00269449
      0.00270028
      0.00270601
      0.00271170
      0.00271734
      0.00272293
      0.00272847
      0.00273397
      0.00273941
      0.00274481
      0.00275015
      0.00275545
      0.00276070
      0.00276590
      0.00277105
      0.00277615
      0.00278121
      0.00278621
      0.00279117
      0.00279607
      0.00280093
      0.00280574
      0.00281050
      0.00281522
      0.00281988
      0.00282449
      0.00282906
      0.00283357
      0.00283804
      0.00284246
      0.00284683
      0.00285115
      0.00285542
      0.00285965
      0.00286382
      0.00286795
      0.00287202
      0.00287605
      0.00288003
      0.00288396
      0.00288784
      0.00289168
      0.00289546
      0.00289920
      0.00290288
      0.00290652
      0.00291011
      0.00291365
      0.00291714
      0.00292058
      0.00292398
      0.00292732
      0.00293062
      0.00293386
      0.00293706
      0.00294021
      0.00294331
      0.00294636
      0.00294936
      0.00295232
      0.00295522
      0.00295808
      0.00296089
      0.00296365
      0.00296636
      0.00296902
      0.00297163
      0.00297419
      0.00297671
      0.00297917
      0.00298159
      0.00298396
      0.00298628
      0.00298855
      0.00299077
      0.00299294
      0.00299507
      0.00299714
      0.00299917
      0.00300114
      0.00300307
      0.00300495
      0.00300678
      0.00300857
      0.00301030
      0.00301198
      0.00301362
      0.00301521
      0.00301674
      0.00301823
      0.00301967
      0.00302106
      0.00302241
      0.00302370
      0.00302495
      0.00302614
      0.00302729
      0.00302839
      0.00302944
      0.00303044
      0.00303139
      0.00303229
      0.00303315
      0.00303395
      0.00303471
      0.00303542
      0.00303608
      0.00303669
      0.00303725
      0.00303776
      0.00303823
      0.00303864
      0.00303901
      0.00303932
      0.00303959
      0.00303981
      0.00303998
      0.00304011
      0.00304018
      0.00304020
      0.00304018
      0.00304011
      0.00303998
      0.00303981
      0.00303959
      0.00303932
      0.00303901
      0.00303864
      0.00303823
      0.00303776
      0.00303725
      0.00303669
      0.00303608
      0.00303542
      0.00303471
      0.00303395
      0.00303315
      0.00303229
      0.00303139
      0.00303044
      0.00302944
      0.00302839
      0.00302729
      0.00302614
      0.00302495
      0.00302370
      0.00302241
      0.00302106
      0.00301967
      0.00301823
      0.00301674
      0.00301521
      0.00301362
      0.00301198
      0.00301030
      0.00300857
      0.00300678
      0.00300495
      0.00300307
      0.00300114
      0.00299917
      0.00299714
      0.00299507
      0.00299294
      0.00299077
      0.00298855
      0.00298628
      0.00298396
      0.00298159
      0.00297917
      0.00297671
      0.00297419
      0.00297163
      0.00296902
      0.00296636
      0.00296365
      0.00296089
      0.00295808
      0.00295522
      0.00295232
      0.00294936
      0.00294636
      0.00294331
      0.00294021
      0.00293706
      0.00293386
      0.00293062
      0.00292732
      0.00292398
      0.00292058
      0.00291714
      0.00291365
      0.00291011
      0.00290652
      0.00290288
      0.00289920
      0.00289546
      0.00289168
      0.00288784
      0.00288396
      0.00288003
      0.00287605
      0.00287202
      0.00286795
      0.00286382
      0.00285965
      0.00285542
      0.00285115
      0.00284683
      0.00284246
      0.00283804
      0.00283357
      0.00282906
      0.00282449
      0.00281988
      0.00281522
      0.00281050
      0.00280574
      0.00280093
      0.00279607
      0.00279117
      0.00278621
      0.00278121
      0.00277615
      0.00277105
      0.00276590
      0.00276070
      0.00275545
      0.00275015
      0.00274481
      0.00273941
      0.00273397
      0.00272847
      0.00272293
      0.00271734
      0.00271170
      0.00270601
      0.00270028
      0.00269449
      0.00268865
      0.00268277
      0.00267684
      0.00267086
      0.00266483
      0.00265875
      0.00265262
      0.00264644
      0.00264022
      0.00263394
      0.00262762
      0.00262125
      0.00261483
      0.00260836
      0.00260184
      0.00259527
      0.00258865
      0.00258199
      0.00257527
      0.00256851
      0.00256170
      0.00255484
      0.00254793
      0.00254097
      0.00253396
      0.00252691
      0.00251980
      0.00251265
      0.00250545
      0.00249820
      0.00249090
      0.00248355
      0.00247615
      0.00246870
      0.00246121
      0.00245366
      0.00244607
      0.00243843
      0.00243074
      0.00242300
      0.00241521
      0.00240737
      0.00239949
      0.00239155
      0.00238357
      0.00237553
      0.00236745
      0.00235932
      0.00235114
      0.00234291
      0.00233464
      0.00232631
      0.00231794
      0.00230951
      0.00230104
      0.00229252
      0.00228395
      0.00227533
      0.00226666
      0.00225795
      0.00224918
      0.00224037
      0.00223150
      0.00222259
      0.00221363
      0.00220462
      0.00219556
      0.00218646
      0.00217730
      0.00216809
      0.00215884
      0.00214954
      0.00214019
      0.00213078
      0.00212134
      0.00211184
      0.00210229
      0.00209269
      0.00208305
      0.00207336
      0.00206361
      0.00205382
      0.00204398
      0.00203409
      0.00202416
      0.00201417
      0.00200413
      0.00199405
      0.00198392
      0.00197373
      0.00196350
      0.00195322
      0.00194289
      0.00193252
      0.00192209
      0.00191161
      0.00190109
      0.00189052
      0.00187989
      0.00186922
      0.00185850
      0.00184774
      0.00183692
      0.00182605
      0.00181514
      0.00180417
      0.00179316
      0.00178210
      0.00177099
      0.00175983
      0.00174862
      0.00173736
      0.00172606
      0.00171470
      0.00170330
      0.00169185
      0.00168035
      0.00166880
      0.00165720
      0.00164555
      0.00163385
      0.00162210
      0.00161030
      0.00159846
      0.00158659
      0.00157475
      0.00156310
      0.00155199
      0.00154219
      0.00153489
      0.00153111
      0.00152838
      0.00150980
      0.00141656
      0.00110836
      0.00046301
      0.00000000
