      0.00000000
     -2.51205586
     -2.71523886
     -2.83940507
     -2.90806582
     -2.94203881
     -2.95704627
     -2.96294536
     -2.96497874
     -2.96556437
     -2.96568158
     -2.96567697
     -2.96565357
     -2.96563329
     -2.96561627
     -2.96559921
     -2.96557966
     -2.96555640
     -2.96552889
     -2.96549698
     -2.96546065
     -2.96541995
     -2.96537494
     -2.96532568
     -2.96527222
     -2.96521464
     -2.96515298
     -2.96508731
     -2.96501767
     -2.96494412
     -2.96486672
     -2.96478550
     -2.96470053
     -2.96461185
     -2.96451950
     -2.96442354
     -2.96432401
     -2.96422094
     -2.96411440
     -2.96400441
     -2.96389101
     -2.96377426
     -2.96365419
     -2.96353083
     -2.96340424
     -2.96327443
     -2.96314145
     -2.96300534
     -2.96286613
     -2.96272386
     -2.96257855
     -2.96243025
     -2.96227898
     -2.96212478
     -2.96196768
     -2.96180770
     -2.96164489
     -2.96147927
     -2.96131087
     -2.96113971
     -2.96096583
     -2.96078926
     -2.96061002
     -2.96042814
     -2.96024364
     -2.96005655
     -2.95986691
     -2.95967472
     -2.95948003
     -2.95928285
     -2.95908320
     -2.95888112
     -2.95867662
     -2.95846973
     -2.95826047
     -2.95804887
     -2.95783494
     -2.95761871
     -2.95740020
     -2.95717944
     -2.95695643
     -2.95673121
     -2.95650380
     -2.95627421
     -2.95604246
     -2.95580859
     -2.95557259
     -2.95533451
     -2.95509434
     -2.95485212
     -2.95460786
     -2.95436159
     -2.95411331
     -2.95386305
     -2.95361083
     -2.95335665
     -2.95310056
     -2.95284254
     -2.95258264
     -2.95232086
     -2.95205722
     -2.95179174
     -2.95152443
     -2.95125531
     -2.95098440
     -2.95071171
     -2.95043726
     -2.95016107
     -2.94988315
     -2.94960351
     -2.94932218
     -2.94903917
     -2.94875449
     -2.94846815
     -2.94818019
     -2.94789060
     -2.94759940
     -2.94730662
     -2.94701225
     -2.94671633
     -2.94641885
     -2.94611985
     -2.94581932
     -2.94551729
     -2.94521376
     -2.94490876
     -2.94460230
     -2.94429439
     -2.94398504
     -2.94367427
     -2.94336209
     -2.94304852
     -2.94273356
     -2.94241724
     -2.94209956
     -2.94178054
     -2.94146019
     -2.94113852
     -2.94081555
     -2.94049129
     -2.94016576
     -2.93983895
     -2.93951090
     -2.93918161
     -2.93885109
     -2.93851936
     -2.93818642
     -2.93785230
     -2.93751700
     -2.93718054
     -2.93684292
     -2.93650416
     -2.93616427
     -2.93582327
     -2.93548117
     -2.93513797
     -2.93479369
     -2.93444834
     -2.93410194
     -2.93375449
     -2.93340601
     -2.93305651
     -2.93270600
     -2.93235449
     -2.93200200
     -2.93164853
     -2.93129410
     -2.93093872
     -2.93058239
     -2.93022514
     -2.92986697
     -2.92950789
     -2.92914792
     -2.92878707
     -2.92842534
     -2.92806276
     -2.92769932
     -2.92733504
     -2.92696994
     -2.92660402
     -2.92623730
     -2.92586978
     -2.92550147
     -2.92513240
     -2.92476256
     -2.92439198
     -2.92402065
     -2.92364860
     -2.92327583
     -2.92290235
     -2.92252818
     -2.92215332
     -2.92177778
     -2.92140159
     -2.92102474
     -2.92064724
     -2.92026912
     -2.91989038
     -2.91951102
     -2.91913107
     -2.91875053
     -2.91836941
     -2.91798772
     -2.91760547
     -2.91722268
     -2.91683936
     -2.91645550
     -2.91607114
     -2.91568627
     -2.91530090
     -2.91491505
     -2.91452873
     -2.91414195
     -2.91375471
     -2.91336704
     -2.91297893
     -2.91259040
     -2.91220146
     -2.91181212
     -2.91142239
     -2.91103229
     -2.91064181
     -2.91025098
     -2.90985980
     -2.90946828
     -2.90907643
     -2.90868427
     -2.90829179
     -2.90789903
     -2.90750597
     -2.90711264
     -2.90671905
     -2.90632520
     -2.90593110
     -2.90553677
     -2.90514222
     -2.90474745
     -2.90435247
     -2.90395731
     -2.90356196
     -2.90316643
     -2.90277074
     -2.90237490
     -2.90197892
     -2.90158280
     -2.90118657
     -2.90079022
     -2.90039376
     -2.89999722
     -2.89960060
     -2.89920390
     -2.89880714
     -2.89841033
     -2.89801348
     -2.89761660
     -2.89721970
     -2.89682279
     -2.89642588
     -2.89602898
     -2.89563210
     -2.89523525
     -2.89483844
     -2.89444168
     -2.89404499
     -2.89364836
     -2.89325182
     -2.89285537
     -2.89245901
     -2.89206278
     -2.89166666
     -2.89127068
     -2.89087484
     -2.89047915
     -2.89008363
     -2.88968827
     -2.88929311
     -2.88889813
     -2.88850336
     -2.88810881
     -2.88771448
     -2.88732038
     -2.88692653
     -2.88653294
     -2.88613961
     -2.88574655
     -2.88535379
     -2.88496132
     -2.88456915
     -2.88417731
     -2.88378579
     -2.88339460
     -2.88300377
     -2.88261329
     -2.88222319
     -2.88183346
     -2.88144412
     -2.88105518
     -2.88066665
     -2.88027855
     -2.87989087
     -2.87950363
     -2.87911685
     -2.87873053
     -2.87834468
     -2.87795932
     -2.87757445
     -2.87719008
     -2.87680623
     -2.87642290
     -2.87604011
     -2.87565786
     -2.87527618
     -2.87489505
     -2.87451451
     -2.87413456
     -2.87375520
     -2.87337646
     -2.87299834
     -2.87262085
     -2.87224400
     -2.87186780
     -2.87149226
     -2.87111741
     -2.87074323
     -2.87036975
     -2.86999698
     -2.86962493
     -2.86925360
     -2.86888302
     -2.86851318
     -2.86814411
     -2.86777580
     -2.86740829
     -2.86704156
     -2.86667564
     -2.86631054
     -2.86594626
     -2.86558283
     -2.86522024
     -2.86485851
     -2.86449766
     -2.86413769
     -2.86377861
     -2.86342044
     -2.86306319
     -2.86270687
     -2.86235148
     -2.86199705
     -2.86164358
     -2.86129109
     -2.86093958
     -2.86058907
     -2.86023957
     -2.85989109
     -2.85954364
     -2.85919724
     -2.85885189
     -2.85850761
     -2.85816442
     -2.85782231
     -2.85748131
     -2.85714142
     -2.85680266
     -2.85646505
     -2.85612858
     -2.85579328
     -2.85545916
     -2.85512622
     -2.85479449
     -2.85446397
     -2.85413468
     -2.85380663
     -2.85347983
     -2.85315429
     -2.85283003
     -2.85250706
     -2.85218540
     -2.85186505
     -2.85154602
     -2.85122835
     -2.85091202
     -2.85059707
     -2.85028349
     -2.84997131
     -2.84966054
     -2.84935119
     -2.84904328
     -2.84873682
     -2.84843182
     -2.84812829
     -2.84782626
     -2.84752574
     -2.84722673
     -2.84692925
     -2.84663333
     -2.84633897
     -2.84604618
     -2.84575498
     -2.84546539
     -2.84517743
     -2.84489110
     -2.84460642
     -2.84432340
     -2.84404207
     -2.84376244
     -2.84348451
     -2.84320832
     -2.84293387
     -2.84266118
     -2.84239027
     -2.84212116
     -2.84185385
     -2.84158836
     -2.84132472
     -2.84106294
     -2.84080304
     -2.84054503
     -2.84028893
     -2.84003476
     -2.83978253
     -2.83953227
     -2.83928399
     -2.83903772
     -2.83879346
     -2.83855124
     -2.83831108
     -2.83807299
     -2.83783699
     -2.83760312
     -2.83737137
     -2.83714178
     -2.83691437
     -2.83668915
     -2.83646615
     -2.83624538
     -2.83602687
     -2.83581064
     -2.83559671
     -2.83538511
     -2.83517585
     -2.83496896
     -2.83476446
     -2.83456238
     -2.83436274
     -2.83416555
     -2.83397086
     -2.83377867
     -2.83358903
     -2.83340194
     -2.83321745
     -2.83303556
     -2.83285632
     -2.83267975
     -2.83250587
     -2.83233471
     -2.83216631
     -2.83200069
     -2.83183788
     -2.83167790
     -2.83152080
     -2.83136660
     -2.83121533
     -2.83106703
     -2.83092172
     -2.83077945
     -2.83064024
     -2.83050413
     -2.83037115
     -2.83024135
     -2.83011475
     -2.82999139
     -2.82987132
     -2.82975457
     -2.82964118
     -2.82953119
     -2.82942464
     -2.82932158
     -2.82922204
     -2.82912608
     -2.82903373
     -2.82894505
     -2.82886008
     -2.82877886
     -2.82870146
     -2.82862791
     -2.82855827
     -2.82849260
     -2.82843094
     -2.82837336
     -2.82831991
     -2.82827064
     -2.82822563
     -2.82818493
     -2.82814861
     -2.82811669
     -2.82808918
     -2.82806592
     -2.82804638
     -2.82802931
     -2.82801229
     -2.82799201
     -2.82796861
     -2.82796401
     -2.82808121
     -2.82866685
     -2.83070022
     -2.83659931
     -2.85160677
     -2.88557976
     -2.95424052
     -3.07840672
      3.00159558
      0.00000000
