             NaN
     -0.28595668
     -0.08276930
      0.04140536
      0.11008079
      0.14407687
      0.15911723
      0.16505951
      0.16714616
      0.16779474
      0.16798412
      0.16806059
      0.16812687
      0.16820468
      0.16829398
      0.16839133
      0.16849417
      0.16860114
      0.16871161
      0.16882532
      0.16894216
      0.16906206
      0.16918500
      0.16931095
      0.16943988
      0.16957175
      0.16970655
      0.16984425
      0.16998481
      0.17012822
      0.17027444
      0.17042345
      0.17057523
      0.17072974
      0.17088697
      0.17104689
      0.17120948
      0.17137472
      0.17154257
      0.17171302
      0.17188605
      0.17206163
      0.17223974
      0.17242036
      0.17260347
      0.17278904
      0.17297706
      0.17316751
      0.17336037
      0.17355561
      0.17375321
      0.17395317
      0.17415545
      0.17436004
      0.17456692
      0.17477607
      0.17498747
      0.17520111
      0.17541697
      0.17563502
      0.17585526
      0.17607766
      0.17630221
      0.17652889
      0.17675768
      0.17698857
      0.17722153
      0.17745657
      0.17769365
      0.17793276
      0.17817389
      0.17841702
      0.17866213
      0.17890921
      0.17915825
      0.17940922
      0.17966212
      0.17991693
      0.18017363
      0.18043222
      0.18069266
      0.18095496
      0.18121910
      0.18148505
      0.18175282
      0.18202238
      0.18229372
      0.18256682
      0.18284168
      0.18311828
      0.18339660
      0.18367664
      0.18395838
      0.18424180
      0.18452690
      0.18481365
      0.18510206
      0.18539209
      0.18568375
      0.18597702
      0.18627188
      0.18656833
      0.18686635
      0.18716592
      0.18746705
      0.18776970
      0.18807388
      0.18837957
      0.18868676
      0.18899543
      0.18930558
      0.18961718
      0.18993024
      0.19024474
      0.19056066
      0.19087800
      0.19119674
      0.19151687
      0.19183838
      0.19216126
      0.19248550
      0.19281108
      0.19313800
      0.19346624
      0.19379579
      0.19412665
      0.19445879
      0.19479221
      0.19512690
      0.19546285
      0.19580004
      0.19613847
      0.19647812
      0.19681898
      0.19716104
      0.19750430
      0.19784873
      0.19819434
      0.19854110
      0.19888902
      0.19923807
      0.19958825
      0.19993954
      0.20029194
      0.20064543
      0.20100001
      0.20135567
      0.20171239
      0.20207016
      0.20242898
      0.20278882
      0.20314969
      0.20351158
      0.20387446
      0.20423834
      0.20460320
      0.20496903
      0.20533582
      0.20570356
      0.20607224
      0.20644185
      0.20681239
      0.20718383
      0.20755618
      0.20792941
      0.20830353
      0.20867851
      0.20905436
      0.20943105
      0.20980859
      0.21018695
      0.21056614
      0.21094614
      0.21132694
      0.21170853
      0.21209090
      0.21247404
      0.21285794
      0.21324259
      0.21362799
      0.21401411
      0.21440096
      0.21478852
      0.21517679
      0.21556574
      0.21595538
      0.21634570
      0.21673667
      0.21712830
      0.21752058
      0.21791349
      0.21830702
      0.21870117
      0.21909592
      0.21949127
      0.21988721
      0.22028372
      0.22068080
      0.22107844
      0.22147663
      0.22187535
      0.22227460
      0.22267437
      0.22307466
      0.22347544
      0.22387671
      0.22427846
      0.22468068
      0.22508337
      0.22548651
      0.22589009
      0.22629410
      0.22669854
      0.22710339
      0.22750865
      0.22791430
      0.22832034
      0.22872675
      0.22913353
      0.22954067
      0.22994815
      0.23035598
      0.23076413
      0.23117260
      0.23158139
      0.23199047
      0.23239985
      0.23280950
      0.23321943
      0.23362963
      0.23404007
      0.23445076
      0.23486169
      0.23527284
      0.23568420
      0.23609578
      0.23650754
      0.23691950
      0.23733164
      0.23774394
      0.23815641
      0.23856902
      0.23898178
      0.23939466
      0.23980767
      0.24022079
      0.24063401
      0.24104733
      0.24146073
      0.24187421
      0.24228775
      0.24270135
      0.24311500
      0.24352868
      0.24394239
      0.24435612
      0.24476986
      0.24518360
      0.24559733
      0.24601104
      0.24642473
      0.24683837
      0.24725197
      0.24766551
      0.24807899
      0.24849239
      0.24890571
      0.24931894
      0.24973206
      0.25014506
      0.25055795
      0.25097071
      0.25138332
      0.25179578
      0.25220809
      0.25262022
      0.25303218
      0.25344395
      0.25385552
      0.25426689
      0.25467804
      0.25508896
      0.25549965
      0.25591010
      0.25632029
      0.25673022
      0.25713988
      0.25754925
      0.25795834
      0.25836712
      0.25877559
      0.25918375
      0.25959157
      0.25999906
      0.26040620
      0.26081298
      0.26121939
      0.26162543
      0.26203108
      0.26243634
      0.26284119
      0.26324562
      0.26364964
      0.26405322
      0.26445636
      0.26485904
      0.26526127
      0.26566302
      0.26606429
      0.26646507
      0.26686535
      0.26726512
      0.26766437
      0.26806310
      0.26846128
      0.26885892
      0.26925600
      0.26965251
      0.27004845
      0.27044380
      0.27083856
      0.27123270
      0.27162624
      0.27201915
      0.27241142
      0.27280305
      0.27319403
      0.27358434
      0.27397398
      0.27436294
      0.27475120
      0.27513876
      0.27552561
      0.27591174
      0.27629713
      0.27668179
      0.27706569
      0.27744883
      0.27783120
      0.27821279
      0.27859359
      0.27897358
      0.27935277
      0.27973114
      0.28010867
      0.28048537
      0.28086122
      0.28123620
      0.28161032
      0.28198355
      0.28235589
      0.28272734
      0.28309787
      0.28346748
      0.28383617
      0.28420391
      0.28457070
      0.28493653
      0.28530139
      0.28566526
      0.28602815
      0.28639003
      0.28675090
      0.28711075
      0.28746957
      0.28782734
      0.28818406
      0.28853971
      0.28889429
      0.28924779
      0.28960019
      0.28995148
      0.29030166
      0.29065071
      0.29099862
      0.29134539
      0.29169099
      0.29203543
      0.29237868
      0.29272075
      0.29306161
      0.29340126
      0.29373969
      0.29407688
      0.29441282
      0.29474751
      0.29508093
      0.29541308
      0.29574393
      0.29607349
      0.29640173
      0.29672864
      0.29705423
      0.29737847
      0.29770135
      0.29802286
      0.29834299
      0.29866173
      0.29897907
      0.29929499
      0.29960948
      0.29992254
      0.30023415
      0.30054429
      0.30085297
      0.30116015
      0.30146584
      0.30177002
      0.30207268
      0.30237380
      0.30267338
      0.30297140
      0.30326784
      0.30356271
      0.30385597
      0.30414763
      0.30443767
      0.30472607
      0.30501283
      0.30529792
      0.30558135
      0.30586308
      0.30614312
      0.30642145
      0.30669804
      0.30697290
      0.30724601
      0.30751735
      0.30778691
      0.30805467
      0.30832063
      0.30858476
      0.30884706
      0.30910751
      0.30936609
      0.30962279
      0.30987760
      0.31013050
      0.31038148
      0.31063051
      0.31087760
      0.31112271
      0.31136584
      0.31160697
      0.31184608
      0.31208316
      0.31231819
      0.31255116
      0.31278205
      0.31301084
      0.31323752
      0.31346207
      0.31368447
      0.31390470
      0.31412276
      0.31433861
      0.31455225
      0.31476366
      0.31497281
      0.31517969
      0.31538428
      0.31558656
      0.31578651
      0.31598412
      0.31617936
      0.31637221
      0.31656266
      0.31675068
      0.31693626
      0.31711937
      0.31729999
      0.31747810
      0.31765368
      0.31782670
      0.31799716
      0.31816501
      0.31833024
      0.31849283
      0.31865275
      0.31880998
      0.31896450
      0.31911628
      0.31926529
      0.31941151
      0.31955491
      0.31969548
      0.31983317
      0.31996797
      0.32009985
      0.32022878
      0.32035472
      0.32047766
      0.32059757
      0.32071440
      0.32082811
      0.32093858
      0.32104556
      0.32114840
      0.32124575
      0.32133505
      0.32141286
      0.32147914
      0.32155560
      0.32174499
      0.32239357
      0.32448022
      0.33042249
      0.34546286
      0.37945894
      0.44813437
      0.57230902
      0.77549640
      0.00000000
