      0.00000000
      0.00000000
      0.00000000
      0.00000000
      0.00000000
      0.00000000
      0.00000000
      0.00000000
      0.00000000
      0.00000000
      0.00000000
      0.00000000
      0.00000000
      0.00000000
      0.00000000
      0.00000000
      0.00000000
      0.00000000
      0.00000000
      0.00000000
      0.00000000
      0.00000000
      0.00000000
      0.00000000
      0.00000000
      0.00000000
      0.00000000
      0.00000000
      0.00000000
      0.00000000
      0.00000000
      0.00000000
      0.00000000
      0.00000000
      0.00000000
      0.00000000
      0.00000000
      0.00000000
      0.00000000
      0.00000000
      0.00000000
      0.00000000
      0.00000000
      0.00000000
      0.00000000
      0.00000000
      0.00000000
      0.00000000
      0.00000000
      0.00000000
      0.00000000
      0.00000000
      0.00000000
      0.00000000
      0.00000000
      0.00000000
      0.00000000
      0.00000000
      0.00000000
      0.00000000
      0.00000000
      0.00000000
      0.00000000
      0.00000000
      0.00000000
      0.00000000
      0.00000000
      0.00000000
      0.00000000
      0.00000000
      0.00000000
      0.00000000
      0.00000000
      0.00000000
      0.00000000
      0.00000000
      0.00000000
      0.00000000
      0.00000000
      0.00000000
      0.00000000
      0.00000000
      0.00000000
      0.00000000
      0.00000000
      0.00000000
      0.00000000
      0.00000000
      0.00000000
      0.00000000
      0.00000000
      0.00000000
      0.00000000
      0.00000000
      0.00000000
      0.00000000
      0.00000000
      0.00000000
      0.00000000
      0.00000000
      0.00000000
      0.00000000
      0.00000000
      0.00000000
      0.00000000
      0.00000000
      0.00000000
      0.00000000
      0.00000000
      0.00000000
      0.00000000
      0.00000000
      0.00000000
      0.00000000
      0.00000000
      0.00000000
      0.00000000
      0.00000000
      0.00000000
      0.00000000
      0.00000000
      0.00000000
      0.00000000
      0.00000000
      0.00000000
      0.00000000
      0.00000000
      0.00000000
      0.00000000
      0.00000000
      0.00000000
      0.00000000
      0.00000000
      0.00000000
      0.00000000
      0.00000000
      0.00000000
      0.00000000
      0.00000000
      0.00000000
      0.00000000
      0.00000000
      0.00000000
      0.00000000
      0.00000000
      0.00000000
      0.00000001
      0.00000007
      0.00000040
      0.00000194
      0.00000779
      0.00002578
      0.00006959
      0.00015336
      0.00028031
      0.00043865
      0.00061111
      0.00078551
      0.00095689
      0.00112449
      0.00128889
      0.00145075
      0.00161046
      0.00176823
      0.00192416
      0.00207831
      0.00223070
      0.00238135
      0.00253029
      0.00267751
      0.00282303
      0.00296685
      0.00310897
      0.00324940
      0.00338814
      0.00352519
      0.00366055
      0.00379423
      0.00392622
      0.00405652
      0.00418514
      0.00431208
      0.00443733
      0.00456090
      0.00468279
      0.00480299
      0.00492151
      0.00503835
      0.00515351
      0.00526699
      0.00537878
      0.00548889
      0.00559732
      0.00570407
      0.00580914
      0.00591253
      0.00601423
      0.00611425
      0.00621259
      0.00630925
      0.00640423
      0.00649753
      0.00658916
      0.00667910
      0.00676736
      0.00685394
      0.00693882
      0.00702201
      0.00710349
      0.00718331
      0.00726151
      0.00733821
      0.00741349
      0.00748741
      0.00755987
      0.00763061
      0.00769916
      0.00776500
      0.00782786
      0.00788803
      0.00794671
      0.00800608
      0.00806897
      0.00813817
      0.00821552
      0.00830115
      0.00839338
      0.00848911
      0.00858476
      0.00867709
      0.00876380
      0.00884374
      0.00891674
      0.00898335
      0.00904448
      0.00910114
      0.00915426
      0.00920454
      0.00925249
      0.00929836
      0.00934226
      0.00938413
      0.00942385
      0.00946127
      0.00949623
      0.00952857
      0.00955820
      0.00958502
      0.00960900
      0.00963011
      0.00964836
      0.00966376
      0.00967633
      0.00968608
      0.00969303
      0.00969719
      0.00969858
      0.00969719
      0.00969303
      0.00968608
      0.00967633
      0.00966376
      0.00964836
      0.00963011
      0.00960900
      0.00958502
      0.00955820
      0.00952857
      0.00949623
      0.00946127
      0.00942385
      0.00938413
      0.00934226
      0.00929836
      0.00925249
      0.00920454
      0.00915426
      0.00910114
      0.00904448
      0.00898335
      0.00891674
      0.00884374
      0.00876380
      0.00867709
      0.00858476
      0.00848911
      0.00839338
      0.00830115
      0.00821552
      0.00813817
      0.00806897
      0.00800608
      0.00794671
      0.00788803
      0.00782786
      0.00776500
      0.00769916
      0.00763061
      0.00755987
      0.00748741
      0.00741349
      0.00733821
      0.00726151
      0.00718331
      0.00710349
      0.00702201
      0.00693882
      0.00685394
      0.00676736
      0.00667910
      0.00658916
      0.00649753
      0.00640423
      0.00630925
      0.00621259
      0.00611425
      0.00601423
      0.00591253
      0.00580914
      0.00570407
      0.00559732
      0.00548889
      0.00537878
      0.00526699
      0.00515351
      0.00503835
      0.00492151
      0.00480299
      0.00468279
      0.00456090
      0.00443733
      0.00431208
      0.00418514
      0.00405652
      0.00392622
      0.00379423
      0.00366055
      0.00352519
      0.00338814
      0.00324940
      0.00310897
      0.00296685
      0.00282303
      0.00267751
      0.00253029
      0.00238135
      0.00223070
      0.00207831
      0.00192416
      0.00176823
      0.00161046
      0.00145075
      0.00128889
      0.00112449
      0.00095689
      0.00078551
      0.00061111
      0.00043865
      0.00028031
      0.00015336
      0.00006959
      0.00002578
      0.00000779
      0.00000194
      0.00000040
      0.00000007
      0.00000001
      0.00000000
      0.00000000
      0.00000000
      0.00000000
      0.00000000
      0.00000000
      0.00000000
      0.00000000
      0.00000000
      0.00000000
      0.00000000
      0.00000000
      0.00000000
      0.00000000
      0.00000000
      0.00000000
      0.00000000
      0.00000000
      0.00000000
      0.00000000
      0.00000000
      0.00000000
      0.00000000
      0.00000000
      0.00000000
      0.00000000
      0.00000000
      0.00000000
      0.00000000
      0.00000000
      0.00000000
      0.00000000
      0.00000000
      0.00000000
      0.00000000
      0.00000000
      0.00000000
      0.00000000
      0.00000000
      0.00000000
      0.00000000
      0.00000000
      0.00000000
      0.00000000
      0.00000000
      0.00000000
      0.00000000
      0.00000000
      0.00000000
      0.00000000
      0.00000000
      0.00000000
      0.00000000
      0.00000000
      0.00000000
      0.00000000
      0.00000000
      0.00000000
      0.00000000
      0.00000000
      0.00000000
      0.00000000
      0.00000000
      0.00000000
      0.00000000
      0.00000000
      0.00000000
      0.00000000
      0.00000000
      0.00000000
      0.00000000
      0.00000000
      0.00000000
      0.00000000
      0.00000000
      0.00000000
      0.00000000
      0.00000000
      0.00000000
      0.00000000
      0.00000000
      0.00000000
      0.00000000
      0.00000000
      0.00000000
      0.00000000
      0.00000000
      0.00000000
      0.00000000
      0.00000000
      0.00000000
      0.00000000
      0.00000000
      0.00000000
      0.00000000
      0.00000000
      0.00000000
      0.00000000
      0.00000000
      0.00000000
      0.00000000
      0.00000000
      0.00000000
      0.00000000
      0.00000000
      0.00000000
      0.00000000
      0.00000000
      0.00000000
      0.00000000
      0.00000000
      0.00000000
      0.00000000
      0.00000000
      0.00000000
      0.00000000
      0.00000000
      0.00000000
      0.00000000
      0.00000000
      0.00000000
      0.00000000
      0.00000000
      0.00000000
      0.00000000
      0.00000000
      0.00000000
      0.00000000
      0.00000000
      0.00000000
      0.00000000
      0.00000000
      0.00000000
      0.00000000
      0.00000000
      0.00000000
      0.00000000
      0.00000000
      0.00000000
      0.00000000
      0.00000000
      0.00000000
      0.00000000
      0.00000000
      0.00000000
      0.00000000
