      0.00000000
      0.79412520
      0.43422228
      0.05613567
     -0.34865579
     -0.77298586
     -1.19497459
     -1.59426034
     -1.96651623
     -2.32226902
     -2.67887387
     -3.05373061
      2.82613280
      2.40027328
      1.97475295
      1.57256410
      1.19975170
      0.84587988
      0.49277767
      0.12164994
     -0.27969463
     -0.70693150
     -1.13634463
     -1.54196845
     -1.91565526
     -2.26763381
     -2.61690758
     -2.98372242
      2.90073993
      2.47238892
      2.03869878
      1.62898688
      1.25400217
      0.90388671
      0.55879188
      0.19697373
     -0.19830627
     -0.62734235
     -1.06569975
     -1.48030924
     -1.85716446
     -2.20551583
     -2.54606312
     -2.90208447
      2.99031474
      2.56127096
      2.11788737
      1.69736955
      1.31785691
      0.97105914
      0.63543083
      0.28613780
     -0.09880791
     -0.52681032
     -0.97547068
     -1.40316280
     -1.78643300
     -2.13206892
     -2.46243526
     -2.80392834
      3.10187231
      2.67651453
      2.22258784
      1.78614488
      1.39755166
      1.05238834
      0.72753830
      0.39504911
      0.02740462
     -0.39288915
     -0.85151492
     -1.29862376
     -1.69480651
     -2.04068199
     -2.35996373
     -2.68215658
     -3.03735403
      2.83419064
      2.37254974
      1.91260895
      1.50550543
      1.15688960
      0.84281150
      0.53217930
      0.19267081
     -0.20513998
     -0.66597706
     -1.14071334
     -1.56367072
     -1.91853402
     -2.22860323
     -2.52669889
     -2.84688938
      3.05942009
      2.60703967
      2.11724388
      1.67124488
      1.30393388
      0.99501175
      0.70959206
      0.41226677
      0.06523957
     -0.36491599
     -0.86415320
     -1.34267188
     -1.73372708
     -2.04786799
     -2.32248235
     -2.59454250
     -2.90230469
      2.99412096
      2.50651758
      1.98845653
      1.55276224
      1.21899409
      0.94852073
      0.70079225
      0.43888161
      0.11971660
     -0.30740352
     -0.84296878
     -1.35653101
     -1.74516824
     -2.03117389
     -2.26385091
     -2.48188147
     -2.72057423
     -3.02638830
      2.81983472
      2.24774178
      1.71973481
      1.35143386
      1.09792557
      0.90255425
      0.72918721
      0.55012283
      0.33155623
      0.01376096
     -0.49511682
     -1.13715975
     -1.61954431
     -1.90578478
     -2.08523969
     -2.21038498
     -2.30567823
     -2.38315610
     -2.44930017
     -2.50789661
     -2.56129027
     -2.61094266
     -2.65763832
     -2.70149919
     -2.74196795
     -2.77797558
     -2.80839382
     -2.83257843
     -2.85069145
     -2.86362979
     -2.87264548
     -2.87894060
     -2.88344614
     -2.88679190
     -2.88937275
     -2.89142979
     -2.89311231
     -2.89451629
     -2.89570640
     -2.89672811
     -2.89761454
     -2.89839049
     -2.89907493
     -2.89968265
     -2.90022536
     -2.90071248
     -2.90115164
     -2.90154911
     -2.90191008
     -2.90223892
     -2.90253927
     -2.90281426
     -2.90306653
     -2.90329839
     -2.90351180
     -2.90370849
     -2.90388997
     -2.90405754
     -2.90421237
     -2.90435550
     -2.90448784
     -2.90461020
     -2.90472332
     -2.90482786
     -2.90492440
     -2.90501349
     -2.90509561
     -2.90517121
     -2.90524068
     -2.90530437
     -2.90536258
     -2.90541556
     -2.90546353
     -2.90550681
     -2.90554585
     -2.90558130
     -2.90561387
     -2.90564387
     -2.90567047
     -2.90569075
     -2.90569935
     -2.90568942
     -2.90565581
     -2.90560052
     -2.90553863
     -2.90550099
     -2.90552889
     -2.90565678
     -2.90588398
     -2.90614331
     -2.90628140
     -2.90606831
     -2.90524853
     -2.90362997
     -2.90118413
     -2.89811050
     -2.89481956
     -2.89182372
     -2.88957967
     -2.88835666
     -2.88818675
     -2.88890178
     -2.89022014
     -2.89183807
     -2.89349585
     -2.89501059
     -2.89628111
     -2.89727541
     -2.89801088
     -2.89853391
     -2.89890288
     -2.89917574
     -2.89940227
     -2.89962034
     -2.89985505
     -2.90011993
     -2.90041926
     -2.90075085
     -2.90110867
     -2.90148509
     -2.90187256
     -2.90226460
     -2.90265635
     -2.90304466
     -2.90342793
     -2.90380585
     -2.90417902
     -2.90454873
     -2.90491660
     -2.90528448
     -2.90565418
     -2.90602735
     -2.90640527
     -2.90678854
     -2.90717685
     -2.90756860
     -2.90796065
     -2.90834811
     -2.90872453
     -2.90908235
     -2.90941394
     -2.90971327
     -2.90997815
     -2.91021286
     -2.91043093
     -2.91065747
     -2.91093032
     -2.91129929
     -2.91182232
     -2.91255779
     -2.91355209
     -2.91482261
     -2.91633735
     -2.91799513
     -2.91961306
     -2.92093142
     -2.92164645
     -2.92147654
     -2.92025353
     -2.91800948
     -2.91501365
     -2.91172270
     -2.90864907
     -2.90620323
     -2.90458467
     -2.90376489
     -2.90355180
     -2.90368989
     -2.90394922
     -2.90417642
     -2.90430431
     -2.90433221
     -2.90429457
     -2.90423268
     -2.90417739
     -2.90414379
     -2.90413385
     -2.90414245
     -2.90416273
     -2.90418933
     -2.90421933
     -2.90425190
     -2.90428735
     -2.90432639
     -2.90436967
     -2.90441765
     -2.90447062
     -2.90452883
     -2.90459252
     -2.90466199
     -2.90473759
     -2.90481971
     -2.90490880
     -2.90500534
     -2.90510988
     -2.90522300
     -2.90534536
     -2.90547770
     -2.90562083
     -2.90577566
     -2.90594324
     -2.90612471
     -2.90632140
     -2.90653481
     -2.90676667
     -2.90701895
     -2.90729393
     -2.90759429
     -2.90792312
     -2.90828409
     -2.90868156
     -2.90912072
     -2.90960784
     -2.91015055
     -2.91075827
     -2.91144271
     -2.91221866
     -2.91310509
     -2.91412680
     -2.91531691
     -2.91672089
     -2.91840341
     -2.92046045
     -2.92304130
     -2.92638706
     -2.93089260
     -2.93718772
     -2.94620341
     -2.95914175
     -2.97725477
     -3.00143939
     -3.03185762
     -3.06786525
     -3.10833401
      3.13099043
      3.08429476
      3.03464237
      2.98124871
      2.92265228
      2.85650821
      2.77903033
      2.68373708
      2.55859179
      2.37913689
      2.09289641
      1.61051186
      0.96846893
      0.45959115
      0.14179588
     -0.07677072
     -0.25583511
     -0.42920215
     -0.62457347
     -0.87808176
     -1.24638270
     -1.77438967
     -2.34648261
     -2.78344490
     -3.08925897
      2.95523357
      2.73720302
      2.50452600
      2.21852034
      1.82988312
      1.31632088
      0.78075563
      0.35363551
      0.03447050
     -0.22744014
     -0.47516862
     -0.74564199
     -1.07941013
     -1.51510442
     -2.03316548
     -2.52076886
     -2.90752851
      3.06789461
      2.79583445
      2.52122009
      2.20707918
      1.81602399
      1.33750531
      0.83826810
      0.40811253
      0.06108534
     -0.23623996
     -0.52165965
     -0.83058177
     -1.19789277
     -1.64389177
     -2.13368756
     -2.58606799
     -2.96294382
      3.00005100
      2.70195534
      2.39188613
      2.03702283
      1.61406545
      1.13932917
      0.67849209
      0.28068130
     -0.05882719
     -0.36945939
     -0.68353749
     -1.03215332
     -1.43925684
     -1.89919763
     -2.36083853
     -2.77247917
     -3.12767662
      2.83331584
      2.51403410
      2.16815861
      1.77197587
      1.32486703
      0.86624125
      0.44594748
      0.07830300
     -0.25418619
     -0.57903623
     -0.92419956
     -1.31279278
     -1.74923573
     -2.20316243
     -2.62852021
     -3.00590486
      2.93578736
      2.60542103
      2.25978510
      1.87651490
      1.44882279
      1.00016243
      0.57216002
      0.18721431
     -0.16207873
     -0.49770704
     -0.84450481
     -1.22401745
     -1.64453526
     -2.08791886
     -2.51696264
     -2.90774873
      3.01941522
      2.67886794
      2.33051657
      1.95366135
      1.53905186
      1.10069445
      0.67165838
      0.27637838
     -0.08543977
     -0.43053460
     -0.78065006
     -1.15563477
     -1.56534668
     -1.99903681
     -2.42738782
     -2.82611078
      3.09025968
      2.74098592
      2.38900737
      2.01532055
      1.60969673
      1.18028360
      0.75304674
      0.35170217
     -0.01942556
     -0.37252777
     -0.72639959
     -1.09921199
     -1.50140085
     -1.92692117
     -2.35278070
     -2.75610260
     -3.13095934
      2.79562113
      2.43986833
      2.06761244
      1.66832670
      1.24633797
      0.82200789
      0.41721644
      0.03912983
     -0.32077309
      0.00000000
