             NaN
      2.81105508
     -3.11222641
     -2.73413935
     -2.32934818
     -1.90501901
     -1.48303112
     -1.08374553
     -0.71148906
     -0.35573528
      0.00087055
      0.37572783
      0.77904949
      1.20490807
      1.63042745
      2.03261606
      2.40542904
      2.75930190
      3.11240517
     -2.79965176
     -2.39830736
     -1.97107148
     -1.54165942
     -1.13603593
     -0.76234856
     -0.41036892
     -0.06109399
      0.30572161
      0.70444449
      1.13279450
      1.56648343
      1.97619489
      2.35118013
      2.70129672
      3.04639281
     -2.87497345
     -2.47969342
     -2.05065836
     -1.61230230
     -1.19769340
     -0.82083769
     -0.47248514
     -0.13193649
      0.22408591
      0.61487217
      1.04391495
      1.48729704
      1.90781409
      2.28732716
      2.63412616
      2.96975595
     -2.96413512
     -2.57918907
     -2.15118761
     -1.70252892
     -1.27483778
     -0.89156725
     -0.54593006
     -0.21556213
      0.12593234
      0.50331756
      0.92867450
      1.38259935
      1.81904105
      2.20763448
      2.55279909
      2.87765084
     -3.07304369
     -2.70539837
     -2.28510526
     -1.82648147
     -1.37937424
     -0.98319148
     -0.63731472
     -0.31803114
      0.00416351
      0.35936211
      0.77100239
      1.23264122
      1.69257997
      2.09968320
      2.44830026
      2.76238030
      3.07301453
     -2.87066077
     -2.47284989
     -2.01201482
     -1.53728110
     -1.11432448
     -0.75946007
     -0.44938884
     -0.15129093
      0.16890148
      0.54577801
      0.99815680
      1.48794947
      1.93394696
      2.30125880
      2.61018299
      2.89560513
     -3.09025255
     -2.74322391
     -2.31306916
     -1.81383539
     -1.33531938
     -0.94426394
     -0.63012103
     -0.35550406
     -0.08344122
      0.22432322
      0.61108344
      1.09868394
      1.61674076
      2.05243396
      2.38620377
      2.65667982
      2.90441124
     -3.11686052
     -2.79769336
     -2.37057378
     -1.83501341
     -1.32145518
     -0.93281757
     -0.64680939
     -0.41412928
     -0.19609551
      0.04260046
      0.34841708
      0.78537864
      1.35746505
      1.88546744
      2.25376937
      2.50728063
      2.70265525
      2.87602565
      3.05509352
     -3.00952161
     -2.69172370
     -2.18284915
     -1.54081642
     -1.05843446
     -0.77219129
     -0.59273299
     -0.46758454
     -0.37228838
     -0.29480775
     -0.22866099
     -0.17006186
     -0.11666543
     -0.06701012
     -0.02031129
      0.02355309
      0.06402586
      0.10003822
      0.13046218
      0.15465380
      0.17277542
      0.18572422
      0.19475244
      0.20106227
      0.20558477
      0.20894981
      0.21155222
      0.21363317
      0.21534190
      0.21677442
      0.21799539
      0.21905028
      0.21997221
      0.22078596
      0.22151050
      0.22216062
      0.22274803
      0.22328212
      0.22377052
      0.22421949
      0.22463423
      0.22501906
      0.22537764
      0.22571307
      0.22602800
      0.22632469
      0.22660512
      0.22687098
      0.22712377
      0.22736479
      0.22759517
      0.22781595
      0.22802801
      0.22823215
      0.22842908
      0.22861945
      0.22880382
      0.22898270
      0.22915657
      0.22932585
      0.22949091
      0.22965207
      0.22980960
      0.22996373
      0.23011467
      0.23026270
      0.23040824
      0.23055192
      0.23069442
      0.23083603
      0.23097587
      0.23111102
      0.23123607
      0.23134415
      0.23143008
      0.23149584
      0.23155642
      0.23164266
      0.23179578
      0.23205017
      0.23240517
      0.23279361
      0.23306218
      0.23298101
      0.23229465
      0.23081092
      0.22850111
      0.22556428
      0.22241035
      0.21955112
      0.21744274
      0.21635413
      0.21631727
      0.21716409
      0.21861322
      0.22036116
      0.22214847
      0.22379249
      0.22519218
      0.22631568
      0.22718042
      0.22783282
      0.22833124
      0.22873362
      0.22908972
      0.22943738
      0.22980167
      0.23019612
      0.23062501
      0.23108612
      0.23157344
      0.23207934
      0.23259628
      0.23311778
      0.23363899
      0.23415676
      0.23466950
      0.23517688
      0.23567953
      0.23617870
      0.23667605
      0.23717340
      0.23767258
      0.23817522
      0.23868261
      0.23919534
      0.23971311
      0.24023432
      0.24075583
      0.24127276
      0.24177867
      0.24226598
      0.24272710
      0.24315598
      0.24355043
      0.24391473
      0.24426239
      0.24461849
      0.24502086
      0.24551929
      0.24617169
      0.24703643
      0.24815993
      0.24955962
      0.25120364
      0.25299094
      0.25473888
      0.25618801
      0.25703484
      0.25699798
      0.25590937
      0.25380099
      0.25094176
      0.24778783
      0.24485100
      0.24254118
      0.24105746
      0.24037110
      0.24028993
      0.24055849
      0.24094693
      0.24130193
      0.24155633
      0.24170944
      0.24179568
      0.24185627
      0.24192202
      0.24200796
      0.24211603
      0.24224109
      0.24237624
      0.24251608
      0.24265769
      0.24280018
      0.24294387
      0.24308941
      0.24323744
      0.24338838
      0.24354251
      0.24370004
      0.24386120
      0.24402626
      0.24419553
      0.24436940
      0.24454829
      0.24473266
      0.24492302
      0.24511996
      0.24532410
      0.24553616
      0.24575693
      0.24598732
      0.24622834
      0.24648112
      0.24674699
      0.24702741
      0.24732411
      0.24763903
      0.24797446
      0.24833305
      0.24871788
      0.24913261
      0.24958159
      0.25006999
      0.25060408
      0.25119149
      0.25184161
      0.25256615
      0.25337990
      0.25430183
      0.25535672
      0.25657769
      0.25801021
      0.25971894
      0.26179988
      0.26440230
      0.26776733
      0.27228984
      0.27859967
      0.28762788
      0.30057669
      0.31869831
      0.34288993
      0.37331388
      0.40932625
      0.44979902
      0.49366340
      0.54036222
      0.59001754
      0.64341397
      0.70201310
      0.76815985
      0.84564048
      0.94093664
      1.06608510
      1.24554339
      1.53178656
      2.01416852
      2.65620126
     -3.11810950
     -2.80031159
     -2.58174141
     -2.40267354
     -2.22930314
     -2.03392853
     -1.78041727
     -1.41211533
     -0.88411295
     -0.31202653
      0.12493503
      0.43075164
      0.66944761
      0.88748139
      1.12016149
      1.40616967
      1.79480729
      2.30836551
      2.84392589
     -3.01213985
     -2.69297268
     -2.43105914
     -2.18332771
     -1.91285166
     -1.57908186
     -1.14338865
     -0.62533183
     -0.13773133
      0.24902889
      0.55679332
      0.82885617
      1.10347314
      1.41761605
      1.80867148
      2.28718750
      2.78642127
     -3.06660929
     -2.71958065
     -2.42225302
     -2.13683088
     -1.82790669
     -1.46059485
     -1.01459736
     -0.52480469
     -0.07242591
      0.30445063
      0.62464304
      0.92274094
      1.23281217
      1.58767659
      2.01063320
      2.48536692
      2.94620200
     -2.93917243
     -2.59966243
     -2.28902819
     -1.97494816
     -1.62633109
     -1.21922786
     -0.75928912
     -0.29765028
      0.11399000
      0.46918860
      0.79138325
      1.11066682
      1.45654359
      1.85272634
      2.29983358
      2.75845737
     -3.10443483
     -2.73678951
     -2.40429873
     -2.07944698
     -1.73428237
     -1.34568895
     -0.90924724
     -0.45532239
     -0.02996545
      0.34741976
      0.68891424
      1.01928216
      1.36491935
      1.74818989
      2.17588103
      2.62453971
      3.05254117
     -2.84569808
     -2.49640384
     -2.16077405
     -1.81397505
     -1.43446199
     -1.01394493
     -0.57056284
     -0.14152006
      0.24926620
      0.60528860
      0.94583724
      1.29418980
      1.67104551
      2.08565441
      2.52401047
      2.95304553
     -2.93485976
     -2.57304070
     -2.22794462
     -1.87782802
     -1.50284278
     -1.09313132
     -0.65944239
     -0.23109239
      0.16763049
      0.53444610
      0.88372102
      1.23570066
      1.60938803
      2.01501152
      2.44442358
      2.87165947
     -3.01018144
     -2.63905307
     -2.28594979
     -1.93207693
     -1.55926396
     -1.15707534
     -0.73155596
     -0.30569738
      0.09762428
      0.47248156
      0.82908739
      1.18484117
      1.55709764
      1.95638323
      2.37837111
      2.80270029
     -3.07569385
     -2.69760679
     -2.33770297
      0.00000000
