      0.00000000
     -2.74786833
     -3.13849333
      2.75406697
      2.36344197
      1.97281697
      1.58219197
      1.19156697
      0.80094197
      0.41031697
      0.01969197
     -0.37093303
     -0.76155803
     -1.15218303
     -1.54280803
     -1.93343303
     -2.32405803
     -2.71468303
     -3.10530803
      2.78725228
      2.39662728
      2.00600228
      1.61537728
      1.22475228
      0.83412728
      0.44350228
      0.05287728
     -0.33774772
     -0.72837272
     -1.11899772
     -1.50962272
     -1.90024772
     -2.29087272
     -2.68149772
     -3.07212272
      2.82043759
      2.42981259
      2.03918759
      1.64856259
      1.25793759
      0.86731259
      0.47668759
      0.08606259
     -0.30456241
     -0.69518741
     -1.08581241
     -1.47643741
     -1.86706241
     -2.25768741
     -2.64831241
     -3.03893741
      2.85362290
      2.46299790
      2.07237290
      1.68174790
      1.29112290
      0.90049790
      0.50987290
      0.11924790
     -0.27137710
     -0.66200210
     -1.05262710
     -1.44325210
     -1.83387710
     -2.22450210
     -2.61512710
     -3.00575210
      2.88680820
      2.49618320
      2.10555820
      1.71493320
      1.32430820
      0.93368320
      0.54305820
      0.15243320
     -0.23819180
     -0.62881680
     -1.01944180
     -1.41006680
     -1.80069180
     -2.19131680
     -2.58194180
     -2.97256680
      2.91999351
      2.52936851
      2.13874351
      1.74811851
      1.35749351
      0.96686851
      0.57624351
      0.18561851
     -0.20500649
     -0.59563149
     -0.98625649
     -1.37688149
     -1.76750649
     -2.15813149
     -2.54875649
     -2.93938149
      2.95317882
      2.56255382
      2.17192882
      1.78130382
      1.39067882
      1.00005382
      0.60942883
      0.21880383
     -0.17182117
     -0.56244617
     -0.95307116
     -1.34369616
     -1.73432116
     -2.12494616
     -2.51557117
     -2.90619618
      2.98636411
      2.59573909
      2.20511405
      1.81448901
      1.42386395
      1.03323889
      0.64261382
      0.25198874
     -0.13863635
     -0.52926143
     -0.91988651
     -1.31051158
     -1.70113662
     -2.09176163
     -2.48238659
     -2.87301150
      3.01954897
      2.62892423
      2.23829959
      1.84767508
      1.45705072
      1.06642653
      0.67580254
      0.28517878
     -0.10544473
     -0.49606794
     -0.88669082
     -1.27731334
     -1.66793545
     -2.05855711
     -2.44917829
     -2.83979895
      3.05276618
      2.66214695
      2.27153509
      1.88096458
      1.49051348
      1.10011829
      0.70890385
      0.31476006
     -0.08363918
     -0.48272370
     -0.87371160
     -1.24939138
     -1.61142728
     -1.97156864
     -2.34764920
     -2.75515190
      3.09083671
      2.65258539
      2.24855021
      1.89033649
      1.56451186
      1.24555124
      0.90258041
      0.50451439
      0.04202947
     -0.43765602
     -0.86290976
     -1.21257801
     -1.50972221
     -1.78809549
     -2.08358203
     -2.43775748
     -2.88825503
      2.87427356
      2.39797206
      2.02878966
      1.74219224
      1.49634721
      1.25454982
      0.97826769
      0.61627433
      0.12187020
     -0.43799372
     -0.89736424
     -1.22227596
     -1.46449464
     -1.66971204
     -1.87136532
     -2.10365797
     -2.41761738
     -2.88507103
      2.79844442
      2.28828600
      1.95115618
      1.72172204
      1.54425686
      1.38612771
      1.22317006
      1.02679877
      0.74691130
      0.29422870
     -0.34404448
     -0.88715647
     -1.21810478
     -1.42517209
     -1.57263296
     -1.69178424
     -1.79974357
     -1.90917607
     -2.03443163
     -2.19973128
     -2.45792979
     -2.92306393
      2.66033900
      2.11263193
      1.81717031
      1.64863121
      1.53970252
      1.46228014
      1.40362467
      1.35735198
      1.32000295
      1.28958181
      1.26485321
      1.24496931
      1.22926242
      1.21713339
      1.20800100
      1.20129146
      1.19645161
      1.19297282
      1.19041456
      1.18842070
      1.18672501
      1.18514634
      1.18357622
      1.18196232
      1.18029137
      1.17857373
      1.17683118
      1.17508814
      1.17336616
      1.17168110
      1.17004226
      1.16845277
      1.16691061
      1.16540989
      1.16394206
      1.16249692
      1.16106332
      1.15962972
      1.15818458
      1.15671675
      1.15521603
      1.15367387
      1.15208438
      1.15044554
      1.14876048
      1.14703850
      1.14529546
      1.14355291
      1.14183527
      1.14016432
      1.13855042
      1.13698030
      1.13540163
      1.13370594
      1.13171208
      1.12915383
      1.12567503
      1.12083518
      1.11412564
      1.10499325
      1.09286422
      1.07715733
      1.05727343
      1.03254483
      1.00212369
      0.96477466
      0.91850197
      0.85984650
      0.78242412
      0.67349543
      0.50495633
      0.20949471
     -0.33821236
     -1.03799474
     -1.50312887
     -1.76132738
     -1.92662703
     -2.05188259
     -2.16131510
     -2.26927443
     -2.38842571
     -2.53588657
     -2.74295389
     -3.07390219
      2.66617112
      2.02789794
      1.57521534
      1.29532787
      1.09895658
      0.93599893
      0.77786978
      0.60040460
      0.37097046
      0.03384064
     -0.47631778
     -1.07598764
     -1.54344129
     -1.85740070
     -2.08969335
     -2.29134663
     -2.49656403
     -2.73878271
     -3.06369442
      2.76012036
      2.20025644
      1.70585231
      1.34385895
      1.06757682
      0.82577943
      0.57993440
      0.29333698
     -0.07584542
     -0.55214692
     -1.07280363
     -1.52330119
     -1.87747664
     -2.17296318
     -2.45133646
     -2.74848066
     -3.09814890
      2.75978266
      2.28009717
      1.81761225
      1.41954623
      1.07657540
      0.75761478
      0.43179015
      0.07357643
     -0.33045875
     -0.76871007
     -1.20590676
     -1.61340947
     -1.98949003
     -2.34963138
     -2.71166729
     -3.08734707
      2.80485034
      2.40576582
      2.00736658
      1.61322279
      1.22200835
      0.83161316
      0.44116206
      0.05059155
     -0.34002031
     -0.73063954
     -1.12125971
     -1.51188038
     -1.90250155
     -2.29312322
     -2.68374533
     -3.07436785
      2.81819458
      2.42757137
      2.03694786
      1.64632410
      1.25570011
      0.86507592
      0.47445156
      0.08382705
     -0.30679759
     -0.69742233
     -1.08804717
     -1.47867208
     -1.86929704
     -2.25992205
     -2.65054709
     -3.04117216
      2.85138807
      2.46076299
      2.07013790
      1.67951282
      1.28888775
      0.89826269
      0.50763763
      0.11701259
     -0.27361245
     -0.66423747
     -1.05486249
     -1.44548750
     -1.83611250
     -2.22673751
     -2.61736251
     -3.00798750
      2.88457281
      2.49394781
      2.10332281
      1.71269781
      1.32207282
      0.93144782
      0.54082282
      0.15019782
     -0.24042718
     -0.63105218
     -1.02167718
     -1.41230218
     -1.80292718
     -2.19355218
     -2.58417718
     -2.97480218
      2.91775813
      2.52713313
      2.13650813
      1.74588313
      1.35525813
      0.96463313
      0.57400813
      0.18338313
     -0.20724187
     -0.59786687
     -0.98849187
     -1.37911687
     -1.76974187
     -2.16036687
     -2.55099187
     -2.94161687
      2.95094344
      2.56031844
      2.16969344
      1.77906844
      1.38844344
      0.99781844
      0.60719344
      0.21656844
     -0.17405656
     -0.56468156
     -0.95530656
     -1.34593156
     -1.73655656
     -2.12718156
     -2.51780656
     -2.90843156
      2.98412875
      2.59350375
      2.20287875
      1.81225375
      1.42162875
      1.03100375
      0.64037875
      0.24975375
     -0.14087125
     -0.53149625
     -0.92212125
     -1.31274625
     -1.70337125
     -2.09399625
     -2.48462125
     -2.87524625
      3.01731405
      2.62668905
      2.23606405
      1.84543905
      1.45481405
      1.06418905
      0.67356405
      0.28293905
     -0.10768595
     -0.49831095
     -0.88893595
     -1.27956095
     -1.67018595
     -2.06081095
     -2.45143595
     -2.84206095
      3.05049936
      2.65987436
      2.26924936
      1.87862436
      1.48799936
      1.09737436
      0.70674936
      0.31612436
     -0.07450064
     -0.46512564
     -0.85575064
     -1.24637564
     -1.63700064
     -2.02762564
     -2.41825064
     -2.80887564
      3.08368467
      2.69305967
      2.30243467
      1.91180967
      1.52118467
      1.13055967
      0.73993467
      0.34930967
     -0.04131533
     -0.43194033
     -0.82256533
     -1.21319033
      0.00000000
