      0.00000000
     -2.30577377
     -2.69639878
     -3.08702381
      2.80553646
      2.41491141
      2.02428635
      1.63366127
      1.24303617
      0.85241105
      0.46178591
      0.07116075
     -0.31946444
     -0.71008964
     -1.10071488
     -1.49134015
     -1.88196545
     -2.27259081
     -2.66321646
     -3.05384393
      2.83871704
      2.44830666
      2.05988328
      1.67893167
      1.31122215
      0.95740980
      0.61245929
      0.26738528
     -0.08817117
     -0.46074551
     -0.84732880
     -1.23677562
     -1.61752684
     -1.98376280
     -2.33719358
     -2.68559410
     -3.04007824
      2.87274162
      2.48509375
      2.08947186
      1.69909298
      1.32311828
      0.96291680
      0.61251116
      0.26109668
     -0.10321253
     -0.48650178
     -0.88310619
     -1.27951362
     -1.66361343
     -2.03054467
     -2.38374158
     -2.73281930
     -3.09041135
      2.81666881
      2.42273668
      2.02301389
      1.63179839
      1.25756413
      0.90003480
      0.55146764
      0.19956793
     -0.16820287
     -0.55652915
     -0.95684436
     -1.35389984
     -1.73582630
     -2.09926692
     -2.44945689
     -2.79755398
      3.12600864
      2.74549259
      2.34749075
      1.94643880
      1.55697920
      1.18634581
      0.83243693
      0.48587047
      0.13314641
     -0.23835111
     -0.63114770
     -1.03376428
     -1.42989183
     -1.80850131
     -2.16800826
     -2.51540423
     -2.86320594
      3.05753814
      2.67242905
      2.27112885
      1.86994421
      1.48321973
      1.11658922
      0.76609287
      0.42084963
      0.06639517
     -0.30940412
     -0.70633352
     -1.11027039
     -1.50450451
     -1.87929333
     -2.23494848
     -2.58011392
     -2.92848794
      2.98865685
      2.59891470
      2.19508499
      1.79473088
      1.41137622
      1.04883174
      0.70133015
      0.35664261
     -0.00040035
     -0.38086819
     -0.78142241
     -1.18575615
     -1.57734523
     -1.94805415
     -2.30011624
     -2.64369489
     -2.99348648
      2.91944912
      2.52526896
      2.11973311
      1.72104272
      1.34148910
      0.98294093
      0.63792391
      0.29301486
     -0.06736677
     -0.45263822
     -0.85616976
     -1.26003416
     -1.64839201
     -2.01493309
     -2.36376957
     -2.70644081
     -3.05844339
      2.84985950
      2.45163330
      2.04522983
      1.64891389
      1.27342909
      0.91866363
      0.57556407
      0.22966714
     -0.13467848
     -0.52467456
     -0.93044848
     -1.33305078
     -1.71773759
     -2.08015769
     -2.42621243
     -2.76867314
     -3.12361315
      2.77982220
      2.37809281
      1.97164227
      1.57829191
      1.20700577
      0.85571546
      0.51392830
      0.16630093
     -0.20249595
     -0.59694889
     -1.00418602
     -1.40481784
     -1.78552588
     -2.14398081
     -2.48775389
     -2.83070692
      3.09395628
      2.70929013
      2.30470821
      1.89898991
      1.50908017
      1.14200423
      0.79380812
      0.45270209
      0.10263739
     -0.27094852
     -0.66943140
     -1.07734193
     -1.47538571
     -1.85192695
     -2.20666202
     -2.54869617
     -2.89284095
      3.02769319
      2.63824041
      2.23152655
      1.82726257
      1.44115663
      1.07820003
      0.73265835
      0.39158412
      0.03842390
     -0.34013054
     -0.74208919
     -1.14989807
     -1.54483066
     -1.91712584
     -2.26846084
     -2.60933226
     -2.95535526
      2.96061693
      2.56667119
      2.15858367
      1.75642767
      1.37438152
      1.01536436
      0.67198913
      0.33028620
     -0.02656368
     -0.41010312
     -0.81488791
     -1.22185390
     -1.61324831
     -1.98131721
     -2.32963499
     -2.66994688
     -3.01851095
      2.89259600
      2.49459526
      2.08590345
      1.68643274
      1.30860023
      0.95326472
      0.61152752
      0.26853137
     -0.09252078
     -0.48089918
     -0.88779488
     -1.29322500
     -1.68075095
     -2.04470366
     -2.39044142
     -2.73081893
     -3.08255032
      2.82353115
      2.42203372
      2.01349649
      1.61720618
      1.24364418
      0.89166388
      0.55100146
      0.20605193
     -0.15961465
     -0.55253058
     -0.96078327
     -1.36404359
     -1.74746270
     -2.10745296
     -2.45081181
     -2.79025414
     -3.13888772
      2.78050483
      2.41160975
      2.05652594
      1.71498890
      1.37387023
      1.01924113
      0.64214188
      0.24309341
     -0.16578328
     -0.56457694
     -0.93755997
     -1.28655664
     -1.62670933
     -1.97444071
     -2.34176203
     -2.73260458
     -3.13955502
      2.73820724
      2.35370739
      1.99622642
      1.65451242
      1.31162826
      0.95335183
      0.57195912
      0.17000577
     -0.23853529
     -0.63342205
     -1.00144761
     -1.34767844
     -1.68817788
     -2.03880312
     -2.41037134
     -2.80493152
      3.07018895
      2.66737730
      2.28787251
      1.93428582
      1.59343496
      1.24854805
      0.88636501
      0.50078099
      0.09646141
     -0.31096647
     -0.70144182
     -1.06474544
     -1.40885036
     -1.75031167
     -2.10425238
     -2.48014442
     -2.87804650
      2.99668689
      2.59718325
      2.22273567
      1.87249090
      1.53184306
      1.18443621
      0.81811337
      0.42853502
      0.02246973
     -0.38306421
     -0.76875708
     -1.12770963
     -1.47035977
     -1.81337753
     -2.17099972
     -2.55119844
     -2.95196824
      2.92315052
      2.52757176
      2.15808068
      1.81055340
      1.46945301
      1.11904950
      0.74843531
      0.35516506
     -0.05194962
     -0.45483024
     -0.83552510
     -1.19061807
     -1.53250446
     -1.87764723
     -2.23925137
     -2.62363641
     -3.02670242
      2.84960264
      2.45845407
      2.09365872
      1.74816854
      1.40597107
      1.05214354
      0.67718000
      0.28063034
     -0.12677105
     -0.52629042
     -0.90194378
     -1.25377285
     -1.59559678
     -1.94339978
     -2.30920809
     -2.69754606
     -3.10224221
      2.77605597
      2.38969903
      2.02918631
      1.68501069
      1.34108937
      0.98347145
      0.60420774
      0.20490493
     -0.20196775
     -0.59750519
     -0.96825523
     -1.31750364
     -1.65996794
     -2.01092273
     -2.38106330
     -2.77299751
      3.10461647
      2.70250538
      2.32112721
      1.96434318
      1.62072928
      1.27448365
      0.91278561
      0.52939366
      0.12798002
     -0.27751578
     -0.66857866
     -1.03474839
     -1.38217139
     -1.72597147
     -2.08051154
     -2.45499878
     -2.85003880
      3.02753405
      2.62891914
      2.25250697
      1.89877065
      1.55494649
      1.20581479
      0.83984459
      0.45263715
      0.04987114
     -0.35339599
     -0.73966389
     -1.10175889
     -1.44816960
     -1.79398237
     -2.15246274
     -2.53117321
     -2.92868439
      2.94974380
      2.55523377
      2.18355559
      1.83207393
      1.48726051
      1.13473863
      0.76443048
      0.37388232
     -0.02936504
     -0.42958948
     -0.81095878
     -1.16966057
     -1.51591606
     -1.86438309
     -2.22705020
     -2.60969143
     -3.00888427
      2.87133123
      2.48136503
      2.11395725
      1.76384099
      1.41726910
      1.06094127
      0.68639610
      0.29317099
     -0.10958247
     -0.50604334
     -0.88266689
     -1.23882038
     -1.58580209
     -1.93749780
     -2.30443976
     -2.69050340
     -3.09041735
      2.79251740
      2.40730560
      2.04347587
      1.69376781
      1.34471815
      0.98432241
      0.60588537
      0.21089319
     -0.19027910
     -0.58239143
     -0.95467745
     -1.30923498
     -1.65777324
     -2.01309390
     -2.38409430
     -2.77270772
      3.11108594
      2.71454053
      2.33413049
      1.97311034
      1.62298477
      1.27104735
      0.90681700
      0.52547680
      0.13027968
     -0.26773704
     -0.65467437
     -1.02278581
     -1.37619488
     -1.72633118
     -2.08456294
     -2.45796272
     -2.84660709
      3.04059247
      2.65022784
      2.27614411
      1.91897548
      1.56990115
      1.21759483
      0.85347136
      0.47462633
      0.08561560
     -0.30266292
     -0.67842428
     -1.03692544
     -1.38338713
     -1.72798301
     -2.08015337
     -2.44570313
     -2.82494211
      3.07051911
      2.68022506
      2.28960835
      1.89898144
      1.50835651
      1.11773184
      0.72710715
      0.33648242
     -0.05414235
     -0.44476714
     -0.83539195
     -1.22601679
     -1.61664165
     -2.00726653
     -2.39789143
     -2.78851635
      3.10404402
      2.71341907
      2.32279411
      1.93216913
      1.54154415
      0.00000000
