      0.00000000
      1.94583254
      1.53728048
      1.08514286
      0.62385328
      0.20386738
     -0.17670244
     -0.54037771
     -0.90504273
     -1.28337828
     -1.68120787
     -2.09387470
     -2.50756993
     -2.90851837
      2.99140589
      2.62095626
      2.25256433
      1.87400871
      1.47626566
      1.05922924
      0.63559563
      0.22748651
     -0.14292143
     -0.46436716
     -0.74409603
     -1.00320253
     -1.27279443
     -1.59059123
     -1.99152141
     -2.47780037
     -2.98089136
      2.86946331
      2.52681491
      2.24413539
      1.97795417
      1.68336068
      1.31867941
      0.86252277
      0.35431588
     -0.11314950
     -0.48977781
     -0.79128367
     -1.05839886
     -1.33622013
     -1.66874669
     -2.08904159
     -2.58632205
     -3.08021290
      2.78930979
      2.46220964
      2.18694282
      1.91900351
      1.61325522
      1.22999421
      0.75726269
      0.25008434
     -0.20015524
     -0.55882593
     -0.84947780
     -1.11467608
     -1.39995634
     -1.74854352
     -2.18782683
     -2.69234159
      3.10935228
      2.71475076
      2.40166042
      2.13190162
      1.86023392
      1.54168042
      1.13955177
      0.65306036
      0.15103694
     -0.28102076
     -0.62305954
     -0.90474278
     -1.16998295
     -1.46449504
     -1.83009397
     -2.28691741
     -2.79451966
      3.02191028
      2.64560580
      2.34472702
      2.07853267
      1.80130241
      1.46859508
      1.04786720
      0.55091818
      0.05758087
     -0.35608038
     -0.68305843
     -0.95768226
     -1.22482488
     -1.53013731
     -1.91331583
     -2.38566549
     -2.89234822
      2.94034722
      2.58123550
      2.29074004
      2.02624503
      1.74176719
      1.39381641
      0.95524439
      0.45140383
     -0.03039558
     -0.42595817
     -0.73952325
     -1.00893349
     -1.27972180
     -1.59722312
     -1.99819251
     -2.48359282
     -2.98567512
      2.86414500
      2.52093816
      2.23903872
      1.97447619
      1.68120017
      1.31716014
      0.86196057
      0.35488702
     -0.11319829
     -0.49131446
     -0.79312176
     -1.05908270
     -1.33515254
     -1.66606561
     -2.08467655
     -2.58027904
     -3.07452267
      2.79274303
      2.46405475
      2.18902405
      1.92271810
      1.61921251
      1.23848603
      0.76832148
      0.26161584
     -0.19120630
     -0.55277228
     -0.84445587
     -1.10865430
     -1.39154842
     -1.73693197
     -2.17265617
     -2.67533549
      3.12417393
      2.72559789
      2.40999127
      2.14016193
      1.87051401
      1.55545790
      1.15771573
      0.67467242
      0.17174548
     -0.26482103
     -0.61090027
     -0.89406318
     -1.15811927
     -1.44929929
     -1.81003824
     -2.26194688
     -2.76841001
      3.04386164
      2.66220049
      2.35821534
      2.09197299
      1.81744878
      1.48963112
      1.07484192
      0.58139129
      0.08535357
     -0.33444341
     -0.66621382
     -0.94242735
     -1.20790718
     -1.50876127
     -1.88554700
     -2.35229431
     -2.85919968
      2.96750159
      2.60207760
      2.30824561
      2.04401990
      1.76313895
      1.42146656
      0.98993279
      0.48887178
      0.00245065
     -0.40046422
     -0.71918247
     -0.98999008
     -1.25841729
     -1.57026250
     -1.96356385
     -2.44338226
     -2.94746096
      2.89484143
      2.54478854
      2.25964064
      1.99589557
      1.70722407
      1.35073738
      0.90313241
      0.39750113
     -0.07701175
     -0.46326186
     -0.77023931
     -1.03716241
     -1.31002788
     -1.63410621
     -2.04413209
     -2.53484495
     -3.03301438
      2.82561069
      2.48992038
      2.21198868
      1.94721294
      1.64935969
      1.27725655
      0.81465757
      0.30763792
     -0.15313378
     -0.52320332
     -0.81979036
     -1.08433487
     -1.36310405
     -1.70057187
     -2.12722732
     -2.62628416
     -3.11574524
      2.75952727
      2.43708228
      2.16489848
      1.89759637
      1.58921276
      1.20088070
      0.72479223
      0.21959452
     -0.22605934
     -0.58064629
     -0.86822292
     -1.13188655
     -1.41800455
     -1.76991510
     -2.21275413
     -2.71729126
      3.08758272
      2.69630032
      2.38589904
      2.11799080
      1.84667436
      1.52645931
      1.12151679
      0.63387900
      0.13362601
     -0.29596806
     -0.63594142
     -0.91591320
     -1.18019324
     -1.47508769
     -1.84236601
     -2.30054526
     -2.80747095
      3.01058887
      2.63563078
      2.33600430
      2.07089029
      1.79407293
      1.46078369
      1.03912989
      0.54230566
      0.04992406
     -0.36306875
     -0.68943557
     -0.96323348
     -1.22963494
     -1.53471592
     -1.91812499
     -2.39036310
     -2.89646241
      2.93639220
      2.57721090
      2.28703387
      2.02321750
      1.73940909
      1.39187879
      0.95374997
      0.45048559
     -0.03138646
     -0.42759572
     -0.74147637
     -1.01055955
     -1.28060305
     -1.59725892
     -1.99735535
     -2.48190388
     -2.98395501
      2.86487637
      2.52072313
      2.23861905
      1.97458091
      1.68228424
      1.31944714
      0.86547655
      0.35883389
     -0.11024887
     -0.48980759
     -0.79241812
     -1.05827874
     -1.33350774
     -1.66309548
     -2.08017386
     -2.57480690
     -3.06969925
      2.79588080
      2.46583780
      2.19037949
      1.92456835
      1.62227772
      1.24320433
      0.77448137
      0.26774345
     -0.18667352
     -0.54998772
     -0.84262860
     -1.10679885
     -1.38878621
     -1.73261496
     -2.16664116
     -2.66867104
      3.12967063
      2.72920401
      2.41220864
      2.14191476
      1.87273784
      1.55894101
      1.16288580
      0.68100863
      0.17756456
     -0.26073440
     -0.60844575
     -0.89249692
     -1.15655840
     -1.44691231
     -1.80621839
     -2.25675347
     -2.76307821
      3.04788940
      2.66460399
      2.35946582
      2.09279411
      1.81860702
      1.49179243
      1.07825692
      0.58537056
      0.08858901
     -0.33256533
     -0.66552098
     -0.94244300
     -1.20803858
     -1.50840726
     -1.88431762
     -2.35043541
     -2.85761970
      2.96816932
      2.60179617
      2.30720668
      2.04254386
      1.76164024
      1.42031150
      0.98912483
      0.48793475
      0.00103685
     -0.40235847
     -0.72158899
     -0.99292972
     -1.26177751
     -1.57385102
     -1.96733037
     -2.44753391
     -2.95192077
      2.89045837
      2.54044947
      2.25498390
      1.99063178
      1.70123289
      1.34393345
      0.89535132
      0.38910273
     -0.08495480
     -0.47036641
     -0.77707232
     -1.04447873
     -1.31838750
     -1.64389388
     -2.05566964
     -2.54781508
     -3.04566135
      2.81462621
      2.48017944
      2.20229037
      1.93644801
      1.63669330
      1.26204671
      0.79686835
      0.28928393
     -0.16933971
     -0.53690739
     -0.83245539
     -1.09769054
     -1.37857556
     -1.71926741
     -2.14972590
     -2.65096721
     -3.13859270
      2.74046340
      2.42053703
      2.14853959
      1.87928276
      1.56722506
      1.17400002
      0.69370008
      0.18887283
     -0.25216488
     -0.60237255
     -0.88830317
     -1.15326821
     -1.44316532
     -1.80078935
     -2.24983605
     -2.75660727
      3.05263756
      2.66767900
      2.36099292
      2.09304252
      1.81830409
      1.49191752
      1.07913228
      0.58599819
      0.08823889
     -0.33356471
     -0.66723329
     -0.94528155
     -1.21203939
     -1.51310897
     -1.88934270
     -2.35621919
     -2.86427415
      2.96175175
      2.59590326
      2.30092279
      2.03498854
      1.75255055
      1.40976965
      0.97685850
      0.47411172
     -0.01225124
     -0.41373673
     -0.73204015
     -1.00416707
     -1.27495393
     -1.58944896
     -1.98576857
     -2.46882200
     -2.97336006
      2.87201113
      2.52471853
      2.23961659
      1.97346537
      1.68099787
      1.31983941
      0.86692014
      0.35877640
     -0.11211361
     -0.49285297
     -0.79737165
     -1.06579061
     -1.34296123
     -1.67306971
     -2.09045257
     -2.58690647
     -3.08302436
      2.78316750
      2.45321437
      2.17785887
      1.91885005
      1.64369630
      1.32952138
      0.96643222
      0.56289449
      0.14007462
     -0.27922252
     -0.68034063
     -1.06148151
     -1.43066483
     -1.79996276
     -2.18066787
     -2.57891260
     -2.99144674
      2.87774837
      2.47693150
      2.09579496
      1.73002803
      1.36774008
      0.99131527
      0.57708776
      0.11786662
     -0.33916764
     -0.75349196
      0.00000000
