             NaN
     -0.81325753
     -0.40470547
      0.04743215
      0.50872173
      0.92870763
      1.30927745
      1.67295272
      2.03761774
      2.41595330
      2.81378289
     -3.05673559
     -2.64304037
     -2.24209192
     -1.85883088
     -1.48838125
     -1.11998932
     -0.74143370
     -0.34369065
      0.07334577
      0.49697938
      0.90508850
      1.27549644
      1.59694217
      1.87667104
      2.13577754
      2.40536944
      2.72316624
      3.12409642
     -2.67280993
     -2.16971894
     -1.73688830
     -1.39423990
     -1.11156038
     -0.84537916
     -0.55078567
     -0.18610440
      0.27005224
      0.77825913
      1.24572451
      1.62235282
      1.92385868
      2.19097387
      2.46879514
      2.80132170
     -3.06156871
     -2.56428825
     -2.07039739
     -1.65673478
     -1.32963463
     -1.05436781
     -0.78642850
     -0.48068021
     -0.09741920
      0.37531232
      0.88249067
      1.33273025
      1.69140094
      1.98205281
      2.24725109
      2.53253135
      2.88111853
     -2.96278347
     -2.45826871
     -1.97677727
     -1.58217575
     -1.26908541
     -0.99932661
     -0.72765891
     -0.40910541
     -0.00697676
      0.47951465
      0.98153807
      1.41359578
      1.75563455
      2.03731779
      2.30255796
      2.59707005
      2.96266898
     -2.86369289
     -2.35609064
     -1.88933527
     -1.51303079
     -1.21215201
     -0.94595766
     -0.66872740
     -0.33602007
      0.08470781
      0.58165683
      1.07499414
      1.48865539
      1.81563344
      2.09025727
      2.35739989
      2.66271232
      3.04589084
     -2.76494481
     -2.25826208
     -1.80777221
     -1.44866049
     -1.15816503
     -0.89367002
     -0.60919218
     -0.26124140
      0.17733062
      0.68117118
      1.16297059
      1.55853318
      1.87209826
      2.14150850
      2.41229681
      2.72979813
      3.13076752
     -2.66701747
     -2.16493518
     -1.73156999
     -1.38836315
     -1.10646371
     -0.84190118
     -0.54862516
     -0.18458513
      0.27061444
      0.77768799
      1.24577330
      1.62388946
      1.92569677
      2.19165771
      2.46772755
      2.79864062
     -3.06593375
     -2.57033126
     -2.07608763
     -1.66016802
     -1.33147974
     -1.05644904
     -0.79014309
     -0.48663751
     -0.10591102
      0.36425353
      0.87095917
      1.32378130
      1.68534728
      1.97703088
      2.24122931
      2.52412342
      2.86950698
     -2.97795413
     -2.47527481
     -1.99159892
     -1.59302289
     -1.27741627
     -1.00758692
     -0.73793901
     -0.42288289
     -0.02514072
      0.45790259
      0.96082952
      1.39739604
      1.74347527
      2.02663819
      2.29069428
      2.58187429
      2.94261325
     -2.88866342
     -2.38220029
     -1.91128664
     -1.52962548
     -1.22564033
     -0.95939798
     -0.68487377
     -0.35705611
      0.05773309
      0.55118372
      1.04722143
      1.46701842
      1.79878882
      2.07500236
      2.34048218
      2.64133628
      3.01812201
     -2.79831600
     -2.29141062
     -1.83492659
     -1.46950259
     -1.17567060
     -0.91144489
     -0.63056395
     -0.28889156
      0.14264221
      0.64370323
      1.13012436
      1.53303923
      1.85175747
      2.12256508
      2.39099229
      2.70283751
      3.09613886
     -2.70722804
     -2.20314934
     -1.76226642
     -1.41221353
     -1.12706563
     -0.86332056
     -0.57464907
     -0.21816237
      0.22944259
      0.73507388
      1.20958676
      1.59583686
      1.90281432
      2.16973741
      2.44260288
      2.76668121
     -3.10647822
     -2.61576535
     -2.11759593
     -1.69303569
     -1.35734537
     -1.07941367
     -0.81463793
     -0.51678468
     -0.14468154
      0.31791743
      0.82493709
      1.28570878
      1.65577833
      1.95236536
      2.21690987
      2.49567905
      2.83314687
     -3.02338298
     -2.52432614
     -2.03486506
     -1.62695227
     -1.30450728
     -1.03232348
     -0.76502137
     -0.45663776
     -0.06830570
      0.40778277
      0.91298049
      1.35863434
      1.71322129
      2.00079792
      2.26446156
      2.55057955
      2.90249010
     -2.93785618
     -2.43331904
     -1.95500772
     -1.56372532
     -1.25332404
     -0.98541580
     -0.71409936
     -0.39388431
      0.01105822
      0.49869600
      0.99894899
      1.42854306
      1.76851642
      2.04848820
      2.31276825
      2.60766269
      2.97494101
     -2.85006505
     -2.34313935
     -1.87801386
     -1.50305578
     -1.20342930
     -0.93831528
     -0.66149793
     -0.32820869
      0.09344511
      0.59026935
      1.08265094
      1.49564375
      1.82201057
      2.09580848
      2.36220994
      2.66729092
      3.05069999
     -2.76024721
     -2.25414790
     -1.80381720
     -1.44463590
     -1.15445887
     -0.89064250
     -0.60683409
     -0.25930379
      0.17882503
      0.68208942
      1.16396146
      1.56017072
      1.87405137
      2.14313455
      2.41317805
      2.72983392
      3.12993035
     -2.66870642
     -2.16665530
     -1.73230137
     -1.38814813
     -1.10604405
     -0.84200591
     -0.54970924
     -0.18687214
      0.26709845
      0.77374110
      1.24282387
      1.62238258
      1.92499312
      2.19085374
      2.46608274
      2.79567048
     -3.07043645
     -2.57580341
     -2.08091106
     -1.66330580
     -1.33326280
     -1.05780449
     -0.79199335
     -0.48970272
     -0.11062933
      0.35809363
      0.86483155
      1.31924852
      1.68256271
      1.97520360
      2.23937385
      2.52136121
      2.86518996
     -2.98396915
     -2.48193927
     -1.99709564
     -1.59662901
     -1.27963364
     -1.00933977
     -0.74016284
     -0.42636601
     -0.03031081
      0.45156637
      0.95501043
      1.39330940
      1.74102074
      2.02507192
      2.28913340
      2.57948731
      2.93879339
     -2.89385684
     -2.38753210
     -1.91531441
     -1.53202899
     -1.22689083
     -0.96021912
     -0.68603202
     -0.35921744
      0.05431807
      0.54720444
      1.04398599
      1.46514033
      1.79809598
      2.07501800
      2.34061357
      2.64098226
      3.01689262
     -2.80017490
     -2.29299061
     -1.83559432
     -1.46922118
     -1.17463168
     -0.90996886
     -0.62906524
     -0.28773650
      0.14345017
      0.64464025
      1.13153814
      1.53493346
      1.85416399
      2.12550471
      2.39435251
      2.70642602
      3.09990536
     -2.70307640
     -2.19868954
     -1.75788338
     -1.40787447
     -1.12240891
     -0.85805678
     -0.56865789
     -0.21135846
      0.23722367
      0.74347226
      1.21752979
      1.60294140
      1.90964732
      2.17705373
      2.45096249
      2.77646887
     -3.09494067
     -2.60279523
     -2.10494897
     -1.68205122
     -1.34760444
     -1.06971538
     -0.80387302
     -0.50411830
     -0.12947171
      0.33570665
      0.84329106
      1.30191470
      1.66948239
      1.96503038
      2.23026554
      2.51115055
      2.85184240
     -3.00088442
     -2.49964310
     -2.01201761
     -1.60788841
     -1.28796204
     -1.01596460
     -0.74670776
     -0.43465007
     -0.04142503
      0.43887491
      0.94370216
      1.38473988
      1.73494754
      2.02087817
      2.28584320
      2.57574032
      2.93336435
     -2.90077426
     -2.39400304
     -1.92006256
     -1.53510401
     -1.22841793
     -0.96046753
     -0.68572910
     -0.35934252
      0.05344271
      0.54657680
      1.04433610
      1.46613971
      1.79980829
      2.07785655
      2.34461439
      2.64568396
      3.02191769
     -2.79439113
     -2.28633616
     -1.82917676
     -1.46332827
     -1.16834779
     -0.90241354
     -0.61997555
     -0.27719466
      0.15571650
      0.65846328
      1.14482623
      1.54631172
      1.86461515
      2.13674207
      2.40752892
      2.72202396
      3.11834356
     -2.68178831
     -2.17725026
     -1.73943613
     -1.39214353
     -1.10704160
     -0.84089038
     -0.54842287
     -0.18726441
      0.26565485
      0.77379860
      1.24468860
      1.62542797
      1.92994664
      2.19836560
      2.47553623
      2.80564471
     -3.06015775
     -2.56370384
     -2.06758595
     -1.65059251
     -1.32063938
     -1.04528388
     -0.78627505
     -0.51112131
     -0.19694639
      0.16614277
      0.56968051
      0.99250037
      1.41179751
      1.81291563
      2.19405650
      2.56323982
      2.93253775
     -2.96994245
     -2.57169772
     -2.15916357
     -1.74517338
     -1.34435651
     -0.96321997
     -0.59745304
     -0.23516509
      0.14125972
      0.55548723
      1.01470837
      1.47174263
      1.88606695
      0.00000000
