      0.00000000
     -1.65691129
     -1.26628627
     -0.87566125
     -0.48503621
     -0.09441116
      0.29621390
      0.68683898
      1.07746408
      1.46808920
      1.85871434
      2.24933950
      2.63996468
      3.03058989
     -2.86197018
     -2.47134491
     -2.08071961
     -1.69009425
     -1.29946860
     -0.90884113
     -0.51821679
     -0.12780641
      0.26061697
      0.64156858
      1.00927810
      1.36309045
      1.70804096
      2.05311497
      2.40867142
      2.78124576
     -3.11535626
     -2.72590944
     -2.34515822
     -1.97892226
     -1.62549148
     -1.27709096
     -0.92260682
     -0.55224137
     -0.16459350
      0.23102839
      0.62140726
      0.99738197
      1.35758345
      1.70798909
      2.05940357
      2.42371278
      2.80700203
     -3.07957887
     -2.68317144
     -2.29907163
     -1.93214038
     -1.57894348
     -1.22986576
     -0.87227370
     -0.49616856
     -0.10223644
      0.29748636
      0.68870185
      1.06293612
      1.42046545
      1.76903261
      2.12093231
      2.48870311
      2.87702940
     -3.00584070
     -2.60878522
     -2.22685876
     -1.86341814
     -1.51322817
     -1.16513107
     -0.80550839
     -0.42499234
     -0.02699050
      0.37406145
      0.76352105
      1.13415444
      1.48806331
      1.83462978
      2.18735384
      2.55885136
      2.95164795
     -2.92892077
     -2.53279323
     -2.15418375
     -1.79467680
     -1.44728083
     -1.09947911
     -0.73703789
     -0.35192880
      0.04937140
      0.45055604
      0.83728052
      1.20391103
      1.55440738
      1.89965062
      2.25410508
      2.62990437
      3.02683377
     -2.85241466
     -2.45818055
     -2.08339173
     -1.72773658
     -1.38257114
     -1.03419712
     -0.66815660
     -0.27841445
      0.12541526
      0.52576937
      0.90912403
      1.27166851
      1.61917010
      1.96385763
      2.32090060
      2.70136843
      3.10192266
     -2.77692890
     -2.38533982
     -2.01463091
     -1.66256882
     -1.31899016
     -0.96919858
     -0.59894887
     -0.20476872
      0.20076714
      0.59945753
      0.97901115
      1.33755932
      1.68257634
      2.02748539
      2.38786702
      2.77313847
     -3.10651529
     -2.70265090
     -2.31429305
     -1.94775196
     -1.59891549
     -1.25624424
     -0.90424167
     -0.52935925
     -0.13113306
      0.27527041
      0.67158636
      1.04707116
      1.40183662
      1.74493618
      2.09083311
      2.45517873
      2.84517481
     -3.03223658
     -2.62963428
     -2.24494747
     -1.88252737
     -1.53647262
     -1.19401192
     -0.83907191
     -0.45932195
     -0.05759256
      0.34885798
      0.74220834
      1.11349448
      1.46478479
      1.80657195
      2.15419932
      2.52299620
      2.91744914
     -2.95849904
     -2.55786722
     -2.17715918
     -1.81870425
     -1.47493117
     -1.13197813
     -0.77345603
     -0.38878988
      0.01579204
      0.42151034
      0.81142007
      1.17849602
      1.52669213
      1.86779816
      2.21786286
      2.59144877
      2.98993165
     -2.88534313
     -2.48729935
     -2.11075811
     -1.75602304
     -1.41398889
     -1.06984411
     -0.70719294
     -0.31774016
      0.08897370
      0.49323768
      0.87934362
      1.24230022
      1.58784190
      1.92891613
      2.28207635
      2.66063079
      3.06258944
     -2.81278699
     -2.41785440
     -2.04555922
     -1.69422422
     -1.35335280
     -1.00732980
     -0.64011668
     -0.24617094
      0.16191658
      0.56407258
      0.94611873
      1.30513589
      1.64851112
      1.99021405
      2.34706393
      2.73060337
      3.13538815
     -2.74083116
     -2.34943675
     -1.98136784
     -1.63305007
     -1.29273818
     -0.94417411
     -0.57209575
     -0.17409501
      0.23459680
      0.63406751
      1.01190001
      1.36723553
      1.70897273
      2.05196888
      2.41302103
      2.80139943
     -3.07489018
     -2.66946006
     -2.28193411
     -1.91798139
     -1.57224364
     -1.23186612
     -0.88013474
     -0.50303090
     -0.10153347
      0.30700376
      0.70329407
      1.07685607
      1.42883637
      1.76949879
      2.11444832
      2.48011489
      2.87303083
     -3.00190179
     -2.59864150
     -2.21522259
     -1.85523404
     -1.51188950
     -1.17256346
     -0.82475526
     -0.46428278
     -0.09889320
      0.25525150
      0.59665235
      0.93775407
      1.29238115
      1.66948016
      2.06852860
      2.47740528
      2.87619894
     -3.03400334
     -2.68500667
     -2.34485397
     -1.99712260
     -1.62980128
     -1.23895873
     -0.83200829
     -0.42658524
     -0.04208539
      0.31539558
      0.65710958
      0.99999374
      1.35827017
      1.73966288
      2.14161623
      2.55015729
      2.94504405
     -2.97011570
     -2.62388487
     -2.28338542
     -1.93276019
     -1.56119197
     -1.16663178
     -0.75856695
     -0.35575530
      0.02374949
      0.37733618
      0.71818704
      1.06307395
      1.42525699
      1.81084101
      2.21516059
      2.62258847
      3.01306382
     -2.90681787
     -2.56271295
     -2.22125164
     -1.86731093
     -1.49141888
     -1.09351681
     -0.68506489
     -0.28556125
      0.08888633
      0.43913110
      0.77977894
      1.12718579
      1.49350863
      1.88308698
      2.28915227
      2.69468621
      3.08037908
     -2.84385368
     -2.50120354
     -2.15818578
     -1.80056359
     -1.42036487
     -1.01959506
     -0.61152852
     -0.21594976
      0.15354132
      0.50106860
      0.84216899
      1.19257250
      1.56318669
      1.95645694
      2.36357162
      2.76645224
     -3.13603820
     -2.78094523
     -2.43905885
     -2.09391608
     -1.73231193
     -1.34792689
     -0.94486089
     -0.53798064
     -0.14683207
      0.21796328
      0.56345346
      0.90565093
      1.25947846
      1.63444200
      2.03099166
      2.43839305
      2.83791242
     -3.06961953
     -2.71779046
     -2.37596653
     -2.02816353
     -1.66235522
     -1.27401725
     -0.86932109
     -0.46443397
     -0.07807703
      0.28243569
      0.62661131
      0.97053263
      1.32815055
      1.70741426
      2.10671707
      2.51358975
      2.90912719
     -3.00330808
     -2.65405967
     -2.31159536
     -1.96064058
     -1.59050001
     -1.19856580
     -0.79299447
     -0.39088338
     -0.00950521
      0.34727882
      0.69089272
      1.03713835
      1.39883639
      1.78222834
      2.18364198
      2.58913778
      2.98020066
     -2.93681492
     -2.58939192
     -2.24559184
     -1.89105177
     -1.51656453
     -1.12152450
     -0.71591205
     -0.31729714
      0.05911503
      0.41285135
      0.75667551
      1.10580721
      1.47177741
      1.85898485
      2.26175086
      2.66501799
      3.05128589
     -2.86980442
     -2.52339371
     -2.17758094
     -1.81910057
     -1.44039010
     -1.04287892
     -0.63812180
     -0.24361177
      0.12806641
      0.47954807
      0.82436149
      1.17688337
      1.54719152
      1.93773968
      2.34098704
      2.74121148
      3.12258078
     -2.80190274
     -2.45564725
     -2.10718022
     -1.74451311
     -1.36187187
     -0.96267904
     -0.55970923
     -0.16974303
      0.19766475
      0.54778101
      0.89435290
      1.25068073
      1.62522590
      2.01845101
      2.42120447
      2.81766534
     -3.08889642
     -2.73274293
     -2.38576122
     -2.03406551
     -1.66712354
     -1.28105991
     -0.88114595
     -0.48089540
     -0.09568360
      0.26814613
      0.61785419
      0.96690385
      1.32729959
      1.70573663
      2.10072881
      2.50190110
      2.89401343
     -3.01688586
     -2.66232833
     -2.31379007
     -1.95846941
     -1.58746901
     -1.19885559
     -0.79946394
     -0.40291853
     -0.02250849
      0.33851166
      0.68863723
      1.04057465
      1.40480500
      1.78614520
      2.18134232
      2.57935904
      2.96629637
     -2.94877749
     -2.59536843
     -2.24523213
     -1.88700037
     -1.51360059
     -1.12495622
     -0.72897047
     -0.33860584
      0.03547789
      0.39264652
      0.74172085
      1.09402717
      1.45815064
      1.83699567
      2.22600640
      2.61428492
      2.99004628
     -2.93463786
     -2.58817618
     -2.24358030
     -1.89140994
     -1.52586018
     -1.14662119
     -0.75889711
     -0.36860306
      0.02201365
      0.41264056
      0.80326549
      1.19389016
      1.58451485
      1.97513958
      2.36576435
      2.75638914
     -3.13617136
     -2.74554652
     -2.35492166
     -1.96429678
     -1.57367188
     -1.18304696
     -0.79242202
     -0.40179707
     -0.01117211
      0.37945287
      0.77007785
      0.00000000
