      0.00000000
      0.00000000
      0.00000000
      0.00000000
      0.00000000
      0.00000000
      0.00000000
      0.00000000
      0.00000000
      0.00000000
      0.00000000
      0.00000000
      0.00000000
      0.00000000
      0.00000000
      0.00000000
      0.00000000
      0.00000000
      0.00000000
      0.00000000
      0.00000000
      0.00000000
      0.00000000
      0.00000000
      0.00000000
      0.00000000
      0.00000000
      0.00000000
      0.00000000
      0.00000000
      0.00000000
      0.00000000
      0.00000000
      0.00000000
      0.00000000
      0.00000000
      0.00000000
      0.00000000
      0.00000000
      0.00000000
      0.00000000
      0.00000000
      0.00000000
      0.00000000
      0.00000000
      0.00000000
      0.00000000
      0.00000000
      0.00000000
      0.00000000
      0.00000000
      0.00000000
      0.00000000
      0.00000000
      0.00000000
      0.00000000
      0.00000000
      0.00000000
      0.00000000
      0.00000000
      0.00000000
      0.00000000
      0.00000000
      0.00000000
      0.00000000
      0.00000000
      0.00000000
      0.00000000
      0.00000000
      0.00000000
      0.00000000
      0.00000000
      0.00000000
      0.00000000
      0.00000000
      0.00000000
      0.00000000
      0.00000000
      0.00000000
      0.00000000
      0.00000000
      0.00000000
      0.00000000
      0.00000000
      0.00000000
      0.00000000
      0.00000000
      0.00000000
      0.00000000
      0.00000000
      0.00000000
      0.00000000
      0.00000000
      0.00000000
      0.00000000
      0.00000000
      0.00000000
      0.00000000
      0.00000000
      0.00000000
      0.00000000
      0.00000000
      0.00000000
      0.00000000
      0.00000000
      0.00000000
      0.00000000
      0.00000000
      0.00000000
      0.00000000
      0.00000000
      0.00000000
      0.00000000
      0.00000000
      0.00000000
      0.00000000
      0.00000000
      0.00000000
      0.00000000
      0.00000000
      0.00000000
      0.00000000
      0.00000000
      0.00000000
      0.00000000
      0.00000000
      0.00000000
      0.00000000
      0.00000000
      0.00000000
      0.00000000
      0.00000000
      0.00000000
      0.00000000
      0.00000000
      0.00000000
      0.00000000
      0.00000000
      0.00000000
      0.00000000
      0.00000000
      0.00000000
      0.00000000
      0.00000000
      0.00000000
      0.00000001
      0.00000005
      0.00000028
      0.00000122
      0.00000466
      0.00001534
      0.00004275
      0.00010012
      0.00019732
      0.00033269
      0.00049363
      0.00066567
      0.00083929
      0.00101045
      0.00117831
      0.00134314
      0.00150539
      0.00166540
      0.00182339
      0.00197947
      0.00213374
      0.00228621
      0.00243694
      0.00258593
      0.00273320
      0.00287875
      0.00302260
      0.00316475
      0.00330520
      0.00344395
      0.00358102
      0.00371639
      0.00385007
      0.00398207
      0.00411238
      0.00424100
      0.00436794
      0.00449319
      0.00461676
      0.00473865
      0.00485885
      0.00497737
      0.00509421
      0.00520936
      0.00532283
      0.00543462
      0.00554473
      0.00565315
      0.00575990
      0.00586496
      0.00596834
      0.00607004
      0.00617005
      0.00626839
      0.00636504
      0.00646002
      0.00655331
      0.00664492
      0.00673485
      0.00682309
      0.00690966
      0.00699457
      0.00707782
      0.00715944
      0.00723945
      0.00731783
      0.00739455
      0.00746956
      0.00754280
      0.00761427
      0.00768415
      0.00775278
      0.00782078
      0.00788889
      0.00795786
      0.00802823
      0.00810013
      0.00817321
      0.00824674
      0.00831977
      0.00839135
      0.00846073
      0.00852747
      0.00859139
      0.00865254
      0.00871112
      0.00876735
      0.00882144
      0.00887353
      0.00892371
      0.00897197
      0.00901826
      0.00906252
      0.00910467
      0.00914462
      0.00918233
      0.00921775
      0.00925086
      0.00928164
      0.00931010
      0.00933625
      0.00936008
      0.00938162
      0.00940086
      0.00941783
      0.00943252
      0.00944494
      0.00945510
      0.00946300
      0.00946864
      0.00947202
      0.00947315
      0.00947202
      0.00946864
      0.00946300
      0.00945510
      0.00944494
      0.00943252
      0.00941783
      0.00940086
      0.00938162
      0.00936008
      0.00933625
      0.00931010
      0.00928164
      0.00925086
      0.00921775
      0.00918233
      0.00914462
      0.00910467
      0.00906252
      0.00901826
      0.00897197
      0.00892371
      0.00887353
      0.00882144
      0.00876735
      0.00871112
      0.00865254
      0.00859139
      0.00852747
      0.00846073
      0.00839135
      0.00831977
      0.00824674
      0.00817321
      0.00810013
      0.00802823
      0.00795786
      0.00788889
      0.00782078
      0.00775278
      0.00768415
      0.00761427
      0.00754280
      0.00746956
      0.00739455
      0.00731783
      0.00723945
      0.00715944
      0.00707782
      0.00699457
      0.00690966
      0.00682309
      0.00673485
      0.00664492
      0.00655331
      0.00646002
      0.00636504
      0.00626839
      0.00617005
      0.00607004
      0.00596834
      0.00586496
      0.00575990
      0.00565315
      0.00554473
      0.00543462
      0.00532283
      0.00520936
      0.00509421
      0.00497737
      0.00485885
      0.00473865
      0.00461676
      0.00449319
      0.00436794
      0.00424100
      0.00411238
      0.00398207
      0.00385007
      0.00371639
      0.00358102
      0.00344395
      0.00330520
      0.00316475
      0.00302260
      0.00287875
      0.00273320
      0.00258593
      0.00243694
      0.00228621
      0.00213374
      0.00197947
      0.00182339
      0.00166540
      0.00150539
      0.00134314
      0.00117831
      0.00101045
      0.00083929
      0.00066567
      0.00049363
      0.00033269
      0.00019732
      0.00010012
      0.00004275
      0.00001534
      0.00000466
      0.00000122
      0.00000028
      0.00000005
      0.00000001
      0.00000000
      0.00000000
      0.00000000
      0.00000000
      0.00000000
      0.00000000
      0.00000000
      0.00000000
      0.00000000
      0.00000000
      0.00000000
      0.00000000
      0.00000000
      0.00000000
      0.00000000
      0.00000000
      0.00000000
      0.00000000
      0.00000000
      0.00000000
      0.00000000
      0.00000000
      0.00000000
      0.00000000
      0.00000000
      0.00000000
      0.00000000
      0.00000000
      0.00000000
      0.00000000
      0.00000000
      0.00000000
      0.00000000
      0.00000000
      0.00000000
      0.00000000
      0.00000000
      0.00000000
      0.00000000
      0.00000000
      0.00000000
      0.00000000
      0.00000000
      0.00000000
      0.00000000
      0.00000000
      0.00000000
      0.00000000
      0.00000000
      0.00000000
      0.00000000
      0.00000000
      0.00000000
      0.00000000
      0.00000000
      0.00000000
      0.00000000
      0.00000000
      0.00000000
      0.00000000
      0.00000000
      0.00000000
      0.00000000
      0.00000000
      0.00000000
      0.00000000
      0.00000000
      0.00000000
      0.00000000
      0.00000000
      0.00000000
      0.00000000
      0.00000000
      0.00000000
      0.00000000
      0.00000000
      0.00000000
      0.00000000
      0.00000000
      0.00000000
      0.00000000
      0.00000000
      0.00000000
      0.00000000
      0.00000000
      0.00000000
      0.00000000
      0.00000000
      0.00000000
      0.00000000
      0.00000000
      0.00000000
      0.00000000
      0.00000000
      0.00000000
      0.00000000
      0.00000000
      0.00000000
      0.00000000
      0.00000000
      0.00000000
      0.00000000
      0.00000000
      0.00000000
      0.00000000
      0.00000000
      0.00000000
      0.00000000
      0.00000000
      0.00000000
      0.00000000
      0.00000000
      0.00000000
      0.00000000
      0.00000000
      0.00000000
      0.00000000
      0.00000000
      0.00000000
      0.00000000
      0.00000000
      0.00000000
      0.00000000
      0.00000000
      0.00000000
      0.00000000
      0.00000000
      0.00000000
      0.00000000
      0.00000000
      0.00000000
      0.00000000
      0.00000000
      0.00000000
      0.00000000
      0.00000000
      0.00000000
      0.00000000
      0.00000000
      0.00000000
      0.00000000
      0.00000000
      0.00000000
      0.00000000
      0.00000000
