      0.00000000
      0.00000000
      0.00000000
      0.00000000
      0.00000000
      0.00000000
      0.00000000
      0.00000000
      0.00000000
      0.00000000
      0.00000000
      0.00000000
      0.00000000
      0.00000000
      0.00000000
      0.00000000
      0.00000000
      0.00000000
      0.00000000
      0.00000000
      0.00000000
      0.00000000
      0.00000000
      0.00000000
      0.00000000
      0.00000000
      0.00000000
      0.00000000
      0.00000000
      0.00000000
      0.00000000
      0.00000000
      0.00000000
      0.00000000
      0.00000000
      0.00000000
      0.00000000
      0.00000000
      0.00000000
      0.00000000
      0.00000000
      0.00000000
      0.00000000
      0.00000000
      0.00000000
      0.00000000
      0.00000000
      0.00000000
      0.00000000
      0.00000000
      0.00000000
      0.00000000
      0.00000000
      0.00000000
      0.00000000
      0.00000000
      0.00000000
      0.00000000
      0.00000000
      0.00000000
      0.00000000
      0.00000000
      0.00000000
      0.00000000
      0.00000000
      0.00000000
      0.00000000
      0.00000000
      0.00000000
      0.00000000
      0.00000000
      0.00000000
      0.00000000
      0.00000000
      0.00000000
      0.00000000
      0.00000000
      0.00000000
      0.00000000
      0.00000000
      0.00000000
      0.00000000
      0.00000000
      0.00000000
      0.00000000
      0.00000000
      0.00000000
      0.00000000
      0.00000000
      0.00000000
      0.00000000
      0.00000000
      0.00000000
      0.00000000
      0.00000000
      0.00000000
      0.00000000
      0.00000000
      0.00000000
      0.00000000
      0.00000000
      0.00000000
      0.00000000
      0.00000000
      0.00000000
      0.00000000
      0.00000000
      0.00000000
      0.00000000
      0.00000000
      0.00000000
      0.00000000
      0.00000000
      0.00000000
      0.00000000
      0.00000000
      0.00000000
      0.00000000
      0.00000000
      0.00000000
      0.00000000
      0.00000000
      0.00000000
      0.00000000
      0.00000000
      0.00000000
      0.00000000
      0.00000000
      0.00000000
      0.00000000
      0.00000000
      0.00000000
      0.00000000
      0.00000000
      0.00000000
      0.00000000
      0.00000000
      0.00000000
      0.00000000
      0.00000000
      0.00000000
      0.00000000
      0.00000000
      0.00000000
      0.00000000
      0.00000001
      0.00000005
      0.00000028
      0.00000122
      0.00000466
      0.00001534
      0.00004275
      0.00010012
      0.00019732
      0.00033269
      0.00049363
      0.00066567
      0.00083929
      0.00101046
      0.00117832
      0.00134314
      0.00150539
      0.00166540
      0.00182339
      0.00197948
      0.00213374
      0.00228623
      0.00243695
      0.00258594
      0.00273321
      0.00287877
      0.00302262
      0.00316477
      0.00330522
      0.00344398
      0.00358104
      0.00371642
      0.00385010
      0.00398210
      0.00411241
      0.00424104
      0.00436798
      0.00449324
      0.00461681
      0.00473870
      0.00485890
      0.00497743
      0.00509426
      0.00520942
      0.00532290
      0.00543469
      0.00554480
      0.00565323
      0.00575997
      0.00586504
      0.00596842
      0.00607012
      0.00617014
      0.00626848
      0.00636514
      0.00646011
      0.00655341
      0.00664502
      0.00673495
      0.00682320
      0.00690977
      0.00699468
      0.00707794
      0.00715956
      0.00723957
      0.00731796
      0.00739468
      0.00746969
      0.00754293
      0.00761441
      0.00768429
      0.00775293
      0.00782092
      0.00788903
      0.00795801
      0.00802838
      0.00810028
      0.00817337
      0.00824690
      0.00831993
      0.00839151
      0.00846090
      0.00852764
      0.00859156
      0.00865272
      0.00871129
      0.00876752
      0.00882161
      0.00887371
      0.00892389
      0.00897215
      0.00901844
      0.00906270
      0.00910485
      0.00914481
      0.00918252
      0.00921794
      0.00925105
      0.00928183
      0.00931029
      0.00933644
      0.00936027
      0.00938181
      0.00940106
      0.00941802
      0.00943271
      0.00944514
      0.00945529
      0.00946319
      0.00946883
      0.00947222
      0.00947334
      0.00947222
      0.00946883
      0.00946319
      0.00945529
      0.00944514
      0.00943271
      0.00941802
      0.00940106
      0.00938181
      0.00936027
      0.00933644
      0.00931029
      0.00928183
      0.00925105
      0.00921794
      0.00918252
      0.00914481
      0.00910485
      0.00906270
      0.00901844
      0.00897215
      0.00892389
      0.00887371
      0.00882161
      0.00876752
      0.00871129
      0.00865272
      0.00859156
      0.00852764
      0.00846090
      0.00839151
      0.00831993
      0.00824690
      0.00817337
      0.00810028
      0.00802838
      0.00795801
      0.00788903
      0.00782092
      0.00775293
      0.00768429
      0.00761441
      0.00754293
      0.00746969
      0.00739468
      0.00731796
      0.00723957
      0.00715956
      0.00707794
      0.00699468
      0.00690977
      0.00682320
      0.00673495
      0.00664502
      0.00655341
      0.00646011
      0.00636514
      0.00626848
      0.00617014
      0.00607012
      0.00596842
      0.00586504
      0.00575997
      0.00565323
      0.00554480
      0.00543469
      0.00532290
      0.00520942
      0.00509426
      0.00497743
      0.00485890
      0.00473870
      0.00461681
      0.00449324
      0.00436798
      0.00424104
      0.00411241
      0.00398210
      0.00385010
      0.00371642
      0.00358104
      0.00344398
      0.00330522
      0.00316477
      0.00302262
      0.00287877
      0.00273321
      0.00258594
      0.00243695
      0.00228623
      0.00213374
      0.00197948
      0.00182339
      0.00166540
      0.00150539
      0.00134314
      0.00117832
      0.00101046
      0.00083929
      0.00066567
      0.00049363
      0.00033269
      0.00019732
      0.00010012
      0.00004275
      0.00001534
      0.00000466
      0.00000122
      0.00000028
      0.00000005
      0.00000001
      0.00000000
      0.00000000
      0.00000000
      0.00000000
      0.00000000
      0.00000000
      0.00000000
      0.00000000
      0.00000000
      0.00000000
      0.00000000
      0.00000000
      0.00000000
      0.00000000
      0.00000000
      0.00000000
      0.00000000
      0.00000000
      0.00000000
      0.00000000
      0.00000000
      0.00000000
      0.00000000
      0.00000000
      0.00000000
      0.00000000
      0.00000000
      0.00000000
      0.00000000
      0.00000000
      0.00000000
      0.00000000
      0.00000000
      0.00000000
      0.00000000
      0.00000000
      0.00000000
      0.00000000
      0.00000000
      0.00000000
      0.00000000
      0.00000000
      0.00000000
      0.00000000
      0.00000000
      0.00000000
      0.00000000
      0.00000000
      0.00000000
      0.00000000
      0.00000000
      0.00000000
      0.00000000
      0.00000000
      0.00000000
      0.00000000
      0.00000000
      0.00000000
      0.00000000
      0.00000000
      0.00000000
      0.00000000
      0.00000000
      0.00000000
      0.00000000
      0.00000000
      0.00000000
      0.00000000
      0.00000000
      0.00000000
      0.00000000
      0.00000000
      0.00000000
      0.00000000
      0.00000000
      0.00000000
      0.00000000
      0.00000000
      0.00000000
      0.00000000
      0.00000000
      0.00000000
      0.00000000
      0.00000000
      0.00000000
      0.00000000
      0.00000000
      0.00000000
      0.00000000
      0.00000000
      0.00000000
      0.00000000
      0.00000000
      0.00000000
      0.00000000
      0.00000000
      0.00000000
      0.00000000
      0.00000000
      0.00000000
      0.00000000
      0.00000000
      0.00000000
      0.00000000
      0.00000000
      0.00000000
      0.00000000
      0.00000000
      0.00000000
      0.00000000
      0.00000000
      0.00000000
      0.00000000
      0.00000000
      0.00000000
      0.00000000
      0.00000000
      0.00000000
      0.00000000
      0.00000000
      0.00000000
      0.00000000
      0.00000000
      0.00000000
      0.00000000
      0.00000000
      0.00000000
      0.00000000
      0.00000000
      0.00000000
      0.00000000
      0.00000000
      0.00000000
      0.00000000
      0.00000000
      0.00000000
      0.00000000
      0.00000000
      0.00000000
      0.00000000
      0.00000000
      0.00000000
      0.00000000
      0.00000000
      0.00000000
