             NaN
     -1.30347495
     -0.92444158
     -0.62580486
     -0.36487432
     -0.10347292
      0.19753697
      0.58384372
      1.07917366
      1.60524202
      2.04111663
      2.37141888
      2.63908079
      2.88608533
     -3.13336905
     -2.80993041
     -2.37856575
     -1.84520703
     -1.33801030
     -0.94995736
     -0.65741748
     -0.41204314
     -0.17433334
      0.09354112
      0.43942449
      0.91120663
      1.46531712
      1.94453236
      2.29393580
      2.55864373
      2.78678798
      3.01569050
     -2.99920871
     -2.63897472
     -2.13881217
     -1.57327389
     -1.11483561
     -0.79114423
     -0.54641191
     -0.33346370
     -0.11681032
      0.14175620
      0.49769460
      1.00646355
      1.58670762
      2.04543713
      2.35955077
      2.59174648
      2.79018619
      2.98878042
     -3.06059267
     -2.73868181
     -2.25808942
     -1.65744554
     -1.16002874
     -0.82959519
     -0.59825919
     -0.41143148
     -0.23502012
     -0.03942674
      0.21656806
      0.60373524
      1.17918603
      1.77069116
      2.17558861
      2.43526946
      2.62333510
      2.78197454
      2.93793305
      3.11750160
     -2.92112217
     -2.53333557
     -1.93345132
     -1.32875339
     -0.93837742
     -0.69891531
     -0.53152903
     -0.39577957
     -0.26886352
     -0.13191064
      0.04072595
      0.29907812
      0.74436052
      1.41226441
      1.97267972
      2.29405121
      2.48591288
      2.61810955
      2.72220546
      2.81450476
      2.90627250
      3.00928086
     -3.14109504
     -2.93925806
     -2.57405850
     -1.91987635
     -1.26440963
     -0.90245381
     -0.71048306
     -0.59390661
     -0.51438295
     -0.45542128
     -0.40902757
     -0.37090569
     -0.33854935
     -0.31039791
     -0.28542708
     -0.26293500
     -0.24242316
     -0.22352663
     -0.20597122
     -0.18954627
     -0.17408676
     -0.15946118
     -0.14556309
     -0.13230517
     -0.11961492
     -0.10743141
     -0.09570298
     -0.08438532
     -0.07344018
     -0.06283417
     -0.05253798
     -0.04252562
     -0.03277390
     -0.02326196
     -0.01397090
     -0.00488341
      0.00401645
      0.01274349
      0.02131166
      0.02973418
      0.03802374
      0.04619269
      0.05425318
      0.06221739
      0.07009766
      0.07790680
      0.08565824
      0.09336644
      0.10104723
      0.10871830
      0.11639990
      0.12411565
      0.13189371
      0.13976815
      0.14778006
      0.15597693
      0.16440550
      0.17308907
      0.18197927
      0.19088966
      0.19946085
      0.20722721
      0.21378025
      0.21892288
      0.22271548
      0.22540061
      0.22727688
      0.22860541
      0.22957580
      0.23031191
      0.23089079
      0.23136009
      0.23175001
      0.23208043
      0.23236499
      0.23261343
      0.23283290
      0.23302878
      0.23320522
      0.23336549
      0.23351216
      0.23364733
      0.23377268
      0.23388963
      0.23399932
      0.23410274
      0.23420071
      0.23429392
      0.23438298
      0.23446839
      0.23455061
      0.23463001
      0.23470693
      0.23478167
      0.23485449
      0.23492562
      0.23499525
      0.23506358
      0.23513075
      0.23519692
      0.23526220
      0.23532672
      0.23539058
      0.23545386
      0.23551664
      0.23557900
      0.23564100
      0.23570273
      0.23576426
      0.23582564
      0.23588690
      0.23594796
      0.23600860
      0.23606849
      0.23612728
      0.23618485
      0.23624164
      0.23629884
      0.23635822
      0.23642126
      0.23648745
      0.23655227
      0.23660560
      0.23663197
      0.23661355
      0.23653596
      0.23639512
      0.23620233
      0.23598435
      0.23577749
      0.23561754
      0.23552975
      0.23552300
      0.23558981
      0.23571126
      0.23586389
      0.23602593
      0.23618133
      0.23632121
      0.23644323
      0.23654983
      0.23664611
      0.23673784
      0.23683011
      0.23692655
      0.23702911
      0.23713827
      0.23725342
      0.23737337
      0.23749666
      0.23762194
      0.23774803
      0.23787408
      0.23799950
      0.23812397
      0.23824734
      0.23836958
      0.23849077
      0.23861102
      0.23873046
      0.23884924
      0.23896749
      0.23908536
      0.23920298
      0.23932047
      0.23943796
      0.23955558
      0.23967345
      0.23979171
      0.23991048
      0.24002992
      0.24015017
      0.24027136
      0.24039361
      0.24051697
      0.24064144
      0.24076687
      0.24089292
      0.24101901
      0.24114428
      0.24126758
      0.24138752
      0.24150268
      0.24161183
      0.24171439
      0.24181083
      0.24190311
      0.24199484
      0.24209111
      0.24219772
      0.24231974
      0.24245961
      0.24261502
      0.24277706
      0.24292968
      0.24305114
      0.24311795
      0.24311120
      0.24302341
      0.24286345
      0.24265659
      0.24243861
      0.24224582
      0.24210499
      0.24202739
      0.24200898
      0.24203535
      0.24208868
      0.24215349
      0.24221968
      0.24228272
      0.24234211
      0.24239931
      0.24245609
      0.24251366
      0.24257245
      0.24263234
      0.24269299
      0.24275405
      0.24281530
      0.24287669
      0.24293821
      0.24299994
      0.24306195
      0.24312431
      0.24318709
      0.24325037
      0.24331422
      0.24337874
      0.24344403
      0.24351019
      0.24357737
      0.24364569
      0.24371533
      0.24378645
      0.24385927
      0.24393402
      0.24401094
      0.24409034
      0.24417255
      0.24425797
      0.24434702
      0.24444023
      0.24453820
      0.24464162
      0.24475132
      0.24486826
      0.24499362
      0.24512878
      0.24527546
      0.24543572
      0.24561217
      0.24580805
      0.24602751
      0.24627595
      0.24656052
      0.24689094
      0.24728086
      0.24775016
      0.24832903
      0.24906514
      0.25003553
      0.25136407
      0.25324034
      0.25592546
      0.25971807
      0.26486069
      0.27141373
      0.27918009
      0.28775128
      0.29666167
      0.30555188
      0.31423545
      0.32266401
      0.33086089
      0.33887280
      0.34674723
      0.35452529
      0.36224104
      0.36992264
      0.37759372
      0.38527450
      0.39298271
      0.40073415
      0.40854328
      0.41642356
      0.42438776
      0.43244825
      0.44061720
      0.44890676
      0.45732928
      0.46589745
      0.47462450
      0.48352435
      0.49261184
      0.50190291
      0.51141484
      0.52116656
      0.53117892
      0.54147512
      0.55208112
      0.56302627
      0.57434392
      0.58607236
      0.59825586
      0.61094612
      0.62420403
      0.63810213
      0.65272771
      0.66818721
      0.68461216
      0.70216758
      0.72106411
      0.74157594
      0.76406802
      0.78903885
      0.81719029
      0.84954663
      0.88766852
      0.93406223
      0.99302389
      1.07254756
      1.18912401
      1.38109476
      1.74305057
      2.39851730
      3.05269944
     -2.86528631
     -2.66344932
     -2.53063992
     -2.42763156
     -2.33586382
     -2.24356452
     -2.13946860
     -2.00727194
     -1.81541027
     -1.49403878
     -0.93362346
     -0.26571957
      0.17956283
      0.43791500
      0.61055159
      0.74750446
      0.87442051
      1.01016998
      1.17755625
      1.41701837
      1.80739434
      2.41209227
      3.01197652
     -2.88342220
     -2.63886066
     -2.45929211
     -2.30333360
     -2.14469416
     -1.95662851
     -1.69694766
     -1.29205021
     -0.70054508
     -0.12509430
      0.26207289
      0.51806769
      0.71366107
      0.89007242
      1.07690014
      1.30823613
      1.63866969
      2.13608649
      2.73673037
     -3.06586255
     -2.74395169
     -2.51013948
     -2.31154525
     -2.11310553
     -1.88090983
     -1.56679618
     -1.10806668
     -0.52782260
     -0.01905366
      0.33688474
      0.59545126
      0.81210464
      1.02505285
      1.26978518
      1.59347655
      2.05191483
      2.61745311
      3.11761566
     -2.80533566
     -2.53704955
     -2.30814703
     -2.08000278
     -1.81529486
     -1.46589141
     -0.98667618
     -0.43256568
      0.03921645
      0.38509983
      0.65297429
      0.89068408
      1.13605843
      1.42859830
      1.81665124
      2.32384798
      2.85720669
     -2.99461396
     -2.67117531
     -2.40744439
     -2.16043984
     -1.89277794
     -1.56247569
     -1.12660108
     -0.60053271
     -0.10520278
      0.28110398
      0.58211387
      0.84351527
      1.10444580
      1.40308252
      1.78211589
      0.00000000
