      0.00000000
      0.98941762
      1.38004262
      1.77066762
      2.16129262
      2.55191762
      2.94254262
     -2.95001769
     -2.55939269
     -2.16876769
     -1.77814269
     -1.38751769
     -0.99689269
     -0.60626769
     -0.21564269
      0.17498231
      0.56560731
      0.95623231
      1.34685731
      1.73748231
      2.12810731
      2.51873231
      2.90935731
     -2.98320300
     -2.59257800
     -2.20195300
     -1.81132800
     -1.42070300
     -1.03007800
     -0.63945300
     -0.24882800
      0.14179700
      0.53242200
      0.92304700
      1.31367200
      1.70429700
      2.09492200
      2.48554700
      2.87617200
     -3.01638830
     -2.62576330
     -2.23513830
     -1.84451330
     -1.45388830
     -1.06326330
     -0.67263830
     -0.28201330
      0.10861170
      0.49923670
      0.88986170
      1.28048670
      1.67111170
      2.06173670
      2.45236170
      2.84298670
     -3.04957361
     -2.65894861
     -2.26832361
     -1.87769861
     -1.48707361
     -1.09644861
     -0.70582361
     -0.31519861
      0.07542639
      0.46605139
      0.85667639
      1.24730139
      1.63792639
      2.02855139
      2.41917639
      2.80980139
     -3.08275892
     -2.69213392
     -2.30150892
     -1.91088392
     -1.52025892
     -1.12963392
     -0.73900892
     -0.34838392
      0.04224108
      0.43286608
      0.82349108
      1.21411608
      1.60474108
      1.99536608
      2.38599108
      2.77661608
     -3.11594423
     -2.72531923
     -2.33469423
     -1.94406923
     -1.55344423
     -1.16281923
     -0.77219423
     -0.38156923
      0.00905577
      0.39968077
      0.79030577
      1.18093077
      1.57155577
      1.96218077
      2.35280576
      2.74343076
      3.13405576
     -2.75850455
     -2.36787955
     -1.97725455
     -1.58662954
     -1.19600453
     -0.80537952
     -0.41475450
     -0.02412947
      0.36649557
      0.75712062
      1.14774568
      1.53837076
      1.92899584
      2.31962092
      2.71024599
      3.10087104
     -2.79168925
     -2.40106429
     -2.01043940
     -1.61981460
     -1.22918991
     -0.83856535
     -0.44794092
     -0.05731664
      0.33330749
      0.72393147
      1.11455529
      1.50517897
      1.89580251
      2.28642592
      2.67704920
      3.06767234
     -2.82488996
     -2.43426711
     -2.04364443
     -1.65302198
     -1.26239978
     -0.87177789
     -0.48115638
     -0.09053531
      0.30008525
      0.69070524
      1.08132404
      1.47193708
      1.86252749
      2.25308980
      2.64386728
      3.03597605
     -2.85190467
     -2.45494889
     -2.06783367
     -1.70700926
     -1.37538465
     -1.05122486
     -0.68696417
     -0.21464242
      0.37364914
      0.90916432
      1.28246153
      1.53908720
      1.73920987
      1.92877348
      2.16482875
      2.58826389
     -2.80720533
     -2.03903637
     -1.70771477
     -1.53641081
     -1.42181013
     -1.32505461
     -1.21626600
     -1.02344738
     -0.22275781
      1.27076829
      1.56664513
      1.66969685
      1.72433620
      1.75955046
      1.78560823
      1.80939783
      1.84976792
     -1.63034956
     -1.38219373
     -1.36513543
     -1.36414131
     -1.37166480
     -1.38820782
     -1.41903132
     -1.48194556
     -1.66697534
      3.13101212
      2.10586671
      1.95145433
      1.88115501
      1.82936605
      1.77841688
      1.71677468
      1.62702399
      1.46329698
      1.04243923
     -0.07809439
     -0.77165965
     -1.01049396
     -1.13409479
     -1.22156504
     -1.29871693
     -1.37930422
     -1.47627751
     -1.60948378
     -1.81914664
     -2.19070945
     -2.79818833
      2.89658363
      2.54479919
      2.34217716
      2.20919285
      2.10953839
      2.02631507
      1.95076376
      1.87786830
      1.80455845
      1.72893001
      1.64989259
      1.56700266
      1.48036780
      1.39056171
      1.29851910
      1.20540309
      1.11245724
      1.02086643
      0.93165070
      0.84560545
      0.76328739
      0.68503478
      0.61100622
      0.54122443
      0.47561591
      0.41404230
      0.35632288
      0.30224933
      0.25159497
      0.20412033
      0.15957648
      0.11770738
      0.07825160
      0.04094381
      0.00551616
     -0.02830061
     -0.06077619
     -0.09218005
     -0.12278106
     -0.15284736
     -0.18264649
     -0.21244562
     -0.24251192
     -0.27311293
     -0.30451679
     -0.33699237
     -0.37080914
     -0.40623679
     -0.44354458
     -0.48300036
     -0.52486946
     -0.56941331
     -0.61688795
     -0.66754231
     -0.72161586
     -0.77933529
     -0.84090889
     -0.90651741
     -0.97629920
     -1.05032776
     -1.12858037
     -1.21089843
     -1.29694369
     -1.38615941
     -1.47775022
     -1.57069608
     -1.66381208
     -1.75585469
     -1.84566078
     -1.93229564
     -2.01518557
     -2.09422299
     -2.16985143
     -2.24316128
     -2.31605674
     -2.39160805
     -2.47483137
     -2.57448583
     -2.70747014
     -2.91009217
      3.02130870
      2.43289535
      1.82541647
      1.45385366
      1.24419080
      1.11098453
      1.01401124
      0.93342395
      0.85627206
      0.76880181
      0.64520098
      0.40636667
     -0.28719860
     -1.40773222
     -1.82858996
     -1.99231698
     -2.08206766
     -2.14370986
     -2.19465903
     -2.24644799
     -2.31674731
     -2.47115969
      2.78688021
      1.30168236
      1.11665258
      1.05373834
      1.02291484
      1.00637182
      0.99884833
      0.99984245
      1.01690075
      1.26505658
     -2.21506090
     -2.17469081
     -2.15090121
     -2.12484344
     -2.08962918
     -2.03498983
     -1.93193811
     -1.63606127
     -0.14253517
      0.65815440
      0.85097302
      0.95976163
      1.05651715
      1.17111783
      1.34242179
      1.67374339
      2.44191235
     -2.95355687
     -2.53012173
     -2.29406646
     -2.10450285
     -1.90438018
     -1.64775452
     -1.27445730
     -0.73894212
     -0.15065056
      0.32167119
      0.68593188
      1.01009167
      1.34171628
      1.70254069
      2.08965591
      2.48661169
      2.88191628
     -3.00916026
     -2.61838278
     -2.22782047
     -1.83723006
     -1.44661702
     -1.05599822
     -0.66537823
     -0.27475767
      0.11586340
      0.50648491
      0.89710680
      1.28772900
      1.67835145
      2.06897412
      2.45959698
      2.85021998
     -3.04234218
     -2.65171890
     -2.26109549
     -1.87047195
     -1.47984827
     -1.08922445
     -0.69860047
     -0.30797634
      0.08264794
      0.47327236
      0.86389693
      1.25452162
      1.64514642
      2.03577131
      2.42639627
      2.81702129
     -3.07553897
     -2.68491390
     -2.29428882
     -1.90366374
     -1.51303867
     -1.12241360
     -0.73178855
     -0.34116351
      0.04946152
      0.44008654
      0.83071155
      1.22133656
      1.61196156
      2.00258657
      2.39321157
      2.78383656
     -3.10872374
     -2.71809875
     -2.32747375
     -1.93684875
     -1.54622375
     -1.15559875
     -0.76497375
     -0.37434875
      0.01627625
      0.40690125
      0.79752625
      1.18815125
      1.57877625
      1.96940124
      2.36002624
      2.75065124
      3.14127624
     -2.75128406
     -2.36065906
     -1.97003406
     -1.57940906
     -1.18878406
     -0.79815906
     -0.40753406
     -0.01690906
      0.37371594
      0.76434094
      1.15496594
      1.54559094
      1.93621594
      2.32684094
      2.71746594
      3.10809094
     -2.78446937
     -2.39384437
     -2.00321937
     -1.61259437
     -1.22196937
     -0.83134437
     -0.44071937
     -0.05009437
      0.34053063
      0.73115563
      1.12178063
      1.51240563
      1.90303063
      2.29365563
      2.68428063
      3.07490563
     -2.81765468
     -2.42702968
     -2.03640468
     -1.64577968
     -1.25515468
     -0.86452968
     -0.47390468
     -0.08327968
      0.30734532
      0.69797032
      1.08859532
      1.47922032
      1.86984532
      2.26047032
      2.65109532
      3.04172032
     -2.85083998
     -2.46021498
     -2.06958998
     -1.67896498
     -1.28833998
     -0.89771498
     -0.50708998
     -0.11646498
      0.27416002
      0.66478502
      1.05541002
      1.44603502
      1.83666002
      2.22728502
      2.61791002
      3.00853502
     -2.88402529
     -2.49340029
     -2.10277529
     -1.71215029
     -1.32152529
     -0.93090029
     -0.54027529
     -0.14965029
      0.24097471
      0.63159971
      1.02222471
      1.41284971
      1.80347471
      2.19409971
      2.58472471
      2.97534971
     -2.91721060
     -2.52658560
     -2.13596060
     -1.74533560
     -1.35471060
      0.00000000
