      0.00000000
     -3.05752078
      2.83503953
      2.44441453
      2.05378953
      1.66316453
      1.27253953
      0.88191453
      0.49128953
      0.10066453
     -0.28996047
     -0.68058547
     -1.07121047
     -1.46183547
     -1.85246047
     -2.24308547
     -2.63371047
     -3.02433547
      2.86822484
      2.47759984
      2.08697484
      1.69634984
      1.30572484
      0.91509984
      0.52447484
      0.13384984
     -0.25677516
     -0.64740016
     -1.03802516
     -1.42865016
     -1.81927516
     -2.20990016
     -2.60052516
     -2.99115016
      2.90141014
      2.51078514
      2.12016014
      1.72953514
      1.33891014
      0.94828514
      0.55766014
      0.16703514
     -0.22358986
     -0.61421486
     -1.00483986
     -1.39546486
     -1.78608986
     -2.17671486
     -2.56733986
     -2.95796486
      2.93459545
      2.54397045
      2.15334545
      1.76272045
      1.37209545
      0.98147045
      0.59084545
      0.20022045
     -0.19040455
     -0.58102955
     -0.97165455
     -1.36227955
     -1.75290455
     -2.14352955
     -2.53415455
     -2.92477955
      2.96778076
      2.57715576
      2.18653076
      1.79590576
      1.40528076
      1.01465576
      0.62403076
      0.23340576
     -0.15721924
     -0.54784424
     -0.93846924
     -1.32909424
     -1.71971924
     -2.11034424
     -2.50096924
     -2.89159424
      3.00096607
      2.61034107
      2.21971607
      1.82909107
      1.43846607
      1.04784107
      0.65721607
      0.26659107
     -0.12403393
     -0.51465893
     -0.90528393
     -1.29590893
     -1.68653393
     -2.07715893
     -2.46778393
     -2.85840893
      3.03415137
      2.64352637
      2.25290137
      1.86227637
      1.47165137
      1.08102637
      0.69040137
      0.29977637
     -0.09084863
     -0.48147363
     -0.87209863
     -1.26272363
     -1.65334863
     -2.04397364
     -2.43459864
     -2.82522364
      3.06733666
      2.67671165
      2.28608664
      1.89546163
      1.50483662
      1.11421160
      0.72358659
      0.33296158
     -0.05766343
     -0.44828844
     -0.83891344
     -1.22953844
     -1.62016342
     -2.01078839
     -2.40141333
     -2.79203825
      3.10052218
      2.70989735
      2.31927259
      1.92864789
      1.53802329
      1.14739880
      0.75677443
      0.36615022
     -0.02447381
     -0.41509764
     -0.80572124
     -1.19634458
     -1.58696762
     -1.97759034
     -2.36821270
     -2.75883467
      3.13372912
      2.74310833
      2.35248920
      1.96187204
      1.57124389
      1.18054525
      0.78967653
      0.39871668
      0.00829405
     -0.38058843
     -0.76768345
     -1.15451002
     -1.54383487
     -1.93760626
     -2.33474797
     -2.73081558
     -3.12050844
      2.78181606
      2.40745528
      2.03338388
      1.65247203
      1.26068746
      0.86066661
      0.46164491
      0.07388894
     -0.29813614
     -0.65803849
     -1.01512990
     -1.38032198
     -1.76129206
     -2.15721089
     -2.55670389
     -2.94412947
      2.97295099
      2.62640119
      2.28945542
      1.94877518
      1.59213064
      1.21388672
      0.82075824
      0.43089244
      0.06210351
     -0.27948972
     -0.59992811
     -0.91189615
     -1.23002076
     -1.56724671
     -1.92967522
     -2.31011891
     -2.68822272
     -3.04318611
      2.91637986
      2.61915609
      2.33649197
      2.05443921
      1.75935215
      1.44055543
      1.09555898
      0.73575984
      0.38368361
      0.05903615
     -0.23176624
     -0.49375605
     -0.73706252
     -0.97290556
     -1.21218262
     -1.46483919
     -1.73836884
     -2.03441310
     -2.34476210
     -2.65197660
     -2.93775264
      3.09139049
      2.87006695
      2.67713932
      2.50681624
      2.35374490
      2.21357641
      2.08296158
      1.95938877
      1.84101905
      1.72655797
      1.61516085
      1.50635734
      1.39998217
      1.29610473
      1.19495663
      1.09686096
      1.00216926
      0.91121132
      0.82426035
      0.74151340
      0.66308444
      0.58900667
      0.51924048
      0.45368401
      0.39218446
      0.33454859
      0.28055218
      0.22994782
      0.18247146
      0.13784758
      0.09579331
      0.05602161
      0.01824363
     -0.01782961
     -0.05248608
     -0.08601218
     -0.11869251
     -0.15081004
     -0.18264649
     -0.21448294
     -0.24660047
     -0.27928080
     -0.31280690
     -0.34746338
     -0.38353661
     -0.42131459
     -0.46108629
     -0.50314056
     -0.54776444
     -0.59524080
     -0.64584516
     -0.69984158
     -0.75747744
     -0.81897699
     -0.88453346
     -0.95429965
     -1.02837742
     -1.10680638
     -1.18955334
     -1.27650430
     -1.36746224
     -1.46215394
     -1.56024961
     -1.66139771
     -1.76527515
     -1.87165032
     -1.98045383
     -2.09185095
     -2.20631203
     -2.32468175
     -2.44825456
     -2.57886939
     -2.71903788
     -2.87210922
     -3.04243230
      3.04782538
      2.82650183
      2.57245966
      2.28668362
      1.97946912
      1.66912012
      1.37307586
      1.09954621
      0.84688964
      0.60761258
      0.37176954
      0.12846307
     -0.13352674
     -0.42432913
     -0.74897659
     -1.10105282
     -1.46085196
     -1.80584841
     -2.12464513
     -2.41973219
     -2.70178496
     -2.98444907
      3.00151247
      2.67789313
      2.32292974
      1.94482593
      1.56438224
      1.20195373
      0.86472778
      0.54660317
      0.23463513
     -0.08580326
     -0.42739649
     -0.79618542
     -1.18605122
     -1.57917970
     -1.95742362
     -2.31406816
     -2.65474840
     -2.99169417
      2.94494134
      2.57883649
      2.19141091
      1.79191791
      1.39599908
      1.01502899
      0.64983692
      0.29274551
     -0.06715684
     -0.43918192
     -0.82693789
     -1.22595960
     -1.62598044
     -2.01776501
     -2.39867686
     -2.77274826
      3.13607626
      2.75521546
      2.36552260
      1.96945499
      1.57231328
      1.17854189
      0.78921704
      0.40239047
      0.01529545
     -0.37358703
     -0.76400966
     -1.15496951
     -1.54583823
     -1.93653687
     -2.32716502
     -2.71778218
     -3.10840131
      2.78416321
      2.39354169
      2.00291972
      1.61229736
      1.22167464
      0.83105160
      0.44042826
      0.04980466
     -0.34081917
     -0.73144320
     -1.12206741
     -1.51269178
     -1.90331627
     -2.29394087
     -2.68456557
     -3.07519034
      2.81737014
      2.42674527
      2.03612035
      1.64549541
      1.25487044
      0.86424546
      0.47362046
      0.08299546
     -0.30762955
     -0.69825456
     -1.08887957
     -1.47950459
     -1.87012960
     -2.26075461
     -2.65137962
     -3.04200463
      2.85055567
      2.45993066
      2.06930566
      1.67868065
      1.28805565
      0.89743065
      0.50680565
      0.11618065
     -0.27444435
     -0.66506936
     -1.05569436
     -1.44631936
     -1.83694436
     -2.22756936
     -2.61819436
     -3.00881935
      2.88374095
      2.49311595
      2.10249095
      1.71186595
      1.32124095
      0.93061595
      0.53999095
      0.14936595
     -0.24125905
     -0.63188405
     -1.02250905
     -1.41313405
     -1.80375905
     -2.19438405
     -2.58500905
     -2.97563405
      2.91692626
      2.52630126
      2.13567626
      1.74505126
      1.35442626
      0.96380126
      0.57317626
      0.18255126
     -0.20807374
     -0.59869874
     -0.98932374
     -1.37994874
     -1.77057374
     -2.16119874
     -2.55182374
     -2.94244874
      2.95011157
      2.55948657
      2.16886157
      1.77823657
      1.38761157
      0.99698657
      0.60636157
      0.21573657
     -0.17488843
     -0.56551343
     -0.95613843
     -1.34676343
     -1.73738843
     -2.12801343
     -2.51863843
     -2.90926343
      2.98329687
      2.59267187
      2.20204687
      1.81142187
      1.42079687
      1.03017187
      0.63954687
      0.24892187
     -0.14170313
     -0.53232813
     -0.92295313
     -1.31357813
     -1.70420313
     -2.09482813
     -2.48545313
     -2.87607813
      3.01648218
      2.62585718
      2.23523218
      1.84460718
      1.45398218
      1.06335718
      0.67273218
      0.28210718
     -0.10851782
     -0.49914282
     -0.88976782
     -1.28039282
     -1.67101782
     -2.06164282
     -2.45226782
     -2.84289282
      3.04966749
      2.65904249
      2.26841749
      1.87779249
      1.48716749
      1.09654249
      0.70591749
      0.31529249
     -0.07533251
     -0.46595751
     -0.85658251
     -1.24720751
     -1.63783251
     -2.02845751
     -2.41908251
     -2.80970751
      3.08285280
      2.69222780
      0.00000000
