      0.00000000
     -1.36714559
     -1.74617857
     -2.04481306
     -2.30574085
     -2.56713947
     -2.86814710
      3.02873175
      2.53339799
      2.00732429
      1.57144821
      1.24114758
      0.97348835
      0.72648671
      0.46275856
      0.13932178
     -0.29204406
     -0.82540841
     -1.33260958
     -1.72066239
     -2.01319993
     -2.25857137
     -2.49627818
     -2.76414990
     -3.11003187
      2.70136856
      2.14725136
      1.66803294
      1.31863069
      1.05392547
      0.82578425
      0.59688479
      0.32860144
     -0.03163148
     -0.53179800
     -1.09734358
     -1.55578417
     -1.87947377
     -2.12420319
     -2.33714830
     -2.55379856
     -2.81236220
      3.11488591
      2.60611263
      2.02586047
      1.56712866
      1.25301698
      1.02082427
      0.82238769
      0.62379662
      0.38998750
      0.06807863
     -0.41251679
     -1.01316986
     -1.51059059
     -1.84102250
     -2.07235549
     -2.25918008
     -2.43558829
     -2.63117847
     -2.88717031
      3.00884824
      2.43338977
      1.84187595
      1.43697817
      1.17730010
      0.98923758
      0.83060119
      0.67464574
      0.49508041
      0.25052197
     -0.13726417
     -0.73715744
     -1.34186479
     -1.73224062
     -1.97169977
     -2.13908297
     -2.27482955
     -2.40174278
     -2.53869269
     -2.71132604
     -2.96967516
      2.86822631
      2.20030924
      1.63988697
      1.31851736
      1.12665883
      0.99446501
      0.89037161
      0.79807467
      0.70630931
      0.60330354
      0.47049715
      0.26866357
     -0.09653476
     -0.75072910
     -1.40620831
     -1.76816314
     -1.96013073
     -2.07670450
     -2.15622605
     -2.21518600
     -2.26157826
     -2.29969889
     -2.33205410
     -2.36020451
     -2.38517438
     -2.40766555
     -2.42817652
     -2.44707222
     -2.46462682
     -2.48105098
     -2.49650971
     -2.51113453
     -2.52503187
     -2.53828903
     -2.55097853
     -2.56316129
     -2.57488897
     -2.58620587
     -2.59715026
     -2.60775550
     -2.61805092
     -2.62806250
     -2.63781342
     -2.64732455
     -2.65661480
     -2.66570145
     -2.67460046
     -2.68332664
     -2.69189392
     -2.70031553
     -2.70860416
     -2.71677214
     -2.72483165
     -2.73279483
     -2.74067406
     -2.74848210
     -2.75623241
     -2.76393944
     -2.77161900
     -2.77928879
     -2.78696904
     -2.79468337
     -2.80245993
     -2.81033277
     -2.81834297
     -2.82653800
     -2.83496457
     -2.84364592
     -2.85253366
     -2.86144124
     -2.87000916
     -2.87777165
     -2.88432002
     -2.88945698
     -2.89324274
     -2.89591968
     -2.89778631
     -2.89910365
     -2.90006125
     -2.90078295
     -2.90134577
     -2.90179736
     -2.90216790
     -2.90247727
     -2.90273912
     -2.90296318
     -2.90315658
     -2.90332473
     -2.90347178
     -2.90360099
     -2.90371494
     -2.90381572
     -2.90390503
     -2.90398428
     -2.90405464
     -2.90411709
     -2.90417244
     -2.90422142
     -2.90426462
     -2.90430257
     -2.90433571
     -2.90436445
     -2.90438913
     -2.90441005
     -2.90442748
     -2.90444166
     -2.90445281
     -2.90446112
     -2.90446675
     -2.90446987
     -2.90447062
     -2.90446912
     -2.90446548
     -2.90445982
     -2.90445222
     -2.90444278
     -2.90443158
     -2.90441871
     -2.90440425
     -2.90438830
     -2.90437089
     -2.90435194
     -2.90433128
     -2.90430858
     -2.90428351
     -2.90425597
     -2.90422641
     -2.90419606
     -2.90416671
     -2.90413985
     -2.90411500
     -2.90408764
     -2.90404769
     -2.90397969
     -2.90386585
     -2.90369181
     -2.90345353
     -2.90316236
     -2.90284513
     -2.90253821
     -2.90227746
     -2.90208818
     -2.90197930
     -2.90194337
     -2.90196149
     -2.90201019
     -2.90206773
     -2.90211805
     -2.90215229
     -2.90216812
     -2.90216799
     -2.90215703
     -2.90214103
     -2.90212510
     -2.90211289
     -2.90210638
     -2.90210606
     -2.90211136
     -2.90212109
     -2.90213383
     -2.90214822
     -2.90216313
     -2.90217772
     -2.90219142
     -2.90220392
     -2.90221510
     -2.90222496
     -2.90223358
     -2.90224110
     -2.90224769
     -2.90225350
     -2.90225869
     -2.90226344
     -2.90226788
     -2.90227218
     -2.90227648
     -2.90228093
     -2.90228567
     -2.90229087
     -2.90229667
     -2.90230326
     -2.90231078
     -2.90231941
     -2.90232926
     -2.90234044
     -2.90235294
     -2.90236664
     -2.90238123
     -2.90239614
     -2.90241053
     -2.90242327
     -2.90243300
     -2.90243830
     -2.90243798
     -2.90243147
     -2.90241926
     -2.90240334
     -2.90238733
     -2.90237637
     -2.90237625
     -2.90239207
     -2.90242631
     -2.90247663
     -2.90253417
     -2.90258287
     -2.90260099
     -2.90256506
     -2.90245618
     -2.90226691
     -2.90200615
     -2.90169923
     -2.90138200
     -2.90109084
     -2.90085256
     -2.90067851
     -2.90056467
     -2.90049668
     -2.90045672
     -2.90042937
     -2.90040451
     -2.90037765
     -2.90034830
     -2.90031795
     -2.90028839
     -2.90026085
     -2.90023578
     -2.90021308
     -2.90019242
     -2.90017348
     -2.90015606
     -2.90014011
     -2.90012566
     -2.90011278
     -2.90010158
     -2.90009214
     -2.90008454
     -2.90007888
     -2.90007525
     -2.90007374
     -2.90007449
     -2.90007761
     -2.90008325
     -2.90009155
     -2.90010270
     -2.90011689
     -2.90013432
     -2.90015524
     -2.90017991
     -2.90020865
     -2.90024179
     -2.90027974
     -2.90032294
     -2.90037192
     -2.90042728
     -2.90048972
     -2.90056008
     -2.90063933
     -2.90072865
     -2.90082943
     -2.90094337
     -2.90107258
     -2.90121963
     -2.90138778
     -2.90158119
     -2.90180524
     -2.90206709
     -2.90237646
     -2.90274701
     -2.90319859
     -2.90376141
     -2.90448311
     -2.90544071
     -2.90675805
     -2.90862468
     -2.91130162
     -2.91508738
     -2.92022434
     -2.92677272
     -2.93453520
     -2.94310312
     -2.95201070
     -2.96089844
     -2.96957980
     -2.97800636
     -2.98620139
     -2.99421159
     -3.00208443
     -3.00986099
     -3.01757532
     -3.02525557
     -3.03292536
     -3.04060493
     -3.04831195
     -3.05606226
     -3.06387031
     -3.07174953
     -3.07971272
     -3.08777222
     -3.09594021
     -3.10422883
     -3.11265044
     -3.12121773
     -3.12994390
     -3.13884291
      3.13525574
      3.12596550
      3.11645437
      3.10670344
      3.09669187
      3.08639644
      3.07579120
      3.06484682
      3.05352992
      3.04180223
      3.02961948
      3.01692997
      3.00367281
      2.98977547
      2.97515066
      2.95969193
      2.94326777
      2.92571316
      2.90681746
      2.88630650
      2.86381532
      2.83884545
      2.81069504
      2.77833983
      2.74021921
      2.69382695
      2.63486700
      2.55534545
      2.43877167
      2.24680409
      1.88484926
      1.22937005
      0.57517570
      0.20997737
      0.00814379
     -0.12466260
     -0.22766836
     -0.31943373
     -0.41173067
     -0.51582406
     -0.64801789
     -0.83987642
     -1.16124602
     -1.72166830
     -2.38958536
     -2.83486920
     -3.09321833
      3.01733363
      2.88038372
      2.75347049
      2.61772391
      2.45034071
      2.21088157
      1.82050573
      1.21579838
      0.61590512
      0.22811897
     -0.01643946
     -0.19600480
     -0.35196024
     -0.51059664
     -0.69865916
     -0.95833723
     -1.36323501
     -1.95474883
     -2.53020729
     -2.91737406
      3.10981942
      2.91422924
      2.73782102
      2.55099643
      2.31966345
      1.98923154
      1.49181080
      0.89115774
      0.41056231
      0.08865345
     -0.14515568
     -0.34374674
     -0.54218333
     -0.77437603
     -1.08848771
     -1.54721953
     -2.12747168
     -2.63624497
     -2.99218216
      3.03243950
      2.81578925
      2.60284414
      2.35811472
      2.03442511
      1.57598453
      1.01043894
      0.51027242
      0.15003950
     -0.11824384
     -0.34714331
     -0.57528453
     -0.83998974
     -1.18939200
     -1.66861041
     -2.22272761
     -2.69451249
     -3.04039447
      2.97491913
      2.73721232
      2.49184088
      2.19930333
      1.81125053
      1.30404936
      0.77068501
      0.33931916
      0.01588239
     -0.24784576
     -0.49484741
     -0.76250664
     -1.09280727
     -1.52868335
     -2.05475705
     -2.55009080
     -2.93639727
      3.04578041
      2.78438179
      2.52345401
      2.22481952
      1.84578654
      0.00000000
