      0.00000000
      0.00000000
      0.00000000
      0.00000000
      0.00000000
      0.00000000
      0.00000000
      0.00000000
      0.00000000
      0.00000000
      0.00000000
      0.00000000
      0.00000000
      0.00000000
      0.00000000
      0.00000000
      0.00000000
      0.00000000
      0.00000000
      0.00000000
      0.00000000
      0.00000000
      0.00000000
      0.00000000
      0.00000000
      0.00000000
      0.00000000
      0.00000000
      0.00000000
      0.00000000
      0.00000000
      0.00000000
      0.00000000
      0.00000000
      0.00000000
      0.00000000
      0.00000000
      0.00000000
      0.00000000
      0.00000000
      0.00000000
      0.00000000
      0.00000000
      0.00000000
      0.00000000
      0.00000000
      0.00000000
      0.00000000
      0.00000000
      0.00000000
      0.00000000
      0.00000000
      0.00000000
      0.00000000
      0.00000000
      0.00000000
      0.00000000
      0.00000000
      0.00000000
      0.00000000
      0.00000000
      0.00000000
      0.00000000
      0.00000000
      0.00000000
      0.00000000
      0.00000000
      0.00000000
      0.00000000
      0.00000000
      0.00000000
      0.00000000
      0.00000000
      0.00000000
      0.00000000
      0.00000000
      0.00000000
      0.00000000
      0.00000000
      0.00000000
      0.00000000
      0.00000000
      0.00000000
      0.00000000
      0.00000000
      0.00000000
      0.00000000
      0.00000000
      0.00000000
      0.00000000
      0.00000000
      0.00000000
      0.00000000
      0.00000000
      0.00000000
      0.00000000
      0.00000000
      0.00000000
      0.00000000
      0.00000000
      0.00000000
      0.00000000
      0.00000000
      0.00000000
      0.00000000
      0.00000000
      0.00000000
      0.00000000
      0.00000000
      0.00000000
      0.00000000
      0.00000000
      0.00000000
      0.00000000
      0.00000000
      0.00000000
      0.00000000
      0.00000000
      0.00000000
      0.00000000
      0.00000000
      0.00000000
      0.00000000
      0.00000000
      0.00000000
      0.00000000
      0.00000000
      0.00000000
      0.00000000
      0.00000000
      0.00000000
      0.00000000
      0.00000000
      0.00000000
      0.00000000
      0.00000000
      0.00000000
      0.00000000
      0.00000000
      0.00000000
      0.00000000
      0.00000000
      0.00000000
      0.00000000
      0.00000001
      0.00000004
      0.00000020
      0.00000086
      0.00000316
      0.00001010
      0.00002804
      0.00006771
      0.00014235
      0.00026039
      0.00041698
      0.00059440
      0.00077279
      0.00094014
      0.00109554
      0.00124731
      0.00140667
      0.00157846
      0.00175686
      0.00193094
      0.00209219
      0.00223775
      0.00237128
      0.00250312
      0.00264574
      0.00280387
      0.00297006
      0.00313168
      0.00327967
      0.00341124
      0.00353007
      0.00364676
      0.00377460
      0.00391910
      0.00407261
      0.00422175
      0.00435701
      0.00447544
      0.00458052
      0.00468275
      0.00479596
      0.00492650
      0.00506691
      0.00520339
      0.00532600
      0.00543154
      0.00552321
      0.00561128
      0.00570993
      0.00582630
      0.00595337
      0.00607708
      0.00618706
      0.00627982
      0.00635826
      0.00643236
      0.00651649
      0.00661856
      0.00673213
      0.00684298
      0.00694033
      0.00702038
      0.00708570
      0.00714595
      0.00721560
      0.00730331
      0.00740325
      0.00750117
      0.00758588
      0.00765327
      0.00770555
      0.00775204
      0.00780724
      0.00788053
      0.00796676
      0.00805169
      0.00812376
      0.00817849
      0.00821779
      0.00825061
      0.00829142
      0.00835024
      0.00842268
      0.00849456
      0.00855397
      0.00859607
      0.00862245
      0.00864166
      0.00866812
      0.00871244
      0.00877101
      0.00882980
      0.00887653
      0.00890601
      0.00891950
      0.00892518
      0.00893733
      0.00896713
      0.00901177
      0.00905741
      0.00909144
      0.00910831
      0.00910896
      0.00910116
      0.00909905
      0.00911431
      0.00914496
      0.00917741
      0.00919872
      0.00920298
      0.00919081
      0.00916960
      0.00915327
      0.00915399
      0.00917059
      0.00918979
      0.00919836
      0.00919001
      0.00916505
      0.00913048
      0.00909999
      0.00908617
      0.00908867
      0.00909456
      0.00909037
      0.00906941
      0.00903168
      0.00898381
      0.00893921
      0.00891085
      0.00889920
      0.00889173
      0.00887474
      0.00884116
      0.00879069
      0.00872957
      0.00867093
      0.00862804
      0.00860218
      0.00858130
      0.00855148
      0.00850528
      0.00844207
      0.00836775
      0.00829514
      0.00823774
      0.00819763
      0.00816327
      0.00812057
      0.00806174
      0.00798582
      0.00789836
      0.00781184
      0.00773996
      0.00768555
      0.00763764
      0.00758203
      0.00751054
      0.00742192
      0.00732138
      0.00722104
      0.00713470
      0.00706596
      0.00700441
      0.00693582
      0.00685165
      0.00675035
      0.00663678
      0.00652272
      0.00642198
      0.00633885
      0.00626358
      0.00618193
      0.00608504
      0.00597106
      0.00584455
      0.00571688
      0.00560182
      0.00550426
      0.00541513
      0.00532031
      0.00521064
      0.00508398
      0.00494462
      0.00480351
      0.00467425
      0.00456219
      0.00445902
      0.00435084
      0.00422827
      0.00408892
      0.00393684
      0.00378257
      0.00363929
      0.00351264
      0.00339509
      0.00327318
      0.00313743
      0.00298532
      0.00282076
      0.00265378
      0.00249680
      0.00235529
      0.00222251
      0.00208577
      0.00193585
      0.00177034
      0.00159325
      0.00141387
      0.00124250
      0.00108278
      0.00092810
      0.00076794
      0.00059777
      0.00042495
      0.00026783
      0.00014638
      0.00006884
      0.00002802
      0.00000996
      0.00000310
      0.00000085
      0.00000020
      0.00000004
      0.00000001
      0.00000000
      0.00000000
      0.00000000
      0.00000000
      0.00000000
      0.00000000
      0.00000000
      0.00000000
      0.00000000
      0.00000000
      0.00000000
      0.00000000
      0.00000000
      0.00000000
      0.00000000
      0.00000000
      0.00000000
      0.00000000
      0.00000000
      0.00000000
      0.00000000
      0.00000000
      0.00000000
      0.00000000
      0.00000000
      0.00000000
      0.00000000
      0.00000000
      0.00000000
      0.00000000
      0.00000000
      0.00000000
      0.00000000
      0.00000000
      0.00000000
      0.00000000
      0.00000000
      0.00000000
      0.00000000
      0.00000000
      0.00000000
      0.00000000
      0.00000000
      0.00000000
      0.00000000
      0.00000000
      0.00000000
      0.00000000
      0.00000000
      0.00000000
      0.00000000
      0.00000000
      0.00000000
      0.00000000
      0.00000000
      0.00000000
      0.00000000
      0.00000000
      0.00000000
      0.00000000
      0.00000000
      0.00000000
      0.00000000
      0.00000000
      0.00000000
      0.00000000
      0.00000000
      0.00000000
      0.00000000
      0.00000000
      0.00000000
      0.00000000
      0.00000000
      0.00000000
      0.00000000
      0.00000000
      0.00000000
      0.00000000
      0.00000000
      0.00000000
      0.00000000
      0.00000000
      0.00000000
      0.00000000
      0.00000000
      0.00000000
      0.00000000
      0.00000000
      0.00000000
      0.00000000
      0.00000000
      0.00000000
      0.00000000
      0.00000000
      0.00000000
      0.00000000
      0.00000000
      0.00000000
      0.00000000
      0.00000000
      0.00000000
      0.00000000
      0.00000000
      0.00000000
      0.00000000
      0.00000000
      0.00000000
      0.00000000
      0.00000000
      0.00000000
      0.00000000
      0.00000000
      0.00000000
      0.00000000
      0.00000000
      0.00000000
      0.00000000
      0.00000000
      0.00000000
      0.00000000
      0.00000000
      0.00000000
      0.00000000
      0.00000000
      0.00000000
      0.00000000
      0.00000000
      0.00000000
      0.00000000
      0.00000000
      0.00000000
      0.00000000
      0.00000000
      0.00000000
      0.00000000
      0.00000000
      0.00000000
      0.00000000
      0.00000000
      0.00000000
      0.00000000
      0.00000000
      0.00000000
      0.00000000
