             NaN
      1.24281656
      1.63280028
      2.02299923
      2.41366856
      2.80479189
     -3.08709928
     -2.69602368
     -2.30543483
     -1.91532063
     -1.52539182
     -1.13524567
     -0.74459774
     -0.35345087
      0.03789903
      0.42903039
      0.81964199
      1.20973169
      1.59960194
      1.98968892
      2.38031185
      2.77148369
     -3.12029013
     -2.72909615
     -2.33845800
     -1.94839439
     -1.55858895
     -1.16856855
     -0.77797485
     -0.38677641
      0.00470339
      0.39596797
      0.78663718
      1.17667289
      1.56640625
      1.95635138
      2.34691086
      2.73813770
      3.12969368
     -2.76214704
     -2.37144142
     -1.98143567
     -1.59178295
     -1.20192336
     -0.81140411
     -0.42014679
     -0.02850534
      0.36293048
      0.75367895
      1.14365238
      1.53321429
      1.92297599
      2.31344769
      2.70473786
      3.09647591
     -2.79516877
     -2.40436953
     -2.01443119
     -1.62497237
     -1.23532360
     -0.84490850
     -0.45358275
     -0.06173457
      0.32992755
      0.72078741
      1.11068743
      1.50002808
      1.88954525
      2.27989238
      2.67125689
      3.06323195
     -2.82814889
     -2.43721592
     -2.04735808
     -1.65815442
     -1.26879238
     -0.87852784
     -0.48712082
     -0.09499780
      0.29697563
      0.68799788
      1.07780885
      1.46685155
      1.85602810
      2.24619091
      2.63764491
      3.02994305
     -2.86106517
     -2.46993225
     -2.08017390
     -1.69132345
     -1.30237248
     -0.91233713
     -0.52083077
     -0.12832170
      0.26410551
      0.65537823
      1.04507673
      1.43369302
      1.82236389
      2.21223601
      2.60380119
      2.99656992
     -2.89387372
     -2.50242006
     -2.11279058
     -1.72446659
     -1.33615282
     -0.94649573
     -0.55486414
     -0.16176699
      0.23138209
      0.62307769
      1.01262652
      1.40057404
      1.78841645
      2.17777894
      2.56948502
      2.96301256
     -2.92647387
     -2.53443948
     -2.14498543
     -1.75754363
     -1.37035431
     -0.98141922
     -0.58963336
     -0.19551371
      0.19897223
      0.59151566
      0.98086128
      1.36758169
      1.75379715
      2.14205300
      2.53390556
      2.92890049
     -2.95856051
     -2.56515526
     -2.17590976
     -1.79032020
     -1.40575133
     -1.01876922
     -0.62696872
     -0.23051974
      0.16753035
      0.56279194
      0.95214459
      1.33563504
      1.71656842
      2.10005067
      2.49068293
      2.89001442
     -2.98838004
     -2.58542341
     -2.19193686
     -1.81151334
     -1.44162625
     -1.07453673
     -0.70024973
     -0.31083046
      0.09480148
      0.50849643
      0.91676433
      1.30949002
      1.68593410
      2.05408514
      2.42593923
      2.81173179
     -3.06866800
     -2.65580681
     -2.24636838
     -1.85160974
     -1.47361338
     -1.10513727
     -0.73419130
     -0.34999602
      0.05135625
      0.46374312
      0.87388240
      1.26997174
      1.64907963
      2.01785956
      2.38818947
      2.77117942
     -3.11180314
     -2.69983698
     -2.28914510
     -1.89192807
     -1.51182471
     -1.14271859
     -0.77287815
     -0.39094038
      0.00821147
      0.41975497
      0.83091725
      1.22916996
      1.61022923
      1.97969231
      2.34912174
      2.73008962
      3.12823229
     -2.74385207
     -2.33228012
     -1.93304611
     -1.55104397
     -1.18119087
     -0.81211288
     -0.43206036
     -0.03490763
      0.37572370
      0.78765335
      1.18782976
      1.57077271
      1.94104942
      2.30982674
      2.68900583
      3.08517782
     -2.78787584
     -2.37563644
     -1.97454947
     -1.59066289
     -1.21992913
     -0.85140622
     -0.47306484
     -0.07786901
      0.33173174
      0.74423501
      1.14620393
      1.53103904
      1.90226292
      2.27057512
      2.64811142
      3.04233366
     -2.83181320
     -2.41909081
     -2.01626717
     -1.63047795
     -1.25873142
     -0.89058769
     -0.51382536
     -0.12057475
      0.28787038
      0.70076781
      1.10441936
      1.49116823
      1.86346936
      2.23148594
      2.60750483
      2.99978593
     -2.87557786
     -2.46254900
     -2.05809644
     -1.67038284
     -1.29749579
     -0.92956555
     -0.55425966
     -0.16294532
      0.24422323
      0.65734032
      1.06256662
      1.45124937
      1.82475312
      2.19263755
      2.56726111
      2.95761234
     -2.91908570
     -2.50592319
     -2.09995086
     -1.71029520
     -1.33614444
     -0.96826540
     -0.59429304
     -0.20490028
      0.20087855
      0.61404411
      1.02073437
      1.41136611
      1.78619391
      2.15410811
      2.52746095
      2.91590095
     -2.96224000
     -2.54911326
     -2.14173337
     -1.75012269
     -1.37458781
     -1.00659751
     -0.63383182
     -0.24633792
      0.15794699
      0.57099367
      0.97903501
      1.37162769
      1.74790027
      2.11600839
      2.48822006
      2.87477528
     -3.00490872
     -2.59198262
     -2.18330729
     -1.78972841
     -1.41268594
     -1.04441685
     -0.67272523
     -0.28710093
      0.11559292
      0.52835879
      0.93764245
      1.33221456
      1.71006241
      2.07853829
      2.44974484
      2.83444540
     -3.04687804
     -2.63431109
     -2.22444107
     -1.82886255
     -1.45016698
     -1.08143348
     -0.71067583
     -0.32689426
      0.07410813
      0.48643850
      0.89688056
      1.29349177
      1.67309174
      2.04214380
      2.41249029
      2.79535077
     -3.08772750
     -2.67567059
     -2.26465419
     -1.86695420
     -1.48636043
     -1.11690623
     -0.74693114
     -0.36501277
      0.03413936
      0.44588522
      0.85751976
      1.25644265
      1.63820700
      2.00820722
      2.37785248
      2.75874624
     -3.12638064
     -2.71499204
     -2.30256118
     -1.90201091
     -1.51858330
     -1.14767146
     -0.77832992
     -0.39884928
     -0.00244334
      0.40847612
      0.82271749
      1.22724458
      1.61545314
      1.98974584
      2.35837352
      2.73069579
      3.11334929
     -2.77530771
     -2.37286482
     -1.96972992
     -1.57231191
     -1.18302079
     -0.79987285
     -0.41828582
     -0.03354419
      0.35703807
      0.75290489
      1.15066871
      1.54617765
      1.93695633
      2.32337552
      2.70808098
      3.09438070
     -2.79868025
     -2.40471009
     -2.00903181
     -1.61462740
     -1.22353763
     -0.83578585
     -0.44956577
     -0.06236707
      0.32764863
      0.72067520
      1.11519218
      1.50889667
      1.90008416
      2.28858306
      2.67572675
      3.06351729
     -2.82967927
     -2.43723008
     -2.04346817
     -1.65025015
     -1.25903017
     -0.87004710
     -0.48227305
     -0.09405979
      0.29592882
      0.68798505
      1.08121203
      1.47407025
      1.86529715
      2.25462083
      2.64285522
      3.03138728
     -2.86179906
     -2.47002810
     -2.07720150
     -1.68462134
     -1.29339911
     -0.90382282
     -0.51523660
     -0.12645452
      0.26355929
      0.65511404
      1.04762918
      1.43998728
      1.83119909
      2.22096973
      2.60983391
      2.99881796
     -2.89433671
     -2.50295101
     -2.11068524
     -1.71850909
     -1.32731068
     -0.93738639
     -0.54829698
     -0.15914590
      0.23090238
      0.62215274
      1.01421432
      1.40623828
      1.79742171
      2.18747007
      2.57674571
      2.96603757
     -2.92708159
     -2.53594161
     -2.14405033
     -1.75215583
     -1.36098817
     -0.97083791
     -0.58140572
     -0.19199333
      0.19809059
      0.58913917
      0.98088628
      1.37266907
      1.76382065
      2.15405576
      2.54362135
      2.93313832
     -2.95994558
     -2.56897364
     -2.17735012
     -1.78566487
     -1.39452941
     -1.00422282
     -0.61454222
     -0.22493354
      0.16518498
      0.55609200
      0.94760844
      1.33920766
      1.73032715
      2.12069451
      2.51047523
      2.90016510
     -2.99288500
     -2.60203345
     -2.21061062
     -1.81908789
     -1.42798413
     -1.03756469
     -0.64769614
     -0.25793383
      0.13221760
      0.52302146
      0.91436187
      1.30581609
      1.69690442
      2.08736874
      2.47731489
      2.86714226
     -3.02587585
     -2.63511324
     -2.24384583
     -1.85245335
     -1.46138011
     -1.07087694
     -0.68086186
     -0.29097573
      0.09920679
      0.48993362
      0.88113602
      1.27247259
      1.66353108
      2.05406801
      2.44414459
      2.83408404
     -3.05890385
     -2.66820815
     -2.27706387
     -1.88577816
     -1.49473407
     -1.10416776
     -0.71403434
      0.00000000
