      0.00000000
      0.00000023
      0.00000140
      0.00000482
      0.00001195
      0.00002365
      0.00003953
      0.00005777
      0.00007550
      0.00008970
      0.00009822
      0.00010056
      0.00009820
      0.00009429
      0.00009274
      0.00009706
      0.00010912
      0.00012855
      0.00015285
      0.00017821
      0.00020073
      0.00021753
      0.00022746
      0.00023128
      0.00023134
      0.00023083
      0.00023288
      0.00023974
      0.00025215
      0.00026929
      0.00028914
      0.00030914
      0.00032700
      0.00034127
      0.00035161
      0.00035878
      0.00036429
      0.00036993
      0.00037727
      0.00038725
      0.00040003
      0.00041501
      0.00043110
      0.00044708
      0.00046193
      0.00047509
      0.00048653
      0.00049667
      0.00050622
      0.00051597
      0.00052654
      0.00053826
      0.00055115
      0.00056491
      0.00057910
      0.00059324
      0.00060697
      0.00062009
      0.00063261
      0.00064470
      0.00065663
      0.00066865
      0.00068097
      0.00069371
      0.00070684
      0.00072028
      0.00073389
      0.00074754
      0.00076113
      0.00077462
      0.00078801
      0.00080134
      0.00081467
      0.00082804
      0.00084147
      0.00085494
      0.00086844
      0.00088195
      0.00089548
      0.00090906
      0.00092277
      0.00093666
      0.00095081
      0.00096523
      0.00097986
      0.00099459
      0.00100923
      0.00102357
      0.00103744
      0.00105076
      0.00106361
      0.00107623
      0.00108902
      0.00110246
      0.00111703
      0.00113303
      0.00115045
      0.00116891
      0.00118761
      0.00120546
      0.00122125
      0.00123394
      0.00124303
      0.00124889
      0.00125291
      0.00125753
      0.00126588
      0.00128112
      0.00130557
      0.00133979
      0.00138191
      0.00142735
      0.00146912
      0.00149860
      0.00150702
      0.00148763
      0.00143867
      0.00136669
      0.00128889
      0.00123212
      0.00122702
      0.00129836
      0.00145635
      0.00169404
      0.00199164
      0.00232268
      0.00265570
      0.00294781
      0.00313116
      0.00310127
      0.00273389
      0.00198214
      0.00106925
      0.00055077
      0.00086416
      0.00179400
      0.00276682
      0.00344580
      0.00381613
      0.00397878
      0.00399305
      0.00382212
      0.00335778
      0.00254508
      0.00160893
      0.00111960
      0.00148524
      0.00241751
      0.00332274
      0.00390366
      0.00418498
      0.00428419
      0.00426069
      0.00406929
      0.00358813
      0.00274866
      0.00177750
      0.00127279
      0.00166030
      0.00262306
      0.00353681
      0.00410544
      0.00436885
      0.00445732
      0.00443799
      0.00426817
      0.00381812
      0.00299128
      0.00197332
      0.00136600
      0.00167900
      0.00264921
      0.00361101
      0.00421754
      0.00449703
      0.00459233
      0.00458977
      0.00446361
      0.00408696
      0.00332705
      0.00228075
      0.00149518
      0.00160606
      0.00252169
      0.00355516
      0.00424956
      0.00458068
      0.00469765
      0.00471600
      0.00464250
      0.00437028
      0.00373975
      0.00272999
      0.00174511
      0.00151172
      0.00224552
      0.00333870
      0.00417437
      0.00460765
      0.00477038
      0.00481165
      0.00478518
      0.00462513
      0.00417336
      0.00330411
      0.00220178
      0.00153350
      0.00187828
      0.00292952
      0.00393957
      0.00454503
      0.00479974
      0.00487523
      0.00488155
      0.00481310
      0.00454954
      0.00391580
      0.00287736
      0.00184702
      0.00159348
      0.00235250
      0.00348032
      0.00432896
      0.00475466
      0.00490284
      0.00493628
      0.00492207
      0.00480720
      0.00443559
      0.00364465
      0.00252145
      0.00166526
      0.00179074
      0.00278380
      0.00387085
      0.00456668
      0.00486940
      0.00495717
      0.00497003
      0.00493823
      0.00477301
      0.00429808
      0.00338380
      0.00224487
      0.00160187
      0.00202495
      0.00312873
      0.00413483
      0.00470734
      0.00492821
      0.00498150
      0.00498243
      0.00493044
      0.00470924
      0.00413421
      0.00312487
      0.00202215
      0.00160789
      0.00226112
      0.00340379
      0.00431629
      0.00478823
      0.00495167
      0.00498382
      0.00497424
      0.00489385
      0.00460313
      0.00392064
      0.00283701
      0.00182482
      0.00166835
      0.00251176
      0.00364486
      0.00445070
      0.00483132
      0.00494941
      0.00496616
      0.00494153
      0.00481560
      0.00442817
      0.00361910
      0.00248882
      0.00165079
      0.00180541
      0.00280712
      0.00388032
      0.00455738
      0.00484627
      0.00492444
      0.00492601
      0.00487320
      0.00467010
      0.00414249
      0.00318874
      0.00207950
      0.00154833
      0.00206502
      0.00316521
      0.00411398
      0.00463702
      0.00483348
      0.00487518
      0.00485446
      0.00474485
      0.00441160
      0.00369103
      0.00261334
      0.00168012
      0.00161921
      0.00248135
      0.00356584
      0.00432070
      0.00467657
      0.00478811
      0.00479444
      0.00472893
      0.00450718
      0.00396884
      0.00302881
      0.00196090
      0.00146325
      0.00196549
      0.00302331
      0.00394295
      0.00445975
      0.00466092
      0.00470247
      0.00466124
      0.00449701
      0.00407339
      0.00326468
      0.00220087
      0.00146046
      0.00164086
      0.00257471
      0.00357011
      0.00421199
      0.00449993
      0.00458109
      0.00455705
      0.00441923
      0.00405584
      0.00333528
      0.00231715
      0.00147857
      0.00145215
      0.00225243
      0.00325512
      0.00396840
      0.00431925
      0.00443342
      0.00442041
      0.00428894
      0.00394485
      0.00326482
      0.00228815
      0.00143841
      0.00132801
      0.00204158
      0.00301715
      0.00374893
      0.00412666
      0.00425544
      0.00424020
      0.00409299
      0.00372829
      0.00303758
      0.00207605
      0.00126211
      0.00117018
      0.00186307
      0.00280362
      0.00350945
      0.00386748
      0.00396860
      0.00390505
      0.00368226
      0.00321923
      0.00243235
      0.00142268
      0.00063549
      0.00059826
      0.00130408
      0.00220824
      0.00284446
      0.00309553
      0.00304786
      0.00282324
      0.00251352
      0.00217700
      0.00185230
      0.00157003
      0.00135622
      0.00122812
      0.00118736
      0.00121751
      0.00128942
      0.00137158
      0.00143930
      0.00147899
      0.00148755
      0.00146930
      0.00143249
      0.00138652
      0.00133997
      0.00129930
      0.00126822
      0.00124763
      0.00123604
      0.00123047
      0.00122741
      0.00122373
      0.00121722
      0.00120689
      0.00119279
      0.00117575
      0.00115704
      0.00113797
      0.00111961
      0.00110266
      0.00108732
      0.00107344
      0.00106059
      0.00104821
      0.00103580
      0.00102298
      0.00100957
      0.00099555
      0.00098107
      0.00096633
      0.00095156
      0.00093695
      0.00092261
      0.00090857
      0.00089483
      0.00088130
      0.00086793
      0.00085465
      0.00084140
      0.00082816
      0.00081489
      0.00080158
      0.00078819
      0.00077471
      0.00076111
      0.00074742
      0.00073371
      0.00072008
      0.00070667
      0.00069359
      0.00068092
      0.00066865
      0.00065666
      0.00064476
      0.00063265
      0.00062011
      0.00060696
      0.00059320
      0.00057904
      0.00056484
      0.00055108
      0.00053821
      0.00052651
      0.00051596
      0.00050622
      0.00049667
      0.00048654
      0.00047509
      0.00046192
      0.00044706
      0.00043107
      0.00041498
      0.00040000
      0.00038723
      0.00037725
      0.00036993
      0.00036429
      0.00035878
      0.00035161
      0.00034127
      0.00032700
      0.00030914
      0.00028913
      0.00026928
      0.00025214
      0.00023973
      0.00023288
      0.00023082
      0.00023134
      0.00023128
      0.00022746
      0.00021753
      0.00020073
      0.00017821
      0.00015285
      0.00012855
      0.00010911
      0.00009706
      0.00009274
      0.00009428
      0.00009820
      0.00010056
      0.00009822
      0.00008970
      0.00007550
      0.00005777
      0.00003953
      0.00002365
      0.00001195
      0.00000482
      0.00000140
      0.00000023
      0.00000000
