      0.00000000
     -1.93008033
     -2.28785890
     -2.59946460
     -2.86987920
     -3.11024370
      2.95190507
      2.74152208
      2.53497763
      2.32684039
      2.11277006
      1.88951210
      1.65516197
      1.40957089
      1.15461011
      0.89392317
      0.63199287
      0.37283118
      0.11892978
     -0.12909149
     -0.37218733
     -0.61226808
     -0.85154777
     -1.09199742
     -1.33494609
     -1.58085356
     -1.82928763
     -2.07912277
     -2.32891493
     -2.57733263
     -2.82349762
     -3.06713760
      2.97464316
      2.73480436
      2.49571987
      2.25666264
      2.01715673
      1.77705817
      1.53654300
      1.29601531
      1.05596844
      0.81684299
      0.57892189
      0.34228576
      0.10682936
     -0.12767715
     -0.36150710
     -0.59490017
     -0.82800755
     -1.06086865
     -1.29341987
     -1.52552787
     -1.75703493
     -1.98780239
     -2.21774133
     -2.44682477
     -2.67508186
     -2.90257907
     -3.12939576
      2.92758382
      2.70194510
      2.47686120
      2.25234875
      2.02844373
      1.80518918
      1.58262391
      1.36077484
      1.13965413
      0.91926074
      0.69958488
      0.48061336
      0.26233417
      0.04473916
     -0.17217550
     -0.38841039
     -0.60396460
     -0.81883705
     -1.03302665
     -1.24653127
     -1.45934575
     -1.67146012
     -1.88285882
     -2.09352200
     -2.30342899
     -2.51256357
     -2.72091973
     -2.92850625
     -3.13534827
      2.94170082
      2.73622581
      2.53137309
      2.32712288
      2.12348638
      1.92051235
      1.71828496
      1.51691094
      1.31649672
      1.11711900
      0.91879502
      0.72146052
      0.52496337
      0.32907906
      0.13355062
     -0.06184994
     -0.25724781
     -0.45259510
     -0.64762527
     -0.84185431
     -1.03464435
     -1.22533170
     -1.41340197
     -1.59867791
     -1.78147613
     -1.96268868
     -2.14375141
     -2.32646926
     -2.51267748
     -2.70373817
     -2.89991896
     -3.09979600
      2.98324242
      2.78798786
      2.60358595
      2.43545170
      2.28714985
      2.15938302
      2.04925015
      1.94973050
      1.84944379
      1.73239450
      1.57629285
      1.34664846
      0.98751286
      0.45664765
     -0.11223625
     -0.52388587
     -0.78131859
     -0.94453568
     -1.05366056
     -1.13525147
     -1.21150289
     -1.30439380
     -1.43944131
     -1.65605405
     -2.03223694
     -2.65946636
      2.96049882
      2.54438056
      2.30834326
      2.16552626
      2.07256006
      2.00326593
      1.93602566
      1.84945982
      1.71867240
      1.50436623
      1.12566809
      0.48231980
     -0.19487856
     -0.61004483
     -0.84238860
     -0.98170959
     -1.07125139
     -1.13684560
     -1.19982011
     -1.28117725
     -1.40489921
     -1.60770715
     -1.96477080
     -2.58472138
      3.00153469
      2.56031290
      2.31484502
      2.16927608
      2.07738183
      2.01259922
      1.95362376
      1.87982621
      1.76854964
      1.58749884
      1.27301980
      0.71214503
     -0.00832096
     -0.50860807
     -0.78622101
     -0.94804904
     -1.04806656
     -1.11512225
     -1.17084426
     -1.23553858
     -1.33050170
     -1.48312223
     -1.74275223
     -2.21026955
     -2.92086243
      2.76731425
      2.42955338
      2.23730096
      2.12110729
      2.04684510
      1.99175212
      1.93564926
      1.85826606
      1.73627324
      1.53346970
      1.17513296
      0.55359555
     -0.14406348
     -0.58595190
     -0.83161464
     -0.97621453
     -1.06541506
     -1.12512281
     -1.17589386
     -1.23744159
     -1.33053688
     -1.48205965
     -1.74077014
     -2.20677624
     -2.91689177
      2.76870828
      2.42896164
      2.23593639
      2.12005636
      2.04737245
      1.99552762
      1.94484854
      1.87575498
      1.76649657
      1.58542519
      1.26922471
      0.70575469
     -0.01516817
     -0.51501941
     -0.79244228
     -0.95337846
     -1.05104875
     -1.11352135
     -1.16151210
     -1.21430125
     -1.29153917
     -1.41636464
     -1.62599719
     -1.99835298
     -2.63629495
      2.95936374
      2.53294719
      2.29545633
      2.15564868
      2.07012627
      2.01399580
      1.96733997
      1.91102831
      1.82512506
      1.68464984
      1.44592239
      1.01717508
      0.32800095
     -0.30770314
     -0.67806607
     -0.88664230
     -1.01079347
     -1.08746581
     -1.13965509
     -1.18690409
     -1.24838311
     -1.34463259
     -1.50329412
     -1.77644878
     -2.26875138
     -2.98799218
      2.72387257
      2.40246799
      2.21882581
      2.10835370
      2.03902809
      1.98912694
      1.93922958
      1.86991495
      1.75945953
      1.57582833
      1.25437410
      0.68288796
     -0.03620797
     -0.52814421
     -0.80115582
     -0.95997029
     -1.05677445
     -1.11941673
     -1.16871707
     -1.22416244
     -1.30575520
     -1.43759342
     -1.65977251
     -2.05662968
     -2.71982135
      2.89766384
      2.49802686
      2.27425752
      2.14125515
      2.05846269
      2.00148242
      1.95005366
      1.88440837
      1.78322771
      1.61734119
      1.33093045
      0.81544243
      0.09236030
     -0.45444206
     -0.75994694
     -0.93592643
     -1.04324668
     -1.11295898
     -1.16704582
     -1.22559625
     -1.30912769
     -1.44224909
     -1.66567468
     -2.06472895
     -2.73001561
      2.89044757
      2.49405251
      2.27172008
      2.13869458
      2.05439032
      1.99405166
      1.93691979
      1.86256519
      1.74820118
      1.56035864
      1.23170671
      0.64939453
     -0.06547523
     -0.54465268
     -0.81070670
     -0.96709529
     -1.06499929
     -1.13254100
     -1.19137455
     -1.26209808
     -1.36685240
     -1.53585084
     -1.82675427
     -2.34991138
     -3.07263754
      2.67383411
      2.37450469
      2.20070418
      2.09247992
      2.01869094
      1.95680876
      1.88598570
      1.78417598
      1.62223946
      1.34626139
      0.84990510
      0.13308751
     -0.42813945
     -0.74376078
     -0.92648891
     -1.04067004
     -1.11918809
     -1.18521139
     -1.25990719
     -1.36565160
     -1.53203548
     -1.81295439
     -2.30887320
     -3.00618189
      2.72999122
      2.41595546
      2.23066261
      2.11167924
      2.02585770
      1.94941714
      1.86061947
      1.73653754
      1.54775072
      1.24813667
      0.78185639
      0.20496821
     -0.27007543
     -0.58078855
     -0.78328382
     -0.92542098
     -1.03666919
     -1.13696048
     -1.24078712
     -1.35816132
     -1.49477183
     -1.65228846
     -1.82892376
     -2.02023914
     -2.22029071
     -2.42306099
     -2.62378649
     -2.81971224
     -3.01012065
      3.08733729
      2.90456924
      2.72277249
      2.54015786
      2.35542306
      2.16787518
      1.97741333
      1.78440510
      1.58949938
      1.39342371
      1.19681131
      1.00008945
      0.80343961
      0.60682067
      0.41003352
      0.21280258
      0.01485294
     -0.18403138
     -0.38397516
     -0.58500601
     -0.78707017
     -0.99006196
     -1.19385788
     -1.39834699
     -1.60345186
     -1.80913752
     -2.01540921
     -2.22230185
     -2.42986549
     -2.63815070
     -2.84719720
     -3.05702736
      3.01554038
      2.80414736
      2.59200103
      2.37912755
      2.16555183
      1.95129397
      1.73636763
      1.52077998
      1.30453236
      1.08762111
      0.87003818
      0.65177168
      0.43280672
      0.21312732
     -0.00728053
     -0.22842459
     -0.45030203
     -0.67289614
     -0.89617603
     -1.12010032
     -1.34462523
     -1.56971572
     -1.79535732
     -2.02156487
     -2.24838476
     -2.47588819
     -2.70415514
     -2.93325163
      3.11997974
      2.88919692
      2.65767570
      2.42555582
      2.19299546
      1.96012772
      1.72701545
      1.49361822
      1.25978384
      1.02527186
      0.78980863
      0.55316437
      0.31523430
      0.07609968
     -0.16395585
     -0.40449115
     -0.64501261
     -0.88511614
     -1.12462601
     -1.36368662
     -1.60277440
     -1.84261680
     -2.08402549
     -2.32767025
     -2.57384051
     -2.82226369
     -3.07206117
      2.96128419
      2.71284606
      2.46693538
      2.22398426
      1.98353273
      1.74425145
      1.50416916
      1.26107158
      1.01304821
      0.75914427
      0.49997963
      0.23804620
     -0.02264377
     -0.27760718
     -0.52320029
     -0.75755181
     -0.98081062
     -1.19488136
     -1.40301869
     -1.60956305
     -1.81994582
     -2.04098208
     -2.28134629
     -2.55176067
     -2.86336625
      3.06204046
      0.00000000
