      0.00000000
     -0.45929035
     -0.84866991
     -1.23857005
     -1.62942855
     -2.02112889
     -2.41305592
     -2.80444806
      3.08833954
      2.69882094
      2.30955336
      1.91975147
      1.52892306
      1.13716480
      0.74512382
      0.35362820
     -0.03680090
     -0.42625870
     -0.81540656
     -1.20509804
     -1.59589046
     -1.98771085
     -2.37987794
     -2.77149004
      3.12122874
      2.73183644
      2.34282136
      1.95325439
      1.56250488
      1.17061761
      0.77831037
      0.38656665
     -0.00394443
     -0.39326585
     -0.78213299
     -1.17155890
     -1.56225729
     -1.95421684
     -2.34668065
     -2.73857382
     -3.12913794
      2.76480304
      2.37610168
      1.98683639
      1.59619904
      1.20416099
      0.81152123
      0.41945736
      0.02882992
     -0.36033006
     -0.74884443
     -1.13792559
     -1.52848979
     -1.92061357
     -2.31345250
     -2.70571276
     -3.09641609
      2.79770213
      2.40940034
      2.02053195
      1.63005591
      1.23783794
      0.84477165
      0.45228346
      0.06148852
     -0.32747544
     -0.71553325
     -1.10415343
     -1.49452232
     -1.88684454
     -2.28017304
     -2.67292857
     -3.06383504
      2.83050189
      2.44272718
      2.05439993
      1.66416263
      1.27172405
      0.87808950
      0.48501644
      0.09397264
     -0.29474476
     -0.68218654
     -1.07016330
     -1.46023688
     -1.85280663
     -2.24680356
     -2.64025951
     -3.03147480
      2.86314358
      2.47609959
      2.08854920
      1.69868271
      1.30596343
      0.91152993
      0.51760375
      0.12617048
     -0.26222077
     -0.64878021
     -1.03580124
     -1.42540018
     -1.81829211
     -2.21326280
     -2.60777976
     -2.99949656
      2.89550659
      2.50955171
      2.12320502
      1.73396152
      1.34086764
      0.94521823
      0.54993694
      0.15783961
     -0.23008791
     -0.61526504
     -1.00072317
     -1.38947582
     -1.78280846
     -2.17934546
     -2.57565550
     -2.96828688
      2.92728911
      2.54315460
      2.15892363
      1.77088828
      1.37727385
      0.97951989
      0.58174382
      0.18830994
     -0.19889130
     -0.58154342
     -0.96395545
     -1.35084439
     -1.74477337
     -2.14431633
     -2.54437962
     -2.93916672
      2.95734337
      2.57700368
      2.19762914
      1.81288927
      1.41874074
      1.01625134
      0.61197113
      0.21431830
     -0.17180934
     -0.54787481
     -0.92076198
     -1.29977197
     -1.69268566
     -2.10108194
     -2.51702954
     -2.92584458
      2.96812556
      2.60152241
      2.25047295
      1.90094641
      1.53596289
      1.14156068
      0.71612878
      0.27747081
     -0.14591948
     -0.53618520
     -0.89607575
     -1.24296773
     -1.59923445
     -1.98352611
     -2.40126539
     -2.83734500
      3.02018181
      2.62599863
      2.26365000
      1.91703700
      1.56355712
      1.18342655
      0.76938088
      0.33452555
     -0.09288106
     -0.49012027
     -0.85469454
     -1.20152776
     -1.55311557
     -1.92998268
     -2.34092488
     -2.77468743
      3.07951784
      2.67937030
      2.31249188
      1.96514535
      1.61506752
      1.24114125
      0.83316258
      0.40056735
     -0.02983228
     -0.43283812
     -0.80213577
     -1.15022773
     -1.49905388
     -1.87022230
     -2.27525512
     -2.70652587
     -3.13815816
      2.73920198
      2.36732364
      2.01817481
      1.67024590
      1.30160092
      0.89958938
      0.47008616
      0.03775306
     -0.37074276
     -0.74573255
     -1.09712685
     -1.44564166
     -1.81284776
     -2.21172338
     -2.63786236
     -3.06872927
      2.80439333
      2.42534955
      2.06894443
      1.71638501
      1.34797905
      0.95169126
      0.53071212
      0.10419890
     -0.30532150
     -0.68794434
     -1.05009101
     -1.40780173
     -1.77837995
     -2.17284626
     -2.58926355
     -3.01165928
      2.86298147
      2.47799202
      2.11186735
      1.75073424
      1.37890793
      0.98584011
      0.57241607
      0.15248733
     -0.25568796
     -0.64230291
     -1.01081263
     -1.37374429
     -1.74591942
     -2.13781337
     -2.54938546
     -2.96811087
      2.90669696
      2.51882072
      2.14891083
      1.78524371
      1.41335265
      1.02253919
      0.61208037
      0.19365945
     -0.21540748
     -0.60437434
     -0.97500686
     -1.33859103
     -1.70963828
     -2.09936098
     -2.50926986
     -2.92818826
      2.94471093
      2.55471115
      2.18395577
      1.82129134
      1.45175244
      1.06324481
      0.65333586
      0.23298053
     -0.17925077
     -0.57031538
     -0.94047980
     -1.30109629
     -1.66812666
     -2.05511047
     -2.46569911
     -2.88884496
      2.97902322
      2.58676310
      2.21822021
      1.86137700
      1.49847024
      1.11368564
      0.70171051
      0.27408658
     -0.14581511
     -0.53959664
     -0.90558203
     -1.25703138
     -1.61420470
     -1.99562967
     -2.40840004
     -2.84043221
      3.01789138
      2.62175368
      2.25699439
      1.90937161
      1.55687798
      1.17923930
      0.76794068
      0.33452338
     -0.09353659
     -0.49270144
     -0.85892256
     -1.20607523
     -1.55645531
     -1.93110061
     -2.33986384
     -2.77273935
      3.08051947
      2.67835295
      2.30970794
      1.96177594
      1.61253920
      1.24047479
      0.83439213
      0.40250271
     -0.02894092
     -0.43407189
     -0.80535803
     -1.15438503
     -1.50275776
     -1.87238950
     -2.27576003
     -2.70650235
     -3.13933871
      2.73571166
      2.36159250
      2.01120802
      1.66346214
      1.29613880
      0.89551054
      0.46603032
      0.03182429
     -0.37949944
     -0.75680759
     -1.10895772
     -1.45638884
     -1.82149853
     -2.21927335
     -2.64740836
     -3.08326581
      2.78464341
      2.40307925
      2.04813081
      1.70045794
      1.33784160
      0.94381865
      0.51723360
      0.07728413
     -0.34799034
     -0.74266180
     -1.10969315
     -1.46302598
     -1.81862649
     -2.18915527
     -2.58044941
     -2.98890919
      2.88062443
      2.47506200
      2.08415011
      1.70566649
      1.33188992
      0.95403937
      0.56605466
      0.16737244
     -0.23660392
     -0.63774254
     -1.03036368
     -1.41422289
     -1.79372465
     -2.17505189
     -2.56303761
     -2.95875113
      2.92433739
      2.52562057
      2.13283155
      1.74673923
      1.36439258
      0.98109113
      0.59289675
      0.19867841
     -0.19923095
     -0.59641898
     -0.98914226
     -1.37648582
     -1.76058308
     -2.14518028
     -2.53357800
     -2.92687867
      2.95982778
      2.56370220
      2.17109023
      1.78293962
      1.39764226
      1.01212056
      0.62354780
      0.23087159
     -0.16459072
     -0.55993051
     -0.95242742
     -1.34114250
     -1.72731825
     -2.11353655
     -2.50225814
     -2.89448187
      2.99400314
      2.59927038
      2.20688173
      1.81775071
      1.43090289
      1.04413890
      0.65528959
      0.26340778
     -0.13069942
     -0.52494783
     -0.91723717
     -1.30668605
     -1.69406494
     -2.08126909
     -2.47022959
     -2.86184515
      3.02770776
      2.63385565
      2.24165697
      1.85195857
      1.46414953
      1.07658201
      0.68752336
      0.29611990
     -0.09712392
     -0.49064513
     -0.88276092
     -1.27265927
     -1.66082369
     -2.04869684
     -2.43784320
     -2.82907468
      3.06119053
      2.66795026
      2.27591059
      1.88584934
      1.49738656
      1.10925232
      0.72002674
      0.32893673
     -0.06370965
     -0.45670808
     -0.84867753
     -1.23887328
     -1.62758997
     -2.01595014
     -2.40524790
     -2.79622014
      3.09455306
      2.70176528
      2.30986089
      1.91955287
      1.53061768
      1.14205987
      0.75269585
      0.36182257
     -0.03038692
     -0.42298944
     -0.81483328
     -1.20523585
     -1.59436084
     -1.98309315
     -2.37251836
     -2.76330784
      3.12784471
      2.73540649
      2.34361920
      1.95313648
      1.56384529
      1.17495776
      0.78547571
      0.39475759
      0.00288011
     -0.38941138
     -0.78114566
     -1.17169669
     -1.56113433
     -1.95016087
     -2.33969595
     -2.73035305
     -3.12209332
      2.76893232
      2.37724790
      1.98663846
      1.59707107
      1.20791938
      0.81833460
      0.42772979
      0.03611137
     -0.35592930
     -0.74756668
     -1.13822616
     -1.52790899
     -1.91717390
     -2.30680542
     -2.69736537
     -3.08887518
      2.80237736
      2.41078446
      2.02008209
      1.63029297
      0.00000000
