      0.00000000
      0.00000000
      0.00000000
      0.00000000
      0.00000000
      0.00000000
      0.00000000
      0.00000000
      0.00000000
      0.00000000
      0.00000000
      0.00000000
      0.00000000
      0.00000000
      0.00000000
      0.00000000
      0.00000000
      0.00000000
      0.00000000
      0.00000000
      0.00000000
      0.00000000
      0.00000000
      0.00000000
      0.00000000
      0.00000000
      0.00000000
      0.00000000
      0.00000000
      0.00000000
      0.00000000
      0.00000000
      0.00000000
      0.00000000
      0.00000000
      0.00000000
      0.00000000
      0.00000000
      0.00000000
      0.00000000
      0.00000000
      0.00000000
      0.00000000
      0.00000000
      0.00000000
      0.00000000
      0.00000000
      0.00000000
      0.00000000
      0.00000000
      0.00000000
      0.00000000
      0.00000000
      0.00000000
      0.00000000
      0.00000000
      0.00000000
      0.00000000
      0.00000000
      0.00000000
      0.00000000
      0.00000000
      0.00000000
      0.00000000
      0.00000000
      0.00000000
      0.00000000
      0.00000000
      0.00000000
      0.00000000
      0.00000000
      0.00000000
      0.00000000
      0.00000000
      0.00000000
      0.00000000
      0.00000000
      0.00000000
      0.00000000
      0.00000000
      0.00000000
      0.00000000
      0.00000000
      0.00000000
      0.00000000
      0.00000000
      0.00000000
      0.00000000
      0.00000000
      0.00000000
      0.00000000
      0.00000000
      0.00000000
      0.00000000
      0.00000000
      0.00000000
      0.00000000
      0.00000000
      0.00000000
      0.00000000
      0.00000000
      0.00000000
      0.00000000
      0.00000000
      0.00000000
      0.00000000
      0.00000000
      0.00000000
      0.00000000
      0.00000000
      0.00000000
      0.00000000
      0.00000000
      0.00000000
      0.00000000
      0.00000000
      0.00000000
      0.00000000
      0.00000000
      0.00000000
      0.00000000
      0.00000000
      0.00000000
      0.00000000
      0.00000000
      0.00000000
      0.00000000
      0.00000000
      0.00000000
      0.00000000
      0.00000000
      0.00000000
      0.00000000
      0.00000000
      0.00000000
      0.00000000
      0.00000000
      0.00000000
      0.00000000
      0.00000000
      0.00000000
      0.00000000
      0.00000000
      0.00000000
      0.00000000
      0.00000000
      0.00000001
      0.00000003
      0.00000008
      0.00000040
      0.00000283
      0.00001431
      0.00004945
      0.00012207
      0.00022745
      0.00034144
      0.00044070
      0.00051625
      0.00057144
      0.00061487
      0.00065533
      0.00069927
      0.00075004
      0.00080822
      0.00087264
      0.00094140
      0.00101269
      0.00108517
      0.00115806
      0.00123099
      0.00130391
      0.00137689
      0.00145003
      0.00152343
      0.00159713
      0.00167117
      0.00174552
      0.00182017
      0.00189508
      0.00197023
      0.00204556
      0.00212107
      0.00219671
      0.00227247
      0.00234831
      0.00242421
      0.00250016
      0.00257612
      0.00265207
      0.00272800
      0.00280386
      0.00287965
      0.00295533
      0.00303086
      0.00310619
      0.00318124
      0.00325594
      0.00333016
      0.00340377
      0.00347663
      0.00354863
      0.00361977
      0.00369028
      0.00376079
      0.00383258
      0.00390787
      0.00399019
      0.00408464
      0.00419801
      0.00433864
      0.00451581
      0.00473858
      0.00501436
      0.00534699
      0.00573481
      0.00616834
      0.00662827
      0.00708515
      0.00750254
      0.00783856
      0.00802665
      0.00794013
      0.00757654
      0.00759673
      0.00815156
      0.00854404
      0.00871246
      0.00880189
      0.00886056
      0.00883421
      0.00859988
      0.00825312
      0.00837740
      0.00884169
      0.00912882
      0.00924377
      0.00929248
      0.00928931
      0.00915050
      0.00879799
      0.00857790
      0.00890812
      0.00930277
      0.00948445
      0.00954521
      0.00955455
      0.00948151
      0.00921894
      0.00883257
      0.00886527
      0.00928436
      0.00956151
      0.00965638
      0.00967350
      0.00963599
      0.00946801
      0.00908971
      0.00881994
      0.00909748
      0.00946783
      0.00962703
      0.00965869
      0.00963654
      0.00953496
      0.00924857
      0.00882737
      0.00880647
      0.00919180
      0.00944462
      0.00951026
      0.00949575
      0.00942983
      0.00924082
      0.00883844
      0.00851305
      0.00874056
      0.00908581
      0.00921549
      0.00921241
      0.00915914
      0.00903961
      0.00874624
      0.00827727
      0.00815810
      0.00850459
      0.00873055
      0.00874916
      0.00868481
      0.00859103
      0.00841878
      0.00801969
      0.00744837
      0.00741725
      0.00778883
      0.00788094
      0.00769228
      0.00735272
      0.00693097
      0.00647003
      0.00600690
      0.00557134
      0.00518283
      0.00485087
      0.00457697
      0.00435689
      0.00418282
      0.00404521
      0.00393444
      0.00384199
      0.00376097
      0.00368635
      0.00361472
      0.00354398
      0.00347298
      0.00340122
      0.00332854
      0.00325501
      0.00318077
      0.00310599
      0.00303080
      0.00295533
      0.00287966
      0.00280386
      0.00272797
      0.00265203
      0.00257607
      0.00250010
      0.00242415
      0.00234825
      0.00227241
      0.00219666
      0.00212102
      0.00204552
      0.00197019
      0.00189505
      0.00182014
      0.00174549
      0.00167114
      0.00159711
      0.00152341
      0.00145001
      0.00137687
      0.00130390
      0.00123098
      0.00115805
      0.00108516
      0.00101268
      0.00094140
      0.00087264
      0.00080822
      0.00075003
      0.00069927
      0.00065532
      0.00061486
      0.00057143
      0.00051625
      0.00044070
      0.00034144
      0.00022745
      0.00012207
      0.00004945
      0.00001431
      0.00000283
      0.00000040
      0.00000008
      0.00000003
      0.00000001
      0.00000000
      0.00000000
      0.00000000
      0.00000000
      0.00000000
      0.00000000
      0.00000000
      0.00000000
      0.00000000
      0.00000000
      0.00000000
      0.00000000
      0.00000000
      0.00000000
      0.00000000
      0.00000000
      0.00000000
      0.00000000
      0.00000000
      0.00000000
      0.00000000
      0.00000000
      0.00000000
      0.00000000
      0.00000000
      0.00000000
      0.00000000
      0.00000000
      0.00000000
      0.00000000
      0.00000000
      0.00000000
      0.00000000
      0.00000000
      0.00000000
      0.00000000
      0.00000000
      0.00000000
      0.00000000
      0.00000000
      0.00000000
      0.00000000
      0.00000000
      0.00000000
      0.00000000
      0.00000000
      0.00000000
      0.00000000
      0.00000000
      0.00000000
      0.00000000
      0.00000000
      0.00000000
      0.00000000
      0.00000000
      0.00000000
      0.00000000
      0.00000000
      0.00000000
      0.00000000
      0.00000000
      0.00000000
      0.00000000
      0.00000000
      0.00000000
      0.00000000
      0.00000000
      0.00000000
      0.00000000
      0.00000000
      0.00000000
      0.00000000
      0.00000000
      0.00000000
      0.00000000
      0.00000000
      0.00000000
      0.00000000
      0.00000000
      0.00000000
      0.00000000
      0.00000000
      0.00000000
      0.00000000
      0.00000000
      0.00000000
      0.00000000
      0.00000000
      0.00000000
      0.00000000
      0.00000000
      0.00000000
      0.00000000
      0.00000000
      0.00000000
      0.00000000
      0.00000000
      0.00000000
      0.00000000
      0.00000000
      0.00000000
      0.00000000
      0.00000000
      0.00000000
      0.00000000
      0.00000000
      0.00000000
      0.00000000
      0.00000000
      0.00000000
      0.00000000
      0.00000000
      0.00000000
      0.00000000
      0.00000000
      0.00000000
      0.00000000
      0.00000000
      0.00000000
      0.00000000
      0.00000000
      0.00000000
      0.00000000
      0.00000000
      0.00000000
      0.00000000
      0.00000000
      0.00000000
      0.00000000
      0.00000000
      0.00000000
      0.00000000
      0.00000000
      0.00000000
      0.00000000
      0.00000000
      0.00000000
      0.00000000
      0.00000000
      0.00000000
      0.00000000
      0.00000000
      0.00000000
      0.00000000
      0.00000000
      0.00000000
