      0.00000000
      1.09160745
      0.70098245
      0.31035744
     -0.08026756
     -0.47089256
     -0.86151757
     -1.25214257
     -1.64276757
     -2.03339258
     -2.42401758
     -2.81464259
      3.07791772
      2.68729271
      2.29666771
      1.90604271
      1.51541770
      1.12479270
      0.73416769
      0.34354269
     -0.04708231
     -0.43770732
     -0.82833232
     -1.21895732
     -1.60958233
     -2.00020733
     -2.39083234
     -2.78145734
      3.11110296
      2.72047796
      2.32985295
      1.93922795
      1.54860295
      1.15797794
      0.76735294
      0.37672793
     -0.01389707
     -0.40452208
     -0.79514708
     -1.18577208
     -1.57639709
     -1.96702209
     -2.35764710
     -2.74827210
     -3.13889711
      2.75366320
      2.36303819
      1.97241319
      1.58178818
      1.19116318
      0.80053818
      0.40991317
      0.01928817
     -0.37133684
     -0.76196184
     -1.15258685
     -1.54321185
     -1.93383686
     -2.32446186
     -2.71508687
     -3.10571187
      2.78684843
      2.39622343
      2.00559842
      1.61497342
      1.22434841
      0.83372341
      0.44309840
      0.05247340
     -0.33815161
     -0.72877661
     -1.11940162
     -1.51002662
     -1.90065163
     -2.29127663
     -2.68190164
     -3.07252664
      2.82003366
      2.42940866
      2.03878365
      1.64815865
      1.25753364
      0.86690864
      0.47628363
      0.08565862
     -0.30496638
     -0.69559139
     -1.08621639
     -1.47684140
     -1.86746640
     -2.25809141
     -2.64871641
     -3.03934142
      2.85321888
      2.46259388
      2.07196887
      1.68134387
      1.29071886
      0.90009386
      0.50946885
      0.11884384
     -0.27178116
     -0.66240617
     -1.05303117
     -1.44365618
     -1.83428118
     -2.22490619
     -2.61553120
     -3.00615620
      2.88640410
      2.49577909
      2.10515409
      1.71452908
      1.32390407
      0.93327907
      0.54265406
      0.15202906
     -0.23859595
     -0.62922096
     -1.01984596
     -1.41047097
     -1.80109598
     -2.19172098
     -2.58234599
     -2.97297100
      2.91958931
      2.52896430
      2.13833929
      1.74771429
      1.35708929
      0.96646429
      0.57583929
      0.18521430
     -0.20541070
     -0.59603569
     -0.98666070
     -1.37728572
     -1.76791077
     -2.15853587
     -2.54916104
     -2.93978630
      2.95277363
      2.56214811
      2.17152242
      1.78089654
      1.39027047
      0.99964419
      0.60901749
      0.21838979
     -0.17223749
     -0.56284392
     -0.95333570
     -1.34354840
     -1.73391428
     -2.12739139
     -2.53034658
     -2.94757862
      2.91059205
      2.49745965
      2.11449787
      1.76388114
      1.43159206
      1.09385207
      0.72261218
      0.29705053
     -0.16914209
     -0.61894239
     -1.00687972
     -1.33487293
     -1.63028278
     -1.92676584
     -2.26225383
     -2.67563507
      3.11291817
      2.61895408
      2.21199743
      1.89361944
      1.62633224
      1.37187094
      1.09179624
      0.73886413
      0.26868880
     -0.27542756
     -0.74733528
     -1.09418486
     -1.35708281
     -1.58219895
     -1.80623532
     -2.06783055
     -2.42134958
     -2.92166606
      2.78680023
      2.32590750
      2.00951991
      1.77778774
      1.58276853
      1.39103782
      1.16910196
      0.86672104
      0.40966731
     -0.19173159
     -0.71139615
     -1.05342632
     -1.28483263
     -1.46429838
     -1.62643457
     -1.79776061
     -2.01129501
     -2.32548094
     -2.82821645
      2.82150032
      2.33854806
      2.04450447
      1.85266284
      1.70960186
      1.58818680
      1.47183981
      1.34666005
      1.19706956
      1.00286438
      0.73779326
      0.37368011
     -0.09826591
     -0.62594083
     -1.10066291
     -1.46705071
     -1.74160664
     -1.96993656
     -2.20350189
     -2.49123290
     -2.87201472
      2.93051762
      2.41157855
      1.95514945
      1.60053389
      1.32524854
      1.08285827
      0.82181714
      0.49394227
      0.06769185
     -0.43979243
     -0.94056966
     -1.35383022
     -1.67139259
     -1.92909250
     -2.17656607
     -2.46487385
     -2.83735281
      2.97495826
      2.45739103
      1.99233333
      1.62638760
      1.34206493
      1.09483389
      0.83345258
      0.50896888
      0.08782310
     -0.41673333
     -0.91993187
     -1.33846258
     -1.66078058
     -1.92111047
     -2.16855788
     -2.45433112
     -2.82264793
      2.99328570
      2.47562447
      2.00686817
      1.63685184
      1.35023477
      1.10334792
      0.84506910
      0.52585675
      0.11039257
     -0.39171297
     -0.89822418
     -1.32224098
     -1.64803842
     -1.90770095
     -2.14953031
     -2.42509327
     -2.78073125
      3.04476293
      2.52544504
      2.04579332
      1.66657119
      1.38048831
      1.14866312
      0.92226188
      0.64982221
      0.28558191
     -0.18751647
     -0.71512187
     -1.18847549
     -1.55453230
     -1.82159711
     -2.01788283
     -2.16984046
     -2.29791244
     -2.41802600
     -2.54473366
     -2.69596822
     -2.90179989
      3.06222431
      2.54708213
      1.92021739
      1.45079074
      1.15489121
      0.94726188
      0.77497046
      0.60647218
      0.41374103
      0.15730561
     -0.22775442
     -0.78614383
     -1.36139085
     -1.77258383
     -2.05102882
     -2.26559931
     -2.46052166
     -2.66855011
     -2.92685176
      2.99392539
      2.48281217
      1.91756806
      1.47065184
      1.15295124
      0.90466547
      0.67838373
      0.43732675
      0.14187280
     -0.25538179
     -0.76797561
     -1.29128679
     -1.71042664
     -2.03078045
     -2.30091103
     -2.56309732
     -2.85454076
      3.06988926
      2.61958934
      2.11799428
      1.66000510
      1.28459871
      0.96652811
      0.66751428
      0.35300845
     -0.00666364
     -0.42680484
     -0.88589906
     -1.33045359
     -1.72697490
     -2.08198172
     -2.41924765
     -2.76194699
     -3.12563499
      2.76929263
      2.36557541
      1.96018846
      1.56072572
      1.16674047
      0.77524520
      0.38444347
     -0.00621993
     -0.39685581
     -0.78748404
     -1.17810980
     -1.56873494
     -1.95936004
     -2.34998521
     -2.74061043
     -3.13123567
      2.76132441
      2.37069921
      1.98007404
      1.58944890
      1.19882380
      0.80819872
      0.41757366
      0.02694862
     -0.36367641
     -0.75430144
     -1.14492646
     -1.53555149
     -1.92617651
     -2.31680153
     -2.70742655
     -3.09805158
      2.79450871
      2.40388368
      2.01325866
      1.62263364
      1.23200861
      0.84138359
      0.45075856
      0.06013354
     -0.33049148
     -0.72111651
     -1.11174153
     -1.50236655
     -1.89299158
     -2.28361660
     -2.67424162
     -3.06486664
      2.82769364
      2.43706862
      2.04644360
      1.65581857
      1.26519355
      0.87456853
      0.48394351
      0.09331849
     -0.29730654
     -0.68793156
     -1.07855658
     -1.46918160
     -1.85980662
     -2.25043164
     -2.64105666
     -3.03168168
      2.86087860
      2.47025358
      2.07962856
      1.68900354
      1.29837852
      0.90775350
      0.51712848
      0.12650346
     -0.26412156
     -0.65474658
     -1.04537160
     -1.43599662
     -1.82662164
     -2.21724666
     -2.60787168
     -2.99849669
      2.89406359
      2.50343857
      2.11281356
      1.72218854
      1.33156352
      0.94093850
      0.55031348
      0.15968846
     -0.23093656
     -0.62156157
     -1.01218659
     -1.40281161
     -1.79343663
     -2.18406165
     -2.57468666
     -2.96531168
      2.92724861
      2.53662359
      2.14599857
      1.75537355
      1.36474854
      0.97412352
      0.58349850
      0.19287349
     -0.19775153
     -0.58837655
     -0.97900157
     -1.36962658
     -1.76025160
     -2.15087662
     -2.54150163
     -2.93212665
      2.96043364
      2.56980862
      2.17918361
      1.78855859
      1.39793358
      1.00730856
      0.61668354
      0.22605853
     -0.16456649
     -0.55519150
     -0.94581652
     -1.33644154
     -1.72706655
     -2.11769157
     -2.50831658
     -2.89894160
      2.99361869
      2.60299368
      2.21236866
      1.82174365
      1.43111863
      1.04049362
      0.64986860
      0.25924359
     -0.13138143
     -0.52200644
     -0.91263146
     -1.30325647
     -1.69388149
     -2.08450650
     -2.47513152
     -2.86575653
      3.02680376
      2.63617875
      2.24555373
      1.85492872
      1.46430371
      1.07367869
      0.68305368
      0.29242866
     -0.09819635
     -0.48882136
     -0.87944637
     -1.27007137
      0.00000000
