             NaN
      2.78203761
     -3.10778012
     -2.71316347
     -2.31969414
     -1.92911200
     -1.54147286
     -1.15514175
     -0.76771930
     -0.37737067
      0.01609597
      0.41102214
      0.80482529
      1.19555757
      1.58306502
      1.96904555
      2.35608427
      2.74622794
      3.13978854
     -2.74813255
     -2.35395650
     -1.96305030
     -1.57568208
     -1.19008899
     -0.80348250
     -0.41357893
     -0.01992635
      0.37570811
      0.77030212
      1.16141011
      1.54863076
      1.93379369
      2.31991101
      2.70953230
      3.10327293
     -2.78387118
     -2.38880670
     -1.99746386
     -1.61040006
     -1.22571726
     -0.84015666
     -0.45086899
     -0.05704701
      0.33944257
      0.73503937
      1.12665677
      1.51355344
      1.89769704
      2.28261972
      2.67151044
      3.06540295
     -2.82079653
     -2.42459365
     -2.03265321
     -1.64593494
     -1.26240122
     -0.87821543
     -0.48980112
     -0.09585495
      0.30168249
      0.69858068
      1.09090437
      1.47743199
      1.86027011
      2.24359647
      2.63143294
      3.02540669
     -2.85962513
     -2.46192208
     -2.06913895
     -1.68281501
     -1.30077802
     -0.91846549
     -0.53133902
     -0.13737785
      0.26146690
      0.66011149
      1.05345245
      1.43955934
      1.82066308
      2.20176329
      2.58800366
      2.98188977
     -2.90167184
     -2.50191215
     -2.10788346
     -1.72200632
     -1.34200445
     -0.96237757
     -0.57726430
     -0.18355214
      0.21695151
      0.61805085
      1.01294337
      1.39858102
      1.77726106
      2.15506200
      2.53870765
      2.93208496
     -2.94960438
     -2.54686860
     -2.15086562
     -1.76546901
     -1.38840510
     -1.01292246
     -0.63124506
     -0.23847476
      0.16412693
      0.56890106
      0.96637458
      1.35154913
      1.72659108
      2.09903878
      2.47797359
      2.86965139
     -3.00974678
     -2.60237549
     -2.20287590
     -1.81785296
     -1.44541352
     -1.07710258
     -0.70219145
     -0.31253819
      0.09236865
      0.50313276
      0.90558198
      1.29065978
      1.65962740
      2.02197443
      2.39053426
      2.77617346
     -3.10158641
     -2.68630566
     -2.27920264
     -1.89346099
     -1.52934090
     -1.17634898
     -0.81901032
     -0.44239785
     -0.03925443
      0.38174770
      0.79713860
      1.18562286
      1.54260889
      1.87863359
      2.21174597
      2.56227889
      2.94733748
     -2.91437324
     -2.48249126
     -2.08121305
     -1.73421969
     -1.44061313
     -1.18892429
     -0.96688311
     -0.76370411
     -0.56994557
     -0.37767199
     -0.18116083
      0.02263848
      0.23435662
      0.45297243
      0.67667725
      0.90355119
      1.13196145
      1.36071520
      1.58904779
      1.81652950
      2.04295287
      2.26823616
      2.49235567
      2.71530608
      2.93708163
     -3.12551523
     -2.90613219
     -2.68797623
     -2.47106963
     -2.25543336
     -2.04108599
     -1.82804342
     -1.61631896
     -1.40592371
     -1.19686690
     -0.98915625
     -0.78279825
     -0.57779835
     -0.37416118
     -0.17189058
      0.02901025
      0.22853874
      0.42669297
      0.62347176
      0.81887489
      1.01290350
      1.20556065
      1.39685209
      1.58678716
      1.77537959
      1.96264785
      2.14861441
      2.33330281
      2.51673114
      2.69890003
      2.87977292
      3.05924640
     -3.04607619
     -2.87019606
     -2.69689193
     -2.52704195
     -2.36186341
     -2.20294382
     -2.05223155
     -1.91196437
     -1.78449943
     -1.67196371
     -1.57554738
     -1.49412684
     -1.42187757
     -1.34492797
     -1.23778164
     -1.05967383
     -0.74962111
     -0.23546423
      0.43908238
      0.99927027
      1.35362877
      1.57683909
      1.74467029
      1.91666880
      2.14996804
      2.51253973
      3.06422074
     -2.57223022
     -2.06805933
     -1.74110168
     -1.51913131
     -1.33454863
     -1.12929532
     -0.84149817
     -0.40003066
      0.21219545
      0.80914899
      1.22892640
      1.50444153
      1.70746727
      1.89922430
      2.13790456
      2.49057022
      3.01875075
     -2.62981158
     -2.11330296
     -1.76997710
     -1.53550928
     -1.34333672
     -1.13546607
     -0.85047580
     -0.41782130
      0.18489587
      0.78440744
      1.21241733
      1.49448326
      1.70109351
      1.89341224
      2.12953680
      2.47641903
      2.99769066
     -2.65021552
     -2.12631732
     -1.77751777
     -1.54111621
     -1.35027982
     -1.14687904
     -0.86937074
     -0.44557650
      0.15530358
      0.76590622
      1.20334808
      1.48800141
      1.69122348
      1.87471519
      2.09663817
      2.42510108
      2.93275138
     -2.70109910
     -2.15105770
     -1.79136482
     -1.56079803
     -1.39136958
     -1.22608399
     -1.00547513
     -0.65373840
     -0.09529192
      0.58103763
      1.09809448
      1.40982136
      1.58892243
      1.69715692
      1.77568903
      1.85006951
      1.93407038
      2.03340018
      2.14908651
      2.27985586
      2.42350335
      2.57760119
      2.73985444
      2.90827600
      3.08125938
     -3.02559951
     -2.84679692
     -2.66609282
     -2.48383770
     -2.30022260
     -2.11533374
     -1.92919462
     -1.74179560
     -1.55311318
     -1.36312119
     -1.17179654
     -0.97912142
     -0.78508353
     -0.58967527
     -0.39289275
     -0.19473473
      0.00479819
      0.20570420
      0.40798055
      0.61162382
      0.81662991
      1.02299404
      1.23071062
      1.43977310
      1.65017372
      1.86190326
      2.07495063
      2.28930253
      2.50494307
      2.72185371
      2.94001348
     -3.12378519
     -2.90319336
     -2.68141463
     -2.45846124
     -2.23433894
     -2.00905305
     -1.78262727
     -1.55514331
     -1.32680863
     -1.09805292
     -0.86964081
     -0.64276513
     -0.41905866
     -0.20044130
      0.01127829
      0.21507894
      0.41159129
      0.60386590
      0.79762530
      1.00080496
      1.22284663
      1.47453575
      1.76814238
      2.11513556
      2.51641340
      2.94829507
     -2.91341566
     -2.52835681
     -2.17782354
     -1.84471089
     -1.50868603
     -1.15170001
     -0.76321592
     -0.34782525
      0.07317679
      0.47632029
      0.85293298
      1.21027186
      1.56326392
      1.92738403
      2.31312558
      2.72022844
      3.13550908
     -2.74225075
     -2.35661140
     -1.98805139
     -1.62570424
     -1.25673658
     -0.87165885
     -0.46920976
     -0.05844574
      0.34646111
      0.73611448
      1.11102575
      1.47933680
      1.85177627
      2.23679917
      2.63629865
      3.04366987
     -2.83572830
     -2.44405042
     -2.06511550
     -1.69266770
     -1.31762571
     -0.93245120
     -0.53497776
     -0.13020370
      0.27239798
      0.66516834
      1.04684585
      1.42232857
      1.79939252
      2.18478910
      2.58079201
      2.98352773
     -2.89816163
     -2.50478426
     -2.12113852
     -1.74333751
     -1.36465744
     -0.97901981
     -0.58412735
     -0.18302807
      0.21747557
      0.61118778
      0.99630112
      1.37592807
      1.75592998
      2.14180710
      2.53583574
      2.93559537
     -2.94796625
     -2.55408010
     -2.16783967
     -1.78673940
     -1.40563562
     -1.01952875
     -0.62618783
     -0.22754329
      0.17130145
      0.56526264
      0.95238917
      1.33470175
      1.71673878
      2.10306271
      2.49584581
      2.89354881
     -2.99148303
     -2.59750926
     -2.20967273
     -1.82634632
     -1.44350817
     -1.05698055
     -0.66465690
     -0.26775875
      0.12977868
      0.52372486
      0.91213922
      1.29632505
      1.67985880
      2.06657707
      2.45851747
      2.85472032
     -3.03147917
     -2.63758664
     -2.24869588
     -1.86377317
     -1.47962954
     -1.09273287
     -0.70111550
     -0.30551873
      0.09097084
      0.48479283
      0.87408054
      1.25964117
      1.64432400
      2.03138779
      2.42273061
      2.81779506
     -3.06934906
     -2.67560842
     -2.28598710
     -1.89986974
     -1.51470679
     -1.12748614
     -0.73637817
     -0.34178418
      0.05385026
      0.44750285
      0.83740645
      1.22401297
      1.60960608
      1.99697431
      2.38788049
      2.78205651
     -3.10586459
     -2.71230398
     -2.32216029
     -1.93512154
     -1.54914098
     -1.16163354
     -0.77090128
     -0.37709814
      0.01782801
      0.41129466
      0.80164331
      1.18906579
      1.57539692
      1.96303606
      2.35361819
      2.74708750
     -3.14148117
     -2.74811359
      0.00000000
