      0.00000000
     -1.10925990
     -1.51348874
     -1.92415550
     -2.32889170
     -2.71928063
     -3.09581849
      2.81675658
      2.44122126
      2.05196175
      1.64722888
      1.23494124
      0.82849650
      0.43738317
      0.06145086
     -0.30759169
     -0.68137660
     -1.06964731
     -1.47486103
     -1.88893132
     -2.29729844
     -2.68925418
     -3.06454798
      2.85131591
      2.47948829
      2.09237083
      1.68668451
      1.27064668
      0.86010704
      0.46716953
      0.09255061
     -0.27287384
     -0.64250444
     -1.02827270
     -1.43441387
     -1.85263191
     -2.26563989
     -2.65972574
     -3.03362962
      2.88623153
      2.51907844
      2.13489561
      1.72833133
      1.30768649
      0.89185594
      0.49641968
      0.12327512
     -0.23771132
     -0.60205494
     -0.98436368
     -1.39129866
     -1.81465863
     -2.23374207
     -2.63077790
     -3.00311464
      2.92170232
      2.56056602
      2.18048942
      1.77326713
      1.34685192
      0.92398437
      0.52503601
      0.15355970
     -0.20185534
     -0.55930084
     -0.93669386
     -1.34407306
     -1.77394813
     -2.20126745
     -2.60252949
     -2.97308928
      2.95804063
      2.60488240
      2.23075236
      1.82341927
      1.38959943
      0.95697218
      0.55287055
      0.18328519
     -0.16491056
     -0.51303334
     -0.88314211
     -1.29011134
     -1.72845968
     -2.16751792
     -2.57516695
     -2.94372203
      2.99575276
      2.65362129
      2.28854853
      1.88244769
      1.43886945
      0.99186747
      0.57968802
      0.21220782
     -0.12622001
     -0.46111284
     -0.81975586
     -1.22416825
     -1.67380561
     -2.13085488
     -2.54898540
     -2.91537868
      3.03569976
      2.70971494
      2.35947695
      1.95813132
      1.50150558
      1.03136631
      0.60512152
      0.23974348
     -0.08465626
     -0.39942795
     -0.73835059
     -1.13420583
     -1.59868756
     -2.08654379
     -2.52443950
     -2.88908747
      3.07931339
      2.77906884
      2.45596538
      2.07012541
      1.59761587
      1.08454266
      0.62859558
      0.26381665
     -0.03862191
     -0.31930760
     -0.61916144
     -0.98583820
     -1.46337906
     -2.01479723
     -2.50232981
     -2.86987162
      3.12732911
      2.87447064
      2.61124181
      2.28429584
      1.81893977
      1.20526644
      0.64865934
      0.26863077
      0.00565296
     -0.20392976
     -0.40314308
     -0.63743620
     -0.99706473
     -1.67095365
     -2.48671426
     -2.94374010
      3.10918937
      2.97806929
      2.90325878
      2.87178914
      2.88083341
      2.93044268
      3.02027238
     -3.13509074
     -2.97387620
     -2.78597988
     -2.57922482
     -2.36109329
     -2.13748063
     -1.91219911
     -1.68722675
     -1.46331099
     -1.24055638
     -1.01882944
     -0.79797451
     -0.57789748
     -0.35857730
     -0.14004742
      0.07762882
      0.29437831
      0.51013088
      0.72482540
      0.93841146
      1.15084845
      1.36210385
      1.57215131
      1.78096903
      1.98853864
      2.19484435
      2.39987250
      2.60361114
      2.80604984
      3.00717945
     -3.07619341
     -2.87770533
     -2.68054808
     -2.48472754
     -2.29024892
     -2.09711650
     -1.90533298
     -1.71489822
     -1.52580740
     -1.33804832
     -1.15159816
     -0.96641992
     -0.78245952
     -0.59964532
     -0.41789281
     -0.23711872
     -0.05727041
      0.12162236
      0.29936659
      0.47549305
      0.64911842
      0.81880634
      0.98247080
      1.13737351
      1.28024597
      1.40750905
      1.51548480
      1.60042615
      1.65814038
      1.68293270
      1.66551757
      1.58935079
      1.42435727
      1.11762798
      0.59885815
     -0.08624492
     -0.65070739
     -1.00456051
     -1.22679349
     -1.39402519
     -1.56573281
     -1.79890355
     -2.16141548
     -2.71305448
      2.92344802
      2.41933172
      2.09242837
      1.87051563
      1.68599265
      1.48079701
      1.19305347
      0.75164170
      0.13948575
     -0.45739937
     -0.87712200
     -1.15258326
     -1.35555154
     -1.54725023
     -1.78587504
     -2.13848743
     -2.66660653
      2.98202794
      2.46557988
      2.12230736
      1.88789538
      1.69578137
      1.48796822
      1.20303205
      0.77043327
      0.16778488
     -0.43165820
     -0.85961242
     -1.14162390
     -1.34817618
     -1.54043584
     -1.77650406
     -2.12333226
     -2.64454200
      3.00343773
      2.47960180
      2.13085658
      1.89451184
      1.70373532
      1.50039351
      1.22294053
      0.79920297
      0.19839430
     -0.41213565
     -0.84951988
     -1.13411741
     -1.33727915
     -1.52070813
     -1.74257027
     -2.07097584
     -2.57857071
      3.05532607
      2.50532228
      2.14569512
      1.91528487
      1.74622380
      1.58170186
      1.36233662
      1.01126298
      0.44755574
     -0.24183433
     -0.76453001
     -1.07257957
     -1.23756068
     -1.31311536
     -1.32952584
     -1.30329863
     -1.24363115
     -1.15618132
     -1.04518560
     -0.91450692
     -0.76798422
     -0.60936655
     -0.44206564
     -0.26891283
     -0.09203186
      0.08714803
      0.26777797
      0.44943383
      0.63196637
      0.81538202
      0.99975974
      1.18519980
      1.37179598
      1.55962355
      1.74873648
      1.93916949
      2.13094207
      2.32406278
      2.51853296
      2.71434955
      2.91150705
      3.10999861
     -2.97336867
     -2.77223232
     -2.56978646
     -2.36604073
     -2.16100583
     -1.95469380
     -1.74711833
     -1.53829518
     -1.32824265
     -1.11698251
     -0.90454105
     -0.69095078
     -0.47625226
     -0.26049592
     -0.04374286
      0.17393675
      0.39246979
      0.61179294
      0.83187272
      1.05273021
      1.27445952
      1.49721632
      1.72113412
      1.94610840
      2.17139175
      2.39500620
      2.61313946
      2.81989620
      3.00779410
     -3.11417524
     -2.98635180
     -2.89652103
     -2.84691082
     -2.83786571
     -2.86933454
     -2.94414419
     -3.07526319
      2.97766791
      2.52064445
      1.70488279
      1.03099033
      0.67136110
      0.43706823
      0.23785544
      0.02827345
     -0.23470340
     -0.61473084
     -1.17133770
     -1.78501258
     -2.25036980
     -2.57731595
     -2.84054451
     -3.09340245
      2.90379900
      2.53625799
      2.04872569
      1.49730670
      1.01976487
      0.65308778
      0.35323408
      0.07254879
     -0.22988919
     -0.59466749
     -1.05061431
     -1.56368803
     -2.03619834
     -2.42203868
     -2.74514209
     -3.04538632
      2.92301502
      2.55836756
      2.12047210
      1.63261552
      1.16813317
      0.77227757
      0.43335493
      0.11858349
     -0.20581584
     -0.57119345
     -0.99743802
     -1.46757754
     -1.92420379
     -2.32554976
     -2.67578778
     -3.00177239
      2.94930640
      2.58291350
      2.16478317
      1.70773372
      1.25809593
      0.85368323
      0.49504015
      0.16014750
     -0.17828003
     -0.54575990
     -0.95793916
     -1.40494129
     -1.84851988
     -2.25462101
     -2.61969384
     -2.96182517
      2.97764989
      2.60909511
      2.20144624
      1.76238789
      1.32403925
      0.91706975
      0.54696091
      0.19883824
     -0.14935727
     -0.51894236
     -0.92304385
     -1.35567118
     -1.78949128
     -2.19682461
     -2.57095473
     -2.92411286
      3.00701725
      2.63645770
      2.23519581
      1.80787642
      1.37800112
      0.97062170
      0.59322860
      0.23578318
     -0.11963167
     -0.49110777
     -0.89005600
     -1.31292359
     -1.73933900
     -2.14656150
     -2.52663818
     -2.88777442
      3.03704270
      2.66470616
      2.26767046
      1.84858699
      1.42522684
      1.01829168
      0.63598285
      0.27163928
     -0.08934701
     -0.46249139
     -0.85792753
     -1.27375811
     -1.69440310
     -2.10096755
     -2.48515046
     -2.85230351
      3.06755777
      2.69365406
      2.29956832
      1.88656032
      1.46834215
      1.06220082
      0.67643248
      0.30680190
     -0.05862242
     -0.43324119
     -0.82617859
     -1.23671824
     -1.65275619
     -2.05844266
     -2.44556020
     -2.81738780
      3.09847620
      2.72318254
      2.33122690
      1.92285978
      1.50878938
      1.10357553
      0.71530474
      0.34151984
     -0.02752261
     -0.40345478
     -0.79456802
     -1.20101276
     -1.61330049
     -2.01803349
     -2.40729308
     -2.78282839
      3.12974677
      2.75320903
      2.36282020
      1.95808400
      1.54741716
      1.14318820
      0.00000000
