      0.00000000
     -2.27576020
     -2.67730249
     -3.07145087
      2.82709511
      2.44859736
      2.06959521
      1.68356503
      1.28757367
      0.88448470
      0.48180298
      0.08690441
     -0.29768601
     -0.67536977
     -1.05321129
     -1.43834140
     -1.83422992
     -2.23812893
     -2.64203840
     -3.03779321
      2.86082776
      2.48402832
      2.10747783
      1.72337863
      1.32765152
      0.92288310
      0.51760382
      0.12086795
     -0.26369930
     -0.63953507
     -1.01464395
     -1.39755746
     -1.79304866
     -2.19875001
     -2.60556391
     -3.00342928
      2.89514857
      2.52036639
      2.14687457
      1.76533190
      1.37017240
      0.96347100
      0.55492955
      0.15575580
     -0.22894068
     -0.60256691
     -0.97423518
     -1.35418280
     -1.74888568
     -2.15665652
     -2.56715376
     -2.96785477
      2.93047997
      2.55812678
      2.18852776
      1.81045050
      1.41636961
      1.00746038
      0.59473436
      0.19223371
     -0.19285934
     -0.56380515
     -0.93103903
     -1.30690262
     -1.70013896
     -2.11024974
     -2.52553480
     -2.93018041
      2.96754680
      2.59816287
      2.23365515
      1.86044035
      1.46835368
      1.05699432
      0.63874613
      0.23150871
     -0.15448811
     -0.52213273
     -0.88346762
     -1.25347210
     -1.64398206
     -2.05660122
     -2.47831192
     -2.88873265
      3.00766485
      2.64196173
      2.28436051
      1.91830568
      1.52998448
      1.11616845
      0.69037356
      0.27596580
     -0.11199052
     -0.47552679
     -0.82867889
     -1.18978839
     -1.57501871
     -1.98981798
     -2.42047156
     -2.83999269
      3.05348113
      2.69234900
      2.34457416
      1.98978663
      1.60902206
      1.19376238
      0.75730007
      0.33102715
     -0.06139651
     -0.41991249
     -0.76108509
     -1.10758755
     -1.48170494
     -1.89624665
     -2.33961162
     -2.77513066
      3.11125473
      2.75543252
      2.42250402
      2.08719097
      1.72335483
      1.31217519
      0.86094077
      0.41216815
      0.00783677
     -0.34567457
     -0.66814572
     -0.98778035
     -1.33491197
     -1.73654823
     -2.19518491
     -2.66400037
     -3.08263124
      2.84742035
      2.53827965
      2.24162370
      1.92339007
      1.54691526
      1.08916337
      0.58912755
      0.13864360
     -0.22221971
     -0.51535599
     -0.77654081
     -1.04074019
     -1.34839562
     -1.75214125
     -2.27933232
     -2.82245638
      3.04420159
      2.75653744
      2.55093653
      2.39558392
      2.27442970
      2.17988596
      2.10786956
      2.05504826
      2.01773175
      1.99198212
      1.97422499
      1.96169667
      1.95251420
      1.94549854
      1.93994011
      1.93541044
      1.93164116
      1.92845500
      1.92572861
      1.92337242
      1.92131927
      1.91951760
      1.91792709
      1.91651573
      1.91525774
      1.91413214
      1.91312166
      1.91221194
      1.91139096
      1.91064856
      1.90997610
      1.90936616
      1.90881237
      1.90830920
      1.90785182
      1.90743601
      1.90705807
      1.90671470
      1.90640299
      1.90612035
      1.90586446
      1.90563323
      1.90542480
      1.90523747
      1.90506971
      1.90492012
      1.90478744
      1.90467050
      1.90456826
      1.90447973
      1.90440402
      1.90434031
      1.90428783
      1.90424587
      1.90421377
      1.90419094
      1.90417679
      1.90417080
      1.90417247
      1.90418133
      1.90419696
      1.90421893
      1.90424686
      1.90428039
      1.90431917
      1.90436288
      1.90441120
      1.90446383
      1.90452046
      1.90458091
      1.90464519
      1.90471383
      1.90478799
      1.90486928
      1.90495841
      1.90505260
      1.90514334
      1.90522131
      1.90530296
      1.90549804
      1.90612247
      1.90779826
      1.91134123
      1.91704978
      1.92300045
      1.92264143
      1.90337650
      1.84761208
      1.73318897
      1.52555027
      1.15880173
      0.55017282
     -0.15654713
     -0.64792602
     -0.95216477
     -1.17374495
     -1.38210635
     -1.63317755
     -1.99859560
     -2.55825406
      3.06106246
      2.55835155
      2.23047375
      1.99010573
      1.77080272
      1.51707914
      1.15851868
      0.61412866
     -0.04513052
     -0.55797766
     -0.89452247
     -1.13882558
     -1.35763291
     -1.60643720
     -1.95565438
     -2.49142462
      3.12361300
      2.59600395
      2.25451847
      2.01466962
      1.80853750
      1.57998657
      1.25423006
      0.72315118
      0.00242158
     -0.56721277
     -0.90195543
     -1.09044822
     -1.19278273
     -1.24077153
     -1.25574533
     -1.25453279
     -1.24857824
     -1.24339525
     -1.24034246
     -1.23896148
     -1.23846876
     -1.23831637
     -1.23824324
     -1.23816668
     -1.23807891
     -1.23798994
     -1.23790701
     -1.23783197
     -1.23776379
     -1.23770096
     -1.23764249
     -1.23758802
     -1.23753760
     -1.23749147
     -1.23744994
     -1.23741333
     -1.23738197
     -1.23735620
     -1.23733639
     -1.23732292
     -1.23731621
     -1.23731668
     -1.23732481
     -1.23734108
     -1.23736604
     -1.23740025
     -1.23744431
     -1.23749889
     -1.23756468
     -1.23764246
     -1.23773305
     -1.23783734
     -1.23795630
     -1.23809099
     -1.23824258
     -1.23841233
     -1.23860163
     -1.23881201
     -1.23904516
     -1.23930296
     -1.23958748
     -1.23990106
     -1.24024627
     -1.24062603
     -1.24104362
     -1.24150276
     -1.24200767
     -1.24256316
     -1.24317477
     -1.24384888
     -1.24459289
     -1.24541544
     -1.24632669
     -1.24733866
     -1.24846571
     -1.24972510
     -1.25113783
     -1.25272964
     -1.25453257
     -1.25658694
     -1.25894428
     -1.26167175
     -1.26485894
     -1.26862919
     -1.27315975
     -1.27871900
     -1.28573539
     -1.29491852
     -1.30744742
     -1.32520505
     -1.35095508
     -1.38827194
     -1.44109351
     -1.51311013
     -1.60765406
     -1.72880844
     -1.88416121
     -2.08976226
     -2.37742652
     -2.79395383
      2.94610769
      2.41891685
      2.01517124
      1.70751570
      1.44331620
      1.18213126
      0.88899488
      0.52813154
      0.07764766
     -0.42238798
     -0.88013978
     -1.25661461
     -1.57484833
     -1.87150437
     -2.18064516
     -2.53377892
     -2.95240976
      2.86196021
      2.40332362
      2.00168737
      1.65455570
      1.33492099
      1.01244976
      0.65893838
      0.25460701
     -0.19416552
     -0.64539987
     -1.05657948
     -1.42041565
     -1.75572876
     -2.08865733
     -2.44447958
     -2.84127949
      3.00638683
      2.56302194
      2.14848025
      1.77436284
      1.42786033
      1.08668768
      0.72817166
      0.33574800
     -0.09052488
     -0.52698713
     -0.94224678
     -1.32301136
     -1.67779894
     -2.02557382
     -2.38670599
     -2.77641748
      3.08724673
      2.65659321
      2.24179396
      1.85656363
      1.49545410
      1.14230195
      0.77876566
      0.39080933
     -0.02359841
     -0.44939325
     -0.86320925
     -1.25153045
     -1.61758531
     -1.97518658
     -2.34088973
     -2.72767754
     -3.13809824
      2.72337641
      2.31075727
      1.92024731
      1.55024280
      1.18890788
      0.82126323
      0.43526640
      0.02802901
     -0.39021915
     -0.80157848
     -1.19366515
     -1.56687998
     -1.93138772
     -2.30077168
     -2.68622978
     -3.09087538
      2.77702489
      2.36691414
      1.97367780
      1.59781419
      1.23058028
      0.85963445
      0.47454139
      0.07204076
     -0.34068523
     -0.74959444
     -1.14367533
     -1.52175260
     -1.89135165
     -2.26370487
     -2.64855544
     -3.04925644
      2.82343165
      2.41566084
      2.02095797
      1.64101032
      1.26934203
      0.89571578
      0.51101929
      0.11184555
     -0.29669587
     -0.70339725
     -1.09855674
     -1.48009943
     -1.85359127
     -2.22837347
     -2.61298094
     -3.01084630
      2.86552513
      2.45982380
      2.06433260
      1.68141908
      1.30631018
      0.93047439
      0.54590714
      0.14917128
     -0.25610799
     -0.66087640
     -1.05660349
     -1.44070270
     -1.81725321
     -2.19405267
     -2.57861701
     -2.97437182
      2.90490403
      2.50100504
      2.10511653
      1.71998641
      1.34214488
      0.96446109
      0.57987067
      0.18497211
     -0.21770960
     -0.62079856
     -1.01678991
     -1.40282010
     -1.78182226
     -2.16032002
     -2.54495936
     -2.93910774
      2.94253529
      0.00000000
