      0.00000000
      2.60618850
      2.21556350
      1.82493850
      1.43431350
      1.04368850
      0.65306350
      0.26243850
     -0.12818650
     -0.51881150
     -0.90943650
     -1.30006150
     -1.69068650
     -2.08131150
     -2.47193650
     -2.86256150
      3.02999880
      2.63937380
      2.24874880
      1.85812380
      1.46749880
      1.07687380
      0.68624880
      0.29562380
     -0.09500120
     -0.48562620
     -0.87625120
     -1.26687620
     -1.65750120
     -2.04812620
     -2.43875120
     -2.82937620
      3.06318411
      2.67255911
      2.28193411
      1.89130911
      1.50068411
      1.11005911
      0.71943411
      0.32880911
     -0.06181589
     -0.45244089
     -0.84306589
     -1.23369089
     -1.62431589
     -2.01494089
     -2.40556589
     -2.79619089
      3.09636942
      2.70574442
      2.31511942
      1.92449442
      1.53386942
      1.14324442
      0.75261942
      0.36199442
     -0.02863058
     -0.41925558
     -0.80988058
     -1.20050558
     -1.59113058
     -1.98175558
     -2.37238058
     -2.76300558
      3.12955473
      2.73892973
      2.34830473
      1.95767973
      1.56705473
      1.17642973
      0.78580473
      0.39517973
      0.00455473
     -0.38607027
     -0.77669527
     -1.16732027
     -1.55794527
     -1.94857027
     -2.33919527
     -2.72982027
     -3.12044527
      2.77211504
      2.38149004
      1.99086504
      1.60024004
      1.20961504
      0.81899005
      0.42836505
      0.03774005
     -0.35288495
     -0.74350994
     -1.13413494
     -1.52475994
     -1.91538494
     -2.30600994
     -2.69663494
     -3.08725995
      2.80530035
      2.41467534
      2.02405032
      1.63342529
      1.24280026
      0.85217521
      0.46155016
      0.07092510
     -0.31969997
     -0.71032504
     -1.10095012
     -1.49157519
     -1.88220026
     -2.27282532
     -2.66345036
     -3.05407538
      2.83848494
      2.44785999
      2.05723509
      1.66661022
      1.27598541
      0.88536066
      0.49473597
      0.10411134
     -0.28651322
     -0.67713771
     -1.06776213
     -1.45838646
     -1.84901069
     -2.23963483
     -2.63025884
     -3.02088271
      2.87167888
      2.48105536
      2.09043206
      1.69980901
      1.30918627
      0.91856386
      0.52794185
      0.13732028
     -0.25330078
     -0.64392128
     -1.03454116
     -1.42516035
     -1.81577878
     -2.20639639
     -2.59701310
     -2.98762884
      2.90494176
      2.51432816
      2.12371569
      1.73310418
      1.34249197
      0.95186847
      0.56118789
      0.17035720
     -0.22049863
     -0.61022671
     -0.99635859
     -1.37721674
     -1.75518951
     -2.13751805
     -2.53290718
     -2.94458836
      2.91941636
      2.51088303
      2.12702589
      1.76775665
      1.42017828
      1.06434241
      0.67945824
      0.25514709
     -0.19209199
     -0.62235584
     -1.00749713
     -1.34994692
     -1.67101527
     -1.99881116
     -2.36359958
     -2.78799984
      3.02431506
      2.56727400
      2.17319177
      1.84064724
      1.54190227
      1.24394483
      0.91115298
      0.50781690
      0.02708683
     -0.46447161
     -0.88393023
     -1.21992828
     -1.50449844
     -1.77442704
     -2.06651455
     -2.42289677
     -2.87941708
      2.88140666
      2.41074193
      2.04654693
      1.76016342
      1.50932234
      1.25687705
      0.96335990
      0.57956454
      0.07577175
     -0.46217848
     -0.89769206
     -1.21747804
     -1.46945644
     -1.69635503
     -1.93386804
     -2.22321769
     -2.62008481
      3.13082785
      2.58445352
      2.16900523
      1.87409262
      1.64371930
      1.43585236
      1.21679268
      0.94664348
      0.56649089
      0.03242245
     -0.53606469
     -0.96329478
     -1.25604035
     -1.47698833
     -1.67020126
     -1.86767544
     -2.10438920
     -2.43426364
     -2.92501970
      2.76147687
      2.27903509
      1.95831988
      1.73077823
      1.54315669
      1.36196572
      1.16174639
      0.91865388
      0.60786765
      0.20821354
     -0.27546863
     -0.77989504
     -1.22041769
     -1.57930923
     -1.88563411
     -2.18115813
     -2.50758936
     -2.89995126
      2.91533253
      2.41807369
      1.96960125
      1.59728271
      1.27981580
      0.97841661
      0.65169640
      0.26334867
     -0.19960210
     -0.69605698
     -1.14850036
     -1.52552724
     -1.84569309
     -2.14684054
     -2.47045946
     -2.85407869
      2.96940197
      2.47095923
      2.01326757
      1.63276583
      1.31381488
      1.01954073
      0.70776455
      0.33728519
     -0.11659142
     -0.62500751
     -1.09840394
     -1.48353190
     -1.78212806
     -2.01702690
     -2.21308627
     -2.39429720
     -2.58701556
     -2.82724959
      3.11049886
      2.59751623
      2.00524412
      1.54595945
      1.23717670
      1.00969344
      0.81409005
      0.61692066
      0.38486193
      0.06995091
     -0.38961682
     -0.96798310
     -1.47308775
     -1.82658744
     -2.08371462
     -2.29915005
     -2.51042584
     -2.75202219
     -3.06924667
      2.76645416
      2.20784889
      1.70216655
      1.33325137
      1.05827306
      0.82464285
      0.59346819
      0.32830805
     -0.01597532
     -0.48147668
     -1.02412595
     -1.50058343
     -1.85899992
     -2.14010419
     -2.39067075
     -2.64862276
     -2.95201386
      2.94031500
      2.44786934
      1.93437604
      1.50470508
      1.16783576
      0.88335726
      0.61099309
      0.31457730
     -0.04242994
     -0.48494978
     -0.98135967
     -1.44324636
     -1.82534318
     -2.14672265
     -2.44367228
     -2.75061568
     -3.09939479
      2.77050057
      2.30470893
      1.84416604
      1.43744117
      1.08452985
      0.75944641
      0.43272377
      0.07821312
     -0.32077704
     -0.75808535
     -1.20003722
     -1.61257697
     -1.98845406
     -2.34194897
     -2.69346944
     -3.06052237
      2.83122173
      2.41974590
      2.00357373
      1.59738817
      1.20542745
      0.82256345
      0.44113421
      0.05641188
     -0.33197249
     -0.72219601
     -1.11284697
     -1.50349437
     -1.89411369
     -2.28472600
     -2.67533832
     -3.06595176
      2.82661892
      2.43600317
      2.04538639
      1.65476864
      1.26414999
      0.87353051
      0.48291029
      0.09228938
     -0.29833215
     -0.68895423
     -1.07957680
     -1.47019979
     -1.86082315
     -2.25144682
     -2.64207076
     -3.03269492
      2.85986604
      2.46924156
      2.07861698
      1.68799231
      1.29736758
      0.90674280
      0.51611801
      0.12549319
     -0.26513164
     -0.65575648
     -1.04638132
     -1.43700617
     -1.82763103
     -2.21825591
     -2.60888080
     -2.99950570
      2.89305468
      2.50242974
      2.11180477
      1.72117980
      1.33055480
      0.93992979
      0.54930478
      0.15867975
     -0.23194528
     -0.62257031
     -1.01319534
     -1.40382037
     -1.79444540
     -2.18507042
     -2.57569544
     -2.96632046
      2.92623984
      2.53561483
      2.14498982
      1.75436482
      1.36373982
      0.97311482
      0.58248982
      0.19186482
     -0.19876018
     -0.58938518
     -0.98001018
     -1.37063518
     -1.76126017
     -2.15188517
     -2.54251017
     -2.93313517
      2.95942514
      2.56880014
      2.17817514
      1.78755014
      1.39692514
      1.00630014
      0.61567514
      0.22505014
     -0.16557486
     -0.55619986
     -0.94682486
     -1.33744986
     -1.72807486
     -2.11869986
     -2.50932486
     -2.89994986
      2.99261045
      2.60198545
      2.21136045
      1.82073545
      1.43011045
      1.03948545
      0.64886045
      0.25823545
     -0.13238955
     -0.52301455
     -0.91363955
     -1.30426455
     -1.69488955
     -2.08551455
     -2.47613955
     -2.86676455
      3.02579575
      2.63517075
      2.24454575
      1.85392075
      1.46329575
      1.07267075
      0.68204575
      0.29142075
     -0.09920425
     -0.48982925
     -0.88045425
     -1.27107925
     -1.66170425
     -2.05232925
     -2.44295425
     -2.83357925
      3.05898106
      2.66835606
      2.27773106
      1.88710606
      1.49648106
      1.10585606
      0.71523106
      0.32460606
     -0.06601894
     -0.45664394
     -0.84726894
     -1.23789394
     -1.62851894
     -2.01914394
     -2.40976894
     -2.80039394
      3.09216637
      2.70154137
      2.31091637
      1.92029137
      1.52966637
      1.13904137
      0.74841637
      0.35779137
     -0.03283363
     -0.42345863
     -0.81408363
     -1.20470863
     -1.59533363
     -1.98595863
     -2.37658363
     -2.76720863
      3.12535168
      0.00000000
