             NaN
      2.91269208
     -2.96895363
     -2.57480602
     -2.19016509
     -1.81166427
     -1.43265915
     -1.04662769
     -0.65063757
     -0.24755169
      0.15512705
      0.55002466
      0.93461669
      1.31230374
      1.69014850
      2.07528012
      2.47116745
      2.87506315
     -3.00421599
     -2.60846234
     -2.22389637
     -1.84709344
     -1.47053938
     -1.08643841
     -0.69071245
     -0.28594755
      0.11932808
      0.51606254
      0.90063143
      1.27647093
      1.65158373
      2.03449930
      2.42998944
      2.83568703
     -3.04068844
     -2.64282477
     -2.25821566
     -1.88342948
     -1.50993337
     -1.12838828
     -0.73322974
     -0.32653236
      0.08200457
      0.48117630
      0.86587442
      1.23950492
      1.61117792
      1.99112837
      2.38583041
      2.79359696
     -3.07909614
     -2.67839754
     -2.29354535
     -1.92118758
     -1.55158333
     -1.17350280
     -0.77942256
     -0.37051791
      0.04220248
      0.44470026
      0.82979489
      1.20074562
      1.56798528
      1.94385269
      2.33708862
      2.74719451
     -3.12071206
     -2.71606986
     -2.33061026
     -1.96122103
     -1.59670691
     -1.22348764
     -0.83140106
     -0.42004691
     -0.00180586
      0.40542746
      0.79142569
      1.15907603
      1.52041804
      1.89042775
      2.28093805
      2.69355169
      3.11525428
     -2.75751523
     -2.37072618
     -2.00501688
     -1.64740770
     -1.28134671
     -0.89302458
     -0.47921438
     -0.05342876
      0.36097300
      0.74893031
      1.11247327
      1.46563431
      1.82675109
      2.21198316
      2.62677638
      3.05741928
     -2.80625231
     -2.41654022
     -2.05540082
     -1.70761591
     -1.35281967
     -0.97205221
     -0.55679866
     -0.12034875
      0.30591484
      0.69833847
      1.05686235
      1.39804639
      1.74455933
      2.11868128
      2.53321713
      2.97656759
     -2.87111073
     -2.47431190
     -2.11848114
     -1.78553955
     -1.45021375
     -1.08637057
     -0.67519576
     -0.22397833
      0.22477810
      0.62910649
      0.98262699
      1.30511322
      1.62476356
      1.97190597
      2.37354018
      2.83215742
     -2.98223535
     -2.56361134
     -2.21046821
     -1.90131002
     -1.60463453
     -1.28638434
     -0.90990480
     -0.45217212
      0.04782901
      0.49829629
      0.85916769
      1.15232423
      1.41353340
      1.67775761
      1.98543296
      2.38917675
      2.91631985
     -2.82379595
     -2.40727447
     -2.11958820
     -1.91395798
     -1.75857411
     -1.63738628
     -1.54280446
     -1.47074270
     -1.41786573
     -1.38048039
     -1.35464662
     -1.33678874
     -1.32414266
     -1.31482559
     -1.30765899
     -1.30193393
     -1.29722268
     -1.29325757
     -1.28986207
     -1.28691351
     -1.28432296
     -1.28202388
     -1.27996531
     -1.27810749
     -1.27641891
     -1.27487431
     -1.27345315
     -1.27213859
     -1.27091671
     -1.26977586
     -1.26870625
     -1.26769956
     -1.26674874
     -1.26584770
     -1.26499121
     -1.26417472
     -1.26339429
     -1.26264645
     -1.26192816
     -1.26123674
     -1.26056983
     -1.25992532
     -1.25930134
     -1.25869621
     -1.25810844
     -1.25753669
     -1.25697973
     -1.25643649
     -1.25590598
     -1.25538730
     -1.25487964
     -1.25438227
     -1.25389453
     -1.25341579
     -1.25294550
     -1.25248315
     -1.25202827
     -1.25158044
     -1.25113927
     -1.25070439
     -1.25027547
     -1.24985222
     -1.24943434
     -1.24902158
     -1.24861371
     -1.24821052
     -1.24781179
     -1.24741735
     -1.24702702
     -1.24664063
     -1.24625813
     -1.24587969
     -1.24550597
     -1.24513832
     -1.24477853
     -1.24442758
     -1.24408298
     -1.24373660
     -1.24337961
     -1.24302902
     -1.24279526
     -1.24299526
     -1.24425294
     -1.24738834
     -1.25270864
     -1.25830527
     -1.25764500
     -1.23814478
     -1.18220964
     -1.06766620
     -0.85994008
     -0.49311641
      0.11561605
      0.82246250
      1.31392502
      1.61823428
      1.83988723
      2.04832223
      2.29946495
      2.66495400
     -3.05848829
     -2.39452158
     -1.89173216
     -1.56378469
     -1.32334598
     -1.10397151
     -0.85017774
     -0.49154735
      0.05292418
      0.71227855
      1.22520422
      1.56181854
      1.80619205
      2.02507079
      2.27394539
      2.62323241
     -3.12410108
     -2.45585486
     -1.92816475
     -1.58660896
     -1.34668841
     -1.14048283
     -0.91185989
     -0.58603303
     -0.05486458
      0.66599604
      1.23572661
      1.57054385
      1.75912779
      1.86158941
      1.90975844
      1.92497777
      1.92407442
      1.91847798
      1.91368393
      1.91103734
      1.91007215
      1.91000112
      1.91027462
      1.91063063
      1.91098577
      1.91133169
      1.91167794
      1.91203139
      1.91239357
      1.91276323
      1.91313866
      1.91351870
      1.91390284
      1.91429099
      1.91468324
      1.91507978
      1.91548079
      1.91588648
      1.91629707
      1.91671279
      1.91713389
      1.91756065
      1.91799339
      1.91843242
      1.91887812
      1.91933088
      1.91979111
      1.92025930
      1.92073595
      1.92122161
      1.92171691
      1.92222251
      1.92273915
      1.92326763
      1.92380886
      1.92436381
      1.92493358
      1.92551939
      1.92612257
      1.92674462
      1.92738722
      1.92805225
      1.92874180
      1.92945825
      1.93020427
      1.93098292
      1.93179764
      1.93265240
      1.93355174
      1.93450089
      1.93550593
      1.93657394
      1.93771322
      1.93893357
      1.94024663
      1.94166634
      1.94320954
      1.94489675
      1.94675326
      1.94881057
      1.95110844
      1.95369785
      1.95664532
      1.96003979
      1.96400393
      1.96871429
      1.97443853
      1.98160440
      1.99092081
      2.00356631
      2.02142369
      2.04725705
      2.08464206
      2.13751876
      2.20958029
      2.30416192
      2.42534959
      2.58073330
      2.78636337
      3.07404954
     -2.79261426
     -2.24954448
     -1.72240114
     -1.31865735
     -1.01098210
     -0.74675801
     -0.48554896
     -0.19239252
      0.16847884
      0.61894620
      1.11894751
      1.57668028
      1.95315980
      2.27140990
      2.56808530
      2.87724340
     -3.05279882
     -2.63417478
     -2.16538212
     -1.70676479
     -1.30513057
     -0.95798822
     -0.63833795
     -0.31585180
      0.03766866
      0.44199706
      0.89075358
      1.34197109
      1.75314592
      2.11698906
      2.45231480
      2.78525633
      3.14108705
     -2.74529942
     -2.30979238
     -1.86644185
     -1.45190597
     -1.07778404
     -0.73127115
     -0.39008717
     -0.03156333
      0.36086030
      0.78712394
      1.22357391
      1.63882749
      2.01959494
      2.37439113
      2.72217600
      3.08331536
     -2.81015786
     -2.39064411
     -1.96000116
     -1.54520791
     -1.15997585
     -0.79885910
     -0.44569811
     -0.08215518
      0.30580212
      0.72020392
      1.14598958
      1.55979981
      1.94812194
      2.31418290
      2.67179204
      3.03750131
     -2.85889496
     -2.44847914
     -2.02677651
     -1.61416284
     -1.22365254
     -0.85364285
     -0.49230088
     -0.12465056
      0.26134765
      0.66858100
      1.08682208
      1.49817626
      1.89026284
      2.26348209
      2.62799617
      2.99738538
     -2.90034033
     -2.49569812
     -2.08041935
     -1.67031344
     -1.27707750
     -0.90121011
     -0.53397048
     -0.16301978
      0.22207484
      0.62457264
      1.03729305
      1.44619773
      1.84027797
      2.21835849
      2.58796271
      2.96032046
     -2.93801267
     -2.53731405
     -2.12682182
     -1.71905526
     -1.32435321
     -0.94440278
     -0.57272980
     -0.19909932
      0.18559880
      0.58477054
      0.99330749
      1.40000489
      1.79516343
      2.17670851
      2.55020460
      2.92499076
     -2.97358545
     -2.57572177
     -2.16891191
     -1.76321430
     -1.36772416
     -0.98480859
     -0.60969582
     -0.23385633
      0.15071255
      0.54744701
      0.95272266
      1.35748758
      1.75321354
      2.13731451
      2.51386855
      2.89067146
     -3.00794788
     -2.61219423
     -2.20828805
     -1.80439233
     -1.40850499
     -1.02337338
     -0.64552863
     -0.26784160
      0.11675042
      0.51164804
      0.91432679
      1.31741268
      1.71340281
      2.09943427
      2.47843937
      2.85694018
     -3.04160421
     -2.64745660
     -2.24591699
      0.00000000
