      0.00000000
      0.00000000
      0.00000000
      0.00000000
      0.00000000
      0.00000000
      0.00000000
      0.00000000
      0.00000000
      0.00000000
      0.00000000
      0.00000000
      0.00000000
      0.00000000
      0.00000000
      0.00000000
      0.00000000
      0.00000000
      0.00000000
      0.00000000
      0.00000000
      0.00000000
      0.00000000
      0.00000000
      0.00000000
      0.00000000
      0.00000000
      0.00000000
      0.00000000
      0.00000000
      0.00000000
      0.00000000
      0.00000000
      0.00000000
      0.00000000
      0.00000000
      0.00000000
      0.00000000
      0.00000000
      0.00000000
      0.00000000
      0.00000000
      0.00000000
      0.00000000
      0.00000000
      0.00000000
      0.00000000
      0.00000000
      0.00000000
      0.00000000
      0.00000000
      0.00000000
      0.00000000
      0.00000000
      0.00000000
      0.00000000
      0.00000000
      0.00000000
      0.00000000
      0.00000000
      0.00000000
      0.00000000
      0.00000000
      0.00000000
      0.00000000
      0.00000000
      0.00000000
      0.00000000
      0.00000000
      0.00000000
      0.00000000
      0.00000000
      0.00000000
      0.00000000
      0.00000000
      0.00000000
      0.00000000
      0.00000000
      0.00000000
      0.00000000
      0.00000000
      0.00000000
      0.00000000
      0.00000000
      0.00000000
      0.00000000
      0.00000000
      0.00000000
      0.00000000
      0.00000000
      0.00000000
      0.00000000
      0.00000000
      0.00000000
      0.00000000
      0.00000000
      0.00000000
      0.00000000
      0.00000000
      0.00000000
      0.00000000
      0.00000000
      0.00000000
      0.00000000
      0.00000000
      0.00000000
      0.00000000
      0.00000000
      0.00000000
      0.00000000
      0.00000000
      0.00000000
      0.00000000
      0.00000000
      0.00000000
      0.00000000
      0.00000000
      0.00000000
      0.00000000
      0.00000000
      0.00000000
      0.00000000
      0.00000000
      0.00000000
      0.00000000
      0.00000000
      0.00000000
      0.00000000
      0.00000000
      0.00000000
      0.00000000
      0.00000000
      0.00000000
      0.00000000
      0.00000000
      0.00000000
      0.00000000
      0.00000000
      0.00000000
      0.00000000
      0.00000000
      0.00000000
      0.00000000
      0.00000000
      0.00000000
      0.00000000
      0.00000001
      0.00000007
      0.00000040
      0.00000194
      0.00000779
      0.00002578
      0.00006959
      0.00015336
      0.00028031
      0.00043864
      0.00061110
      0.00078551
      0.00095688
      0.00112447
      0.00128887
      0.00145073
      0.00161043
      0.00176819
      0.00192412
      0.00207826
      0.00223064
      0.00238129
      0.00253022
      0.00267743
      0.00282294
      0.00296675
      0.00310886
      0.00324928
      0.00338801
      0.00352504
      0.00366039
      0.00379406
      0.00392603
      0.00405633
      0.00418493
      0.00431185
      0.00443709
      0.00456065
      0.00468252
      0.00480271
      0.00492122
      0.00503804
      0.00515318
      0.00526664
      0.00537842
      0.00548852
      0.00559693
      0.00570366
      0.00580872
      0.00591209
      0.00601377
      0.00611378
      0.00621211
      0.00630875
      0.00640371
      0.00649700
      0.00658860
      0.00667853
      0.00676678
      0.00685334
      0.00693821
      0.00702137
      0.00710284
      0.00718264
      0.00726083
      0.00733752
      0.00741278
      0.00748669
      0.00755914
      0.00762986
      0.00769839
      0.00776422
      0.00782707
      0.00788722
      0.00794589
      0.00800524
      0.00806812
      0.00813732
      0.00821466
      0.00830031
      0.00839255
      0.00848830
      0.00858397
      0.00867631
      0.00876304
      0.00884299
      0.00891600
      0.00898261
      0.00904374
      0.00910041
      0.00915352
      0.00920381
      0.00925176
      0.00929763
      0.00934153
      0.00938340
      0.00942313
      0.00946055
      0.00949551
      0.00952785
      0.00955748
      0.00958430
      0.00960828
      0.00962940
      0.00964765
      0.00966305
      0.00967561
      0.00968536
      0.00969231
      0.00969648
      0.00969787
      0.00969648
      0.00969231
      0.00968536
      0.00967561
      0.00966305
      0.00964765
      0.00962940
      0.00960828
      0.00958430
      0.00955748
      0.00952785
      0.00949551
      0.00946055
      0.00942313
      0.00938340
      0.00934153
      0.00929763
      0.00925176
      0.00920381
      0.00915352
      0.00910041
      0.00904374
      0.00898261
      0.00891600
      0.00884299
      0.00876304
      0.00867631
      0.00858397
      0.00848830
      0.00839255
      0.00830031
      0.00821466
      0.00813732
      0.00806812
      0.00800524
      0.00794589
      0.00788722
      0.00782707
      0.00776422
      0.00769839
      0.00762986
      0.00755914
      0.00748669
      0.00741278
      0.00733752
      0.00726083
      0.00718264
      0.00710284
      0.00702137
      0.00693821
      0.00685334
      0.00676678
      0.00667853
      0.00658860
      0.00649700
      0.00640371
      0.00630875
      0.00621211
      0.00611378
      0.00601377
      0.00591209
      0.00580872
      0.00570366
      0.00559693
      0.00548852
      0.00537842
      0.00526664
      0.00515318
      0.00503804
      0.00492122
      0.00480271
      0.00468252
      0.00456065
      0.00443709
      0.00431185
      0.00418493
      0.00405633
      0.00392603
      0.00379406
      0.00366039
      0.00352504
      0.00338801
      0.00324928
      0.00310886
      0.00296675
      0.00282294
      0.00267743
      0.00253022
      0.00238129
      0.00223064
      0.00207826
      0.00192412
      0.00176819
      0.00161043
      0.00145073
      0.00128887
      0.00112447
      0.00095688
      0.00078551
      0.00061110
      0.00043864
      0.00028031
      0.00015336
      0.00006959
      0.00002578
      0.00000779
      0.00000194
      0.00000040
      0.00000007
      0.00000001
      0.00000000
      0.00000000
      0.00000000
      0.00000000
      0.00000000
      0.00000000
      0.00000000
      0.00000000
      0.00000000
      0.00000000
      0.00000000
      0.00000000
      0.00000000
      0.00000000
      0.00000000
      0.00000000
      0.00000000
      0.00000000
      0.00000000
      0.00000000
      0.00000000
      0.00000000
      0.00000000
      0.00000000
      0.00000000
      0.00000000
      0.00000000
      0.00000000
      0.00000000
      0.00000000
      0.00000000
      0.00000000
      0.00000000
      0.00000000
      0.00000000
      0.00000000
      0.00000000
      0.00000000
      0.00000000
      0.00000000
      0.00000000
      0.00000000
      0.00000000
      0.00000000
      0.00000000
      0.00000000
      0.00000000
      0.00000000
      0.00000000
      0.00000000
      0.00000000
      0.00000000
      0.00000000
      0.00000000
      0.00000000
      0.00000000
      0.00000000
      0.00000000
      0.00000000
      0.00000000
      0.00000000
      0.00000000
      0.00000000
      0.00000000
      0.00000000
      0.00000000
      0.00000000
      0.00000000
      0.00000000
      0.00000000
      0.00000000
      0.00000000
      0.00000000
      0.00000000
      0.00000000
      0.00000000
      0.00000000
      0.00000000
      0.00000000
      0.00000000
      0.00000000
      0.00000000
      0.00000000
      0.00000000
      0.00000000
      0.00000000
      0.00000000
      0.00000000
      0.00000000
      0.00000000
      0.00000000
      0.00000000
      0.00000000
      0.00000000
      0.00000000
      0.00000000
      0.00000000
      0.00000000
      0.00000000
      0.00000000
      0.00000000
      0.00000000
      0.00000000
      0.00000000
      0.00000000
      0.00000000
      0.00000000
      0.00000000
      0.00000000
      0.00000000
      0.00000000
      0.00000000
      0.00000000
      0.00000000
      0.00000000
      0.00000000
      0.00000000
      0.00000000
      0.00000000
      0.00000000
      0.00000000
      0.00000000
      0.00000000
      0.00000000
      0.00000000
      0.00000000
      0.00000000
      0.00000000
      0.00000000
      0.00000000
      0.00000000
      0.00000000
      0.00000000
      0.00000000
      0.00000000
      0.00000000
      0.00000000
      0.00000000
      0.00000000
      0.00000000
      0.00000000
      0.00000000
      0.00000000
      0.00000000
      0.00000000
      0.00000000
