      0.00000000
     -0.66373101
     -0.27310602
      0.11751898
      0.50814396
      0.89876895
      1.28939394
      1.68001892
      2.07064391
      2.46126890
      2.85189388
     -3.04066644
     -2.65004145
     -2.25941647
     -1.86879148
     -1.47816650
     -1.08754151
     -0.69691653
     -0.30629154
      0.08433344
      0.47495843
      0.86558341
      1.25620840
      1.64683338
      2.03745837
      2.42808335
      2.81870834
     -3.07385198
     -2.68322700
     -2.29260201
     -1.90197703
     -1.51135205
     -1.12072706
     -0.73010208
     -0.33947709
      0.05114789
      0.44177288
      0.83239786
      1.22302284
      1.61364783
      2.00427281
      2.39489780
      2.78552278
     -3.10703754
     -2.71641256
     -2.32578758
     -1.93516259
     -1.54453761
     -1.15391263
     -0.76328764
     -0.37266266
      0.01796232
      0.40858731
      0.79921229
      1.18983727
      1.58046225
      1.97108724
      2.36171222
      2.75233720
     -3.14022312
     -2.74959814
     -2.35897316
     -1.96834818
     -1.57772319
     -1.18709821
     -0.79647323
     -0.40584825
     -0.01522327
      0.37540172
      0.76602670
      1.15665168
      1.54727666
      1.93790164
      2.32852662
      2.71915160
      3.10977659
     -2.78278374
     -2.39215876
     -2.00153378
     -1.61090880
     -1.22028382
     -0.82965884
     -0.43903386
     -0.04840888
      0.34221610
      0.73284108
      1.12346606
      1.51409104
      1.90471602
      2.29534100
      2.68596598
      3.07659096
     -2.81596936
     -2.42534438
     -2.03471940
     -1.64409443
     -1.25346945
     -0.86284447
     -0.47221949
     -0.08159451
      0.30903047
      0.69965545
      1.09028043
      1.48090540
      1.87153038
      2.26215536
      2.65278034
      3.04340532
     -2.84915501
     -2.45853004
     -2.06790506
     -1.67728008
     -1.28665510
     -0.89603013
     -0.50540515
     -0.11478017
      0.27584480
      0.66646978
      1.05709476
      1.44771973
      1.83834471
      2.22896969
      2.61959466
      3.01021964
     -2.88234069
     -2.49171572
     -2.10109074
     -1.71046577
     -1.31984079
     -0.92921581
     -0.53859083
     -0.14796584
      0.24265915
      0.63328414
      1.02390915
      1.41453416
      1.80515916
      2.19578415
      2.58640910
      2.97703399
     -2.91552652
     -2.52490186
     -2.13427740
     -1.74365319
     -1.35302931
     -0.96240582
     -0.57178274
     -0.18116013
      0.20946162
      0.60008398
      0.99073181
      1.38154627
      1.77296519
      2.16552727
      2.55818843
      2.94598419
     -2.96159438
     -2.60145772
     -2.25107696
     -1.89605241
     -1.51775272
     -1.10327578
     -0.66196948
     -0.22933313
      0.16237724
      0.50970210
      0.83145038
      1.15573782
      1.51448394
      1.93454759
      2.40817735
      2.87288116
     -3.01183019
     -2.68093323
     -2.38852816
     -2.09994279
     -1.77758163
     -1.38111180
     -0.89618217
     -0.39237905
      0.03292464
      0.36517271
      0.64003047
      0.89656667
      1.17251459
      1.51238296
      1.96152497
      2.49695234
      2.98489360
     -2.93023680
     -2.65086056
     -2.41363231
     -2.18050289
     -1.91295302
     -1.55978294
     -1.07146426
     -0.50934761
     -0.04389519
      0.28559011
      0.53182250
      0.74224564
      0.95184795
      1.19653253
      1.52778588
      2.00606890
      2.58247308
      3.05946965
     -2.90094916
     -2.67457780
     -2.49644792
     -2.33787594
     -2.17875145
     -2.00007627
     -1.77978438
     -1.49180365
     -1.11237623
     -0.64218653
     -0.13771202
      0.30948188
      0.65862357
      0.92660591
      1.15516474
      1.39166884
      1.68043636
      2.05488446
      2.51874257
      3.01851604
     -2.81594387
     -2.45796199
     -2.17504801
     -1.92641029
     -1.66471759
     -1.34560296
     -0.93951912
     -0.45648770
      0.03406094
      0.45535547
      0.78845024
      1.05964805
      1.31284838
      1.59524644
      1.94784944
      2.38895764
      2.88554423
     -2.92821944
     -2.54232075
     -2.23718494
     -1.97718475
     -1.71605499
     -1.40784277
     -1.01798491
     -0.54589752
     -0.05021112
      0.38748485
      0.73699372
      1.01846342
      1.27369368
      1.54987276
      1.88999175
      2.31795168
      2.81060933
     -2.99369246
     -2.59351667
     -2.27733270
     -2.01299669
     -1.75516953
     -1.45717933
     -1.08139031
     -0.61976091
     -0.12178730
      0.32844772
      0.69083176
      0.97941718
      1.23374489
      1.50080588
      1.82535769
      2.23675224
      2.72256558
     -3.07241209
     -2.65625039
     -2.32836563
     -2.06203136
     -1.81373928
     -1.53608889
     -1.18702412
     -0.74694414
     -0.24873229
      0.22238626
      0.60679114
      0.90354857
      1.14432714
      1.37288531
      1.63660435
      1.97823720
      2.41800942
      2.92110231
     -2.88594027
     -2.49845419
     -2.20396086
     -1.97967237
     -1.79935866
     -1.64066653
     -1.48462224
     -1.31179549
     -1.09532682
     -0.79002150
     -0.33478363
      0.24143168
      0.74133472
      1.08846302
      1.33985617
      1.55011035
      1.75627414
      1.99228557
      2.30308491
      2.74479116
     -2.97949035
     -2.46871189
     -2.09666742
     -1.82074221
     -1.58690357
     -1.35533156
     -1.08895688
     -0.74237418
     -0.27503785
      0.26529036
      0.73735262
      1.09382657
      1.37608737
      1.63081366
      1.89642906
      2.21152975
      2.61552048
      3.11106062
     -2.67199178
     -2.25605878
     -1.92314874
     -1.63336511
     -1.34771573
     -1.03071849
     -0.64994715
     -0.19540635
      0.28595727
      0.72200032
      1.09142988
      1.41766802
      1.73363477
      2.06941371
      2.44802262
      2.87379201
     -2.96362852
     -2.53892614
     -2.15338407
     -1.79741375
     -1.45122793
     -1.09719119
     -0.72560492
     -0.33722381
      0.05947405
      0.45613202
      0.84981103
      1.24141409
      1.63225275
      2.02291213
      2.41354189
      2.80416715
     -3.08839395
     -2.69776992
     -2.30714568
     -1.91652119
     -1.52589648
     -1.13527160
     -0.74464662
     -0.35402157
      0.03660351
      0.42722860
      0.81785369
      1.20847877
      1.59910384
      1.98972890
      2.38035395
      2.77097899
     -3.12158129
     -2.73095626
     -2.34033123
     -1.94970621
     -1.55908118
     -1.16845615
     -0.77783113
     -0.38720610
      0.00341893
      0.39404395
      0.78466898
      1.17529401
      1.56591903
      1.95654406
      2.34716908
      2.73779411
      3.12841914
     -2.76414115
     -2.37351612
     -1.98289110
     -1.59226607
     -1.20164105
     -0.81101602
     -0.42039100
     -0.02976597
      0.36085905
      0.75148408
      1.14210910
      1.53273413
      1.92335915
      2.31398417
      2.70460920
      3.09523422
     -2.79732606
     -2.40670104
     -2.01607602
     -1.62545099
     -1.23482597
     -0.84420095
     -0.45357592
     -0.06295090
      0.32767412
      0.71829914
      1.10892417
      1.49954919
      1.89017421
      2.28079923
      2.67142426
      3.06204928
     -2.83051101
     -2.43988599
     -2.04926097
     -1.65863594
     -1.26801092
     -0.87738590
     -0.48676088
     -0.09613586
      0.29448916
      0.68511418
      1.07573920
      1.46636422
      1.85698924
      2.24761427
      2.63823929
      3.02886431
     -2.86369598
     -2.47307096
     -2.08244594
     -1.69182092
     -1.30119590
     -0.91057088
     -0.51994586
     -0.12932084
      0.26130418
      0.65192920
      1.04255422
      1.43317923
      1.82380425
      2.21442927
      2.60505429
      2.99567931
     -2.89688098
     -2.50625596
     -2.11563094
     -1.72500592
     -1.33438090
     -0.94375589
     -0.55313087
     -0.16250585
      0.22811917
      0.61874419
      1.00936921
      1.39999422
      1.79061924
      2.18124426
      2.57186928
      2.96249429
     -2.93006600
     -2.53944098
     -2.14881596
     -1.75819094
     -1.36756593
     -0.97694091
     -0.58631589
     -0.19569087
      0.19493414
      0.58555916
      0.97618418
      1.36680919
      1.75743421
      2.14805923
      2.53868424
      2.92930926
     -2.96325103
     -2.57262601
     -2.18200100
     -1.79137598
     -1.40075097
     -1.01012595
     -0.61950093
     -0.22887592
      0.16174910
      0.55237411
      0.94299913
      1.33362414
      1.72424916
      2.11487417
      2.50549919
      2.89612420
     -2.99643610
      0.00000000
