             NaN
     -2.47101265
     -2.07953764
     -1.68679806
     -1.29405244
     -0.90258763
     -0.51295313
     -0.12463910
      0.26363164
      0.65318529
      1.04463737
      1.43750478
      1.83045039
      2.22206270
      2.61169734
      2.99985458
     -2.89529352
     -2.50592407
     -2.11450424
     -1.72150006
     -1.32833356
     -0.93655481
     -0.54691601
     -0.15893062
      0.22884545
      0.61800429
      1.00938058
      1.40253124
      1.79594248
      2.18790956
      2.57755730
      2.96535339
     -2.93034933
     -2.54143244
     -2.15011371
     -1.75680605
     -1.36312262
     -0.97094161
     -0.58127920
     -0.19369286
      0.19345797
      0.58209525
      0.97333874
      1.36681479
      1.76080231
      2.15322750
      2.54291160
      2.93026402
     -2.96614808
     -2.57783628
     -2.18669061
     -1.79303398
     -1.39870493
     -1.00599928
     -0.61628476
     -0.22919516
      0.15714467
      0.54507427
      0.93609275
      1.32994286
      1.72465794
      2.11768820
      2.50744427
      2.89423598
     -3.00311167
     -2.61563568
     -2.22478322
     -1.83072642
     -1.43557179
     -1.04216233
     -0.65235026
     -0.26589962
      0.11934945
      0.50628021
      0.89691411
      1.29119039
      1.68684975
      2.08070712
      2.47059431
      2.85664977
     -3.04198585
     -2.65572049
     -2.26537791
     -1.87087154
     -1.47462709
     -1.08023374
     -0.69024552
     -0.30465453
      0.07905047
      0.46448866
      0.85443613
      1.24917747
      1.64610720
      2.04115189
      2.43127709
      2.81631282
     -3.08420814
     -2.69982180
     -2.31042289
     -1.91545508
     -1.51771397
     -1.12186300
     -0.73154915
     -0.34719105
      0.03415936
      0.41716941
      0.80578235
      1.20093800
      1.59964981
      1.99652174
      2.38710209
      2.77061203
     -3.13293464
     -2.75179342
     -2.36435593
     -1.96912053
     -1.56923910
     -1.17103666
     -0.78006462
     -0.39765042
     -0.02033655
      0.35813585
      0.74370645
      1.13874312
      1.54002617
      1.94002851
      2.33161272
      2.71255186
      3.08651774
     -2.82229401
     -2.43996398
     -2.04587562
     -1.64300731
     -1.24045054
     -0.84781309
     -0.46897566
     -0.10028849
      0.26702019
      0.64285591
      1.03363908
      1.43766877
      1.84401324
      2.23875850
      2.61432357
      2.97320245
     -2.95778398
     -2.59911238
     -2.22233828
     -1.82369347
     -1.41356159
     -1.01403269
     -0.64502176
     -0.31380480
     -0.01680531
      0.25439528
      0.50938332
      0.75734168
      1.00596372
      1.26044560
      1.52303996
      1.79344981
      2.06979292
      2.34965949
      2.63090696
      2.91205618
     -3.09085055
     -2.81167728
     -2.53354053
     -2.25626725
     -1.97970299
     -1.70376172
     -1.42842609
     -1.15372462
     -0.87970518
     -0.60641509
     -0.33389069
     -0.06215478
      0.20878100
      0.47891212
      0.74823724
      1.01675537
      1.28446453
      1.55136148
      1.81744249
      2.08270471
      2.34714800
      2.61077659
      2.87360015
      3.13563317
     -2.88629364
     -2.62579862
     -2.36607042
     -2.10713715
     -1.84905873
     -1.59192452
     -1.33583447
     -1.08085843
     -0.82697383
     -0.57399190
     -0.32149704
     -0.06884017
      0.18476032
      0.43995938
      0.69685116
      0.95442087
      1.21004816
      1.45930285
      1.69624537
      1.91431526
      2.10779349
      2.27393102
      2.41608000
      2.54798521
      2.69822861
      2.91289573
     -3.02875926
     -2.50646547
     -1.87776732
     -1.36431287
     -1.02725621
     -0.80641925
     -0.63541614
     -0.45837618
     -0.22114393
      0.13731070
      0.66439159
      1.27911378
      1.77953559
      2.11795613
      2.35241716
      2.54599927
      2.75432069
      3.03430210
     -2.83572409
     -2.26858772
     -1.68320164
     -1.24110530
     -0.94018095
     -0.71890982
     -0.51845175
     -0.28381487
      0.04434545
      0.52132510
      1.11674120
      1.65174564
      2.03190670
      2.29582392
      2.50505355
      2.71559775
      2.98341550
     -2.91374014
     -2.37458915
     -1.78295222
     -1.31277543
     -0.98833940
     -0.75358368
     -0.54941700
     -0.32098865
     -0.00993980
      0.44204969
      1.02665095
      1.58041719
      1.98351140
      2.26177884
      2.47608183
      2.68290565
      2.93778702
     -2.98133917
     -2.46286367
     -1.86441112
     -1.36959450
     -1.02683333
     -0.78449589
     -0.58260371
     -0.36606004
     -0.07687290
      0.34723613
      0.92127446
      1.50001433
      1.93102251
      2.22310605
      2.43705875
      2.63044782
      2.85853864
     -3.09985363
     -2.61755965
     -2.00722264
     -1.46415861
     -1.08926951
     -0.84161704
     -0.65969600
     -0.48888191
     -0.27385445
      0.05082424
      0.54863337
      1.17583849
      1.71346940
      2.06895380
      2.29162039
      2.44475501
      2.57595451
      2.71535038
      2.87794394
      3.06790065
     -3.00026923
     -2.76571852
     -2.51816992
     -2.26366365
     -2.00680326
     -1.75039864
     -1.49562354
     -1.24248790
     -0.99038506
     -0.73853941
     -0.48628350
     -0.23317455
      0.02100169
      0.27628634
      0.53261992
      0.78990593
      1.04805390
      1.30700061
      1.56671438
      1.82718915
      2.08843454
      2.35046635
      2.61329978
      2.87694572
      3.14140975
     -2.87649242
     -2.61039228
     -2.34347867
     -2.07575517
     -1.80722446
     -1.53788789
     -1.26774595
     -0.99679971
     -0.72505359
     -0.45251924
     -0.17921957
      0.09480902
      0.36951914
      0.64486287
      0.92081170
      1.19738299
      1.47466278
      1.75280553
      2.03198435
      2.31226805
      2.59342200
      2.87467390
     -3.12864071
     -2.85229373
     -2.58188027
     -2.31928261
     -2.06479779
     -1.81617325
     -1.56821288
     -1.31322336
     -1.04202181
     -0.74502186
     -0.41380491
     -0.04479432
      0.35473422
      0.76486610
      1.16351137
      1.54028617
      1.89895843
      2.25115774
      2.61003676
      2.98560170
     -2.90283859
     -2.49649424
     -2.09246438
     -1.70168082
     -1.32584464
     -0.95853561
     -0.58984830
     -0.21101092
      0.18162635
      0.58418300
      0.98705139
      1.38114002
      1.76347039
      2.13784423
      2.51181025
      2.89274936
     -2.99885187
     -2.59884963
     -2.19756655
     -1.80252968
     -1.41695881
     -1.03848616
     -0.66117218
     -0.27875798
      0.11221396
      0.51041631
      0.91029775
      1.30553330
      1.69297101
      2.07411243
      2.45375118
      2.83726113
     -3.05534391
     -2.65847206
     -2.25976025
     -1.86460449
     -1.47599136
     -1.09298113
     -0.71163061
     -0.32727251
      0.06304128
      0.45889217
      0.85663328
      1.25160118
      1.64100025
      2.02538674
      2.40805119
      2.79308693
     -3.09997323
     -2.70492861
     -2.30799888
     -1.91325747
     -1.52330986
     -1.13787153
     -0.75416645
     -0.36857545
      0.02141273
      0.41580602
      0.81205046
      1.20655689
      1.59689959
      1.98316508
      2.36771485
      2.75377031
     -3.13952784
     -2.74567053
     -2.35001118
     -1.95573484
     -1.56510084
     -1.17816996
     -0.79292083
     -0.40647017
     -0.01665814
      0.37675128
      0.77190590
      1.16596275
      1.55681529
      1.94429138
      2.33012911
      2.71692084
      3.10667688
     -2.78347822
     -2.38876315
     -1.99491300
     -1.60389444
     -1.21596475
     -0.82962485
     -0.44253524
     -0.05282074
      0.33988487
      0.73421391
      1.12787057
      1.51901630
      1.90732820
      2.29410146
      2.68145390
      3.07113798
     -2.81962218
     -2.42563467
     -2.03215860
     -1.64091505
     -1.25227769
     -0.86512680
     -0.47754045
     -0.08787805
      0.30430292
      0.69798634
      1.09129403
      1.48261281
      1.87152978
      2.25901241
      2.64680852
      3.03645624
     -2.85476202
     -2.46135079
     -2.06820011
     -1.67682377
     -1.28766486
     -0.89988874
     -0.51190333
     -0.12226454
      0.26951418
      0.66268066
      1.05568485
      1.44710473
      1.83647424
      2.22451150
      2.61266875
      3.00230338
     -2.88926964
     -2.49632405
     -2.10345662
     -1.71200450
     -1.32245079
     -0.93418001
     -0.54586597
     -0.15623147
      0.23523331
      0.62797892
      1.02071851
      1.41219356
      0.00000000
