      0.00000000
      0.00082138
      0.00180119
      0.00219180
      0.00228262
      0.00228573
      0.00227503
      0.00226802
      0.00226583
      0.00226660
      0.00226878
      0.00227155
      0.00227453
      0.00227756
      0.00228060
      0.00228364
      0.00228666
      0.00228967
      0.00229266
      0.00229564
      0.00229861
      0.00230157
      0.00230451
      0.00230744
      0.00231036
      0.00231327
      0.00231616
      0.00231904
      0.00232191
      0.00232477
      0.00232761
      0.00233044
      0.00233326
      0.00233606
      0.00233886
      0.00234164
      0.00234441
      0.00234716
      0.00234990
      0.00235263
      0.00235535
      0.00235806
      0.00236075
      0.00236343
      0.00236610
      0.00236875
      0.00237140
      0.00237403
      0.00237664
      0.00237925
      0.00238184
      0.00238442
      0.00238699
      0.00238955
      0.00239209
      0.00239462
      0.00239714
      0.00239964
      0.00240213
      0.00240461
      0.00240708
      0.00240954
      0.00241198
      0.00241441
      0.00241682
      0.00241923
      0.00242162
      0.00242400
      0.00242637
      0.00242872
      0.00243107
      0.00243339
      0.00243571
      0.00243802
      0.00244031
      0.00244259
      0.00244486
      0.00244711
      0.00244935
      0.00245158
      0.00245380
      0.00245600
      0.00245819
      0.00246037
      0.00246254
      0.00246469
      0.00246684
      0.00246897
      0.00247108
      0.00247319
      0.00247528
      0.00247736
      0.00247942
      0.00248148
      0.00248352
      0.00248555
      0.00248757
      0.00248957
      0.00249156
      0.00249354
      0.00249551
      0.00249746
      0.00249940
      0.00250133
      0.00250325
      0.00250515
      0.00250704
      0.00250892
      0.00251079
      0.00251264
      0.00251448
      0.00251631
      0.00251813
      0.00251993
      0.00252172
      0.00252350
      0.00252527
      0.00252702
      0.00252876
      0.00253049
      0.00253221
      0.00253391
      0.00253560
      0.00253728
      0.00253894
      0.00254060
      0.00254224
      0.00254387
      0.00254548
      0.00254709
      0.00254868
      0.00255025
      0.00255182
      0.00255337
      0.00255491
      0.00255644
      0.00255796
      0.00255946
      0.00256095
      0.00256243
      0.00256389
      0.00256534
      0.00256678
      0.00256821
      0.00256963
      0.00257103
      0.00257242
      0.00257380
      0.00257516
      0.00257651
      0.00257785
      0.00257918
      0.00258050
      0.00258180
      0.00258309
      0.00258436
      0.00258563
      0.00258688
      0.00258812
      0.00258935
      0.00259056
      0.00259176
      0.00259295
      0.00259413
      0.00259529
      0.00259644
      0.00259758
      0.00259871
      0.00259982
      0.00260092
      0.00260201
      0.00260309
      0.00260415
      0.00260520
      0.00260624
      0.00260727
      0.00260828
      0.00260928
      0.00261027
      0.00261124
      0.00261221
      0.00261316
      0.00261410
      0.00261502
      0.00261593
      0.00261683
      0.00261772
      0.00261860
      0.00261946
      0.00262031
      0.00262115
      0.00262197
      0.00262278
      0.00262358
      0.00262437
      0.00262514
      0.00262591
      0.00262666
      0.00262739
      0.00262812
      0.00262883
      0.00262953
      0.00263021
      0.00263089
      0.00263155
      0.00263220
      0.00263283
      0.00263346
      0.00263407
      0.00263467
      0.00263525
      0.00263582
      0.00263639
      0.00263693
      0.00263747
      0.00263799
      0.00263850
      0.00263900
      0.00263949
      0.00263996
      0.00264042
      0.00264087
      0.00264130
      0.00264172
      0.00264213
      0.00264253
      0.00264291
      0.00264329
      0.00264364
      0.00264399
      0.00264433
      0.00264465
      0.00264496
      0.00264525
      0.00264554
      0.00264581
      0.00264607
      0.00264631
      0.00264655
      0.00264677
      0.00264697
      0.00264717
      0.00264735
      0.00264752
      0.00264768
      0.00264783
      0.00264796
      0.00264808
      0.00264819
      0.00264828
      0.00264836
      0.00264843
      0.00264849
      0.00264854
      0.00264857
      0.00264859
      0.00264859
      0.00264859
      0.00264857
      0.00264854
      0.00264850
      0.00264844
      0.00264837
      0.00264829
      0.00264820
      0.00264809
      0.00264797
      0.00264784
      0.00264769
      0.00264754
      0.00264737
      0.00264719
      0.00264699
      0.00264678
      0.00264656
      0.00264633
      0.00264609
      0.00264583
      0.00264556
      0.00264528
      0.00264498
      0.00264467
      0.00264435
      0.00264402
      0.00264367
      0.00264332
      0.00264294
      0.00264256
      0.00264216
      0.00264176
      0.00264133
      0.00264090
      0.00264045
      0.00264000
      0.00263952
      0.00263904
      0.00263854
      0.00263803
      0.00263751
      0.00263698
      0.00263643
      0.00263587
      0.00263530
      0.00263471
      0.00263411
      0.00263350
      0.00263288
      0.00263225
      0.00263160
      0.00263094
      0.00263027
      0.00262958
      0.00262888
      0.00262817
      0.00262745
      0.00262671
      0.00262596
      0.00262520
      0.00262443
      0.00262364
      0.00262284
      0.00262203
      0.00262121
      0.00262037
      0.00261952
      0.00261866
      0.00261779
      0.00261690
      0.00261600
      0.00261509
      0.00261416
      0.00261322
      0.00261227
      0.00261131
      0.00261034
      0.00260935
      0.00260835
      0.00260734
      0.00260631
      0.00260527
      0.00260422
      0.00260316
      0.00260208
      0.00260100
      0.00259990
      0.00259878
      0.00259766
      0.00259652
      0.00259537
      0.00259420
      0.00259303
      0.00259184
      0.00259064
      0.00258942
      0.00258820
      0.00258696
      0.00258571
      0.00258444
      0.00258317
      0.00258188
      0.00258058
      0.00257926
      0.00257793
      0.00257659
      0.00257524
      0.00257388
      0.00257250
      0.00257111
      0.00256971
      0.00256829
      0.00256687
      0.00256543
      0.00256397
      0.00256251
      0.00256103
      0.00255954
      0.00255804
      0.00255652
      0.00255500
      0.00255345
      0.00255190
      0.00255034
      0.00254876
      0.00254717
      0.00254556
      0.00254395
      0.00254232
      0.00254068
      0.00253903
      0.00253736
      0.00253568
      0.00253399
      0.00253229
      0.00253057
      0.00252884
      0.00252710
      0.00252535
      0.00252358
      0.00252180
      0.00252001
      0.00251821
      0.00251639
      0.00251456
      0.00251272
      0.00251087
      0.00250900
      0.00250712
      0.00250523
      0.00250333
      0.00250141
      0.00249948
      0.00249754
      0.00249558
      0.00249362
      0.00249164
      0.00248965
      0.00248764
      0.00248562
      0.00248359
      0.00248155
      0.00247950
      0.00247743
      0.00247535
      0.00247326
      0.00247115
      0.00246904
      0.00246691
      0.00246477
      0.00246261
      0.00246044
      0.00245826
      0.00245607
      0.00245387
      0.00245165
      0.00244942
      0.00244718
      0.00244492
      0.00244265
      0.00244037
      0.00243808
      0.00243577
      0.00243346
      0.00243113
      0.00242878
      0.00242643
      0.00242406
      0.00242168
      0.00241929
      0.00241688
      0.00241446
      0.00241203
      0.00240959
      0.00240713
      0.00240467
      0.00240219
      0.00239969
      0.00239719
      0.00239467
      0.00239214
      0.00238959
      0.00238704
      0.00238447
      0.00238189
      0.00237930
      0.00237669
      0.00237407
      0.00237144
      0.00236880
      0.00236614
      0.00236347
      0.00236079
      0.00235810
      0.00235539
      0.00235267
      0.00234994
      0.00234720
      0.00234444
      0.00234167
      0.00233889
      0.00233609
      0.00233329
      0.00233047
      0.00232764
      0.00232479
      0.00232194
      0.00231907
      0.00231618
      0.00231329
      0.00231038
      0.00230746
      0.00230453
      0.00230159
      0.00229863
      0.00229566
      0.00229268
      0.00228968
      0.00228667
      0.00228365
      0.00228062
      0.00227757
      0.00227454
      0.00227156
      0.00226879
      0.00226660
      0.00226584
      0.00226803
      0.00227504
      0.00228573
      0.00228262
      0.00219181
      0.00180119
      0.00082138
      0.00000000
