      0.00000000
      0.00082139
      0.00180120
      0.00219182
      0.00228264
      0.00228576
      0.00227507
      0.00226807
      0.00226589
      0.00226666
      0.00226886
      0.00227164
      0.00227462
      0.00227767
      0.00228072
      0.00228376
      0.00228679
      0.00228980
      0.00229281
      0.00229580
      0.00229877
      0.00230174
      0.00230469
      0.00230763
      0.00231056
      0.00231347
      0.00231637
      0.00231926
      0.00232214
      0.00232500
      0.00232786
      0.00233069
      0.00233352
      0.00233633
      0.00233913
      0.00234192
      0.00234470
      0.00234746
      0.00235021
      0.00235295
      0.00235568
      0.00235839
      0.00236109
      0.00236378
      0.00236645
      0.00236911
      0.00237176
      0.00237440
      0.00237702
      0.00237964
      0.00238224
      0.00238482
      0.00238740
      0.00238996
      0.00239251
      0.00239504
      0.00239757
      0.00240008
      0.00240257
      0.00240506
      0.00240753
      0.00240999
      0.00241244
      0.00241488
      0.00241730
      0.00241971
      0.00242211
      0.00242449
      0.00242686
      0.00242922
      0.00243157
      0.00243390
      0.00243623
      0.00243853
      0.00244083
      0.00244312
      0.00244539
      0.00244764
      0.00244989
      0.00245212
      0.00245434
      0.00245655
      0.00245875
      0.00246093
      0.00246310
      0.00246526
      0.00246740
      0.00246954
      0.00247166
      0.00247376
      0.00247586
      0.00247794
      0.00248001
      0.00248206
      0.00248411
      0.00248614
      0.00248816
      0.00249017
      0.00249216
      0.00249414
      0.00249611
      0.00249806
      0.00250001
      0.00250194
      0.00250385
      0.00250576
      0.00250765
      0.00250953
      0.00251140
      0.00251325
      0.00251510
      0.00251693
      0.00251874
      0.00252055
      0.00252234
      0.00252412
      0.00252588
      0.00252764
      0.00252938
      0.00253111
      0.00253282
      0.00253453
      0.00253622
      0.00253790
      0.00253956
      0.00254121
      0.00254286
      0.00254448
      0.00254610
      0.00254770
      0.00254929
      0.00255087
      0.00255243
      0.00255398
      0.00255552
      0.00255705
      0.00255857
      0.00256007
      0.00256156
      0.00256303
      0.00256450
      0.00256595
      0.00256739
      0.00256881
      0.00257023
      0.00257163
      0.00257302
      0.00257439
      0.00257575
      0.00257710
      0.00257844
      0.00257977
      0.00258108
      0.00258238
      0.00258367
      0.00258494
      0.00258621
      0.00258746
      0.00258869
      0.00258992
      0.00259113
      0.00259233
      0.00259352
      0.00259469
      0.00259585
      0.00259700
      0.00259814
      0.00259926
      0.00260037
      0.00260147
      0.00260256
      0.00260363
      0.00260469
      0.00260574
      0.00260678
      0.00260780
      0.00260881
      0.00260981
      0.00261079
      0.00261177
      0.00261273
      0.00261368
      0.00261461
      0.00261553
      0.00261644
      0.00261734
      0.00261823
      0.00261910
      0.00261996
      0.00262080
      0.00262164
      0.00262246
      0.00262327
      0.00262407
      0.00262485
      0.00262562
      0.00262638
      0.00262713
      0.00262786
      0.00262859
      0.00262929
      0.00262999
      0.00263067
      0.00263135
      0.00263200
      0.00263265
      0.00263328
      0.00263391
      0.00263451
      0.00263511
      0.00263569
      0.00263626
      0.00263682
      0.00263737
      0.00263790
      0.00263842
      0.00263893
      0.00263942
      0.00263991
      0.00264038
      0.00264084
      0.00264128
      0.00264171
      0.00264213
      0.00264254
      0.00264294
      0.00264332
      0.00264369
      0.00264404
      0.00264439
      0.00264472
      0.00264504
      0.00264535
      0.00264564
      0.00264592
      0.00264619
      0.00264645
      0.00264669
      0.00264693
      0.00264715
      0.00264735
      0.00264755
      0.00264773
      0.00264790
      0.00264805
      0.00264820
      0.00264833
      0.00264845
      0.00264855
      0.00264865
      0.00264873
      0.00264880
      0.00264885
      0.00264890
      0.00264893
      0.00264894
      0.00264895
      0.00264894
      0.00264892
      0.00264889
      0.00264885
      0.00264879
      0.00264872
      0.00264864
      0.00264854
      0.00264844
      0.00264832
      0.00264819
      0.00264804
      0.00264788
      0.00264771
      0.00264753
      0.00264734
      0.00264713
      0.00264691
      0.00264668
      0.00264643
      0.00264617
      0.00264590
      0.00264562
      0.00264532
      0.00264502
      0.00264469
      0.00264436
      0.00264402
      0.00264366
      0.00264329
      0.00264290
      0.00264251
      0.00264210
      0.00264168
      0.00264124
      0.00264080
      0.00264034
      0.00263987
      0.00263939
      0.00263889
      0.00263838
      0.00263786
      0.00263732
      0.00263678
      0.00263622
      0.00263565
      0.00263506
      0.00263447
      0.00263386
      0.00263324
      0.00263260
      0.00263195
      0.00263129
      0.00263062
      0.00262994
      0.00262924
      0.00262853
      0.00262781
      0.00262707
      0.00262633
      0.00262557
      0.00262479
      0.00262401
      0.00262321
      0.00262240
      0.00262158
      0.00262074
      0.00261989
      0.00261903
      0.00261816
      0.00261728
      0.00261638
      0.00261547
      0.00261454
      0.00261361
      0.00261266
      0.00261170
      0.00261073
      0.00260974
      0.00260874
      0.00260773
      0.00260671
      0.00260567
      0.00260462
      0.00260356
      0.00260248
      0.00260140
      0.00260030
      0.00259919
      0.00259806
      0.00259693
      0.00259578
      0.00259461
      0.00259344
      0.00259225
      0.00259105
      0.00258984
      0.00258861
      0.00258738
      0.00258613
      0.00258486
      0.00258359
      0.00258230
      0.00258100
      0.00257969
      0.00257836
      0.00257702
      0.00257567
      0.00257431
      0.00257293
      0.00257155
      0.00257014
      0.00256873
      0.00256730
      0.00256587
      0.00256441
      0.00256295
      0.00256147
      0.00255998
      0.00255848
      0.00255697
      0.00255544
      0.00255390
      0.00255235
      0.00255079
      0.00254921
      0.00254762
      0.00254602
      0.00254440
      0.00254277
      0.00254113
      0.00253948
      0.00253781
      0.00253614
      0.00253445
      0.00253274
      0.00253103
      0.00252930
      0.00252756
      0.00252580
      0.00252404
      0.00252226
      0.00252047
      0.00251866
      0.00251685
      0.00251502
      0.00251317
      0.00251132
      0.00250945
      0.00250757
      0.00250568
      0.00250378
      0.00250186
      0.00249993
      0.00249799
      0.00249603
      0.00249406
      0.00249208
      0.00249009
      0.00248808
      0.00248607
      0.00248403
      0.00248199
      0.00247993
      0.00247787
      0.00247578
      0.00247369
      0.00247158
      0.00246946
      0.00246733
      0.00246519
      0.00246303
      0.00246086
      0.00245868
      0.00245648
      0.00245428
      0.00245206
      0.00244982
      0.00244758
      0.00244532
      0.00244305
      0.00244077
      0.00243847
      0.00243616
      0.00243384
      0.00243151
      0.00242916
      0.00242680
      0.00242443
      0.00242205
      0.00241965
      0.00241724
      0.00241482
      0.00241239
      0.00240994
      0.00240748
      0.00240501
      0.00240252
      0.00240002
      0.00239751
      0.00239499
      0.00239246
      0.00238991
      0.00238735
      0.00238477
      0.00238219
      0.00237959
      0.00237698
      0.00237436
      0.00237172
      0.00236907
      0.00236641
      0.00236374
      0.00236105
      0.00235835
      0.00235564
      0.00235291
      0.00235018
      0.00234743
      0.00234466
      0.00234189
      0.00233910
      0.00233630
      0.00233349
      0.00233066
      0.00232783
      0.00232498
      0.00232211
      0.00231924
      0.00231635
      0.00231345
      0.00231053
      0.00230761
      0.00230467
      0.00230172
      0.00229876
      0.00229578
      0.00229279
      0.00228979
      0.00228677
      0.00228375
      0.00228070
      0.00227765
      0.00227461
      0.00227163
      0.00226885
      0.00226666
      0.00226588
      0.00226806
      0.00227507
      0.00228575
      0.00228263
      0.00219181
      0.00180120
      0.00082139
      0.00000000
