      0.00000000
      0.00000000
      0.00000000
      0.00000000
      0.00000000
      0.00000000
      0.00000000
      0.00000000
      0.00000000
      0.00000000
      0.00000000
      0.00000000
      0.00000000
      0.00000000
      0.00000000
      0.00000000
      0.00000000
      0.00000000
      0.00000000
      0.00000000
      0.00000000
      0.00000000
      0.00000000
      0.00000000
      0.00000000
      0.00000000
      0.00000000
      0.00000000
      0.00000000
      0.00000000
      0.00000000
      0.00000000
      0.00000000
      0.00000000
      0.00000000
      0.00000000
      0.00000000
      0.00000000
      0.00000000
      0.00000000
      0.00000000
      0.00000000
      0.00000000
      0.00000000
      0.00000000
      0.00000000
      0.00000000
      0.00000000
      0.00000000
      0.00000000
      0.00000000
      0.00000000
      0.00000000
      0.00000000
      0.00000000
      0.00000000
      0.00000000
      0.00000000
      0.00000000
      0.00000000
      0.00000000
      0.00000000
      0.00000000
      0.00000000
      0.00000000
      0.00000000
      0.00000000
      0.00000000
      0.00000000
      0.00000000
      0.00000000
      0.00000000
      0.00000000
      0.00000000
      0.00000000
      0.00000000
      0.00000000
      0.00000000
      0.00000000
      0.00000000
      0.00000000
      0.00000000
      0.00000000
      0.00000000
      0.00000000
      0.00000000
      0.00000000
      0.00000000
      0.00000000
      0.00000000
      0.00000000
      0.00000000
      0.00000000
      0.00000000
      0.00000000
      0.00000000
      0.00000000
      0.00000000
      0.00000000
      0.00000000
      0.00000000
      0.00000000
      0.00000000
      0.00000000
      0.00000000
      0.00000000
      0.00000000
      0.00000000
      0.00000000
      0.00000000
      0.00000000
      0.00000000
      0.00000000
      0.00000000
      0.00000000
      0.00000000
      0.00000000
      0.00000000
      0.00000000
      0.00000000
      0.00000000
      0.00000001
      0.00000001
      0.00000001
      0.00000002
      0.00000002
      0.00000003
      0.00000004
      0.00000006
      0.00000009
      0.00000012
      0.00000016
      0.00000022
      0.00000030
      0.00000041
      0.00000056
      0.00000075
      0.00000101
      0.00000135
      0.00000179
      0.00000236
      0.00000311
      0.00000406
      0.00000529
      0.00000686
      0.00000885
      0.00001136
      0.00001451
      0.00001844
      0.00002332
      0.00002934
      0.00003672
      0.00004573
      0.00005665
      0.00006980
      0.00008557
      0.00010434
      0.00012654
      0.00015266
      0.00018316
      0.00021858
      0.00025943
      0.00030624
      0.00035953
      0.00041980
      0.00048752
      0.00056311
      0.00064693
      0.00073927
      0.00084034
      0.00095027
      0.00106907
      0.00119666
      0.00133287
      0.00147741
      0.00162991
      0.00178992
      0.00195690
      0.00213026
      0.00230934
      0.00249347
      0.00268195
      0.00287406
      0.00306911
      0.00326639
      0.00346525
      0.00366507
      0.00386524
      0.00406524
      0.00426457
      0.00446278
      0.00465948
      0.00485433
      0.00504701
      0.00523728
      0.00542492
      0.00560974
      0.00579161
      0.00597040
      0.00614601
      0.00631839
      0.00648748
      0.00665325
      0.00681567
      0.00697474
      0.00713045
      0.00728282
      0.00743185
      0.00757755
      0.00771996
      0.00785908
      0.00799494
      0.00812757
      0.00825698
      0.00838320
      0.00850624
      0.00862614
      0.00874291
      0.00885657
      0.00896713
      0.00907462
      0.00917904
      0.00928042
      0.00937876
      0.00947409
      0.00956640
      0.00965571
      0.00974203
      0.00982537
      0.00990574
      0.00998313
      0.01005757
      0.01012906
      0.01019759
      0.01026318
      0.01032583
      0.01038554
      0.01044233
      0.01049618
      0.01054711
      0.01059511
      0.01064020
      0.01068237
      0.01072162
      0.01075795
      0.01079138
      0.01082189
      0.01084950
      0.01087419
      0.01089598
      0.01091486
      0.01093084
      0.01094391
      0.01095407
      0.01096133
      0.01096569
      0.01096714
      0.01096569
      0.01096133
      0.01095407
      0.01094391
      0.01093084
      0.01091486
      0.01089598
      0.01087419
      0.01084950
      0.01082189
      0.01079138
      0.01075795
      0.01072162
      0.01068237
      0.01064020
      0.01059511
      0.01054711
      0.01049618
      0.01044233
      0.01038554
      0.01032583
      0.01026318
      0.01019759
      0.01012906
      0.01005757
      0.00998313
      0.00990574
      0.00982537
      0.00974203
      0.00965571
      0.00956640
      0.00947409
      0.00937876
      0.00928042
      0.00917904
      0.00907462
      0.00896713
      0.00885657
      0.00874291
      0.00862614
      0.00850624
      0.00838320
      0.00825698
      0.00812757
      0.00799494
      0.00785908
      0.00771996
      0.00757755
      0.00743185
      0.00728282
      0.00713045
      0.00697474
      0.00681567
      0.00665325
      0.00648748
      0.00631839
      0.00614601
      0.00597040
      0.00579161
      0.00560974
      0.00542492
      0.00523728
      0.00504701
      0.00485433
      0.00465948
      0.00446278
      0.00426457
      0.00406524
      0.00386524
      0.00366507
      0.00346525
      0.00326639
      0.00306911
      0.00287406
      0.00268195
      0.00249347
      0.00230934
      0.00213026
      0.00195690
      0.00178992
      0.00162991
      0.00147741
      0.00133287
      0.00119666
      0.00106907
      0.00095027
      0.00084034
      0.00073927
      0.00064693
      0.00056311
      0.00048752
      0.00041980
      0.00035953
      0.00030624
      0.00025943
      0.00021858
      0.00018316
      0.00015266
      0.00012654
      0.00010434
      0.00008557
      0.00006980
      0.00005665
      0.00004573
      0.00003672
      0.00002934
      0.00002332
      0.00001844
      0.00001451
      0.00001136
      0.00000885
      0.00000686
      0.00000529
      0.00000406
      0.00000311
      0.00000236
      0.00000179
      0.00000135
      0.00000101
      0.00000075
      0.00000056
      0.00000041
      0.00000030
      0.00000022
      0.00000016
      0.00000012
      0.00000009
      0.00000006
      0.00000004
      0.00000003
      0.00000002
      0.00000002
      0.00000001
      0.00000001
      0.00000001
      0.00000000
      0.00000000
      0.00000000
      0.00000000
      0.00000000
      0.00000000
      0.00000000
      0.00000000
      0.00000000
      0.00000000
      0.00000000
      0.00000000
      0.00000000
      0.00000000
      0.00000000
      0.00000000
      0.00000000
      0.00000000
      0.00000000
      0.00000000
      0.00000000
      0.00000000
      0.00000000
      0.00000000
      0.00000000
      0.00000000
      0.00000000
      0.00000000
      0.00000000
      0.00000000
      0.00000000
      0.00000000
      0.00000000
      0.00000000
      0.00000000
      0.00000000
      0.00000000
      0.00000000
      0.00000000
      0.00000000
      0.00000000
      0.00000000
      0.00000000
      0.00000000
      0.00000000
      0.00000000
      0.00000000
      0.00000000
      0.00000000
      0.00000000
      0.00000000
      0.00000000
      0.00000000
      0.00000000
      0.00000000
      0.00000000
      0.00000000
      0.00000000
      0.00000000
      0.00000000
      0.00000000
      0.00000000
      0.00000000
      0.00000000
      0.00000000
      0.00000000
      0.00000000
      0.00000000
      0.00000000
      0.00000000
      0.00000000
      0.00000000
      0.00000000
      0.00000000
      0.00000000
      0.00000000
      0.00000000
      0.00000000
      0.00000000
      0.00000000
      0.00000000
      0.00000000
      0.00000000
      0.00000000
      0.00000000
      0.00000000
      0.00000000
      0.00000000
      0.00000000
      0.00000000
      0.00000000
      0.00000000
      0.00000000
      0.00000000
      0.00000000
      0.00000000
      0.00000000
      0.00000000
      0.00000000
      0.00000000
      0.00000000
      0.00000000
      0.00000000
      0.00000000
      0.00000000
      0.00000000
      0.00000000
      0.00000000
      0.00000000
      0.00000000
      0.00000000
      0.00000000
      0.00000000
      0.00000000
      0.00000000
      0.00000000
      0.00000000
      0.00000000
      0.00000000
      0.00000000
      0.00000000
