      0.00000000
      0.81703218
      0.62129392
      0.50497057
      0.44324802
      0.41409969
      0.40180419
      0.39716947
      0.39562893
      0.39520086
      0.39512281
      0.39513541
      0.39516320
      0.39518964
      0.39521373
      0.39523715
      0.39526122
      0.39528665
      0.39531373
      0.39534258
      0.39537324
      0.39540570
      0.39543995
      0.39547598
      0.39551378
      0.39555334
      0.39559464
      0.39563767
      0.39568242
      0.39572887
      0.39577701
      0.39582682
      0.39587829
      0.39593140
      0.39598614
      0.39604249
      0.39610044
      0.39615997
      0.39622106
      0.39628370
      0.39634787
      0.39641356
      0.39648074
      0.39654939
      0.39661951
      0.39669108
      0.39676407
      0.39683846
      0.39691424
      0.39699139
      0.39706990
      0.39714973
      0.39723088
      0.39731332
      0.39739703
      0.39748200
      0.39756821
      0.39765563
      0.39774424
      0.39783403
      0.39792497
      0.39801705
      0.39811024
      0.39820453
      0.39829989
      0.39839630
      0.39849374
      0.39859220
      0.39869164
      0.39879206
      0.39889343
      0.39899572
      0.39909892
      0.39920301
      0.39930796
      0.39941376
      0.39952038
      0.39962781
      0.39973602
      0.39984499
      0.39995470
      0.40006513
      0.40017625
      0.40028806
      0.40040052
      0.40051363
      0.40062734
      0.40074165
      0.40085654
      0.40097199
      0.40108796
      0.40120446
      0.40132144
      0.40143890
      0.40155682
      0.40167517
      0.40179393
      0.40191310
      0.40203263
      0.40215253
      0.40227276
      0.40239331
      0.40251416
      0.40263528
      0.40275668
      0.40287831
      0.40300017
      0.40312224
      0.40324450
      0.40336693
      0.40348951
      0.40361223
      0.40373507
      0.40385801
      0.40398103
      0.40410412
      0.40422727
      0.40435045
      0.40447365
      0.40459685
      0.40472004
      0.40484320
      0.40496632
      0.40508937
      0.40521236
      0.40533526
      0.40545805
      0.40558073
      0.40570327
      0.40582567
      0.40594792
      0.40606999
      0.40619187
      0.40631356
      0.40643503
      0.40655629
      0.40667730
      0.40679807
      0.40691858
      0.40703882
      0.40715878
      0.40727844
      0.40739780
      0.40751685
      0.40763557
      0.40775396
      0.40787200
      0.40798968
      0.40810701
      0.40822396
      0.40834052
      0.40845670
      0.40857248
      0.40868785
      0.40880280
      0.40891734
      0.40903144
      0.40914510
      0.40925833
      0.40937109
      0.40948341
      0.40959525
      0.40970663
      0.40981753
      0.40992795
      0.41003789
      0.41014733
      0.41025627
      0.41036472
      0.41047265
      0.41058008
      0.41068700
      0.41079339
      0.41089927
      0.41100462
      0.41110944
      0.41121374
      0.41131750
      0.41142072
      0.41152341
      0.41162556
      0.41172717
      0.41182823
      0.41192875
      0.41202873
      0.41212815
      0.41222704
      0.41232537
      0.41242316
      0.41252040
      0.41261709
      0.41271323
      0.41280883
      0.41290388
      0.41299839
      0.41309235
      0.41318577
      0.41327864
      0.41337098
      0.41346277
      0.41355404
      0.41364476
      0.41373496
      0.41382462
      0.41391376
      0.41400237
      0.41409046
      0.41417803
      0.41426509
      0.41435164
      0.41443768
      0.41452321
      0.41460824
      0.41469278
      0.41477682
      0.41486038
      0.41494345
      0.41502605
      0.41510817
      0.41518982
      0.41527100
      0.41535173
      0.41543200
      0.41551183
      0.41559121
      0.41567015
      0.41574866
      0.41582675
      0.41590441
      0.41598166
      0.41605850
      0.41613495
      0.41621099
      0.41628665
      0.41636192
      0.41643682
      0.41651135
      0.41658552
      0.41665934
      0.41673280
      0.41680593
      0.41687872
      0.41695118
      0.41702333
      0.41709516
      0.41716669
      0.41723792
      0.41730886
      0.41737952
      0.41744991
      0.41752003
      0.41758989
      0.41765950
      0.41772887
      0.41779801
      0.41786691
      0.41793560
      0.41800408
      0.41807236
      0.41814044
      0.41820834
      0.41827606
      0.41834361
      0.41841100
      0.41847823
      0.41854532
      0.41861228
      0.41867910
      0.41874581
      0.41881241
      0.41887890
      0.41894530
      0.41901161
      0.41907784
      0.41914400
      0.41921011
      0.41927616
      0.41934216
      0.41940813
      0.41947407
      0.41953999
      0.41960590
      0.41967180
      0.41973771
      0.41980363
      0.41986957
      0.41993554
      0.42000155
      0.42006760
      0.42013371
      0.42019987
      0.42026610
      0.42033241
      0.42039880
      0.42046528
      0.42053185
      0.42059854
      0.42066533
      0.42073225
      0.42079930
      0.42086647
      0.42093379
      0.42100126
      0.42106888
      0.42113667
      0.42120462
      0.42127275
      0.42134106
      0.42140955
      0.42147824
      0.42154713
      0.42161623
      0.42168553
      0.42175506
      0.42182480
      0.42189478
      0.42196499
      0.42203544
      0.42210613
      0.42217707
      0.42224826
      0.42231971
      0.42239143
      0.42246341
      0.42253566
      0.42260819
      0.42268100
      0.42275409
      0.42282746
      0.42290113
      0.42297508
      0.42304934
      0.42312389
      0.42319874
      0.42327390
      0.42334936
      0.42342513
      0.42350121
      0.42357760
      0.42365430
      0.42373132
      0.42380865
      0.42388630
      0.42396427
      0.42404255
      0.42412116
      0.42420008
      0.42427932
      0.42435887
      0.42443874
      0.42451893
      0.42459944
      0.42468026
      0.42476139
      0.42484283
      0.42492458
      0.42500664
      0.42508901
      0.42517168
      0.42525464
      0.42533791
      0.42542146
      0.42550531
      0.42558945
      0.42567386
      0.42575856
      0.42584353
      0.42592876
      0.42601427
      0.42610003
      0.42618605
      0.42627231
      0.42635882
      0.42644557
      0.42653254
      0.42661974
      0.42670716
      0.42679479
      0.42688262
      0.42697065
      0.42705887
      0.42714727
      0.42723584
      0.42732457
      0.42741346
      0.42750250
      0.42759167
      0.42768097
      0.42777039
      0.42785992
      0.42794955
      0.42803927
      0.42812907
      0.42821894
      0.42830886
      0.42839883
      0.42848884
      0.42857887
      0.42866891
      0.42875896
      0.42884899
      0.42893900
      0.42902897
      0.42911889
      0.42920876
      0.42929854
      0.42938825
      0.42947784
      0.42956733
      0.42965669
      0.42974590
      0.42983496
      0.42992385
      0.43001255
      0.43010106
      0.43018935
      0.43027742
      0.43036524
      0.43045280
      0.43054009
      0.43062709
      0.43071379
      0.43080016
      0.43088620
      0.43097189
      0.43105721
      0.43114215
      0.43122669
      0.43131082
      0.43139451
      0.43147776
      0.43156054
      0.43164284
      0.43172464
      0.43180593
      0.43188669
      0.43196690
      0.43204654
      0.43212561
      0.43220408
      0.43228193
      0.43235915
      0.43243572
      0.43251163
      0.43258686
      0.43266138
      0.43273520
      0.43280827
      0.43288060
      0.43295217
      0.43302295
      0.43309293
      0.43316209
      0.43323042
      0.43329790
      0.43336452
      0.43343025
      0.43349508
      0.43355900
      0.43362199
      0.43368403
      0.43374511
      0.43380520
      0.43386431
      0.43392240
      0.43397946
      0.43403549
      0.43409046
      0.43414435
      0.43419716
      0.43424887
      0.43429946
      0.43434892
      0.43439723
      0.43444439
      0.43449037
      0.43453517
      0.43457876
      0.43462115
      0.43466230
      0.43470222
      0.43474088
      0.43477828
      0.43481440
      0.43484923
      0.43488277
      0.43491498
      0.43494588
      0.43497544
      0.43500365
      0.43503051
      0.43505600
      0.43508012
      0.43510285
      0.43512420
      0.43514420
      0.43516297
      0.43518082
      0.43519844
      0.43521717
      0.43523867
      0.43526197
      0.43527050
      0.43518883
      0.43475760
      0.43321435
      0.42857739
      0.41628015
      0.38713056
      0.32540718
      0.20908336
      0.01334487
      0.00000000
