             NaN
      3.11336469
     -2.97408029
     -2.85775281
     -2.79602311
     -2.76686383
     -2.75455322
     -2.74989915
     -2.74833515
     -2.74787964
     -2.74777025
     -2.74774768
     -2.74773652
     -2.74772025
     -2.74769790
     -2.74767117
     -2.74764140
     -2.74760930
     -2.74757522
     -2.74753927
     -2.74750152
     -2.74746198
     -2.74742068
     -2.74737762
     -2.74733282
     -2.74728629
     -2.74723803
     -2.74718807
     -2.74713642
     -2.74708309
     -2.74702810
     -2.74697146
     -2.74691318
     -2.74685328
     -2.74679177
     -2.74672868
     -2.74666401
     -2.74659779
     -2.74653002
     -2.74646072
     -2.74638992
     -2.74631762
     -2.74624385
     -2.74616863
     -2.74609196
     -2.74601387
     -2.74593437
     -2.74585349
     -2.74577124
     -2.74568765
     -2.74560272
     -2.74551647
     -2.74542894
     -2.74534013
     -2.74525007
     -2.74515877
     -2.74506625
     -2.74497254
     -2.74487766
     -2.74478161
     -2.74468443
     -2.74458614
     -2.74448674
     -2.74438627
     -2.74428475
     -2.74418219
     -2.74407861
     -2.74397404
     -2.74386850
     -2.74376200
     -2.74365457
     -2.74354623
     -2.74343700
     -2.74332690
     -2.74321595
     -2.74310417
     -2.74299158
     -2.74287820
     -2.74276406
     -2.74264917
     -2.74253356
     -2.74241724
     -2.74230024
     -2.74218257
     -2.74206427
     -2.74194534
     -2.74182580
     -2.74170569
     -2.74158502
     -2.74146380
     -2.74134207
     -2.74121983
     -2.74109712
     -2.74097394
     -2.74085032
     -2.74072628
     -2.74060184
     -2.74047702
     -2.74035183
     -2.74022630
     -2.74010045
     -2.73997429
     -2.73984784
     -2.73972113
     -2.73959416
     -2.73946697
     -2.73933956
     -2.73921195
     -2.73908417
     -2.73895623
     -2.73882815
     -2.73869994
     -2.73857162
     -2.73844322
     -2.73831474
     -2.73818620
     -2.73805762
     -2.73792902
     -2.73780041
     -2.73767181
     -2.73754323
     -2.73741470
     -2.73728621
     -2.73715779
     -2.73702946
     -2.73690123
     -2.73677311
     -2.73664511
     -2.73651726
     -2.73638956
     -2.73626203
     -2.73613468
     -2.73600753
     -2.73588059
     -2.73575386
     -2.73562737
     -2.73550112
     -2.73537513
     -2.73524940
     -2.73512396
     -2.73499881
     -2.73487395
     -2.73474942
     -2.73462520
     -2.73450132
     -2.73437778
     -2.73425459
     -2.73413177
     -2.73400932
     -2.73388725
     -2.73376557
     -2.73364428
     -2.73352341
     -2.73340295
     -2.73328291
     -2.73316330
     -2.73304413
     -2.73292541
     -2.73280713
     -2.73268932
     -2.73257197
     -2.73245509
     -2.73233869
     -2.73222277
     -2.73210733
     -2.73199239
     -2.73187795
     -2.73176402
     -2.73165059
     -2.73153767
     -2.73142527
     -2.73131339
     -2.73120203
     -2.73109120
     -2.73098090
     -2.73087113
     -2.73076190
     -2.73065321
     -2.73054506
     -2.73043745
     -2.73033038
     -2.73022387
     -2.73011790
     -2.73001248
     -2.72990761
     -2.72980329
     -2.72969952
     -2.72959631
     -2.72949364
     -2.72939153
     -2.72928998
     -2.72918897
     -2.72908852
     -2.72898861
     -2.72888926
     -2.72879046
     -2.72869220
     -2.72859449
     -2.72849732
     -2.72840070
     -2.72830461
     -2.72820907
     -2.72811406
     -2.72801958
     -2.72792564
     -2.72783222
     -2.72773933
     -2.72764696
     -2.72755511
     -2.72746377
     -2.72737294
     -2.72728263
     -2.72719281
     -2.72710350
     -2.72701468
     -2.72692635
     -2.72683850
     -2.72675114
     -2.72666426
     -2.72657785
     -2.72649190
     -2.72640642
     -2.72632139
     -2.72623681
     -2.72615268
     -2.72606899
     -2.72598573
     -2.72590290
     -2.72582050
     -2.72573851
     -2.72565693
     -2.72557575
     -2.72549497
     -2.72541458
     -2.72533457
     -2.72525494
     -2.72517568
     -2.72509678
     -2.72501825
     -2.72494005
     -2.72486221
     -2.72478469
     -2.72470751
     -2.72463064
     -2.72455409
     -2.72447784
     -2.72440189
     -2.72432623
     -2.72425086
     -2.72417575
     -2.72410092
     -2.72402634
     -2.72395201
     -2.72387793
     -2.72380408
     -2.72373045
     -2.72365705
     -2.72358386
     -2.72351087
     -2.72343807
     -2.72336546
     -2.72329302
     -2.72322076
     -2.72314865
     -2.72307670
     -2.72300489
     -2.72293322
     -2.72286168
     -2.72279025
     -2.72271893
     -2.72264772
     -2.72257660
     -2.72250557
     -2.72243461
     -2.72236372
     -2.72229289
     -2.72222212
     -2.72215138
     -2.72208068
     -2.72201001
     -2.72193936
     -2.72186872
     -2.72179807
     -2.72172743
     -2.72165677
     -2.72158608
     -2.72151537
     -2.72144462
     -2.72137382
     -2.72130296
     -2.72123205
     -2.72116106
     -2.72109000
     -2.72101885
     -2.72094761
     -2.72087626
     -2.72080481
     -2.72073325
     -2.72066156
     -2.72058974
     -2.72051778
     -2.72044568
     -2.72037343
     -2.72030102
     -2.72022844
     -2.72015570
     -2.72008277
     -2.72000966
     -2.71993636
     -2.71986286
     -2.71978916
     -2.71971525
     -2.71964112
     -2.71956678
     -2.71949220
     -2.71941740
     -2.71934235
     -2.71926706
     -2.71919153
     -2.71911574
     -2.71903970
     -2.71896339
     -2.71888681
     -2.71880996
     -2.71873284
     -2.71865544
     -2.71857775
     -2.71849978
     -2.71842151
     -2.71834295
     -2.71826410
     -2.71818494
     -2.71810548
     -2.71802571
     -2.71794563
     -2.71786524
     -2.71778454
     -2.71770353
     -2.71762219
     -2.71754054
     -2.71745856
     -2.71737627
     -2.71729365
     -2.71721071
     -2.71712745
     -2.71704386
     -2.71695995
     -2.71687571
     -2.71679115
     -2.71670626
     -2.71662106
     -2.71653553
     -2.71644968
     -2.71636350
     -2.71627702
     -2.71619021
     -2.71610309
     -2.71601566
     -2.71592792
     -2.71583987
     -2.71575151
     -2.71566286
     -2.71557391
     -2.71548466
     -2.71539512
     -2.71530530
     -2.71521519
     -2.71512481
     -2.71503415
     -2.71494323
     -2.71485204
     -2.71476060
     -2.71466890
     -2.71457696
     -2.71448478
     -2.71439237
     -2.71429972
     -2.71420686
     -2.71411379
     -2.71402051
     -2.71392704
     -2.71383337
     -2.71373952
     -2.71364550
     -2.71355132
     -2.71345697
     -2.71336248
     -2.71326785
     -2.71317309
     -2.71307821
     -2.71298323
     -2.71288814
     -2.71279296
     -2.71269771
     -2.71260238
     -2.71250700
     -2.71241157
     -2.71231611
     -2.71222062
     -2.71212513
     -2.71202963
     -2.71193414
     -2.71183868
     -2.71174326
     -2.71164788
     -2.71155257
     -2.71145733
     -2.71136218
     -2.71126714
     -2.71117221
     -2.71107741
     -2.71098275
     -2.71088825
     -2.71079392
     -2.71069978
     -2.71060584
     -2.71051211
     -2.71041862
     -2.71032537
     -2.71023237
     -2.71013966
     -2.71004723
     -2.70995511
     -2.70986331
     -2.70977185
     -2.70968075
     -2.70959001
     -2.70949965
     -2.70940970
     -2.70932016
     -2.70923106
     -2.70914240
     -2.70905422
     -2.70896651
     -2.70887930
     -2.70879261
     -2.70870645
     -2.70862084
     -2.70853579
     -2.70845132
     -2.70836746
     -2.70828421
     -2.70820159
     -2.70811961
     -2.70803831
     -2.70795768
     -2.70787776
     -2.70779855
     -2.70772007
     -2.70764234
     -2.70756538
     -2.70748920
     -2.70741381
     -2.70733925
     -2.70726551
     -2.70719262
     -2.70712059
     -2.70704945
     -2.70697920
     -2.70690986
     -2.70684146
     -2.70677399
     -2.70670749
     -2.70664196
     -2.70657742
     -2.70651389
     -2.70645138
     -2.70638990
     -2.70632948
     -2.70627013
     -2.70621185
     -2.70615467
     -2.70609860
     -2.70604365
     -2.70598984
     -2.70593718
     -2.70588569
     -2.70583537
     -2.70578625
     -2.70573833
     -2.70569162
     -2.70564615
     -2.70560192
     -2.70555894
     -2.70551723
     -2.70547679
     -2.70543765
     -2.70539980
     -2.70536326
     -2.70532805
     -2.70529417
     -2.70526162
     -2.70523043
     -2.70520060
     -2.70517216
     -2.70514515
     -2.70511971
     -2.70509617
     -2.70507523
     -2.70505825
     -2.70504691
     -2.70504026
     -2.70502175
     -2.70491598
     -2.70446363
     -2.70290234
     -2.69825050
     -2.68594163
     -2.65678361
     -2.59505474
     -2.47872774
     -2.28298765
      0.00000000
