      0.00000000
      0.00000000
      0.00000000
      0.00000000
      0.00000000
      0.00000000
      0.00000000
      0.00000000
      0.00000000
      0.00000000
      0.00000000
      0.00000000
      0.00000000
      0.00000000
      0.00000000
      0.00000000
      0.00000000
      0.00000000
      0.00000000
      0.00000000
      0.00000000
      0.00000000
      0.00000000
      0.00000000
      0.00000000
      0.00000000
      0.00000000
      0.00000000
      0.00000000
      0.00000000
      0.00000000
      0.00000000
      0.00000000
      0.00000000
      0.00000000
      0.00000000
      0.00000000
      0.00000000
      0.00000000
      0.00000000
      0.00000000
      0.00000000
      0.00000000
      0.00000000
      0.00000000
      0.00000000
      0.00000000
      0.00000000
      0.00000000
      0.00000000
      0.00000000
      0.00000000
      0.00000000
      0.00000000
      0.00000000
      0.00000000
      0.00000000
      0.00000000
      0.00000000
      0.00000000
      0.00000000
      0.00000000
      0.00000000
      0.00000000
      0.00000000
      0.00000000
      0.00000000
      0.00000000
      0.00000000
      0.00000000
      0.00000000
      0.00000000
      0.00000000
      0.00000000
      0.00000000
      0.00000000
      0.00000000
      0.00000000
      0.00000000
      0.00000000
      0.00000000
      0.00000000
      0.00000000
      0.00000000
      0.00000000
      0.00000000
      0.00000000
      0.00000000
      0.00000000
      0.00000000
      0.00000000
      0.00000000
      0.00000000
      0.00000000
      0.00000000
      0.00000000
      0.00000000
      0.00000000
      0.00000000
      0.00000000
      0.00000000
      0.00000000
      0.00000000
      0.00000000
      0.00000000
      0.00000000
      0.00000000
      0.00000000
      0.00000000
      0.00000000
      0.00000000
      0.00000000
      0.00000000
      0.00000000
      0.00000000
      0.00000000
      0.00000000
      0.00000000
      0.00000000
      0.00000000
      0.00000000
      0.00000000
      0.00000000
      0.00000000
      0.00000000
      0.00000000
      0.00000000
      0.00000000
      0.00000000
      0.00000000
      0.00000000
      0.00000000
      0.00000000
      0.00000000
      0.00000000
      0.00000000
      0.00000000
      0.00000000
      0.00000000
      0.00000000
      0.00000000
      0.00000000
      0.00000000
      0.00000000
      0.00000000
      0.00000000
      0.00000000
      0.00000000
      0.00000002
      0.00000009
      0.00000032
      0.00000100
      0.00000289
      0.00000919
      0.00003126
      0.00009391
      0.00022270
      0.00041488
      0.00063901
      0.00086685
      0.00108808
      0.00129680
      0.00146829
      0.00154270
      0.00147351
      0.00142870
      0.00170413
      0.00211791
      0.00240976
      0.00258697
      0.00272111
      0.00285110
      0.00298786
      0.00313094
      0.00327745
      0.00342500
      0.00357217
      0.00371819
      0.00386268
      0.00400549
      0.00414653
      0.00428575
      0.00442315
      0.00455872
      0.00469244
      0.00482433
      0.00495437
      0.00508257
      0.00520893
      0.00533345
      0.00545612
      0.00557695
      0.00569593
      0.00581307
      0.00592837
      0.00604182
      0.00615343
      0.00626319
      0.00637111
      0.00647719
      0.00658142
      0.00668380
      0.00678435
      0.00688304
      0.00697990
      0.00707490
      0.00716807
      0.00725939
      0.00734886
      0.00743649
      0.00752228
      0.00760622
      0.00768831
      0.00776856
      0.00784697
      0.00792353
      0.00799825
      0.00807112
      0.00814215
      0.00821133
      0.00827867
      0.00834416
      0.00840781
      0.00846961
      0.00852957
      0.00858768
      0.00864395
      0.00869837
      0.00875095
      0.00880169
      0.00885058
      0.00889762
      0.00894282
      0.00898618
      0.00902769
      0.00906735
      0.00910517
      0.00914115
      0.00917529
      0.00920758
      0.00923805
      0.00926668
      0.00929352
      0.00931858
      0.00934196
      0.00936378
      0.00938434
      0.00940418
      0.00942429
      0.00944652
      0.00947392
      0.00951065
      0.00955901
      0.00960679
      0.00959390
      0.00938607
      0.00899826
      0.00899228
      0.00937762
      0.00958787
      0.00960086
      0.00955151
      0.00950110
      0.00946229
      0.00943288
      0.00940872
      0.00938671
      0.00936500
      0.00934258
      0.00931890
      0.00929368
      0.00926677
      0.00923809
      0.00920761
      0.00917530
      0.00914116
      0.00910518
      0.00906735
      0.00902769
      0.00898618
      0.00894282
      0.00889762
      0.00885058
      0.00880169
      0.00875095
      0.00869838
      0.00864395
      0.00858768
      0.00852957
      0.00846961
      0.00840781
      0.00834416
      0.00827867
      0.00821133
      0.00814215
      0.00807112
      0.00799825
      0.00792353
      0.00784697
      0.00776856
      0.00768831
      0.00760622
      0.00752228
      0.00743649
      0.00734886
      0.00725939
      0.00716807
      0.00707490
      0.00697990
      0.00688304
      0.00678435
      0.00668380
      0.00658142
      0.00647719
      0.00637111
      0.00626319
      0.00615343
      0.00604182
      0.00592837
      0.00581307
      0.00569593
      0.00557695
      0.00545612
      0.00533345
      0.00520893
      0.00508257
      0.00495437
      0.00482433
      0.00469244
      0.00455872
      0.00442315
      0.00428575
      0.00414653
      0.00400549
      0.00386268
      0.00371818
      0.00357216
      0.00342499
      0.00327742
      0.00313089
      0.00298777
      0.00285096
      0.00272093
      0.00258687
      0.00241008
      0.00211907
      0.00170557
      0.00142834
      0.00147190
      0.00154171
      0.00146807
      0.00129694
      0.00108830
      0.00086706
      0.00063918
      0.00041502
      0.00022280
      0.00009397
      0.00003128
      0.00000919
      0.00000289
      0.00000100
      0.00000032
      0.00000009
      0.00000002
      0.00000000
      0.00000000
      0.00000000
      0.00000000
      0.00000000
      0.00000000
      0.00000000
      0.00000000
      0.00000000
      0.00000000
      0.00000000
      0.00000000
      0.00000000
      0.00000000
      0.00000000
      0.00000000
      0.00000000
      0.00000000
      0.00000000
      0.00000000
      0.00000000
      0.00000000
      0.00000000
      0.00000000
      0.00000000
      0.00000000
      0.00000000
      0.00000000
      0.00000000
      0.00000000
      0.00000000
      0.00000000
      0.00000000
      0.00000000
      0.00000000
      0.00000000
      0.00000000
      0.00000000
      0.00000000
      0.00000000
      0.00000000
      0.00000000
      0.00000000
      0.00000000
      0.00000000
      0.00000000
      0.00000000
      0.00000000
      0.00000000
      0.00000000
      0.00000000
      0.00000000
      0.00000000
      0.00000000
      0.00000000
      0.00000000
      0.00000000
      0.00000000
      0.00000000
      0.00000000
      0.00000000
      0.00000000
      0.00000000
      0.00000000
      0.00000000
      0.00000000
      0.00000000
      0.00000000
      0.00000000
      0.00000000
      0.00000000
      0.00000000
      0.00000000
      0.00000000
      0.00000000
      0.00000000
      0.00000000
      0.00000000
      0.00000000
      0.00000000
      0.00000000
      0.00000000
      0.00000000
      0.00000000
      0.00000000
      0.00000000
      0.00000000
      0.00000000
      0.00000000
      0.00000000
      0.00000000
      0.00000000
      0.00000000
      0.00000000
      0.00000000
      0.00000000
      0.00000000
      0.00000000
      0.00000000
      0.00000000
      0.00000000
      0.00000000
      0.00000000
      0.00000000
      0.00000000
      0.00000000
      0.00000000
      0.00000000
      0.00000000
      0.00000000
      0.00000000
      0.00000000
      0.00000000
      0.00000000
      0.00000000
      0.00000000
      0.00000000
      0.00000000
      0.00000000
      0.00000000
      0.00000000
      0.00000000
      0.00000000
      0.00000000
      0.00000000
      0.00000000
      0.00000000
      0.00000000
      0.00000000
      0.00000000
      0.00000000
      0.00000000
      0.00000000
      0.00000000
      0.00000000
      0.00000000
      0.00000000
      0.00000000
      0.00000000
      0.00000000
      0.00000000
      0.00000000
      0.00000000
      0.00000000
      0.00000000
      0.00000000
      0.00000000
      0.00000000
