      0.00000000
     -2.37056216
     -1.98466192
     -1.60139189
     -1.21661958
     -0.82695015
     -0.43167328
     -0.03341639
      0.36327400
      0.75475478
      1.14048597
      1.52320343
      1.90732892
      2.29661845
      2.69202032
      3.09085253
     -2.79496555
     -2.40312246
     -2.01755746
     -1.63544533
     -1.25204182
     -0.86319042
     -0.46766926
     -0.06820756
      0.32991695
      0.72217692
      1.10757171
      1.48901809
      1.87161275
      2.25995749
      2.65558943
      3.05574221
     -2.82846787
     -2.43572688
     -2.05050615
     -1.66979515
     -1.28811071
     -0.90035415
     -0.50462381
     -0.10370942
      0.29622615
      0.68952446
      1.07456771
      1.45446225
      1.83511698
      2.22218719
      2.61799809
      3.01975545
     -2.86240375
     -2.46845615
     -2.08359295
     -1.70461020
     -1.32512784
     -0.93886384
     -0.54299802
     -0.14030298
      0.26197030
      0.65667981
      1.04136195
      1.41931943
      1.79745683
      2.18276593
      2.57864968
      2.98239360
     -2.89707997
     -2.50146826
     -2.11696550
     -1.74017010
     -1.36358972
     -0.97942319
     -0.58357529
     -0.17865075
      0.22673692
      0.62342889
      1.00775847
      1.38322439
      1.75798281
      2.14076530
      2.53649819
      2.94276075
     -2.93306081
     -2.53505775
     -2.15088768
     -1.77695943
     -1.40436027
     -1.02327931
     -0.62777998
     -0.21999025
      0.18973675
      0.58935736
      0.97339421
      1.34552114
      1.71552221
      2.09447350
      2.48955741
      2.89910204
     -2.97148184
     -2.56982491
     -2.18587295
     -1.81588819
     -1.44907082
     -1.07284448
     -0.67846421
     -0.26689282
      0.14927680
      0.55356327
      0.93751926
      1.30491072
      1.66773811
      2.04037965
      2.43357926
      2.84749104
     -3.01498228
     -2.60718552
     -2.22305675
     -1.85887232
     -1.50118997
     -1.13343814
     -0.74225583
     -0.32568053
      0.10100147
      0.51370226
      0.89834374
      1.25845871
      1.60925152
      1.96999761
      2.35757439
      2.77700309
     -3.07132126
     -2.65130255
     -2.26539554
     -1.91060779
     -1.56954166
     -1.21956918
     -0.83897536
     -0.41723042
      0.02945601
      0.46158489
      0.85069771
      1.19826486
      1.52444507
      1.85590410
      2.22094267
      2.64080560
      3.10553128
     -2.72145447
     -2.32256200
     -1.98485460
     -1.68489755
     -1.39238383
     -1.07289744
     -0.68553269
     -0.20211584
      0.32491179
      0.77716092
      1.11184349
      1.35418120
      1.53381692
      1.67142075
      1.78370358
      1.88867380
      2.00887689
      2.17456571
      2.43009793
      2.84291108
     -2.82473738
     -2.18712248
     -1.75200547
     -1.49811496
     -1.35598855
     -1.27906374
     -1.23856852
     -1.21736215
     -1.20590700
     -1.19925235
     -1.19495933
     -1.19186244
     -1.18940970
     -1.18733661
     -1.18551215
     -1.18386770
     -1.18236433
     -1.18097784
     -1.17969162
     -1.17849334
     -1.17737324
     -1.17632327
     -1.17533659
     -1.17440731
     -1.17353027
     -1.17270093
     -1.17191526
     -1.17116967
     -1.17046096
     -1.16978626
     -1.16914297
     -1.16852876
     -1.16794152
     -1.16737932
     -1.16684042
     -1.16632323
     -1.16582629
     -1.16534828
     -1.16488797
     -1.16444423
     -1.16401605
     -1.16360245
     -1.16320256
     -1.16281556
     -1.16244070
     -1.16207727
     -1.16172461
     -1.16138213
     -1.16104924
     -1.16072541
     -1.16041016
     -1.16010300
     -1.15980352
     -1.15951128
     -1.15922592
     -1.15894706
     -1.15867435
     -1.15840749
     -1.15814614
     -1.15789004
     -1.15763890
     -1.15739245
     -1.15715046
     -1.15691268
     -1.15667887
     -1.15644884
     -1.15622234
     -1.15599918
     -1.15577912
     -1.15556190
     -1.15534721
     -1.15513459
     -1.15492330
     -1.15471210
     -1.15449867
     -1.15427865
     -1.15404365
     -1.15377742
     -1.15344830
     -1.15299459
     -1.15229578
     -1.15111663
     -1.14899810
     -1.14504600
     -1.13752425
     -1.12308377
     -1.09533926
     -1.04236330
     -0.94260927
     -0.75914920
     -0.43479157
      0.08885024
      0.73998877
      1.26701823
      1.59430468
      1.77959968
      1.88040955
      1.93396772
      1.96202464
      1.97663002
      1.98423814
      1.98823550
      1.99037798
      1.99157013
      1.99227635
      1.99273467
      1.99306700
      1.99333582
      1.99357314
      1.99379542
      1.99401115
      1.99422475
      1.99443856
      1.99465386
      1.99487139
      1.99509161
      1.99531485
      1.99554138
      1.99577144
      1.99600526
      1.99624304
      1.99648504
      1.99673149
      1.99698263
      1.99723874
      1.99750008
      1.99776694
      1.99803965
      1.99831851
      1.99860388
      1.99889611
      1.99919560
      1.99950275
      1.99981800
      2.00014183
      2.00047472
      2.00081720
      2.00116986
      2.00153329
      2.00190815
      2.00229515
      2.00269504
      2.00310864
      2.00353683
      2.00398056
      2.00444087
      2.00491888
      2.00541582
      2.00593301
      2.00647191
      2.00703411
      2.00762136
      2.00823557
      2.00887885
      2.00955356
      2.01026226
      2.01100785
      2.01179352
      2.01262286
      2.01349990
      2.01442918
      2.01541586
      2.01646582
      2.01758592
      2.01878419
      2.02007039
      2.02145684
      2.02296012
      2.02460439
      2.02642845
      2.02850069
      2.03095161
      2.03404459
      2.03832918
      2.04496581
      2.05638302
      2.07751188
      2.11785557
      2.19449995
      2.33613379
      2.58919070
      3.02304661
     -2.62329724
     -2.00679041
     -1.59282118
     -1.33656632
     -1.17045209
     -1.05000191
     -0.94489739
     -0.83255426
     -0.69494086
     -0.51533628
     -0.27307379
      0.06147966
      0.51357763
      1.04056571
      1.52408550
      1.91156309
      2.23111426
      2.52364651
      2.82358237
     -3.12195294
     -2.72313884
     -2.26698953
     -1.80224052
     -1.38231080
     -1.01721541
     -0.68573059
     -0.35955758
     -0.01202726
      0.37703125
      0.80911934
      1.25581129
      1.67759995
      2.05823978
      2.40823760
      2.74930222
      3.10406347
     -2.79325633
     -2.37327122
     -1.93841099
     -1.51895130
     -1.13133687
     -0.77056737
     -0.41977327
     -0.05967846
      0.32492968
      0.73760213
      1.16428071
      1.58087911
      1.97209277
      2.33986589
      2.69755107
      3.06171965
     -2.83736449
     -2.42959212
     -2.00888482
     -1.59495524
     -1.20172913
     -0.82906827
     -0.46623716
     -0.09885843
      0.28507423
      0.68933938
      1.10550369
      1.51708912
      1.91149209
      2.28773598
      2.65455759
      3.02453199
     -2.87472139
     -2.47308331
     -2.06048747
     -1.65093160
     -1.25582803
     -0.87686076
     -0.50685515
     -0.13473673
      0.24928273
      0.64888650
      1.05860783
      1.46640664
      1.86192314
      2.24301871
      2.61562257
      2.98954379
     -2.90948668
     -2.51149877
     -2.10414068
     -1.69787073
     -1.30212275
     -0.91932687
     -0.54456367
     -0.16910358
      0.21521257
      0.61189083
      1.01727290
      1.42220350
      1.81806473
      2.20224357
      2.57882874
      2.95561931
     -2.94307514
     -2.54747592
     -2.14376966
     -1.74002080
     -1.34412521
     -0.95880476
     -0.58066259
     -0.20270911
      0.18196243
      0.57666053
      0.97892845
      1.38162752
      1.77750389
      2.16377838
      2.54326545
      2.92224492
     -2.97608667
     -2.58214954
     -2.18112864
     -1.77936801
     -1.38354769
     -0.99646777
     -0.61580840
     -0.23591654
      0.14911823
      0.54240690
      0.94233741
      1.34325442
      1.73899319
      2.12675875
      2.50844775
      2.88915659
     -3.00881560
     -2.61608350
     -2.21711319
     -1.81695834
     -1.42131882
     -1.03296573
     -0.65036662
     -0.26892193
      0.11646600
      0.50871775
      0.90683750
      1.30630080
      1.70182877
      2.09068794
      2.47409580
      2.85620662
     -3.04141986
     -2.64958438
     -2.25222175
     -1.85338836
     -1.45798037
     -1.06868361
     -0.68455389
     -0.30183738
      0.08388825
      0.47536197
      0.87204790
      1.27030564
      1.66558801
      2.05526417
      2.44004060
      2.82330998
     -3.07398007
      0.00000000
