      0.00000000
     -3.07353056
      2.82375451
      2.44048448
      2.05571217
      1.66604274
      1.27076587
      0.87250898
      0.47581859
      0.08433781
     -0.30139338
     -0.68411084
     -1.06823633
     -1.45752586
     -1.85292773
     -2.25175993
     -2.64912717
     -3.04097026
      2.85665005
      2.47453793
      2.09113441
      1.70228301
      1.30676185
      0.90730015
      0.50917564
      0.11691567
     -0.26847912
     -0.64992550
     -1.03252016
     -1.42086490
     -1.81649684
     -2.21664962
     -2.61562484
     -3.00836584
      2.88959874
      2.50888774
      2.12720330
      1.73944674
      1.34371640
      0.94280202
      0.54286644
      0.14956813
     -0.23547512
     -0.61536966
     -0.99602439
     -1.38309460
     -1.77890550
     -2.18066286
     -2.58168897
     -2.97563657
      2.92268554
      2.54370280
      2.16422043
      1.77795643
      1.38209061
      0.97939557
      0.57712229
      0.18241278
     -0.20226936
     -0.58022684
     -0.95836424
     -1.34367334
     -1.73955709
     -2.14330101
     -2.54701275
     -2.94262445
      2.95605809
      2.57926269
      2.20268231
      1.81851578
      1.42266789
      1.01774334
      0.61235567
      0.21566370
     -0.16866588
     -0.54413180
     -0.91889022
     -1.30167271
     -1.69740560
     -2.10366816
     -2.51103191
     -2.90903496
      2.98998027
      2.61605202
      2.24345286
      1.86237190
      1.46687257
      1.05908285
      0.64935584
      0.24973523
     -0.13430161
     -0.50642855
     -0.87642962
     -1.25538091
     -1.65046482
     -2.06000945
     -2.47261088
     -2.87426780
      3.02496555
      2.65498078
      2.28816341
      1.91193707
      1.51755680
      1.10598541
      0.68981579
      0.28552933
     -0.09842666
     -0.46581813
     -0.82864552
     -1.20128706
     -1.59448666
     -2.00839845
     -2.42911044
     -2.83690720
      3.06214935
      2.69796491
      2.34028256
      1.97253073
      1.58134842
      1.16477312
      0.73809112
      0.32539033
     -0.05925115
     -0.41936612
     -0.77015893
     -1.13090502
     -1.51848179
     -1.93791050
     -2.37277146
     -2.79279017
      3.10448813
      2.74970038
      2.40863425
      2.05866177
      1.67806795
      1.25632301
      0.80963658
      0.37750770
     -0.01160512
     -0.35917227
     -0.68535248
     -1.01681151
     -1.38185008
     -1.80171301
     -2.26643869
     -2.72263824
     -3.12153072
      2.82394719
      2.52399014
      2.23147642
      1.91199003
      1.52462529
      1.04120843
      0.51418080
      0.06193168
     -0.27275090
     -0.51508861
     -0.69472433
     -0.83232816
     -0.94461099
     -1.04958121
     -1.16978430
     -1.33547312
     -1.59100533
     -2.00381848
     -2.61935534
      3.02621507
      2.59109806
      2.33720755
      2.19508114
      2.11815633
      2.07766111
      2.05645474
      2.04499959
      2.03834494
      2.03405192
      2.03095503
      2.02850229
      2.02642920
      2.02460475
      2.02296029
      2.02145692
      2.02007043
      2.01878421
      2.01758593
      2.01646583
      2.01541586
      2.01442918
      2.01349990
      2.01262286
      2.01179352
      2.01100785
      2.01026226
      2.00955356
      2.00887885
      2.00823557
      2.00762136
      2.00703411
      2.00647191
      2.00593301
      2.00541582
      2.00491888
      2.00444087
      2.00398056
      2.00353683
      2.00310864
      2.00269504
      2.00229515
      2.00190815
      2.00153329
      2.00116986
      2.00081720
      2.00047472
      2.00014183
      1.99981800
      1.99950275
      1.99919560
      1.99889611
      1.99860388
      1.99831851
      1.99803965
      1.99776694
      1.99750008
      1.99723874
      1.99698263
      1.99673149
      1.99648504
      1.99624305
      1.99600527
      1.99577147
      1.99554143
      1.99531494
      1.99509177
      1.99487171
      1.99465450
      1.99443980
      1.99422718
      1.99401589
      1.99380469
      1.99359126
      1.99337124
      1.99313624
      1.99287001
      1.99254089
      1.99208718
      1.99138838
      1.99020922
      1.98809069
      1.98413859
      1.97661685
      1.96217636
      1.93443185
      1.88145589
      1.78170186
      1.59824179
      1.27388416
      0.75024235
      0.09910382
     -0.42792564
     -0.75521209
     -0.94050709
     -1.04131696
     -1.09487513
     -1.12293204
     -1.13753743
     -1.14514555
     -1.14914290
     -1.15128539
     -1.15247754
     -1.15318376
     -1.15364208
     -1.15397441
     -1.15424323
     -1.15448055
     -1.15470283
     -1.15491856
     -1.15513216
     -1.15534597
     -1.15556127
     -1.15577880
     -1.15599902
     -1.15622226
     -1.15644879
     -1.15667885
     -1.15691266
     -1.15715045
     -1.15739245
     -1.15763890
     -1.15789004
     -1.15814614
     -1.15840749
     -1.15867435
     -1.15894706
     -1.15922592
     -1.15951128
     -1.15980352
     -1.16010300
     -1.16041016
     -1.16072541
     -1.16104924
     -1.16138213
     -1.16172461
     -1.16207727
     -1.16244070
     -1.16281556
     -1.16320256
     -1.16360245
     -1.16401605
     -1.16444423
     -1.16488797
     -1.16534828
     -1.16582629
     -1.16632323
     -1.16684042
     -1.16737932
     -1.16794152
     -1.16852876
     -1.16914297
     -1.16978626
     -1.17046096
     -1.17116967
     -1.17191526
     -1.17270093
     -1.17353027
     -1.17440731
     -1.17533659
     -1.17632326
     -1.17737323
     -1.17849333
     -1.17969160
     -1.18097780
     -1.18236425
     -1.18386753
     -1.18551180
     -1.18733586
     -1.18940810
     -1.19185902
     -1.19495200
     -1.19923659
     -1.20587322
     -1.21729043
     -1.23841929
     -1.27876298
     -1.35540736
     -1.49704120
     -1.75009811
     -2.18395402
     -2.82079547
      2.84588300
      2.43191377
      2.17565891
      2.00954468
      1.88909450
      1.78398998
      1.67164685
      1.53403345
      1.35442887
      1.11216639
      0.77761293
      0.32551496
     -0.20147312
     -0.68499291
     -1.07247050
     -1.39202167
     -1.68455392
     -1.98448978
     -2.32213977
     -2.72095388
      3.10608213
      2.64133311
      2.22140339
      1.85630800
      1.52482318
      1.19865017
      0.85111985
      0.46206134
      0.02997325
     -0.41671870
     -0.83850736
     -1.21914719
     -1.56914501
     -1.91020963
     -2.26497088
     -2.65083639
     -3.07082150
      2.77750358
      2.35804389
      1.97042946
      1.60965996
      1.25886586
      0.89877105
      0.51416291
      0.10149046
     -0.32518812
     -0.74178652
     -1.13300018
     -1.50077330
     -1.85845848
     -2.22262706
     -2.60672822
     -3.01450060
      2.84797741
      2.43404783
      2.04082172
      1.66816086
      1.30532975
      0.93795102
      0.55401836
      0.14975321
     -0.26641110
     -0.67799652
     -1.07239950
     -1.44864339
     -1.81546500
     -2.18543940
     -2.56937133
     -2.97100941
      2.89958006
      2.49002419
      2.09492062
      1.71595335
      1.34594774
      0.97382932
      0.58980986
      0.19020609
     -0.21951524
     -0.62731405
     -1.02283054
     -1.40392612
     -1.77652998
     -2.15045119
     -2.53460604
     -2.93259395
      2.94323328
      2.53696332
      2.14121535
      1.75841946
      1.38365626
      1.00819617
      0.62388002
      0.22720176
     -0.17818031
     -0.58311090
     -0.97897214
     -1.36315098
     -1.73973615
     -2.11652672
     -2.50101758
     -2.89661680
      2.98286226
      2.57911339
      2.18321780
      1.79789735
      1.41975518
      1.04180170
      0.65713017
      0.26243206
     -0.13983586
     -0.54253493
     -0.93841130
     -1.32468579
     -1.70417286
     -2.08315233
     -2.46800605
     -2.86194318
      3.02022123
      2.61846060
      2.22264028
      1.83556036
      1.45490100
      1.07500913
      0.68997437
      0.29668569
     -0.10324482
     -0.50416182
     -0.89990060
     -1.28766616
     -1.66935516
     -2.05006400
     -2.43527711
     -2.82800922
      3.05620578
      2.65605093
      2.26041142
      1.87205832
      1.48945921
      1.10801453
      0.72262659
      0.33037484
     -0.06774491
     -0.46720821
     -0.86273617
     -1.25159535
     -1.63500320
     -2.01711402
     -2.40267286
     -2.79450834
      3.09131434
      2.69248095
      2.29707296
      1.90777620
      1.52364648
      1.14092997
      0.75520434
      0.36373062
     -0.03295531
     -0.43121304
     -0.82649541
     -1.21617158
     -1.60094801
     -1.98421739
     -2.37011264
      0.00000000
