      0.00000000
      0.00035254
      0.00092732
      0.00125503
      0.00137366
      0.00140430
      0.00141066
      0.00141510
      0.00142268
      0.00143316
      0.00144533
      0.00145832
      0.00147160
      0.00148497
      0.00149831
      0.00151161
      0.00152485
      0.00153803
      0.00155115
      0.00156422
      0.00157724
      0.00159020
      0.00160310
      0.00161595
      0.00162874
      0.00164148
      0.00165417
      0.00166679
      0.00167937
      0.00169189
      0.00170435
      0.00171676
      0.00172911
      0.00174141
      0.00175365
      0.00176584
      0.00177798
      0.00179005
      0.00180208
      0.00181405
      0.00182596
      0.00183782
      0.00184962
      0.00186137
      0.00187306
      0.00188470
      0.00189628
      0.00190781
      0.00191929
      0.00193070
      0.00194207
      0.00195338
      0.00196463
      0.00197583
      0.00198697
      0.00199806
      0.00200909
      0.00202007
      0.00203099
      0.00204186
      0.00205267
      0.00206343
      0.00207413
      0.00208478
      0.00209537
      0.00210591
      0.00211639
      0.00212682
      0.00213719
      0.00214751
      0.00215777
      0.00216798
      0.00217813
      0.00218823
      0.00219827
      0.00220826
      0.00221819
      0.00222807
      0.00223789
      0.00224766
      0.00225737
      0.00226703
      0.00227663
      0.00228618
      0.00229567
      0.00230511
      0.00231449
      0.00232382
      0.00233309
      0.00234231
      0.00235147
      0.00236058
      0.00236963
      0.00237863
      0.00238757
      0.00239646
      0.00240529
      0.00241407
      0.00242279
      0.00243146
      0.00244007
      0.00244862
      0.00245713
      0.00246557
      0.00247397
      0.00248230
      0.00249058
      0.00249881
      0.00250698
      0.00251510
      0.00252316
      0.00253117
      0.00253912
      0.00254702
      0.00255486
      0.00256264
      0.00257038
      0.00257805
      0.00258567
      0.00259324
      0.00260075
      0.00260821
      0.00261561
      0.00262296
      0.00263025
      0.00263748
      0.00264467
      0.00265179
      0.00265886
      0.00266588
      0.00267284
      0.00267975
      0.00268660
      0.00269339
      0.00270014
      0.00270682
      0.00271345
      0.00272003
      0.00272655
      0.00273302
      0.00273943
      0.00274578
      0.00275208
      0.00275833
      0.00276452
      0.00277066
      0.00277674
      0.00278276
      0.00278873
      0.00279465
      0.00280051
      0.00280632
      0.00281207
      0.00281776
      0.00282340
      0.00282899
      0.00283452
      0.00283999
      0.00284541
      0.00285078
      0.00285609
      0.00286135
      0.00286655
      0.00287169
      0.00287678
      0.00288182
      0.00288680
      0.00289172
      0.00289659
      0.00290141
      0.00290617
      0.00291087
      0.00291552
      0.00292012
      0.00292466
      0.00292914
      0.00293358
      0.00293795
      0.00294227
      0.00294654
      0.00295074
      0.00295490
      0.00295900
      0.00296304
      0.00296703
      0.00297097
      0.00297485
      0.00297867
      0.00298244
      0.00298616
      0.00298982
      0.00299342
      0.00299697
      0.00300047
      0.00300391
      0.00300729
      0.00301062
      0.00301389
      0.00301711
      0.00302028
      0.00302339
      0.00302644
      0.00302944
      0.00303239
      0.00303528
      0.00303811
      0.00304089
      0.00304361
      0.00304628
      0.00304890
      0.00305146
      0.00305396
      0.00305641
      0.00305880
      0.00306114
      0.00306343
      0.00306565
      0.00306783
      0.00306995
      0.00307201
      0.00307402
      0.00307597
      0.00307787
      0.00307972
      0.00308150
      0.00308324
      0.00308492
      0.00308654
      0.00308811
      0.00308962
      0.00309108
      0.00309248
      0.00309383
      0.00309513
      0.00309636
      0.00309755
      0.00309868
      0.00309975
      0.00310077
      0.00310173
      0.00310264
      0.00310349
      0.00310429
      0.00310503
      0.00310572
      0.00310635
      0.00310693
      0.00310746
      0.00310792
      0.00310834
      0.00310869
      0.00310900
      0.00310924
      0.00310944
      0.00310958
      0.00310966
      0.00310969
      0.00310966
      0.00310958
      0.00310944
      0.00310925
      0.00310900
      0.00310870
      0.00310834
      0.00310793
      0.00310746
      0.00310694
      0.00310636
      0.00310573
      0.00310504
      0.00310430
      0.00310350
      0.00310264
      0.00310174
      0.00310077
      0.00309976
      0.00309868
      0.00309756
      0.00309637
      0.00309513
      0.00309384
      0.00309249
      0.00309109
      0.00308963
      0.00308812
      0.00308655
      0.00308493
      0.00308325
      0.00308152
      0.00307973
      0.00307788
      0.00307599
      0.00307403
      0.00307202
      0.00306996
      0.00306784
      0.00306567
      0.00306344
      0.00306116
      0.00305882
      0.00305642
      0.00305398
      0.00305147
      0.00304891
      0.00304630
      0.00304363
      0.00304091
      0.00303813
      0.00303529
      0.00303240
      0.00302946
      0.00302646
      0.00302341
      0.00302030
      0.00301713
      0.00301391
      0.00301064
      0.00300731
      0.00300393
      0.00300049
      0.00299699
      0.00299344
      0.00298984
      0.00298618
      0.00298247
      0.00297870
      0.00297487
      0.00297099
      0.00296706
      0.00296307
      0.00295902
      0.00295492
      0.00295077
      0.00294656
      0.00294230
      0.00293798
      0.00293360
      0.00292917
      0.00292469
      0.00292015
      0.00291555
      0.00291090
      0.00290620
      0.00290144
      0.00289662
      0.00289175
      0.00288683
      0.00288185
      0.00287681
      0.00287172
      0.00286658
      0.00286137
      0.00285612
      0.00285081
      0.00284544
      0.00284002
      0.00283455
      0.00282902
      0.00282343
      0.00281779
      0.00281210
      0.00280635
      0.00280054
      0.00279468
      0.00278876
      0.00278279
      0.00277677
      0.00277069
      0.00276455
      0.00275836
      0.00275211
      0.00274581
      0.00273946
      0.00273305
      0.00272658
      0.00272006
      0.00271348
      0.00270685
      0.00270017
      0.00269343
      0.00268663
      0.00267978
      0.00267287
      0.00266591
      0.00265889
      0.00265182
      0.00264470
      0.00263752
      0.00263028
      0.00262299
      0.00261564
      0.00260824
      0.00260078
      0.00259327
      0.00258571
      0.00257808
      0.00257041
      0.00256268
      0.00255489
      0.00254705
      0.00253915
      0.00253120
      0.00252319
      0.00251513
      0.00250701
      0.00249884
      0.00249062
      0.00248233
      0.00247400
      0.00246560
      0.00245716
      0.00244866
      0.00244010
      0.00243149
      0.00242282
      0.00241410
      0.00240532
      0.00239649
      0.00238760
      0.00237866
      0.00236966
      0.00236061
      0.00235150
      0.00234234
      0.00233312
      0.00232385
      0.00231452
      0.00230514
      0.00229570
      0.00228621
      0.00227666
      0.00226706
      0.00225740
      0.00224769
      0.00223792
      0.00222810
      0.00221822
      0.00220829
      0.00219830
      0.00218826
      0.00217816
      0.00216801
      0.00215780
      0.00214754
      0.00213722
      0.00212685
      0.00211642
      0.00210594
      0.00209540
      0.00208480
      0.00207416
      0.00206345
      0.00205269
      0.00204188
      0.00203101
      0.00202009
      0.00200911
      0.00199808
      0.00198699
      0.00197585
      0.00196465
      0.00195340
      0.00194209
      0.00193072
      0.00191931
      0.00190783
      0.00189630
      0.00188472
      0.00187308
      0.00186139
      0.00184964
      0.00183784
      0.00182598
      0.00181406
      0.00180209
      0.00179007
      0.00177799
      0.00176586
      0.00175367
      0.00174142
      0.00172913
      0.00171677
      0.00170436
      0.00169190
      0.00167938
      0.00166681
      0.00165418
      0.00164149
      0.00162875
      0.00161596
      0.00160311
      0.00159021
      0.00157725
      0.00156423
      0.00155116
      0.00153804
      0.00152485
      0.00151161
      0.00149832
      0.00148497
      0.00147161
      0.00145832
      0.00144534
      0.00143316
      0.00142269
      0.00141510
      0.00141066
      0.00140430
      0.00137366
      0.00125503
      0.00092732
      0.00035254
      0.00000000
