      0.00000000
      0.00035253
      0.00092731
      0.00125501
      0.00137363
      0.00140426
      0.00141060
      0.00141502
      0.00142259
      0.00143305
      0.00144522
      0.00145818
      0.00147146
      0.00148481
      0.00149814
      0.00151142
      0.00152465
      0.00153781
      0.00155093
      0.00156398
      0.00157698
      0.00158993
      0.00160282
      0.00161566
      0.00162844
      0.00164116
      0.00165383
      0.00166645
      0.00167901
      0.00169152
      0.00170397
      0.00171636
      0.00172870
      0.00174099
      0.00175322
      0.00176540
      0.00177752
      0.00178958
      0.00180159
      0.00181355
      0.00182545
      0.00183730
      0.00184909
      0.00186083
      0.00187251
      0.00188413
      0.00189570
      0.00190722
      0.00191868
      0.00193009
      0.00194144
      0.00195274
      0.00196398
      0.00197516
      0.00198630
      0.00199737
      0.00200839
      0.00201936
      0.00203027
      0.00204113
      0.00205193
      0.00206268
      0.00207337
      0.00208401
      0.00209459
      0.00210511
      0.00211559
      0.00212600
      0.00213637
      0.00214667
      0.00215692
      0.00216712
      0.00217726
      0.00218735
      0.00219738
      0.00220736
      0.00221728
      0.00222715
      0.00223696
      0.00224672
      0.00225642
      0.00226607
      0.00227566
      0.00228520
      0.00229468
      0.00230411
      0.00231348
      0.00232279
      0.00233206
      0.00234126
      0.00235042
      0.00235951
      0.00236856
      0.00237754
      0.00238648
      0.00239535
      0.00240418
      0.00241294
      0.00242166
      0.00243031
      0.00243892
      0.00244746
      0.00245596
      0.00246440
      0.00247278
      0.00248111
      0.00248938
      0.00249760
      0.00250576
      0.00251387
      0.00252192
      0.00252992
      0.00253786
      0.00254575
      0.00255358
      0.00256136
      0.00256908
      0.00257675
      0.00258436
      0.00259192
      0.00259943
      0.00260687
      0.00261427
      0.00262160
      0.00262889
      0.00263612
      0.00264329
      0.00265041
      0.00265747
      0.00266448
      0.00267143
      0.00267833
      0.00268517
      0.00269196
      0.00269870
      0.00270538
      0.00271200
      0.00271857
      0.00272508
      0.00273154
      0.00273794
      0.00274429
      0.00275059
      0.00275682
      0.00276301
      0.00276914
      0.00277521
      0.00278123
      0.00278719
      0.00279310
      0.00279896
      0.00280476
      0.00281050
      0.00281619
      0.00282182
      0.00282740
      0.00283293
      0.00283840
      0.00284381
      0.00284917
      0.00285447
      0.00285972
      0.00286492
      0.00287006
      0.00287514
      0.00288017
      0.00288514
      0.00289006
      0.00289493
      0.00289974
      0.00290449
      0.00290919
      0.00291384
      0.00291843
      0.00292296
      0.00292744
      0.00293187
      0.00293623
      0.00294055
      0.00294481
      0.00294901
      0.00295316
      0.00295726
      0.00296130
      0.00296528
      0.00296921
      0.00297309
      0.00297691
      0.00298067
      0.00298438
      0.00298804
      0.00299164
      0.00299518
      0.00299868
      0.00300211
      0.00300549
      0.00300882
      0.00301209
      0.00301530
      0.00301846
      0.00302157
      0.00302462
      0.00302761
      0.00303055
      0.00303344
      0.00303627
      0.00303905
      0.00304177
      0.00304443
      0.00304704
      0.00304960
      0.00305210
      0.00305455
      0.00305694
      0.00305927
      0.00306155
      0.00306378
      0.00306595
      0.00306807
      0.00307013
      0.00307213
      0.00307408
      0.00307598
      0.00307782
      0.00307961
      0.00308134
      0.00308302
      0.00308464
      0.00308620
      0.00308772
      0.00308917
      0.00309057
      0.00309192
      0.00309321
      0.00309445
      0.00309563
      0.00309676
      0.00309783
      0.00309884
      0.00309981
      0.00310071
      0.00310156
      0.00310236
      0.00310310
      0.00310379
      0.00310442
      0.00310500
      0.00310552
      0.00310599
      0.00310640
      0.00310676
      0.00310706
      0.00310731
      0.00310750
      0.00310764
      0.00310772
      0.00310775
      0.00310772
      0.00310764
      0.00310750
      0.00310730
      0.00310706
      0.00310675
      0.00310640
      0.00310598
      0.00310552
      0.00310500
      0.00310442
      0.00310379
      0.00310310
      0.00310236
      0.00310156
      0.00310071
      0.00309980
      0.00309884
      0.00309782
      0.00309675
      0.00309562
      0.00309444
      0.00309320
      0.00309191
      0.00309056
      0.00308916
      0.00308771
      0.00308619
      0.00308463
      0.00308301
      0.00308133
      0.00307960
      0.00307781
      0.00307597
      0.00307407
      0.00307212
      0.00307011
      0.00306805
      0.00306594
      0.00306377
      0.00306154
      0.00305926
      0.00305692
      0.00305453
      0.00305208
      0.00304958
      0.00304703
      0.00304442
      0.00304175
      0.00303903
      0.00303625
      0.00303342
      0.00303054
      0.00302760
      0.00302460
      0.00302155
      0.00301844
      0.00301528
      0.00301207
      0.00300880
      0.00300547
      0.00300209
      0.00299865
      0.00299516
      0.00299162
      0.00298802
      0.00298436
      0.00298065
      0.00297689
      0.00297307
      0.00296919
      0.00296526
      0.00296128
      0.00295723
      0.00295314
      0.00294899
      0.00294478
      0.00294052
      0.00293621
      0.00293184
      0.00292741
      0.00292293
      0.00291840
      0.00291381
      0.00290917
      0.00290447
      0.00289971
      0.00289490
      0.00289004
      0.00288512
      0.00288014
      0.00287511
      0.00287003
      0.00286489
      0.00285969
      0.00285444
      0.00284914
      0.00284378
      0.00283837
      0.00283290
      0.00282737
      0.00282179
      0.00281616
      0.00281047
      0.00280473
      0.00279893
      0.00279307
      0.00278716
      0.00278120
      0.00277518
      0.00276911
      0.00276298
      0.00275679
      0.00275055
      0.00274426
      0.00273791
      0.00273151
      0.00272505
      0.00271854
      0.00271197
      0.00270534
      0.00269867
      0.00269193
      0.00268514
      0.00267830
      0.00267140
      0.00266445
      0.00265744
      0.00265038
      0.00264326
      0.00263608
      0.00262886
      0.00262157
      0.00261423
      0.00260684
      0.00259939
      0.00259189
      0.00258433
      0.00257672
      0.00256905
      0.00256133
      0.00255355
      0.00254572
      0.00253783
      0.00252989
      0.00252189
      0.00251384
      0.00250573
      0.00249756
      0.00248935
      0.00248107
      0.00247275
      0.00246436
      0.00245593
      0.00244743
      0.00243889
      0.00243028
      0.00242163
      0.00241291
      0.00240415
      0.00239532
      0.00238645
      0.00237751
      0.00236853
      0.00235948
      0.00235039
      0.00234123
      0.00233203
      0.00232277
      0.00231345
      0.00230408
      0.00229465
      0.00228517
      0.00227563
      0.00226604
      0.00225639
      0.00224669
      0.00223693
      0.00222712
      0.00221725
      0.00220733
      0.00219735
      0.00218732
      0.00217724
      0.00216709
      0.00215690
      0.00214665
      0.00213634
      0.00212598
      0.00211556
      0.00210509
      0.00209456
      0.00208398
      0.00207335
      0.00206265
      0.00205191
      0.00204111
      0.00203025
      0.00201934
      0.00200837
      0.00199735
      0.00198627
      0.00197514
      0.00196396
      0.00195272
      0.00194142
      0.00193007
      0.00191866
      0.00190720
      0.00189569
      0.00188411
      0.00187249
      0.00186081
      0.00184907
      0.00183728
      0.00182544
      0.00181353
      0.00180158
      0.00178957
      0.00177750
      0.00176538
      0.00175321
      0.00174098
      0.00172869
      0.00171635
      0.00170395
      0.00169150
      0.00167900
      0.00166644
      0.00165382
      0.00164115
      0.00162843
      0.00161565
      0.00160281
      0.00158992
      0.00157697
      0.00156397
      0.00155092
      0.00153781
      0.00152464
      0.00151141
      0.00149813
      0.00148480
      0.00147145
      0.00145818
      0.00144521
      0.00143305
      0.00142259
      0.00141502
      0.00141060
      0.00140425
      0.00137363
      0.00125501
      0.00092731
      0.00035253
      0.00000000
