             NaN
     -0.10954924
      0.09909173
      0.22959985
      0.30469762
      0.34368470
      0.36177579
      0.36920811
      0.37185476
      0.37262493
      0.37277294
      0.37276544
      0.37274485
      0.37273983
      0.37274763
      0.37276111
      0.37277522
      0.37278729
      0.37279619
      0.37280150
      0.37280316
      0.37280118
      0.37279564
      0.37278660
      0.37277414
      0.37275832
      0.37273919
      0.37271683
      0.37269128
      0.37266261
      0.37263086
      0.37259609
      0.37255835
      0.37251768
      0.37247414
      0.37242776
      0.37237861
      0.37232671
      0.37227210
      0.37221484
      0.37215496
      0.37209250
      0.37202749
      0.37195998
      0.37189000
      0.37181757
      0.37174275
      0.37166555
      0.37158602
      0.37150418
      0.37142006
      0.37133370
      0.37124512
      0.37115434
      0.37106141
      0.37096634
      0.37086917
      0.37076991
      0.37066859
      0.37056524
      0.37045988
      0.37035254
      0.37024324
      0.37013199
      0.37001883
      0.36990378
      0.36978684
      0.36966806
      0.36954744
      0.36942501
      0.36930079
      0.36917480
      0.36904704
      0.36891756
      0.36878635
      0.36865344
      0.36851885
      0.36838260
      0.36824470
      0.36810516
      0.36796401
      0.36782126
      0.36767693
      0.36753103
      0.36738357
      0.36723458
      0.36708407
      0.36693205
      0.36677854
      0.36662355
      0.36646709
      0.36630918
      0.36614984
      0.36598907
      0.36582689
      0.36566332
      0.36549836
      0.36533202
      0.36516433
      0.36499529
      0.36482492
      0.36465323
      0.36448022
      0.36430592
      0.36413033
      0.36395346
      0.36377534
      0.36359596
      0.36341533
      0.36323348
      0.36305041
      0.36286614
      0.36268066
      0.36249400
      0.36230616
      0.36211716
      0.36192700
      0.36173569
      0.36154326
      0.36134969
      0.36115502
      0.36095923
      0.36076236
      0.36056439
      0.36036536
      0.36016525
      0.35996409
      0.35976188
      0.35955864
      0.35935436
      0.35914907
      0.35894277
      0.35873546
      0.35852717
      0.35831789
      0.35810764
      0.35789642
      0.35768425
      0.35747113
      0.35725707
      0.35704208
      0.35682617
      0.35660935
      0.35639162
      0.35617300
      0.35595349
      0.35573310
      0.35551184
      0.35528972
      0.35506675
      0.35484292
      0.35461827
      0.35439278
      0.35416647
      0.35393934
      0.35371142
      0.35348269
      0.35325318
      0.35302288
      0.35279181
      0.35255998
      0.35232739
      0.35209405
      0.35185997
      0.35162515
      0.35138961
      0.35115335
      0.35091638
      0.35067871
      0.35044034
      0.35020128
      0.34996154
      0.34972113
      0.34948006
      0.34923833
      0.34899595
      0.34875293
      0.34850927
      0.34826499
      0.34802008
      0.34777457
      0.34752845
      0.34728173
      0.34703443
      0.34678654
      0.34653808
      0.34628905
      0.34603946
      0.34578931
      0.34553863
      0.34528740
      0.34503564
      0.34478337
      0.34453057
      0.34427727
      0.34402346
      0.34376916
      0.34351438
      0.34325912
      0.34300338
      0.34274718
      0.34249052
      0.34223341
      0.34197586
      0.34171787
      0.34145946
      0.34120062
      0.34094137
      0.34068171
      0.34042166
      0.34016121
      0.33990037
      0.33963916
      0.33937758
      0.33911563
      0.33885333
      0.33859068
      0.33832768
      0.33806435
      0.33780070
      0.33753672
      0.33727243
      0.33700784
      0.33674295
      0.33647776
      0.33621229
      0.33594655
      0.33568053
      0.33541425
      0.33514772
      0.33488094
      0.33461391
      0.33434666
      0.33407917
      0.33381147
      0.33354355
      0.33327543
      0.33300711
      0.33273860
      0.33246991
      0.33220104
      0.33193200
      0.33166280
      0.33139345
      0.33112394
      0.33085430
      0.33058453
      0.33031463
      0.33004461
      0.32977447
      0.32950424
      0.32923391
      0.32896349
      0.32869298
      0.32842241
      0.32815176
      0.32788105
      0.32761029
      0.32733949
      0.32706864
      0.32679777
      0.32652687
      0.32625595
      0.32598503
      0.32571410
      0.32544318
      0.32517227
      0.32490138
      0.32463052
      0.32435969
      0.32408891
      0.32381817
      0.32354749
      0.32327687
      0.32300633
      0.32273587
      0.32246549
      0.32219520
      0.32192502
      0.32165494
      0.32138499
      0.32111515
      0.32084545
      0.32057588
      0.32030646
      0.32003719
      0.31976809
      0.31949915
      0.31923039
      0.31896181
      0.31869342
      0.31842523
      0.31815725
      0.31788948
      0.31762193
      0.31735462
      0.31708753
      0.31682069
      0.31655411
      0.31628778
      0.31602172
      0.31575593
      0.31549043
      0.31522522
      0.31496030
      0.31469569
      0.31443139
      0.31416742
      0.31390377
      0.31364046
      0.31337749
      0.31311487
      0.31285262
      0.31259073
      0.31232922
      0.31206809
      0.31180735
      0.31154701
      0.31128708
      0.31102757
      0.31076848
      0.31050981
      0.31025159
      0.30999381
      0.30973649
      0.30947964
      0.30922325
      0.30896734
      0.30871192
      0.30845700
      0.30820258
      0.30794867
      0.30769528
      0.30744242
      0.30719010
      0.30693832
      0.30668709
      0.30643643
      0.30618633
      0.30593682
      0.30568789
      0.30543955
      0.30519182
      0.30494470
      0.30469820
      0.30445233
      0.30420710
      0.30396251
      0.30371858
      0.30347531
      0.30323271
      0.30299080
      0.30274957
      0.30250905
      0.30226923
      0.30203012
      0.30179174
      0.30155410
      0.30131720
      0.30108105
      0.30084566
      0.30061104
      0.30037720
      0.30014415
      0.29991190
      0.29968045
      0.29944982
      0.29922002
      0.29899105
      0.29876293
      0.29853566
      0.29830925
      0.29808372
      0.29785907
      0.29763531
      0.29741246
      0.29719051
      0.29696950
      0.29674941
      0.29653026
      0.29631207
      0.29609484
      0.29587858
      0.29566331
      0.29544903
      0.29523575
      0.29502349
      0.29481225
      0.29460205
      0.29439289
      0.29418480
      0.29397777
      0.29377182
      0.29356696
      0.29336320
      0.29316055
      0.29295903
      0.29275864
      0.29255940
      0.29236132
      0.29216441
      0.29196868
      0.29177415
      0.29158082
      0.29138872
      0.29119784
      0.29100821
      0.29081983
      0.29063272
      0.29044689
      0.29026236
      0.29007913
      0.28989723
      0.28971666
      0.28953744
      0.28935958
      0.28918310
      0.28900800
      0.28883431
      0.28866204
      0.28849120
      0.28832181
      0.28815388
      0.28798743
      0.28782247
      0.28765902
      0.28749709
      0.28733671
      0.28717788
      0.28702063
      0.28686496
      0.28671090
      0.28655847
      0.28640768
      0.28625854
      0.28611108
      0.28596532
      0.28582128
      0.28567896
      0.28553840
      0.28539961
      0.28526261
      0.28512743
      0.28499407
      0.28486257
      0.28473295
      0.28460522
      0.28447941
      0.28435554
      0.28423364
      0.28411372
      0.28399582
      0.28387995
      0.28376615
      0.28365443
      0.28354482
      0.28343735
      0.28333205
      0.28322895
      0.28312806
      0.28302943
      0.28293308
      0.28283904
      0.28274734
      0.28265801
      0.28257110
      0.28248662
      0.28240462
      0.28232512
      0.28224817
      0.28217380
      0.28210206
      0.28203297
      0.28196657
      0.28190292
      0.28184205
      0.28178400
      0.28172882
      0.28167656
      0.28162725
      0.28158096
      0.28153772
      0.28149760
      0.28146064
      0.28142689
      0.28139643
      0.28136929
      0.28134554
      0.28132525
      0.28130848
      0.28129529
      0.28128576
      0.28127997
      0.28127797
      0.28127981
      0.28128541
      0.28129436
      0.28130552
      0.28131625
      0.28132149
      0.28131410
      0.28129134
      0.28128188
      0.28142814
      0.28219678
      0.28484215
      0.29227342
      0.31036372
      0.34935024
      0.42444765
      0.55495557
      0.76359643
      0.00000000
