      0.00000000
     -2.27654142
     -2.48518559
     -2.61569979
     -2.69080797
     -2.72981136
     -2.74792574
     -2.75538872
     -2.75807330
     -2.75888834
     -2.75908779
     -2.75913803
     -2.75918125
     -2.75924594
     -2.75932923
     -2.75942386
     -2.75952466
     -2.75962889
     -2.75973532
     -2.75984345
     -2.75995313
     -2.76006430
     -2.76017696
     -2.76029110
     -2.76040671
     -2.76052379
     -2.76064234
     -2.76076235
     -2.76088381
     -2.76100671
     -2.76113105
     -2.76125682
     -2.76138401
     -2.76151262
     -2.76164263
     -2.76177405
     -2.76190686
     -2.76204105
     -2.76217663
     -2.76231357
     -2.76245189
     -2.76259156
     -2.76273257
     -2.76287494
     -2.76301864
     -2.76316366
     -2.76331002
     -2.76345768
     -2.76360666
     -2.76375693
     -2.76390850
     -2.76406136
     -2.76421550
     -2.76437091
     -2.76452759
     -2.76468553
     -2.76484472
     -2.76500516
     -2.76516684
     -2.76532975
     -2.76549389
     -2.76565925
     -2.76582582
     -2.76599360
     -2.76616258
     -2.76633275
     -2.76650412
     -2.76667666
     -2.76685038
     -2.76702526
     -2.76720131
     -2.76737851
     -2.76755686
     -2.76773636
     -2.76791699
     -2.76809875
     -2.76828163
     -2.76846563
     -2.76865075
     -2.76883697
     -2.76902429
     -2.76921270
     -2.76940220
     -2.76959278
     -2.76978443
     -2.76997715
     -2.77017094
     -2.77036578
     -2.77056167
     -2.77075861
     -2.77095658
     -2.77115559
     -2.77135562
     -2.77155667
     -2.77175874
     -2.77196182
     -2.77216590
     -2.77237098
     -2.77257705
     -2.77278410
     -2.77299213
     -2.77320114
     -2.77341111
     -2.77362204
     -2.77383393
     -2.77404677
     -2.77426056
     -2.77447528
     -2.77469093
     -2.77490752
     -2.77512502
     -2.77534344
     -2.77556276
     -2.77578299
     -2.77600412
     -2.77622614
     -2.77644905
     -2.77667284
     -2.77689750
     -2.77712303
     -2.77734943
     -2.77757668
     -2.77780478
     -2.77803373
     -2.77826352
     -2.77849415
     -2.77872561
     -2.77895788
     -2.77919098
     -2.77942489
     -2.77965960
     -2.77989512
     -2.78013143
     -2.78036852
     -2.78060641
     -2.78084507
     -2.78108450
     -2.78132469
     -2.78156565
     -2.78180737
     -2.78204983
     -2.78229304
     -2.78253698
     -2.78278165
     -2.78302706
     -2.78327318
     -2.78352002
     -2.78376757
     -2.78401582
     -2.78426476
     -2.78451441
     -2.78476473
     -2.78501574
     -2.78526742
     -2.78551977
     -2.78577279
     -2.78602646
     -2.78628079
     -2.78653576
     -2.78679137
     -2.78704762
     -2.78730449
     -2.78756199
     -2.78782011
     -2.78807884
     -2.78833817
     -2.78859811
     -2.78885864
     -2.78911975
     -2.78938146
     -2.78964373
     -2.78990658
     -2.79017000
     -2.79043397
     -2.79069850
     -2.79096358
     -2.79122920
     -2.79149536
     -2.79176204
     -2.79202925
     -2.79229698
     -2.79256523
     -2.79283398
     -2.79310323
     -2.79337298
     -2.79364322
     -2.79391394
     -2.79418514
     -2.79445682
     -2.79472896
     -2.79500156
     -2.79527461
     -2.79554812
     -2.79582206
     -2.79609645
     -2.79637126
     -2.79664650
     -2.79692216
     -2.79719823
     -2.79747471
     -2.79775159
     -2.79802887
     -2.79830653
     -2.79858458
     -2.79886301
     -2.79914181
     -2.79942097
     -2.79970049
     -2.79998037
     -2.80026060
     -2.80054116
     -2.80082206
     -2.80110330
     -2.80138485
     -2.80166673
     -2.80194891
     -2.80223140
     -2.80251419
     -2.80279727
     -2.80308065
     -2.80336430
     -2.80364823
     -2.80393242
     -2.80421688
     -2.80450160
     -2.80478657
     -2.80507178
     -2.80535723
     -2.80564292
     -2.80592883
     -2.80621496
     -2.80650131
     -2.80678786
     -2.80707462
     -2.80736157
     -2.80764871
     -2.80793604
     -2.80822354
     -2.80851122
     -2.80879906
     -2.80908706
     -2.80937521
     -2.80966351
     -2.80995194
     -2.81024052
     -2.81052922
     -2.81081804
     -2.81110698
     -2.81139603
     -2.81168518
     -2.81197443
     -2.81226377
     -2.81255319
     -2.81284269
     -2.81313226
     -2.81342190
     -2.81371160
     -2.81400135
     -2.81429115
     -2.81458099
     -2.81487086
     -2.81516076
     -2.81545069
     -2.81574062
     -2.81603057
     -2.81632052
     -2.81661047
     -2.81690041
     -2.81719033
     -2.81748022
     -2.81777009
     -2.81805993
     -2.81834972
     -2.81863947
     -2.81892916
     -2.81921879
     -2.81950835
     -2.81979784
     -2.82008725
     -2.82037657
     -2.82066580
     -2.82095494
     -2.82124396
     -2.82153288
     -2.82182168
     -2.82211035
     -2.82239889
     -2.82268730
     -2.82297556
     -2.82326367
     -2.82355162
     -2.82383941
     -2.82412703
     -2.82441448
     -2.82470174
     -2.82498882
     -2.82527570
     -2.82556237
     -2.82584884
     -2.82613510
     -2.82642113
     -2.82670694
     -2.82699251
     -2.82727784
     -2.82756292
     -2.82784776
     -2.82813233
     -2.82841663
     -2.82870066
     -2.82898441
     -2.82926788
     -2.82955105
     -2.82983392
     -2.83011649
     -2.83039874
     -2.83068068
     -2.83096229
     -2.83124357
     -2.83152451
     -2.83180511
     -2.83208535
     -2.83236524
     -2.83264476
     -2.83292391
     -2.83320268
     -2.83348107
     -2.83375907
     -2.83403667
     -2.83431386
     -2.83459065
     -2.83486702
     -2.83514296
     -2.83541847
     -2.83569355
     -2.83596818
     -2.83624236
     -2.83651609
     -2.83678935
     -2.83706214
     -2.83733446
     -2.83760629
     -2.83787763
     -2.83814848
     -2.83841882
     -2.83868865
     -2.83895796
     -2.83922675
     -2.83949501
     -2.83976274
     -2.84002992
     -2.84029655
     -2.84056262
     -2.84082813
     -2.84109307
     -2.84135744
     -2.84162122
     -2.84188441
     -2.84214700
     -2.84240899
     -2.84267037
     -2.84293113
     -2.84319127
     -2.84345078
     -2.84370965
     -2.84396787
     -2.84422545
     -2.84448236
     -2.84473862
     -2.84499420
     -2.84524910
     -2.84550332
     -2.84575685
     -2.84600968
     -2.84626180
     -2.84651321
     -2.84676390
     -2.84701387
     -2.84726311
     -2.84751160
     -2.84775935
     -2.84800635
     -2.84825258
     -2.84849805
     -2.84874275
     -2.84898666
     -2.84922979
     -2.84947212
     -2.84971365
     -2.84995438
     -2.85019429
     -2.85043337
     -2.85067163
     -2.85090905
     -2.85114563
     -2.85138135
     -2.85161622
     -2.85185023
     -2.85208336
     -2.85231562
     -2.85254699
     -2.85277747
     -2.85300705
     -2.85323572
     -2.85346348
     -2.85369032
     -2.85391623
     -2.85414121
     -2.85436524
     -2.85458833
     -2.85481045
     -2.85503162
     -2.85525181
     -2.85547103
     -2.85568925
     -2.85590649
     -2.85612273
     -2.85633796
     -2.85655217
     -2.85676536
     -2.85697752
     -2.85718865
     -2.85739873
     -2.85760776
     -2.85781573
     -2.85802263
     -2.85822846
     -2.85843320
     -2.85863686
     -2.85883942
     -2.85904088
     -2.85924122
     -2.85944045
     -2.85963854
     -2.85983550
     -2.86003132
     -2.86022599
     -2.86041950
     -2.86061184
     -2.86080301
     -2.86099300
     -2.86118179
     -2.86136939
     -2.86155578
     -2.86174096
     -2.86192491
     -2.86210764
     -2.86228913
     -2.86246937
     -2.86264835
     -2.86282608
     -2.86300253
     -2.86317770
     -2.86335158
     -2.86352417
     -2.86369545
     -2.86386542
     -2.86403407
     -2.86420139
     -2.86436736
     -2.86453199
     -2.86469527
     -2.86485717
     -2.86501771
     -2.86517686
     -2.86533462
     -2.86549097
     -2.86564592
     -2.86579945
     -2.86595155
     -2.86610222
     -2.86625143
     -2.86639920
     -2.86654549
     -2.86669032
     -2.86683365
     -2.86697550
     -2.86711584
     -2.86725467
     -2.86739198
     -2.86752776
     -2.86766199
     -2.86779468
     -2.86792580
     -2.86805535
     -2.86818332
     -2.86830971
     -2.86843449
     -2.86855766
     -2.86867921
     -2.86879913
     -2.86891742
     -2.86903406
     -2.86914905
     -2.86926238
     -2.86937399
     -2.86948372
     -2.86959108
     -2.86969482
     -2.86979219
     -2.86987804
     -2.86994510
     -2.86999049
     -2.87004270
     -2.87024390
     -2.87106046
     -2.87374633
     -2.88121036
     -2.89932553
     -2.93832948
     -3.01343802
      3.13923289
      2.93058861
      0.00000000
