             NaN
      0.67157221
      1.02173870
      1.29884867
      1.51858917
      1.70500589
      1.88025010
      2.06729497
      2.29886233
      2.63351402
     -3.13121737
     -2.50162877
     -2.02126638
     -1.71760233
     -1.50915108
     -1.34384316
     -1.19235878
     -1.03227212
     -0.83635336
     -0.55742909
     -0.11358427
      0.51118307
      1.06373068
      1.41539948
      1.64383429
      1.81488890
      1.96483985
      2.11895406
      2.30454776
      2.56549238
      2.97983795
     -2.69262738
     -2.11073342
     -1.73270240
     -1.49191444
     -1.31646792
     -1.16600347
     -1.01282915
     -0.82806903
     -0.56700540
     -0.15143560
      0.46114950
      1.04483025
      1.42402761
      1.66501803
      1.83984446
      1.98958948
      2.14315776
      2.33108844
      2.60053905
      3.03185443
     -2.62835244
     -2.05594653
     -1.68848661
     -1.45382056
     -1.28240989
     -1.13400466
     -0.97901160
     -0.78504517
     -0.50141083
     -0.04512980
      0.59005771
      1.14170323
      1.49050714
      1.71542914
      1.88202167
      2.02905892
      2.18668469
      2.38945106
      2.69258444
     -3.10251035
     -2.45854894
     -1.93551001
     -1.60897715
     -1.39546796
     -1.23423846
     -1.08814762
     -0.92642627
     -0.71191063
     -0.38391016
      0.14065150
      0.78551769
      1.27404241
      1.57691724
      1.77848873
      1.93442299
      2.08036305
      2.24791800
      2.47743701
      2.83583614
     -2.88456139
     -2.24978424
     -1.79927988
     -1.51991424
     -1.33003598
     -1.17887146
     -1.03196922
     -0.85656264
     -0.60841177
     -0.21405851
      0.38476972
      0.99732965
      1.40875787
      1.66575716
      1.84469677
      1.99196307
      2.14121124
      2.32677163
      2.59760103
      3.03307191
     -2.62217257
     -2.04284401
     -1.66949200
     -1.43313708
     -1.26404947
     -1.11954552
     -0.96633293
     -0.76802166
     -0.47003752
      0.01056279
      0.65597238
      1.19397905
      1.53168147
      1.74940108
      1.90993768
      2.05302045
      2.21202606
      2.42600068
      2.75599461
     -2.99971715
     -2.35195982
     -1.85960570
     -1.55433186
     -1.35313732
     -1.19971130
     -1.05654511
     -0.88972003
     -0.65682511
     -0.28975477
      0.28275460
      0.91657601
      1.36250696
      1.63887108
      1.82564663
      1.97349603
      2.11838534
      2.29525489
      2.55070301
      2.95976454
     -2.71238794
     -2.10725331
     -1.70582703
     -1.45487935
     -1.28047145
     -1.13659851
     -0.98822826
     -0.79887651
     -0.51684710
     -0.06167946
      0.57640342
      1.14178970
      1.50226406
      1.73108857
      1.89510842
      2.03665593
      2.19037644
      2.39488801
      2.70790231
     -3.07167469
     -2.42201109
     -1.90277465
     -1.57896213
     -1.36923746
     -1.21369632
     -1.07277986
     -0.91172452
     -0.68909757
     -0.34042225
      0.21095113
      0.85489027
      1.32596498
      1.61753132
      1.81090270
      1.95981450
      2.10183611
      2.27234042
      2.51636007
      2.90539287
     -2.78351375
     -2.16171430
     -1.73748630
     -1.47396989
     -1.29445622
     -1.15037067
     -1.00546211
     -0.82323985
     -0.55418917
     -0.12056499
      0.50696475
      1.09348628
      1.47423829
      1.71352904
      1.88146893
      2.02249949
      2.17213178
      2.36853218
      2.66662858
     -3.13535201
     -2.48857688
     -1.94586560
     -1.60423949
     -1.38575740
     -1.22727717
     -1.08754789
     -0.93128425
     -0.71800786
     -0.38651619
      0.14294120
      0.79223992
      1.28728458
      1.59437901
      1.79508838
      1.94609218
      2.08627079
      2.25116742
      2.48430925
      2.85372954
     -2.85457789
     -2.21974988
     -1.77241712
     -1.49543542
     -1.30979096
     -1.16437723
     -1.02198643
     -0.84632963
     -0.58998684
     -0.17825484
      0.43479179
      1.04037757
      1.44252093
      1.69344104
      1.86646028
      2.00810233
      2.15449797
      2.34320835
      2.62647553
      3.08415339
     -2.55963318
     -1.99405830
     -1.63317616
     -1.40468856
     -1.24206575
     -1.10242039
     -0.95017644
     -0.74590278
     -0.43159525
      0.07400254
      0.72433719
      1.24377767
      1.56787207
      1.77715313
      1.93144754
      2.07084914
      2.23086175
      2.45348296
      2.80326422
     -2.92724855
     -2.28299783
     -1.81159198
     -1.51980074
     -1.32685180
     -1.17893661
     -1.03802842
     -0.86821761
     -0.62412773
     -0.23434249
      0.36059537
      0.98262795
      1.40727045
      1.67097625
      1.85017736
      1.99357776
      2.13775961
      2.31954703
      2.58862012
      3.02258378
     -2.63283927
     -2.04605552
     -1.66492099
     -1.42545987
     -1.25765293
     -1.11696020
     -0.96770041
     -0.77156125
     -0.47356528
      0.00762833
      0.65444218
      1.19735582
      1.53922584
      1.75789194
      1.91647978
      2.05623665
      2.21243910
      2.42555718
      2.75681246
     -2.99711596
     -2.34787874
     -1.85288213
     -1.54573382
     -1.34477102
     -1.19336297
     -1.05278759
     -0.88769019
     -0.65465446
     -0.28555331
      0.28911480
      0.92366393
      1.37053059
      1.64739478
      1.83343970
      1.97960486
      2.12275088
      2.29881496
      2.55507403
      2.96650909
     -2.70377254
     -2.09894242
     -1.69774459
     -1.44702969
     -1.27336953
     -1.13058810
     -0.98310781
     -0.79384931
     -0.51065955
     -0.05314534
      0.58604981
      1.15015452
      1.50968045
      1.73800977
      1.90161411
      2.04281012
      2.19641294
      2.40128931
      2.71550229
     -3.06207864
     -2.41232363
     -1.89512944
     -1.57262000
     -1.36328180
     -1.20757021
     -1.06621228
     -0.90466114
     -0.68150954
     -0.33191320
      0.22081011
      0.86377206
      1.33233490
      1.62257434
      1.81598033
      1.96582361
      2.10904367
      2.28041828
      2.52476336
      2.91408199
     -2.77438333
     -2.15444446
     -1.73285191
     -1.47035686
     -1.29011701
     -1.14424026
     -0.99750689
     -0.81437589
     -0.54565957
     -0.11283704
      0.51407764
      1.09829664
      1.47669528
      1.71561129
      1.88519747
      2.02889185
      2.18073243
      2.37761051
      2.67407814
     -3.13037627
     -2.48511323
     -1.94445419
     -1.60443252
     -1.38532924
     -1.22410872
     -1.08093590
     -0.92246765
     -0.70981148
     -0.38216157
      0.14248740
      0.79010337
      1.28423652
      1.59099512
      1.79366381
      1.94859864
      2.09277099
      2.25928596
      2.48974244
      2.85176791
     -2.86416305
     -2.22970018
     -1.78112867
     -1.50265765
     -1.31340435
     -1.16288036
     -1.01635496
     -0.84052167
     -0.59035221
     -0.19144957
      0.41139871
      1.02017561
      1.42676890
      1.68157707
      1.86010542
      2.00787805
      2.15790127
      2.34410326
      2.61561137
      3.05260469
     -2.60226215
     -2.02719062
     -1.65756732
     -1.42222266
     -1.25203441
     -1.10559163
     -0.95119227
     -0.75390730
     -0.46000144
      0.01438213
      0.65653044
      1.19470885
      1.53294255
      1.75259915
      1.91654085
      2.06280363
      2.22211177
      2.43068559
      2.74708087
     -3.02739732
     -2.38240730
     -1.88009696
     -1.56758840
     -1.36022533
     -1.20071943
     -1.05380184
     -0.88950535
     -0.67019565
     -0.33271925
      0.20479651
      0.84435610
      1.31506502
      1.60741745
      1.80557652
      1.96218537
      2.11022538
      2.27898790
      2.50735793
      2.86230720
     -2.86224959
     -2.23220660
     -1.78631029
     -1.50852958
     -1.31665320
     -1.16164399
     -1.01245064
     -0.84058686
     -0.60656139
     -0.24108361
      0.32878820
      0.95037577
      1.38104490
      1.65047394
      1.83916212
      1.99373529
      2.14354613
      2.31576070
      2.54890326
      2.91172813
     -2.80502478
     -2.18431757
     -1.75304361
     -1.48270510
     -1.29266068
     -1.13685209
     -0.98739858
     -0.81961156
     -0.59927571
     -0.26454746
      0.26679992
      0.89883443
      1.36477443
      1.65707148
      1.85971058
      2.02308777
      2.17563019
      2.33964608
      2.54296104
      2.83395869
     -2.99084611
     -2.36596789
     -1.82207817
     -1.46421454
     -1.21558916
     -1.01246656
     -0.81781419
     -0.60454999
     -0.34669791
     -0.02186009
      0.00000000
