      0.00000000
      0.16642880
     -0.18373769
     -0.46084765
     -0.68058816
     -0.86700487
     -1.04224909
     -1.22929396
     -1.46086131
     -1.79551301
     -2.31396692
     -2.94355552
      2.85926739
      2.55560334
      2.34715210
      2.18184417
      2.03035980
      1.87027313
      1.67435437
      1.39543011
      0.95158529
      0.32681795
     -0.22572966
     -0.57739846
     -0.80583327
     -0.97688788
     -1.12683883
     -1.28095304
     -1.46654674
     -1.72749136
     -2.14183693
     -2.75255690
      2.94873445
      2.57070343
      2.32991547
      2.15446894
      2.00400450
      1.85083018
      1.66607006
      1.40500643
      0.98943663
      0.37685153
     -0.20682921
     -0.58602657
     -0.82701699
     -1.00184342
     -1.15158844
     -1.30515672
     -1.49308740
     -1.76253801
     -2.19385339
     -2.81683182
      2.89394758
      2.52648766
      2.29182161
      2.12041094
      1.97200571
      1.81701266
      1.62304622
      1.33941188
      0.88313086
      0.24794335
     -0.30370216
     -0.65250607
     -0.87742807
     -1.04402059
     -1.19105785
     -1.34868362
     -1.55144999
     -1.85458336
     -2.34267388
     -2.98663528
      2.77351110
      2.44697824
      2.23346905
      2.07223955
      1.92614871
      1.76442737
      1.54991172
      1.22191126
      0.69734960
      0.05248342
     -0.43604130
     -0.73891613
     -0.94048762
     -1.09642187
     -1.24236193
     -1.40991688
     -1.63943589
     -1.99783501
     -2.56062279
      3.08778538
      2.63728102
      2.35791538
      2.16803712
      2.01687261
      1.86997037
      1.69456379
      1.44641292
      1.05205966
      0.45323144
     -0.15932848
     -0.57075670
     -0.82775599
     -1.00669559
     -1.15396190
     -1.30321006
     -1.48877045
     -1.75959985
     -2.19507073
     -2.82301154
      2.88084521
      2.50749320
      2.27113828
      2.10205068
      1.95754672
      1.80433414
      1.60602287
      1.30803873
      0.82743843
      0.18202885
     -0.35597782
     -0.69368024
     -0.91139985
     -1.07193644
     -1.21501921
     -1.37402482
     -1.58799943
     -1.91799336
     -2.44546690
     -3.09322422
      2.69760697
      2.39233314
      2.19113860
      2.03771258
      1.89454639
      1.72772132
      1.49482640
      1.12775606
      0.55524670
     -0.07857470
     -0.52450565
     -0.80086977
     -0.98764532
     -1.13549471
     -1.28038402
     -1.45725356
     -1.71270169
     -2.12176321
     -2.73279602
      2.94525466
      2.54382839
      2.29288071
      2.11847281
      1.97459987
      1.82622963
      1.63687788
      1.35484847
      0.89968084
      0.26159797
     -0.30378830
     -0.66426266
     -0.89308716
     -1.05710701
     -1.19865452
     -1.35237503
     -1.55688660
     -1.86990089
     -2.37350919
     -3.02317278
      2.74077609
      2.41696357
      2.20723890
      2.05169777
      1.91078131
      1.74972597
      1.52709903
      1.17842372
      0.62705034
     -0.01688878
     -0.48796350
     -0.77952983
     -0.97290120
     -1.12181300
     -1.26383461
     -1.43433891
     -1.67835856
     -2.06739136
     -2.66167003
      2.99971583
      2.57548783
      2.31197143
      2.13245777
      1.98837221
      1.84346366
      1.66124140
      1.39219073
      0.95856655
      0.33103682
     -0.25548470
     -0.63623670
     -0.87552745
     -1.04346734
     -1.18449789
     -1.33413018
     -1.53053057
     -1.82862697
     -2.30983168
     -2.95660680
      2.78386724
      2.44224113
      2.22375904
      2.06527881
      1.92554954
      1.76928591
      1.55600951
      1.22451785
      0.69506047
      0.04576176
     -0.44928289
     -0.75637732
     -0.95708669
     -1.10809048
     -1.24826909
     -1.41316571
     -1.64630754
     -2.01572782
     -2.59060570
      3.05775161
      2.61041886
      2.33343717
      2.14779271
      2.00237899
      1.85998818
      1.68433139
      1.42798860
      1.01625661
      0.40320998
     -0.20237578
     -0.60451913
     -0.85543924
     -1.02845848
     -1.17010052
     -1.31649616
     -1.50520653
     -1.78847372
     -2.24615157
     -2.88555029
      2.83206014
      2.47117801
      2.24269041
      2.08006761
      1.94042225
      1.78817830
      1.58390465
      1.26959712
      0.76399934
      0.11366470
     -0.40577577
     -0.72987016
     -0.93915122
     -1.09344563
     -1.23284722
     -1.39285983
     -1.61548104
     -1.96526229
     -2.51793482
      3.12099978
      2.64959394
      2.35780270
      2.16485376
      2.01693858
      1.87603039
      1.70621959
      1.46212971
      1.07234447
      0.47740662
     -0.14462595
     -0.56926845
     -0.83297424
     -1.01217535
     -1.15557574
     -1.29975759
     -1.48154500
     -1.75061809
     -2.18458174
     -2.81234399
      2.88405758
      2.50292305
      2.26346193
      2.09565500
      1.95496227
      1.80570248
      1.60956333
      1.31156736
      0.83037376
      0.18355992
     -0.35935372
     -0.70122372
     -0.91988982
     -1.07847766
     -1.21823453
     -1.37443697
     -1.58755505
     -1.91881033
     -2.44806720
     -3.09730442
      2.69088430
      2.38373599
      2.18277319
      2.03136514
      1.89078976
      1.72569236
      1.49265664
      1.12355549
      0.54888740
     -0.08566172
     -0.53252838
     -0.80939257
     -0.99543748
     -1.14160264
     -1.28474865
     -1.46081273
     -1.71707179
     -2.12850685
     -2.74141052
      2.93694468
      2.53574685
      2.28503196
      2.11137180
      1.96859037
      1.82111009
      1.63185159
      1.34866183
      0.89114763
      0.25195249
     -0.31215221
     -0.67167814
     -0.90000746
     -1.06361180
     -1.20480780
     -1.35841061
     -1.56328698
     -1.87749996
     -2.38310433
     -3.03285933
      2.73313180
      2.41062236
      2.20128416
      2.04557257
      1.90421465
      1.74266351
      1.51951191
      1.16991557
      0.61719228
     -0.02576967
     -0.49433250
     -0.78457194
     -0.97797792
     -1.12782120
     -1.27104126
     -1.44241587
     -1.68676094
     -2.07607957
     -2.67079955
      2.99244690
      2.57085435
      2.30835931
      2.12811946
      1.98224271
      1.83550934
      1.65237835
      1.38366203
      0.95083950
      0.32392483
     -0.26029417
     -0.63869280
     -0.87760880
     -1.04719498
     -1.19088936
     -1.34272994
     -1.53960801
     -1.83607564
     -2.31480653
     -2.96006957
      2.78245671
      2.44243504
      2.22333176
      2.06211125
      1.91893842
      1.76047018
      1.54781402
      1.22016411
      0.69551514
      0.04789918
     -0.44623396
     -0.75299256
     -0.95566125
     -1.11059608
     -1.25476843
     -1.42128339
     -1.65173987
     -2.01376534
     -2.58101968
      3.06770276
      2.61913126
      2.34066024
      2.15140695
      2.00088295
      1.85435756
      1.67852427
      1.42835481
      1.02945217
      0.42660390
     -0.18217299
     -0.58876628
     -0.84357445
     -1.02210280
     -1.16987543
     -1.31989865
     -1.50610063
     -1.77760874
     -2.21460205
     -2.84292052
      2.86519326
      2.49556997
      2.26022531
      2.09003706
      1.94359428
      1.78919492
      1.59190995
      1.29800409
      0.82362053
      0.18147223
     -0.35670618
     -0.69493988
     -0.91459648
     -1.07853818
     -1.22480095
     -1.38410910
     -1.59268291
     -1.90907819
     -2.41778530
     -3.06277532
      2.71809965
      2.40559109
      2.19822803
      2.03872213
      1.89180453
      1.72750804
      1.50819835
      1.17072195
      0.63320619
     -0.00635339
     -0.47706231
     -0.76941474
     -0.96757381
     -1.12418266
     -1.27222267
     -1.44098519
     -1.66935521
     -2.02430448
     -2.58293300
      3.07020932
      2.62431302
      2.34653230
      2.15465593
      1.99964672
      1.85045337
      1.67858959
      1.44456412
      1.07908634
      0.50921453
     -0.11237304
     -0.54304216
     -0.81247121
     -1.00115938
     -1.15573255
     -1.30554339
     -1.47775796
     -1.71090052
     -2.07372539
     -2.64015779
      3.02232031
      2.59104635
      2.32070785
      2.13066342
      1.97485484
      1.82540132
      1.65761430
      1.43727846
      1.10255020
      0.57120283
     -0.06083168
     -0.52677168
     -0.81906873
     -1.02170783
     -1.18508502
     -1.33762744
     -1.50164333
     -1.70495829
     -1.99595594
     -2.45433644
     -3.07921466
      2.66008092
      2.30221729
      2.05359191
      1.85046931
      1.65581695
      1.44255274
      1.18470066
      0.85986284
      0.00000000
