      0.00000000
      0.00000000
      0.00000000
      0.00000000
      0.00000000
      0.00000000
      0.00000000
      0.00000000
      0.00000000
      0.00000000
      0.00000000
      0.00000000
      0.00000000
      0.00000000
      0.00000000
      0.00000000
      0.00000000
      0.00000000
      0.00000000
      0.00000000
      0.00000000
      0.00000000
      0.00000000
      0.00000000
      0.00000000
      0.00000000
      0.00000000
      0.00000000
      0.00000000
      0.00000000
      0.00000000
      0.00000000
      0.00000000
      0.00000000
      0.00000000
      0.00000000
      0.00000000
      0.00000000
      0.00000000
      0.00000000
      0.00000000
      0.00000000
      0.00000000
      0.00000000
      0.00000000
      0.00000000
      0.00000000
      0.00000000
      0.00000000
      0.00000000
      0.00000000
      0.00000000
      0.00000000
      0.00000000
      0.00000000
      0.00000000
      0.00000000
      0.00000000
      0.00000000
      0.00000000
      0.00000000
      0.00000000
      0.00000000
      0.00000000
      0.00000000
      0.00000000
      0.00000000
      0.00000000
      0.00000000
      0.00000000
      0.00000000
      0.00000000
      0.00000000
      0.00000000
      0.00000000
      0.00000000
      0.00000000
      0.00000000
      0.00000000
      0.00000000
      0.00000000
      0.00000000
      0.00000000
      0.00000000
      0.00000000
      0.00000000
      0.00000000
      0.00000000
      0.00000000
      0.00000000
      0.00000000
      0.00000000
      0.00000000
      0.00000000
      0.00000000
      0.00000000
      0.00000000
      0.00000000
      0.00000000
      0.00000000
      0.00000000
      0.00000000
      0.00000000
      0.00000000
      0.00000000
      0.00000000
      0.00000000
      0.00000000
      0.00000000
      0.00000000
      0.00000000
      0.00000000
      0.00000000
      0.00000000
      0.00000000
      0.00000000
      0.00000000
      0.00000000
      0.00000000
      0.00000000
      0.00000000
      0.00000000
      0.00000000
      0.00000000
      0.00000000
      0.00000000
      0.00000000
      0.00000000
      0.00000000
      0.00000000
      0.00000000
      0.00000000
      0.00000000
      0.00000000
      0.00000000
      0.00000000
      0.00000000
      0.00000000
      0.00000000
      0.00000000
      0.00000000
      0.00000000
      0.00000000
      0.00000000
      0.00000000
      0.00000001
      0.00000002
      0.00000003
      0.00000006
      0.00000053
      0.00000422
      0.00001969
      0.00006038
      0.00013188
      0.00022020
      0.00030150
      0.00036045
      0.00039602
      0.00041667
      0.00043369
      0.00045640
      0.00048962
      0.00053342
      0.00058474
      0.00063961
      0.00069484
      0.00074868
      0.00080070
      0.00085133
      0.00090131
      0.00095129
      0.00100170
      0.00105269
      0.00110422
      0.00115614
      0.00120830
      0.00126058
      0.00131290
      0.00136522
      0.00141754
      0.00146987
      0.00152220
      0.00157452
      0.00162684
      0.00167913
      0.00173138
      0.00178355
      0.00183564
      0.00188761
      0.00193945
      0.00199114
      0.00204266
      0.00209399
      0.00214511
      0.00219601
      0.00224666
      0.00229705
      0.00234715
      0.00239694
      0.00244641
      0.00249552
      0.00254427
      0.00259264
      0.00264059
      0.00268811
      0.00273519
      0.00278179
      0.00282790
      0.00287350
      0.00291856
      0.00296307
      0.00300700
      0.00305034
      0.00309306
      0.00313514
      0.00317657
      0.00321731
      0.00325736
      0.00329669
      0.00333528
      0.00337311
      0.00341017
      0.00344642
      0.00348186
      0.00351647
      0.00355022
      0.00358310
      0.00361509
      0.00364618
      0.00367634
      0.00370556
      0.00373382
      0.00376111
      0.00378741
      0.00381271
      0.00383699
      0.00386024
      0.00388244
      0.00390359
      0.00392366
      0.00394266
      0.00396056
      0.00397735
      0.00399303
      0.00400759
      0.00402102
      0.00403330
      0.00404444
      0.00405443
      0.00406325
      0.00407091
      0.00407740
      0.00408271
      0.00408685
      0.00408980
      0.00409158
      0.00409217
      0.00409158
      0.00408980
      0.00408685
      0.00408271
      0.00407740
      0.00407091
      0.00406325
      0.00405443
      0.00404444
      0.00403330
      0.00402102
      0.00400759
      0.00399303
      0.00397735
      0.00396056
      0.00394266
      0.00392366
      0.00390359
      0.00388244
      0.00386024
      0.00383699
      0.00381271
      0.00378741
      0.00376111
      0.00373382
      0.00370556
      0.00367634
      0.00364618
      0.00361509
      0.00358310
      0.00355022
      0.00351647
      0.00348186
      0.00344642
      0.00341017
      0.00337311
      0.00333528
      0.00329669
      0.00325736
      0.00321731
      0.00317657
      0.00313514
      0.00309306
      0.00305034
      0.00300700
      0.00296307
      0.00291856
      0.00287350
      0.00282790
      0.00278179
      0.00273519
      0.00268811
      0.00264059
      0.00259264
      0.00254427
      0.00249552
      0.00244641
      0.00239694
      0.00234715
      0.00229705
      0.00224666
      0.00219601
      0.00214511
      0.00209399
      0.00204266
      0.00199114
      0.00193945
      0.00188761
      0.00183564
      0.00178355
      0.00173138
      0.00167913
      0.00162684
      0.00157452
      0.00152220
      0.00146987
      0.00141754
      0.00136522
      0.00131290
      0.00126058
      0.00120830
      0.00115614
      0.00110422
      0.00105269
      0.00100170
      0.00095129
      0.00090131
      0.00085133
      0.00080070
      0.00074868
      0.00069484
      0.00063961
      0.00058474
      0.00053342
      0.00048962
      0.00045640
      0.00043369
      0.00041667
      0.00039602
      0.00036045
      0.00030150
      0.00022020
      0.00013188
      0.00006038
      0.00001969
      0.00000422
      0.00000053
      0.00000006
      0.00000003
      0.00000002
      0.00000001
      0.00000000
      0.00000000
      0.00000000
      0.00000000
      0.00000000
      0.00000000
      0.00000000
      0.00000000
      0.00000000
      0.00000000
      0.00000000
      0.00000000
      0.00000000
      0.00000000
      0.00000000
      0.00000000
      0.00000000
      0.00000000
      0.00000000
      0.00000000
      0.00000000
      0.00000000
      0.00000000
      0.00000000
      0.00000000
      0.00000000
      0.00000000
      0.00000000
      0.00000000
      0.00000000
      0.00000000
      0.00000000
      0.00000000
      0.00000000
      0.00000000
      0.00000000
      0.00000000
      0.00000000
      0.00000000
      0.00000000
      0.00000000
      0.00000000
      0.00000000
      0.00000000
      0.00000000
      0.00000000
      0.00000000
      0.00000000
      0.00000000
      0.00000000
      0.00000000
      0.00000000
      0.00000000
      0.00000000
      0.00000000
      0.00000000
      0.00000000
      0.00000000
      0.00000000
      0.00000000
      0.00000000
      0.00000000
      0.00000000
      0.00000000
      0.00000000
      0.00000000
      0.00000000
      0.00000000
      0.00000000
      0.00000000
      0.00000000
      0.00000000
      0.00000000
      0.00000000
      0.00000000
      0.00000000
      0.00000000
      0.00000000
      0.00000000
      0.00000000
      0.00000000
      0.00000000
      0.00000000
      0.00000000
      0.00000000
      0.00000000
      0.00000000
      0.00000000
      0.00000000
      0.00000000
      0.00000000
      0.00000000
      0.00000000
      0.00000000
      0.00000000
      0.00000000
      0.00000000
      0.00000000
      0.00000000
      0.00000000
      0.00000000
      0.00000000
      0.00000000
      0.00000000
      0.00000000
      0.00000000
      0.00000000
      0.00000000
      0.00000000
      0.00000000
      0.00000000
      0.00000000
      0.00000000
      0.00000000
      0.00000000
      0.00000000
      0.00000000
      0.00000000
      0.00000000
      0.00000000
      0.00000000
      0.00000000
      0.00000000
      0.00000000
      0.00000000
      0.00000000
      0.00000000
      0.00000000
      0.00000000
      0.00000000
      0.00000000
      0.00000000
      0.00000000
      0.00000000
      0.00000000
      0.00000000
      0.00000000
      0.00000000
      0.00000000
      0.00000000
      0.00000000
      0.00000000
      0.00000000
      0.00000000
      0.00000000
