      0.00000000
      0.00000000
      0.00000000
      0.00000000
      0.00000000
      0.00000000
      0.00000000
      0.00000000
      0.00000000
      0.00000000
      0.00000000
      0.00000000
      0.00000000
      0.00000000
      0.00000000
      0.00000000
      0.00000000
      0.00000000
      0.00000000
      0.00000000
      0.00000000
      0.00000000
      0.00000000
      0.00000000
      0.00000000
      0.00000000
      0.00000000
      0.00000000
      0.00000000
      0.00000000
      0.00000000
      0.00000000
      0.00000000
      0.00000000
      0.00000000
      0.00000000
      0.00000000
      0.00000000
      0.00000000
      0.00000000
      0.00000000
      0.00000000
      0.00000000
      0.00000000
      0.00000000
      0.00000000
      0.00000000
      0.00000000
      0.00000000
      0.00000000
      0.00000000
      0.00000000
      0.00000000
      0.00000000
      0.00000000
      0.00000000
      0.00000000
      0.00000000
      0.00000000
      0.00000000
      0.00000000
      0.00000000
      0.00000000
      0.00000000
      0.00000000
      0.00000000
      0.00000000
      0.00000000
      0.00000000
      0.00000000
      0.00000000
      0.00000000
      0.00000000
      0.00000000
      0.00000000
      0.00000000
      0.00000000
      0.00000000
      0.00000000
      0.00000000
      0.00000000
      0.00000000
      0.00000000
      0.00000000
      0.00000000
      0.00000000
      0.00000000
      0.00000000
      0.00000000
      0.00000000
      0.00000000
      0.00000000
      0.00000000
      0.00000000
      0.00000000
      0.00000000
      0.00000000
      0.00000000
      0.00000000
      0.00000000
      0.00000000
      0.00000000
      0.00000000
      0.00000000
      0.00000000
      0.00000000
      0.00000000
      0.00000000
      0.00000000
      0.00000000
      0.00000000
      0.00000000
      0.00000000
      0.00000000
      0.00000000
      0.00000000
      0.00000000
      0.00000000
      0.00000000
      0.00000000
      0.00000000
      0.00000000
      0.00000000
      0.00000000
      0.00000000
      0.00000000
      0.00000000
      0.00000000
      0.00000000
      0.00000000
      0.00000000
      0.00000000
      0.00000000
      0.00000000
      0.00000000
      0.00000000
      0.00000000
      0.00000000
      0.00000000
      0.00000000
      0.00000000
      0.00000000
      0.00000000
      0.00000000
      0.00000001
      0.00000004
      0.00000019
      0.00000085
      0.00000313
      0.00000929
      0.00002268
      0.00004864
      0.00010040
      0.00020327
      0.00037408
      0.00059328
      0.00082115
      0.00102987
      0.00120382
      0.00132594
      0.00138918
      0.00144626
      0.00160133
      0.00185851
      0.00211840
      0.00233035
      0.00250058
      0.00263227
      0.00270632
      0.00272272
      0.00277642
      0.00297531
      0.00324879
      0.00348208
      0.00365843
      0.00379730
      0.00389382
      0.00392300
      0.00391365
      0.00400336
      0.00424373
      0.00450132
      0.00469484
      0.00483812
      0.00494744
      0.00500461
      0.00499041
      0.00498284
      0.00512864
      0.00538522
      0.00560643
      0.00576055
      0.00587463
      0.00595225
      0.00596487
      0.00591832
      0.00594463
      0.00614262
      0.00638566
      0.00656293
      0.00668251
      0.00676893
      0.00680976
      0.00677614
      0.00672066
      0.00680448
      0.00703045
      0.00723817
      0.00737290
      0.00746281
      0.00751988
      0.00751776
      0.00744457
      0.00741213
      0.00755654
      0.00777886
      0.00794146
      0.00803915
      0.00810195
      0.00812502
      0.00807589
      0.00798196
      0.00800162
      0.00818733
      0.00837992
      0.00849737
      0.00856377
      0.00859888
      0.00858159
      0.00848796
      0.00840329
      0.00848727
      0.00868255
      0.00883126
      0.00890871
      0.00894760
      0.00895133
      0.00888803
      0.00876347
      0.00872060
      0.00885765
      0.00903229
      0.00913411
      0.00917792
      0.00919005
      0.00915637
      0.00904609
      0.00891672
      0.00893662
      0.00909779
      0.00923236
      0.00929124
      0.00930632
      0.00928919
      0.00921167
      0.00906283
      0.00896190
      0.00904315
      0.00919561
      0.00928296
      0.00930537
      0.00929385
      0.00924222
      0.00911731
      0.00895093
      0.00890620
      0.00902571
      0.00914466
      0.00918655
      0.00917833
      0.00913904
      0.00904635
      0.00887799
      0.00872548
      0.00874572
      0.00887032
      0.00894364
      0.00894604
      0.00891058
      0.00883935
      0.00870044
      0.00850423
      0.00839734
      0.00846771
      0.00856811
      0.00859436
      0.00856366
      0.00850119
      0.00839185
      0.00820716
      0.00801076
      0.00796733
      0.00805718
      0.00811581
      0.00809969
      0.00804041
      0.00794796
      0.00779461
      0.00757475
      0.00741098
      0.00742566
      0.00750281
      0.00751422
      0.00746219
      0.00737583
      0.00724801
      0.00704874
      0.00681676
      0.00671012
      0.00675738
      0.00679912
      0.00676589
      0.00668326
      0.00656807
      0.00639898
      0.00616057
      0.00594786
      0.00590211
      0.00594913
      0.00594542
      0.00587346
      0.00576277
      0.00561433
      0.00540108
      0.00514236
      0.00497691
      0.00497301
      0.00499296
      0.00494356
      0.00483844
      0.00469891
      0.00451203
      0.00425970
      0.00400970
      0.00390160
      0.00390780
      0.00388608
      0.00379559
      0.00366019
      0.00348823
      0.00326118
      0.00298790
      0.00277501
      0.00270909
      0.00269493
      0.00262772
      0.00250060
      0.00233363
      0.00212592
      0.00186953
      0.00160778
      0.00144069
      0.00137835
      0.00131887
      0.00120200
      0.00103150
      0.00082480
      0.00059802
      0.00037846
      0.00020567
      0.00010067
      0.00004805
      0.00002220
      0.00000909
      0.00000308
      0.00000085
      0.00000019
      0.00000004
      0.00000001
      0.00000000
      0.00000000
      0.00000000
      0.00000000
      0.00000000
      0.00000000
      0.00000000
      0.00000000
      0.00000000
      0.00000000
      0.00000000
      0.00000000
      0.00000000
      0.00000000
      0.00000000
      0.00000000
      0.00000000
      0.00000000
      0.00000000
      0.00000000
      0.00000000
      0.00000000
      0.00000000
      0.00000000
      0.00000000
      0.00000000
      0.00000000
      0.00000000
      0.00000000
      0.00000000
      0.00000000
      0.00000000
      0.00000000
      0.00000000
      0.00000000
      0.00000000
      0.00000000
      0.00000000
      0.00000000
      0.00000000
      0.00000000
      0.00000000
      0.00000000
      0.00000000
      0.00000000
      0.00000000
      0.00000000
      0.00000000
      0.00000000
      0.00000000
      0.00000000
      0.00000000
      0.00000000
      0.00000000
      0.00000000
      0.00000000
      0.00000000
      0.00000000
      0.00000000
      0.00000000
      0.00000000
      0.00000000
      0.00000000
      0.00000000
      0.00000000
      0.00000000
      0.00000000
      0.00000000
      0.00000000
      0.00000000
      0.00000000
      0.00000000
      0.00000000
      0.00000000
      0.00000000
      0.00000000
      0.00000000
      0.00000000
      0.00000000
      0.00000000
      0.00000000
      0.00000000
      0.00000000
      0.00000000
      0.00000000
      0.00000000
      0.00000000
      0.00000000
      0.00000000
      0.00000000
      0.00000000
      0.00000000
      0.00000000
      0.00000000
      0.00000000
      0.00000000
      0.00000000
      0.00000000
      0.00000000
      0.00000000
      0.00000000
      0.00000000
      0.00000000
      0.00000000
      0.00000000
      0.00000000
      0.00000000
      0.00000000
      0.00000000
      0.00000000
      0.00000000
      0.00000000
      0.00000000
      0.00000000
      0.00000000
      0.00000000
      0.00000000
      0.00000000
      0.00000000
      0.00000000
      0.00000000
      0.00000000
      0.00000000
      0.00000000
      0.00000000
      0.00000000
      0.00000000
      0.00000000
      0.00000000
      0.00000000
      0.00000000
      0.00000000
      0.00000000
      0.00000000
      0.00000000
      0.00000000
      0.00000000
      0.00000000
      0.00000000
      0.00000000
      0.00000000
      0.00000000
      0.00000000
      0.00000000
