      0.00000000
     -0.66851084
     -0.95163367
     -1.21098043
     -1.50966948
     -1.94584801
     -2.61792437
      2.94644391
      2.46021476
      2.14515725
      1.88736001
      1.59031934
      1.14577841
      0.46646253
     -0.23347174
     -0.70030448
     -1.00357519
     -1.25233503
     -1.53954318
     -1.96931738
     -2.63163731
      2.94744715
      2.46978685
      2.16363857
      1.92151288
      1.65297824
      1.26005790
      0.64192771
     -0.07860739
     -0.59640685
     -0.92217595
     -1.16336217
     -1.40973688
     -1.75226419
     -2.29696420
     -3.02006349
      2.67636305
      2.30799838
      2.05599004
      1.82803792
      1.53893118
      1.08871513
      0.41338448
     -0.25750010
     -0.70137527
     -0.98506108
     -1.20707909
     -1.45069996
     -1.80481936
     -2.36939732
     -3.08640520
      2.63857602
      2.29011052
      2.05163020
      1.83579408
      1.56148803
      1.13387080
      0.48124486
     -0.19932063
     -0.66082380
     -0.95087997
     -1.16638491
     -1.38813589
     -1.69835317
     -2.19486725
     -2.89262854
      2.77253570
      2.37829907
      2.12383981
      1.91947043
      1.68768561
      1.34431817
      0.79413475
      0.08581122
     -0.47706289
     -0.82823843
     -1.06124181
     -1.26031501
     -1.50128338
     -1.86982034
     -2.45488510
      3.12525666
      2.60030186
      2.27498416
      2.05475756
      1.85887610
      1.61260887
      1.22977180
      0.62727795
     -0.06839827
     -0.57282635
     -0.88476724
     -1.09779840
     -1.29056123
     -1.53674802
     -1.92195112
     -2.52688714
      3.06373429
      2.56403167
      2.25543391
      2.04541994
      1.85641333
      1.61587850
      1.23985031
      0.64595301
     -0.04855757
     -0.55804419
     -0.87245776
     -1.08336887
     -1.26822231
     -1.49833663
     -1.85512250
     -2.42478445
     -3.12298940
      2.62729596
      2.29763991
      2.08136954
      1.90018101
      1.68383738
      1.35422682
      0.82206018
      0.12522723
     -0.44368408
     -0.79934584
     -1.02673153
     -1.20613521
     -1.40714479
     -1.70416521
     -2.18647551
     -2.86732344
      2.80114843
      2.40625394
      2.15976722
      1.97820679
      1.79173793
      1.52949438
      1.10586566
      0.46458632
     -0.19707586
     -0.64695080
     -0.92349075
     -1.11380591
     -1.28949741
     -1.51881466
     -1.88150592
     -2.45856911
      3.13279696
      2.61294449
      2.29277824
      2.08481950
      1.91378996
      1.71264418
      1.40771269
      0.91136698
      0.22694576
     -0.37148595
     -0.75208684
     -0.98928721
     -1.16387592
     -1.34349498
     -1.59684812
     -2.00713835
     -2.63541599
      2.98021192
      2.51839244
      2.23569323
      2.04582596
      1.87790450
      1.66595064
      1.33444642
      0.79839661
      0.10649087
     -0.45212300
     -0.80002175
     -1.01942472
     -1.18727187
     -1.36937965
     -1.63466931
     -2.06729284
     -2.71402376
      2.91875767
      2.48147980
      2.21386692
      2.03160334
      1.86581565
      1.65130210
      1.31240107
      0.76602171
      0.07481819
     -0.47220753
     -0.81134973
     -1.02551572
     -1.19023823
     -1.37037753
     -1.63415147
     -2.06505285
     -2.70993779
      2.92274347
      2.48456332
      2.21682055
      2.03566207
      1.87270685
      1.66360346
      1.33406451
      0.80036880
      0.11059128
     -0.44803157
     -0.79600115
     -1.01397552
     -1.17795972
     -1.35244082
     -1.60418623
     -2.01482821
     -2.64225843
      2.97720810
      2.51847061
      2.23863918
      2.05320516
      1.89302842
      1.69452258
      1.38578145
      0.88192160
      0.19837430
     -0.38832705
     -0.75940840
     -0.98904828
     -1.15521576
     -1.32272737
     -1.55667898
     -1.93573677
     -2.53127619
      3.07167699
      2.57756110
      2.27543842
      2.08044425
      1.92149953
      1.73538945
      1.45296752
      0.98986711
      0.32405635
     -0.29901009
     -0.70510956
     -0.95380239
     -1.12599632
     -1.28775812
     -1.50286119
     -1.84642832
     -2.39922472
     -3.08833946
      2.65644633
      2.32369073
      2.11408647
      1.95360132
      1.77874611
      1.52288453
      1.10418128
      0.46992402
     -0.18756115
     -0.63708906
     -0.91113700
     -1.09343808
     -1.25227126
     -1.45078054
     -1.76072808
     -2.26663643
     -2.95041696
      2.74849353
      2.37938786
      2.15096807
      1.98562065
      1.81879118
      1.58559354
      1.20755677
      0.61310938
     -0.06737772
     -0.56254206
     -0.86540797
     -1.06078222
     -1.21980783
     -1.40572354
     -1.68766286
     -2.15003107
     -2.81555968
      2.84376616
      2.43682995
      2.18746041
      2.01455887
      1.85182965
      1.63519250
      1.28908366
      0.73290359
      0.04351905
     -0.49200697
     -0.82278549
     -1.03195511
     -1.19363295
     -1.37173316
     -1.63379339
     -2.06273117
     -2.70580688
      2.92630353
      2.48669599
      2.21816199
      2.03704548
      1.87509603
      1.66824460
      1.34268645
      0.81432479
      0.12506794
     -0.43883820
     -0.79112017
     -1.01166976
     -1.17705330
     -1.35215942
     -1.60404436
     -2.01465210
     -2.64248358
      2.97612744
      2.51669574
      2.23591302
      2.04871892
      1.88531873
      1.68111152
      1.36257777
      0.84442005
      0.15602151
     -0.41877802
     -0.77980729
     -1.00557771
     -1.17395884
     -1.35073449
     -1.60357992
     -2.01500636
     -2.64402453
      2.97393406
      2.51449480
      2.23328116
      2.04464344
      1.87818814
      1.66837057
      1.34015802
      0.80830478
      0.11671154
     -0.44612023
     -0.79758445
     -1.01943801
     -1.18921554
     -1.37332168
     -1.64138736
     -2.07843854
     -2.72944068
      2.90520907
      2.47116398
      2.20433862
      2.01972599
      1.84747619
      1.62043056
      1.25963745
      0.68454427
     -0.00678170
     -0.52784473
     -0.84916098
     -1.05782557
     -1.22916248
     -1.43031542
     -1.73512146
     -2.23161724
     -2.91693753
      2.76692161
      2.38535919
      2.14629793
      1.96813845
      1.78205387
      1.51736701
      1.08824667
      0.44206397
     -0.21553327
     -0.65980821
     -0.93381455
     -1.12464116
     -1.30417857
     -1.54184531
     -1.91960129
     -2.51546984
      3.07857925
      2.57569484
      2.26570445
      2.05908191
      1.88012361
      1.65930073
      1.31763456
      0.76752063
      0.06934157
     -0.48196257
     -0.82506823
     -1.04773326
     -1.22946952
     -1.44067200
     -1.75855986
     -2.27378958
     -2.96873231
      2.72751168
      2.35708206
      2.12026604
      1.93425369
      1.72743126
      1.42325747
      0.93013958
      0.24131064
     -0.36810714
     -0.75755703
     -1.00486313
     -1.19533340
     -1.40187321
     -1.70127944
     -2.18585180
     -2.87212436
      2.79197359
      2.39402098
      2.14136137
      1.94713630
      1.73727743
      1.43386113
      0.94344790
      0.25317565
     -0.36258310
     -0.75704237
     -1.00911003
     -1.20615396
     -1.42321475
     -1.74031889
     -2.25227846
     -2.95211208
      2.73332193
      2.35467128
      2.10888303
      1.90921212
      1.67966057
      1.33676037
      0.78578481
      0.07729891
     -0.48491757
     -0.83663756
     -1.07206339
     -1.27625273
     -1.52668495
     -1.91222660
     -2.52009919
      3.06097814
      2.55360776
      2.23692399
      2.01280322
      1.79839401
      1.51316481
      1.06082587
      0.38674479
     -0.27385886
     -0.71028899
     -0.98909938
     -1.20597896
     -1.44234704
     -1.78503122
     -2.33441967
     -3.05110758
      2.65856177
      2.29827883
      2.05208687
      1.83039566
      1.55000573
      1.11294980
      0.44791313
     -0.23304551
     -0.69039320
     -0.98317307
     -1.21200972
     -1.46239435
     -1.82622206
     -2.40643399
     -3.13053397
      2.60116233
      2.25440280
      2.00645602
      1.76587257
      1.44303876
      0.93061194
      0.21192634
     -0.41164423
     -0.80882574
     -1.07920536
     -1.32130243
     -1.62556035
     -2.09921341
     -2.80070582
      2.81623518
      2.38268549
      2.09372388
      1.84474212
      1.54268439
      1.07868926
      0.38088101
     -0.30125288
     -0.74868733
     -1.04710095
     -1.30515555
     -1.61946999
     -2.10388465
     -2.82161579
      2.78745955
      2.34944869
      2.04982668
      1.79006393
      1.50680858
      0.00000000
