             NaN
      1.50580192
      1.78892476
      2.04827152
      2.34696057
      2.78313909
     -2.82796985
     -2.10915282
     -1.62292368
     -1.30786617
     -1.05006893
     -0.75302826
     -0.30848734
      0.37082855
      1.07076280
      1.53759554
      1.84086626
      2.08962610
      2.37683424
      2.80660844
     -2.81425695
     -2.11015611
     -1.63249581
     -1.32634753
     -1.08422184
     -0.81568721
     -0.42276687
      0.19536332
      0.91589841
      1.43369786
      1.75946696
      2.00065318
      2.24702788
      2.58955519
      3.13425519
     -2.42583084
     -1.83907207
     -1.47070741
     -1.21869907
     -0.99074695
     -0.70164022
     -0.25142417
      0.42390647
      1.09479103
      1.53866620
      1.82235200
      2.04437001
      2.28799087
      2.64211028
     -3.07649709
     -2.35948922
     -1.80128514
     -1.45281964
     -1.21433932
     -0.99850321
     -0.72419717
     -0.29657995
      0.35604599
      1.03661146
      1.49811463
      1.78817079
      2.00367573
      2.22542670
      2.53564397
      3.03215804
     -2.55326599
     -1.93524493
     -1.54100831
     -1.28654906
     -1.08217968
     -0.85039487
     -0.50702744
      0.04315597
      0.75147949
      1.31435359
      1.66552912
      1.89853249
      2.09760569
      2.33857404
      2.70711100
     -2.99100955
     -2.28796602
     -1.76301124
     -1.43769354
     -1.21746695
     -1.02158550
     -0.77531828
     -0.39248122
      0.21001262
      0.90568882
      1.41011689
      1.72205778
      1.93508892
      2.12785174
      2.37403853
      2.75924162
     -2.91900768
     -2.22644382
     -1.72674122
     -1.41814346
     -1.20812950
     -1.01912290
     -0.77858808
     -0.40255990
      0.19133739
      0.88584795
      1.39533455
      1.70974812
      1.92065922
      2.10551264
      2.33562696
      2.69241282
     -3.02111055
     -2.32290563
     -1.79000570
     -1.46034966
     -1.24407930
     -1.06289077
     -0.84654716
     -0.51693660
      0.01523002
      0.71206295
      1.28097425
      1.63663599
      1.86402168
      2.04342535
      2.24443491
      2.54145532
      3.02376561
     -2.57857178
     -1.96385837
     -1.56896389
     -1.32247718
     -1.14091676
     -0.95444791
     -0.69220438
     -0.26857567
      0.37270365
      1.03436582
      1.48424074
      1.76078068
      1.95109583
      2.12678731
      2.35610455
      2.71879580
     -2.98732633
     -2.29550711
     -1.77565466
     -1.45548842
     -1.24752969
     -1.07650017
     -0.87535440
     -0.57042292
     -0.07407723
      0.61034397
      1.20877566
      1.58937654
      1.82657690
      2.00116560
      2.18078464
      2.43413777
      2.84442799
     -2.81047970
     -2.14292233
     -1.68110286
     -1.39840367
     -1.20853641
     -1.04061496
     -0.82866111
     -0.49715690
      0.03889289
      0.73079860
      1.28941245
      1.63731119
      1.85671415
      2.02456129
      2.20666905
      2.47195870
      2.90458221
     -2.73187220
     -2.08146834
     -1.64419049
     -1.37657762
     -1.19431405
     -1.02852638
     -0.81401284
     -0.47511182
      0.07126752
      0.76247102
      1.30949672
      1.64863890
      1.86280488
      2.02752738
      2.20766666
      2.47144058
      2.90234195
     -2.73595844
     -2.08545442
     -1.64727428
     -1.37953153
     -1.19837306
     -1.03541786
     -0.82631448
     -0.49677554
      0.03692015
      0.72669765
      1.28532048
      1.63329004
      1.85126439
      2.01524858
      2.18972966
      2.44147506
      2.85211703
     -2.80363808
     -2.13991933
     -1.68118186
     -1.40135044
     -1.21591644
     -1.05573971
     -0.85723388
     -0.54849277
     -0.04463294
      0.63891433
      1.22561567
      1.59669700
      1.82633687
      1.99250433
      2.16001593
      2.39396752
      2.77302529
     -2.91462061
     -2.23438851
     -1.74027263
     -1.43814997
     -1.24315581
     -1.08421111
     -0.89810105
     -0.61567913
     -0.15257873
      0.51323200
      1.13629842
      1.54239787
      1.79109069
      1.96328460
      2.12504638
      2.34014944
      2.68371655
     -3.04667237
     -2.35755766
     -1.81915816
     -1.48640257
     -1.27679833
     -1.11631320
     -0.94145800
     -0.68559644
     -0.26689321
      0.36736404
      1.02484918
      1.47437707
      1.74842500
      1.93072606
      2.08955923
      2.28806849
      2.59801602
      3.10392435
     -2.49548045
     -1.91120565
     -1.54210000
     -1.31368023
     -1.14833282
     -0.98150337
     -0.74830574
     -0.37026899
      0.22417838
      0.90466545
      1.39982978
      1.70269567
      1.89806991
      2.05709550
      2.24301119
      2.52495050
      2.98731870
     -2.63033802
     -2.00647858
     -1.59954239
     -1.35017286
     -1.17727133
     -1.01454213
     -0.79790499
     -0.45179617
      0.10438388
      0.79376840
      1.32929439
      1.66007290
      1.86924251
      2.03092033
      2.20902053
      2.47108075
      2.90001850
     -2.74009112
     -2.08901624
     -1.64940871
     -1.38087473
     -1.19975824
     -1.03780880
     -0.83095738
     -0.50539925
      0.02296239
      0.71221922
      1.27612534
      1.62840730
      1.84895687
      2.01434039
      2.18944650
      2.44133143
      2.85193915
     -2.80341470
     -2.13884043
     -1.67940874
     -1.39862604
     -1.21143195
     -1.04803178
     -0.84382459
     -0.52529084
     -0.00713314
      0.68126537
      1.25606489
      1.61709413
      1.84286454
      2.01124566
      2.18802129
      2.44086672
      2.85229314
     -2.80187402
     -2.13664732
     -1.67720808
     -1.39599446
     -1.20735674
     -1.04090146
     -0.83108390
     -0.50287137
      0.02898186
      0.72057508
      1.28340682
      1.63487103
      1.85672457
      2.02650210
      2.21060822
      2.47867389
      2.91572505
     -2.71645814
     -2.06792259
     -1.63387752
     -1.36705217
     -1.18243955
     -1.01018977
     -0.78314415
     -0.42235106
      0.15274211
      0.84406805
      1.36513107
      1.68644731
      1.89511188
      2.06644878
      2.26760171
      2.57240774
      3.06890350
     -2.52896153
     -1.92963539
     -1.54807298
     -1.30901173
     -1.13085226
     -0.94476769
     -0.68008084
     -0.25096051
      0.39522216
      1.05281939
      1.49709431
      1.77110064
      1.96192723
      2.14146464
      2.37913136
      2.75688733
     -2.93042944
     -2.24129325
     -1.73840885
     -1.42841847
     -1.22179594
     -1.04283765
     -0.82201478
     -0.48034862
      0.06976530
      0.76794433
      1.31924846
      1.66235411
      1.88501913
      2.06675538
      2.27795785
      2.59584570
      3.11107541
     -2.47716719
     -1.89022589
     -1.51979628
     -1.28298027
     -1.09696793
     -0.89014551
     -0.58597173
     -0.09285384
      0.59597507
      1.20539284
      1.59484272
      1.84214881
      2.03261908
      2.23915887
      2.53856509
      3.02313745
     -2.57377532
     -1.95468798
     -1.55673538
     -1.30407577
     -1.10985072
     -0.89999185
     -0.59657557
     -0.10616235
      0.58410989
      1.19986863
      1.59432789
      1.84639554
      2.04343946
      2.26050024
      2.57760437
      3.08956394
     -2.49378777
     -1.89603649
     -1.51738584
     -1.27159759
     -1.07192670
     -0.84237515
     -0.49947496
      0.05150059
      0.75998647
      1.32220294
      1.67392293
      1.90934875
      2.11353808
      2.36397030
      2.74951194
     -2.92580079
     -2.22369282
     -1.71632246
     -1.39963869
     -1.17551793
     -0.96110872
     -0.67587952
     -0.22354059
      0.45054047
      1.11114411
      1.54757424
      1.82638462
      2.04326420
      2.27963227
      2.62231645
     -3.11148042
     -2.39479252
     -1.82127657
     -1.46099363
     -1.21480168
     -0.99311048
     -0.71272055
     -0.27566463
      0.38937204
      1.07033067
      1.52767835
      1.82045821
      2.04929486
      2.29967948
      2.66350719
     -3.03946619
     -2.31536622
     -1.76387722
     -1.41711769
     -1.16917091
     -0.92858747
     -0.60575367
     -0.09332684
      0.62535874
      1.24892931
      1.64611081
      1.91649043
      2.15858750
      2.46284542
      2.93649848
     -2.64519443
     -1.97895013
     -1.54540044
     -1.25643883
     -1.00745708
     -0.70539935
     -0.24140422
      0.45640403
      1.13853791
      1.58597236
      1.88438598
      2.14244058
      2.45675502
      2.94116968
     -2.62428450
     -1.95017453
     -1.51216367
     -1.21254166
     -0.95277891
     -0.66952356
      0.00000000
