      0.00000000
      0.00010800
      0.00033455
      0.00052734
      0.00063003
      0.00065444
      0.00063807
      0.00063352
      0.00067826
      0.00075849
      0.00083320
      0.00087607
      0.00087957
      0.00084844
      0.00080865
      0.00080676
      0.00086471
      0.00095023
      0.00101953
      0.00105239
      0.00104495
      0.00100471
      0.00096402
      0.00097278
      0.00104268
      0.00113075
      0.00119492
      0.00122014
      0.00120465
      0.00115798
      0.00111779
      0.00113549
      0.00121352
      0.00130207
      0.00136170
      0.00138112
      0.00135962
      0.00130822
      0.00126877
      0.00129329
      0.00137677
      0.00146495
      0.00152095
      0.00153610
      0.00151016
      0.00145513
      0.00141606
      0.00144535
      0.00153242
      0.00162005
      0.00167334
      0.00168545
      0.00165630
      0.00159839
      0.00155905
      0.00159125
      0.00168063
      0.00176783
      0.00181926
      0.00182934
      0.00179799
      0.00173771
      0.00169735
      0.00173081
      0.00182160
      0.00190861
      0.00195892
      0.00196782
      0.00193510
      0.00187287
      0.00183073
      0.00186400
      0.00195549
      0.00204262
      0.00209247
      0.00210088
      0.00206751
      0.00200369
      0.00195908
      0.00199085
      0.00208247
      0.00217002
      0.00221997
      0.00222847
      0.00219507
      0.00213000
      0.00208236
      0.00211146
      0.00220267
      0.00229090
      0.00234145
      0.00235053
      0.00231764
      0.00225168
      0.00220057
      0.00222593
      0.00231620
      0.00240534
      0.00245691
      0.00246700
      0.00243510
      0.00236864
      0.00231374
      0.00233439
      0.00242316
      0.00251338
      0.00256636
      0.00257781
      0.00254731
      0.00248075
      0.00242192
      0.00243698
      0.00252365
      0.00261504
      0.00266976
      0.00268288
      0.00265416
      0.00258792
      0.00252514
      0.00253385
      0.00261776
      0.00271034
      0.00276711
      0.00278217
      0.00275553
      0.00269005
      0.00262346
      0.00262515
      0.00270558
      0.00279929
      0.00285837
      0.00287560
      0.00285132
      0.00278703
      0.00271690
      0.00271104
      0.00278721
      0.00288191
      0.00294352
      0.00296314
      0.00294143
      0.00287876
      0.00280547
      0.00279165
      0.00286275
      0.00295820
      0.00302253
      0.00304473
      0.00302578
      0.00296514
      0.00288917
      0.00286713
      0.00293232
      0.00302818
      0.00309538
      0.00312033
      0.00310429
      0.00304604
      0.00296796
      0.00293761
      0.00299605
      0.00309187
      0.00316204
      0.00318992
      0.00317690
      0.00312138
      0.00304179
      0.00300321
      0.00305406
      0.00314930
      0.00322249
      0.00325345
      0.00324355
      0.00319104
      0.00311061
      0.00306403
      0.00310651
      0.00320050
      0.00327671
      0.00331090
      0.00330419
      0.00325494
      0.00317432
      0.00312013
      0.00315352
      0.00324554
      0.00332468
      0.00336224
      0.00335879
      0.00331297
      0.00323282
      0.00317156
      0.00319527
      0.00328447
      0.00336640
      0.00340746
      0.00340731
      0.00336507
      0.00328602
      0.00321834
      0.00323190
      0.00331737
      0.00340185
      0.00344652
      0.00344973
      0.00341117
      0.00333378
      0.00326046
      0.00326354
      0.00334435
      0.00343103
      0.00347942
      0.00348603
      0.00345120
      0.00337600
      0.00329789
      0.00329034
      0.00336549
      0.00345397
      0.00350614
      0.00351620
      0.00348513
      0.00341256
      0.00333055
      0.00331240
      0.00338093
      0.00347068
      0.00352666
      0.00354023
      0.00351291
      0.00344336
      0.00335837
      0.00332982
      0.00339080
      0.00348118
      0.00354097
      0.00355810
      0.00353451
      0.00346828
      0.00338122
      0.00334268
      0.00339523
      0.00348554
      0.00354906
      0.00356982
      0.00354992
      0.00348724
      0.00339900
      0.00335101
      0.00339436
      0.00348380
      0.00355094
      0.00357538
      0.00355913
      0.00350015
      0.00341156
      0.00335482
      0.00338833
      0.00347603
      0.00354660
      0.00357478
      0.00356214
      0.00350696
      0.00341877
      0.00335410
      0.00337727
      0.00346232
      0.00353606
      0.00356802
      0.00355893
      0.00350761
      0.00342049
      0.00334880
      0.00336130
      0.00344276
      0.00351934
      0.00355510
      0.00354953
      0.00350206
      0.00341659
      0.00333884
      0.00334054
      0.00341746
      0.00349645
      0.00353604
      0.00353394
      0.00349028
      0.00340694
      0.00332411
      0.00331506
      0.00338653
      0.00346745
      0.00351083
      0.00351217
      0.00347225
      0.00339144
      0.00330451
      0.00328493
      0.00335009
      0.00343238
      0.00347948
      0.00348424
      0.00344796
      0.00336998
      0.00327989
      0.00325017
      0.00330826
      0.00339129
      0.00344202
      0.00345016
      0.00341742
      0.00334247
      0.00325012
      0.00321079
      0.00326115
      0.00334426
      0.00339847
      0.00340996
      0.00338064
      0.00330884
      0.00321504
      0.00316677
      0.00320888
      0.00329136
      0.00334885
      0.00336365
      0.00333761
      0.00326904
      0.00317452
      0.00311805
      0.00315153
      0.00323267
      0.00329320
      0.00331125
      0.00328837
      0.00322302
      0.00312840
      0.00306456
      0.00308920
      0.00316831
      0.00323156
      0.00325279
      0.00323294
      0.00317075
      0.00307656
      0.00300620
      0.00302194
      0.00309835
      0.00316399
      0.00318831
      0.00317133
      0.00311220
      0.00301886
      0.00294284
      0.00294979
      0.00302291
      0.00309055
      0.00311782
      0.00310357
      0.00304736
      0.00295519
      0.00287436
      0.00287279
      0.00294209
      0.00301131
      0.00304138
      0.00302970
      0.00297624
      0.00288546
      0.00280062
      0.00279092
      0.00285598
      0.00292634
      0.00295902
      0.00294974
      0.00289882
      0.00280957
      0.00272147
      0.00270417
      0.00276468
      0.00283574
      0.00287079
      0.00286372
      0.00281511
      0.00272743
      0.00263675
      0.00261250
      0.00266829
      0.00273960
      0.00277675
      0.00277166
      0.00272511
      0.00263898
      0.00254633
      0.00251583
      0.00256689
      0.00263803
      0.00267696
      0.00267361
      0.00262883
      0.00254414
      0.00245005
      0.00241412
      0.00246055
      0.00253114
      0.00257148
      0.00256959
      0.00252626
      0.00244285
      0.00234777
      0.00230727
      0.00234936
      0.00241904
      0.00246039
      0.00245963
      0.00241739
      0.00233503
      0.00223937
      0.00219521
      0.00223337
      0.00230185
      0.00234377
      0.00234375
      0.00230220
      0.00222061
      0.00212470
      0.00207789
      0.00211269
      0.00217971
      0.00222169
      0.00222196
      0.00218064
      0.00209948
      0.00200366
      0.00195525
      0.00198738
      0.00205274
      0.00209424
      0.00209426
      0.00205265
      0.00197155
      0.00187614
      0.00182728
      0.00185758
      0.00192110
      0.00196148
      0.00196063
      0.00191812
      0.00183667
      0.00174205
      0.00169403
      0.00172342
      0.00178491
      0.00182346
      0.00182100
      0.00177689
      0.00169466
      0.00160135
      0.00155564
      0.00158511
      0.00164432
      0.00168019
      0.00167523
      0.00162871
      0.00154531
      0.00145408
      0.00141236
      0.00144291
      0.00149945
      0.00153163
      0.00152310
      0.00147322
      0.00138838
      0.00130039
      0.00126465
      0.00129715
      0.00135037
      0.00137760
      0.00136418
      0.00130989
      0.00122365
      0.00114073
      0.00111323
      0.00114823
      0.00119705
      0.00121771
      0.00119776
      0.00113799
      0.00105103
      0.00097598
      0.00095916
      0.00099652
      0.00103918
      0.00105112
      0.00102265
      0.00095657
      0.00087089
      0.00080790
      0.00080386
      0.00084212
      0.00087575
      0.00087591
      0.00083631
      0.00076341
      0.00068189
      0.00063289
      0.00063396
      0.00065029
      0.00062806
      0.00052763
      0.00033583
      0.00010868
      0.00000000
