      0.00000000
      1.18571771
      1.53798130
      1.86898224
      2.20142101
      2.56711824
      2.99557908
     -2.79708644
     -2.29990024
     -1.85988271
     -1.48838152
     -1.15660499
     -0.82384095
     -0.44998460
     -0.00859116
      0.48525325
      0.96696482
      1.38407339
      1.73805428
      2.06179468
      2.39616314
      2.77930953
     -3.05204427
     -2.55795149
     -2.08909018
     -1.68788306
     -1.34506883
     -1.02565436
     -0.68888765
     -0.29842810
      0.16018473
      0.65269910
      1.11150261
      1.50164875
      1.83711043
      2.15403022
      2.49295933
      2.88870406
     -2.93167942
     -2.44124744
     -1.98990674
     -1.60739327
     -1.27686910
     -0.96154942
     -0.62108901
     -0.22187646
      0.24329915
      0.73176879
      1.17786925
      1.55526180
      1.88246326
      2.19659924
      2.53784178
      2.93896383
     -2.87796812
     -2.39108398
     -1.94836824
     -1.57418924
     -1.24916981
     -0.93604247
     -0.59476018
     -0.19304736
      0.27331847
      0.75906153
      1.19993201
      1.57239796
      1.89608977
      2.20827071
      2.54891306
      2.95010131
     -2.86736821
     -2.38235064
     -1.94204800
     -1.57007447
     -1.24702962
     -0.93577361
     -0.59636482
     -0.19664819
      0.26777448
      0.75240500
      1.19320029
      1.56570494
      1.88867909
      2.19903184
      2.53670739
      2.93414502
     -2.88648672
     -2.40200509
     -1.95983906
     -1.58592229
     -1.26250355
     -0.95300911
     -0.61747196
     -0.22300257
      0.23714173
      0.72160280
      1.16586026
      1.54196352
      1.86630846
      2.17502548
      2.50811069
      2.89902534
     -2.92694616
     -2.44248915
     -1.99555949
     -1.61657862
     -1.29084262
     -0.98277994
     -0.65237298
     -0.26550748
      0.18826634
      0.67262654
      1.12268096
      1.50516207
      1.83274737
      2.14032325
      2.46790791
      2.85031459
     -2.98303533
     -2.49896821
     -2.04545711
     -1.65891304
     -1.32902136
     -1.02172042
     -0.69702509
     -0.31940715
      0.12600594
      0.60948832
      1.06667207
      1.45778610
      1.79044241
      2.09772274
      2.41953352
      2.79210885
     -3.05054881
     -2.56802798
     -2.10706863
     -1.71093242
     -1.37505210
     -1.06749842
     -0.74850085
     -0.38114884
      0.05405840
      0.53516777
      0.99989474
      1.40144919
      1.74101232
      2.04916939
      2.36548645
      2.72750492
     -3.12619243
     -2.64700391
     -2.17862607
     -1.77131670
     -1.42761550
     -1.11849302
     -0.80466758
     -0.44802511
     -0.02461158
      0.45210217
      0.92390810
      1.33724533
      1.68553233
      1.99600986
      2.30758357
      2.65887241
      3.07590688
     -2.73362211
     -2.25871280
     -1.83914361
     -1.48583538
     -1.17359026
     -0.86398254
     -0.51796343
     -0.10755658
      0.36244718
      0.84003902
      1.26596995
      1.62471711
      1.93916041
      2.24712858
      2.58801970
      2.99161070
     -2.82581492
     -2.34604964
     -1.91370681
     -1.54912668
     -1.23204163
     -0.92535098
     -0.58939234
     -0.19274243
      0.26820073
      0.74955220
      1.18827268
      1.55904979
      1.87922799
      2.18503359
      2.51630474
      2.90595244
     -2.92164537
     -2.43936080
     -1.99438513
     -1.61708365
     -1.29335843
     -0.98802000
     -0.66114655
     -0.27849828
      0.17124038
      0.65375344
      1.10477117
      1.48888098
      1.81660417
      2.12191366
      2.44471928
      2.82043321
     -3.01929888
     -2.53729748
     -2.08054214
     -1.68939021
     -1.35722663
     -1.05149247
     -0.73238968
     -0.36348528
      0.07331087
      0.55404201
      1.01614067
      1.41451169
      1.75154390
      2.05816672
      2.37396184
      2.73623764
     -3.11710909
     -2.63840766
     -2.17144593
     -1.76574189
     -1.42343278
     -1.11545194
     -0.80254418
     -0.44666421
     -0.02400881
      0.45192007
      0.92318514
      1.33626748
      1.68423594
      1.99404455
      2.30450534
      2.65426924
      3.06959229
     -2.74114635
     -2.26620800
     -1.84577536
     -1.49179681
     -1.17969531
     -0.87122604
     -0.52725677
     -0.11933922
      0.34896383
      0.82688674
      1.25456502
      1.61486691
      1.92971676
      2.23665996
      2.57519215
      2.97570483
     -2.84392113
     -2.36374712
     -1.92900634
     -1.56211095
     -1.24407197
     -0.93818436
     -0.60470127
     -0.21152275
      0.24676478
      0.72842742
      1.16996915
      1.54367984
      1.86532904
      2.17063160
      2.49947824
      2.88545849
     -2.94515921
     -2.46278245
     -2.01477758
     -1.63408299
     -1.30842714
     -1.00324389
     -0.67860210
     -0.29962469
      0.14686021
      0.62918203
      1.08324038
      1.47103008
      1.80105946
      2.10657947
      2.42746134
      2.79968457
     -3.04337317
     -2.56185258
     -2.10221548
     -1.70728027
     -1.37254489
     -1.06624654
     -0.74867184
     -0.38290749
      0.05067670
      0.53068911
      0.99537417
      1.39744203
      1.73717680
      2.04467578
      2.35939849
      2.71903915
     -3.13720438
     -2.65935273
     -2.19019533
     -1.78107214
     -1.43608826
     -1.12699043
     -0.81466738
     -0.46078204
     -0.04049803
      0.43460791
      0.90763027
      1.32366709
      1.67410188
      1.98516787
      2.29553560
      2.64406057
      3.05775054
     -2.75358092
     -2.27731818
     -1.85457213
     -1.49853649
     -1.18516668
     -0.87632297
     -0.53274323
     -0.12551004
      0.34267249
      0.82154944
      1.25074091
      1.61247193
      1.92844278
      2.23617582
      2.57523966
      2.97622081
     -2.84277914
     -2.36189971
     -1.92658113
     -1.55911859
     -1.24029262
     -0.93327963
     -0.59829384
     -0.20329876
      0.25666096
      0.73896155
      1.18004096
      1.55321026
      1.87509761
      2.18175379
      2.51310282
      2.90243288
     -2.92514720
     -2.44196101
     -1.99552715
     -1.61673864
     -1.29163609
     -0.98500531
     -0.65685297
     -0.27281728
      0.17840485
      0.66200120
      1.11335204
      1.49760798
      1.82602252
      2.13292319
      2.45831384
      2.83747057
     -2.99880417
     -2.51520004
     -2.05939113
     -1.66988473
     -1.33812300
     -1.03069731
     -0.70764159
     -0.33290722
      0.10986288
      0.59315693
      1.05295343
      1.44742732
      1.78250527
      2.09066729
      2.41180447
      2.78261217
     -3.06167307
     -2.57891264
     -2.11560126
     -1.71650976
     -1.37821734
     -1.06915472
     -0.74953091
     -0.38211522
      0.05328541
      0.53539120
      1.00175063
      1.40504149
      1.74637111
      2.05644901
      2.37495423
      2.73955411
     -3.11125663
     -2.62981725
     -2.16086495
     -1.75386409
     -1.40975491
     -1.09859807
     -0.78082383
     -0.41841603
      0.01151400
      0.49238972
      0.96349360
      1.37363920
      1.72018484
      2.03243345
      2.34986363
      2.71076134
      3.13894594
     -2.66370636
     -2.19088132
     -1.77824028
     -1.42969191
     -1.11638680
     -0.79890304
     -0.43875781
     -0.01148731
      0.46904378
      0.94315974
      1.35755007
      1.70757186
      2.02185688
      2.33982117
      2.70007376
      3.12741568
     -2.67478160
     -2.19982675
     -1.78454935
     -1.43368294
     -1.11852246
     -0.79959178
     -0.43822950
     -0.00964520
      0.47236841
      0.94764991
      1.36280867
      1.71379044
      2.02971861
      2.35020721
      2.71388459
     -3.13807434
     -2.65437791
     -2.17940516
     -1.76555140
     -1.41527759
     -1.09864943
     -0.77583113
     -0.40833853
      0.02721575
      0.51329369
      0.98709976
      1.39823528
      1.74690600
      2.06428324
      2.39050428
      2.76374750
     -3.07751259
     -2.58841217
     -2.11700593
     -1.71027867
     -1.36412087
     -1.04569124
     -0.71449106
     -0.33290708
      0.11786323
      0.61036596
      1.07753746
      1.47785647
      1.82070870
      2.14100222
      2.47961290
      2.87313154
     -2.94750053
     -2.45188666
     -1.99169991
     -1.60005799
     -1.26088875
     -0.93691847
     -0.58696381
     -0.17635362
      0.30122594
      0.79818465
      1.24736521
      1.62807219
      1.96428517
      2.29576420
      2.66373843
      3.09901270
     -2.68845833
     -2.19352352
     -1.75831543
     -1.38727072
     -1.05178391
     -0.71965486
     -0.36746445
      0.00000000
