      0.00000000
     -0.34864918
     -0.70091276
     -1.03191369
     -1.36435243
     -1.73004966
     -2.15851052
     -2.64903037
      3.13696867
      2.69695111
      2.32544992
      1.99367341
      1.66090938
      1.28705303
      0.84565955
      0.35181506
     -0.12989657
     -0.54700516
     -0.90098605
     -1.22472644
     -1.55909489
     -1.94224129
     -2.39407285
     -2.88816570
      2.92615823
      2.52495109
      2.18213686
      1.86272240
      1.52595569
      1.13549612
      0.67688324
      0.18436878
     -0.27443478
     -0.66458094
     -1.00004263
     -1.31696242
     -1.65589153
     -2.05163629
     -2.51443817
     -3.00487022
      2.82697434
      2.44446085
      2.11393666
      1.79861697
      1.45815655
      1.05894396
      0.59376830
      0.10529859
     -0.34080192
     -0.71819450
     -1.04539597
     -1.35953198
     -1.70077454
     -2.10189662
     -2.56815004
     -3.05503424
      2.78543527
      2.41125625
      2.08623679
      1.77310943
      1.43182710
      1.03011424
      0.56374836
      0.07800523
     -0.36286530
     -0.73533129
     -1.05902313
     -1.37120410
     -1.71184649
     -2.11303478
     -2.57875063
     -3.06376826
      2.77911435
      2.40714078
      2.08409589
      1.77283985
      1.43343102
      1.03371434
      0.56929161
      0.08466102
     -0.35613433
     -0.72863903
     -1.05161322
     -1.36196601
     -1.69964160
     -2.09707928
     -2.55963292
     -3.04411461
      2.79690460
      2.42298778
      2.09956899
      1.79007450
      1.45453730
      1.06006787
      0.59992350
      0.11546235
     -0.32879518
     -0.70489849
     -1.02924348
     -1.33796055
     -1.67104581
     -2.06196052
     -2.51917439
     -3.00363148
      2.83262409
      2.45364317
      2.12790711
      1.81984438
      1.48943736
      1.10257180
      0.64879791
      0.16443763
     -0.28561687
     -0.66809804
     -0.99568339
     -1.30325934
     -1.63084405
     -2.01325080
     -2.46308626
     -2.94715346
      2.88252067
      2.49597653
      2.16608479
      1.85878379
      1.53408840
      1.15647039
      0.71105722
      0.22757475
     -0.22960908
     -0.62072317
     -0.95337955
     -1.26065995
     -1.58247079
     -1.95504619
     -2.39557392
     -2.87809484
      2.94413104
      2.54799475
      2.21211437
      1.90456062
      1.58556298
      1.21821089
      0.78300358
      0.30189412
     -0.16283294
     -0.56438747
     -0.90395067
     -1.21210781
     -1.52842494
     -1.89044348
     -2.31993153
     -2.79912014
      3.01568723
      2.60837778
      2.26467651
      1.95555395
      1.64172844
      1.28508590
      0.86167227
      0.38495843
     -0.08684759
     -0.50018491
     -0.84847199
     -1.15894959
     -1.47052338
     -1.82181230
     -2.23884685
     -2.71250327
      3.09577263
      2.67620336
      2.32289505
      2.01064985
      1.70104205
      1.35502286
      0.94461592
      0.47461206
     -0.00297988
     -0.42891090
     -0.78765815
     -1.10210153
     -1.41006978
     -1.75096098
     -2.15455207
     -2.62031185
     -3.10007724
      2.75076515
      2.38618494
      2.06909979
      1.76240907
      1.42645034
      1.02980034
      0.56885708
      0.08750551
     -0.35121507
     -0.72199227
     -1.04217056
     -1.34797624
     -1.67924747
     -2.06889526
     -2.52448287
     -3.00676754
      2.83144199
      2.45414043
      2.13041512
      1.82507661
      1.49820306
      1.11555471
      0.66581594
      0.18330277
     -0.26771506
     -0.65182496
     -0.97954823
     -1.28485782
     -1.60766353
     -1.98337755
     -2.42683086
     -2.90883237
      2.91759749
      2.52644546
      2.19428180
      1.88854754
      1.56944466
      1.20054018
      0.76374393
      0.28301268
     -0.17908609
     -0.57745721
     -0.91448950
     -1.22111241
     -1.53690763
     -1.89918352
     -2.32902220
     -2.80772374
      3.00849973
      2.60279560
      2.26048639
      1.95250546
      1.63959761
      1.28371754
      0.86106205
      0.38513306
     -0.08613212
     -0.49921456
     -0.84718311
     -1.15699181
     -1.46745270
     -1.81721669
     -2.23253984
     -2.70498662
      3.10326023
      2.68282749
      2.32884885
      2.01674725
      1.70827789
      1.36430854
      0.95639088
      0.48808773
      0.01016471
     -0.41751367
     -0.77781566
     -1.09266560
     -1.39960890
     -1.73814117
     -2.13865396
     -2.60221341
     -3.08238753
      2.76605689
      2.39916141
      2.08112233
      1.77523464
      1.44175146
      1.04857284
      0.59028520
      0.10862245
     -0.33291938
     -0.70663017
     -1.02827946
     -1.33358211
     -1.66242884
     -2.04840919
     -2.50097689
     -2.98335377
      2.85182657
      2.47113188
      2.14547594
      1.84029260
      1.51565072
      1.13667321
      0.69018821
      0.20786628
     -0.24619218
     -0.63398197
     -0.96401144
     -1.26953153
     -1.59041349
     -1.96263681
     -2.40276448
     -2.88428519
      2.93926292
      2.54432762
      2.20959214
      1.90329371
      1.58571892
      1.21995448
      0.78637019
      0.30635768
     -0.15832749
     -0.56039545
     -0.90013030
     -1.20762937
     -1.52235216
     -1.88199291
     -2.30893479
     -2.78678655
      3.02724126
      2.61811797
      2.27313401
      1.96403610
      1.65171296
      1.29782753
      0.87754343
      0.40243738
     -0.07058508
     -0.48662199
     -0.83705686
     -1.14812294
     -1.45849075
     -1.80701581
     -2.22070586
     -2.69255981
      3.11436265
      2.69161651
      2.33558079
      2.02221090
      1.71336711
      1.36978728
      0.96255400
      0.49437138
      0.01549433
     -0.41369723
     -0.77542833
     -1.09139927
     -1.39913239
     -1.73819630
     -2.13917754
     -2.60336299
     -3.08424252
      2.76362412
      2.39616150
      2.07733545
      1.77032238
      1.43533651
      1.04034136
      0.58038154
      0.09808085
     -0.34299864
     -0.71616802
     -1.03805545
     -1.34471170
     -1.67606080
     -2.06539095
     -2.52099625
     -3.00418255
      2.83256882
      2.45378023
      2.12867761
      1.82204676
      1.49389434
      1.10985858
      0.65863636
      0.17503992
     -0.27631100
     -0.66056702
     -0.98898163
     -1.29588236
     -1.62127308
     -2.00042988
     -2.44734053
     -2.93094475
      2.89643157
      2.50692509
      2.17516330
      1.86773754
      1.54468176
      1.16994732
      0.72717714
      0.24388301
     -0.21591357
     -0.61038753
     -0.94546554
     -1.25362763
     -1.57476487
     -1.94557263
     -2.38447278
     -2.86723328
      2.95264056
      2.55354899
      2.21525651
      1.90619384
      1.58656997
      1.21915422
      0.78375352
      0.30164765
     -0.16471186
     -0.56800278
     -0.90933246
     -1.21941041
     -1.53791569
     -1.90251563
     -2.33489025
     -2.81632972
      2.99790322
      2.59090229
      2.24679306
      1.93563617
      1.61786189
      1.25545404
      0.82552394
      0.34464814
     -0.12645580
     -0.53660146
     -0.88314715
     -1.19539581
     -1.51282602
     -1.87372379
     -2.30190845
     -2.78244152
      3.02791867
      2.61527758
      2.26672916
      1.95342401
      1.63594022
      1.27579494
      0.84852438
      0.36799323
     -0.10612280
     -0.52051318
     -0.87053501
     -1.18482006
     -1.50278440
     -1.86303702
     -2.29037899
     -2.77136708
      3.03686331
      2.62158585
      2.27071942
      1.95555891
      1.63662819
      1.27526588
      0.84668153
      0.36466785
     -0.11061371
     -0.52577251
     -0.87675432
     -1.19268251
     -1.51317113
     -1.87684854
     -2.30807496
     -2.79177146
      3.01644104
      2.60258723
      2.25231340
      1.93568522
      1.61286691
      1.24537428
      0.80981995
      0.32374195
     -0.15006419
     -0.56119974
     -0.90987048
     -1.22724773
     -1.55346878
     -1.92671202
     -2.36863729
     -2.85773777
      2.95404123
      2.54731393
      2.20115613
      1.88272650
      1.55152631
      1.16994232
      0.71917196
      0.22666915
     -0.24050242
     -0.64082145
     -0.98367368
     -1.30396719
     -1.64257787
     -2.03609653
     -2.49864982
     -2.99426378
      2.82873472
      2.43709278
      2.09792355
      1.77395328
      1.42399864
      1.01338842
      0.53580879
      0.03884999
     -0.41033062
     -0.79103760
     -1.12725056
     -1.45872958
     -1.82670380
     -2.26197810
     -2.75769246
      3.03055796
      2.59534985
      2.22430515
      1.88881836
      1.55668932
      1.20449893
      0.00000000
