      0.00000000
      0.00000000
      0.00000000
      0.00000000
      0.00000000
      0.00000000
      0.00000000
      0.00000000
      0.00000000
      0.00000000
      0.00000000
      0.00000000
      0.00000000
      0.00000000
      0.00000000
      0.00000000
      0.00000000
      0.00000000
      0.00000000
      0.00000000
      0.00000000
      0.00000000
      0.00000000
      0.00000000
      0.00000000
      0.00000000
      0.00000000
      0.00000000
      0.00000000
      0.00000000
      0.00000000
      0.00000000
      0.00000000
      0.00000000
      0.00000000
      0.00000000
      0.00000000
      0.00000000
      0.00000000
      0.00000000
      0.00000000
      0.00000000
      0.00000000
      0.00000000
      0.00000000
      0.00000000
      0.00000000
      0.00000000
      0.00000000
      0.00000000
      0.00000000
      0.00000000
      0.00000000
      0.00000000
      0.00000000
      0.00000000
      0.00000000
      0.00000000
      0.00000000
      0.00000000
      0.00000000
      0.00000000
      0.00000000
      0.00000000
      0.00000000
      0.00000000
      0.00000000
      0.00000000
      0.00000000
      0.00000000
      0.00000000
      0.00000000
      0.00000000
      0.00000000
      0.00000000
      0.00000000
      0.00000000
      0.00000000
      0.00000000
      0.00000000
      0.00000000
      0.00000000
      0.00000000
      0.00000000
      0.00000000
      0.00000000
      0.00000000
      0.00000000
      0.00000000
      0.00000000
      0.00000000
      0.00000000
      0.00000000
      0.00000000
      0.00000000
      0.00000000
      0.00000000
      0.00000000
      0.00000000
      0.00000000
      0.00000000
      0.00000000
      0.00000000
      0.00000000
      0.00000000
      0.00000000
      0.00000000
      0.00000000
      0.00000000
      0.00000000
      0.00000000
      0.00000000
      0.00000000
      0.00000000
      0.00000000
      0.00000000
      0.00000000
      0.00000000
      0.00000000
      0.00000000
      0.00000000
      0.00000001
      0.00000001
      0.00000001
      0.00000002
      0.00000002
      0.00000003
      0.00000004
      0.00000006
      0.00000009
      0.00000012
      0.00000016
      0.00000022
      0.00000030
      0.00000041
      0.00000056
      0.00000075
      0.00000101
      0.00000135
      0.00000179
      0.00000236
      0.00000310
      0.00000406
      0.00000529
      0.00000686
      0.00000885
      0.00001136
      0.00001451
      0.00001843
      0.00002331
      0.00002933
      0.00003671
      0.00004571
      0.00005662
      0.00006978
      0.00008553
      0.00010429
      0.00012649
      0.00015259
      0.00018309
      0.00021849
      0.00025932
      0.00030611
      0.00035938
      0.00041963
      0.00048732
      0.00056288
      0.00064667
      0.00073897
      0.00084001
      0.00094989
      0.00106864
      0.00119618
      0.00133233
      0.00147682
      0.00162926
      0.00178921
      0.00195612
      0.00212941
      0.00230842
      0.00249248
      0.00268089
      0.00287292
      0.00306789
      0.00326510
      0.00346388
      0.00366362
      0.00386372
      0.00406364
      0.00426290
      0.00446103
      0.00465766
      0.00485243
      0.00504504
      0.00523524
      0.00542281
      0.00560757
      0.00578936
      0.00596809
      0.00614364
      0.00631596
      0.00648499
      0.00665069
      0.00681306
      0.00697207
      0.00712773
      0.00728004
      0.00742901
      0.00757467
      0.00771702
      0.00785610
      0.00799191
      0.00812450
      0.00825386
      0.00838004
      0.00850304
      0.00862290
      0.00873963
      0.00885325
      0.00896378
      0.00907123
      0.00917562
      0.00927696
      0.00937528
      0.00947057
      0.00956285
      0.00965213
      0.00973843
      0.00982174
      0.00990208
      0.00997946
      0.01005387
      0.01012533
      0.01019384
      0.01025941
      0.01032204
      0.01038174
      0.01043851
      0.01049234
      0.01054326
      0.01059125
      0.01063632
      0.01067847
      0.01071771
      0.01075404
      0.01078745
      0.01081796
      0.01084555
      0.01087024
      0.01089202
      0.01091090
      0.01092687
      0.01093993
      0.01095010
      0.01095735
      0.01096171
      0.01096316
      0.01096171
      0.01095735
      0.01095010
      0.01093993
      0.01092687
      0.01091090
      0.01089202
      0.01087024
      0.01084555
      0.01081796
      0.01078745
      0.01075404
      0.01071771
      0.01067847
      0.01063632
      0.01059125
      0.01054326
      0.01049234
      0.01043851
      0.01038174
      0.01032204
      0.01025941
      0.01019384
      0.01012533
      0.01005387
      0.00997946
      0.00990208
      0.00982174
      0.00973843
      0.00965213
      0.00956285
      0.00947057
      0.00937528
      0.00927696
      0.00917562
      0.00907123
      0.00896378
      0.00885325
      0.00873963
      0.00862290
      0.00850304
      0.00838004
      0.00825386
      0.00812450
      0.00799191
      0.00785610
      0.00771702
      0.00757467
      0.00742901
      0.00728004
      0.00712773
      0.00697207
      0.00681306
      0.00665069
      0.00648499
      0.00631596
      0.00614364
      0.00596809
      0.00578936
      0.00560757
      0.00542281
      0.00523524
      0.00504504
      0.00485243
      0.00465766
      0.00446103
      0.00426290
      0.00406364
      0.00386372
      0.00366362
      0.00346388
      0.00326510
      0.00306789
      0.00287292
      0.00268089
      0.00249248
      0.00230842
      0.00212941
      0.00195612
      0.00178921
      0.00162926
      0.00147682
      0.00133233
      0.00119618
      0.00106864
      0.00094989
      0.00084001
      0.00073897
      0.00064667
      0.00056288
      0.00048732
      0.00041963
      0.00035938
      0.00030611
      0.00025932
      0.00021849
      0.00018309
      0.00015259
      0.00012649
      0.00010429
      0.00008553
      0.00006978
      0.00005662
      0.00004571
      0.00003671
      0.00002933
      0.00002331
      0.00001843
      0.00001451
      0.00001136
      0.00000885
      0.00000686
      0.00000529
      0.00000406
      0.00000310
      0.00000236
      0.00000179
      0.00000135
      0.00000101
      0.00000075
      0.00000056
      0.00000041
      0.00000030
      0.00000022
      0.00000016
      0.00000012
      0.00000009
      0.00000006
      0.00000004
      0.00000003
      0.00000002
      0.00000002
      0.00000001
      0.00000001
      0.00000001
      0.00000000
      0.00000000
      0.00000000
      0.00000000
      0.00000000
      0.00000000
      0.00000000
      0.00000000
      0.00000000
      0.00000000
      0.00000000
      0.00000000
      0.00000000
      0.00000000
      0.00000000
      0.00000000
      0.00000000
      0.00000000
      0.00000000
      0.00000000
      0.00000000
      0.00000000
      0.00000000
      0.00000000
      0.00000000
      0.00000000
      0.00000000
      0.00000000
      0.00000000
      0.00000000
      0.00000000
      0.00000000
      0.00000000
      0.00000000
      0.00000000
      0.00000000
      0.00000000
      0.00000000
      0.00000000
      0.00000000
      0.00000000
      0.00000000
      0.00000000
      0.00000000
      0.00000000
      0.00000000
      0.00000000
      0.00000000
      0.00000000
      0.00000000
      0.00000000
      0.00000000
      0.00000000
      0.00000000
      0.00000000
      0.00000000
      0.00000000
      0.00000000
      0.00000000
      0.00000000
      0.00000000
      0.00000000
      0.00000000
      0.00000000
      0.00000000
      0.00000000
      0.00000000
      0.00000000
      0.00000000
      0.00000000
      0.00000000
      0.00000000
      0.00000000
      0.00000000
      0.00000000
      0.00000000
      0.00000000
      0.00000000
      0.00000000
      0.00000000
      0.00000000
      0.00000000
      0.00000000
      0.00000000
      0.00000000
      0.00000000
      0.00000000
      0.00000000
      0.00000000
      0.00000000
      0.00000000
      0.00000000
      0.00000000
      0.00000000
      0.00000000
      0.00000000
      0.00000000
      0.00000000
      0.00000000
      0.00000000
      0.00000000
      0.00000000
      0.00000000
      0.00000000
      0.00000000
      0.00000000
      0.00000000
      0.00000000
      0.00000000
      0.00000000
      0.00000000
      0.00000000
      0.00000000
      0.00000000
      0.00000000
      0.00000000
      0.00000000
      0.00000000
      0.00000000
      0.00000000
      0.00000000
