      0.00000000
     -0.33180129
     -0.72229788
     -1.11282464
     -1.50343996
     -1.89415125
     -2.28490987
     -2.67563850
     -3.06627588
      2.82637231
      2.43588599
      2.04537034
      1.65476077
      1.26404634
      0.87327731
      0.48253695
      0.09189341
     -0.29864051
     -0.68911591
     -1.07961915
     -1.47022210
     -1.86093977
     -2.25172026
     -2.64247376
     -3.03312438
      2.85953032
      2.46906696
      2.07857764
      1.68798231
      1.29726129
      0.90646813
      0.51569987
      0.12504106
     -0.26548612
     -0.65593613
     -1.04640977
     -1.43699627
     -1.82772075
     -2.21852799
     -2.60931293
     -2.99998123
      2.89268044
      2.50224531
      2.11178945
      1.72121321
      1.33048514
      0.93966215
      0.54885825
      0.15817890
     -0.23234107
     -0.62275950
     -1.01319508
     -1.40375933
     -1.79449109
     -2.18533182
     -2.57615746
     -2.96684977
      2.92581937
      2.53541983
      2.14500758
      1.75445746
      1.36372188
      0.97286100
      0.58201024
      0.19130259
     -0.19920966
     -0.58958763
     -0.97997276
     -1.37050609
     -1.76124557
     -2.15212958
     -2.54300970
     -2.93373569
      2.95894138
      2.56858832
      2.17823508
      1.78772197
      1.39697850
      1.00606760
      0.61515274
      0.22440453
     -0.16609961
     -0.55642351
     -0.94673873
     -1.33722717
     -1.72797465
     -2.11891725
     -2.50987388
     -2.90064942
      2.99203588
      2.60174665
      2.21147753
      1.82101973
      1.43026830
      1.03928766
      0.64827988
      0.25747006
     -0.13302590
     -0.52327308
     -0.91348512
     -1.30390404
     -1.69465917
     -2.08568645
     -2.47675835
     -2.86761222
      3.02508085
      2.63488590
      2.24474641
      1.85437823
      1.46362005
      1.07253403
      0.68137933
      0.29046698
     -0.10002239
     -0.49015045
     -0.88019450
     -1.27049389
     -1.66125357
     -2.05241616
     -2.44368218
     -2.83467577
      3.05802084
      2.66798196
      2.27806960
      1.88786878
      1.49711159
      1.10584433
      0.71441972
      0.32330527
     -0.06718876
     -0.45710181
     -0.84681891
     -1.23686555
     -1.62760888
     -2.01902926
     -2.41070156
     -2.80201780
      3.09064869
      2.70092906
      2.31153906
      1.92177492
      1.53108722
      1.13941779
      0.74728675
      0.35554644
     -0.03508763
     -0.42446651
     -0.81314869
     -1.20216710
     -1.59252549
     -1.98464936
     -2.37805483
     -2.77144164
      3.11993836
      2.73073423
      2.34395656
      1.95813685
      1.57111374
      1.18112110
      0.78782836
      0.39268431
     -0.00179215
     -0.39344072
     -0.78170597
     -1.16793005
     -1.55458478
     -1.94391014
     -2.33665826
     -2.73161900
     -3.12628025
      2.76488161
      2.37628903
      1.98995240
      1.60342935
      1.21438091
      0.82189097
      0.42702898
      0.03226481
     -0.35998851
     -0.74879832
     -1.13521942
     -1.52165569
     -1.91050252
     -2.30279334
     -2.69757219
     -3.09241336
      2.79833206
      2.40933748
      2.02283761
      1.63646897
      1.24779458
      0.85568124
      0.46098211
      0.06607753
     -0.32652916
     -0.71569522
     -1.10227388
     -1.48858652
     -1.87710376
     -2.26904952
     -2.66366839
     -3.05862705
      2.83179616
      2.44246490
      2.05580531
      1.66954002
      1.28117022
      0.88938698
      0.49485055
      0.09984530
     -0.29306449
     -0.68255778
     -1.06930138
     -1.45552657
     -1.84375598
     -2.23537946
     -2.62983047
     -3.02487574
      2.86525799
      2.47560424
      2.08877308
      1.70258150
      1.31448682
      0.92302157
      0.52865938
      0.13358019
     -0.25960830
     -0.64942177
     -1.03634429
     -1.42250833
     -1.81047314
     -2.20178101
     -2.59605073
     -2.99115804
      2.89870621
      2.50873326
      2.12171546
      1.73557312
      1.34773378
      0.95658287
      0.56240940
      0.16727963
     -0.22616998
     -0.61630245
     -1.00341956
     -1.38954585
     -1.77726384
     -2.16825797
     -2.56233131
     -2.95747798
      2.93213298
      2.54184078
      2.15462030
      1.76850446
      1.38090387
      0.99006648
      0.59609720
      0.20093915
     -0.19275623
     -0.58320850
     -0.97053647
     -1.35664742
     -1.74413446
     -2.13481506
     -2.52867630
     -2.92384025
      2.96553226
      2.57491950
      2.18747982
      1.80136818
      1.41399087
      1.02346719
      0.62971800
      0.23455362
     -0.15937306
     -0.55014689
     -0.93770261
     -1.32382056
     -1.71109197
     -2.10145855
     -2.49509163
     -2.89025098
      2.99889718
      2.60796153
      2.22028524
      1.83415518
      1.44698585
      1.05677662
      0.66326380
      0.26811492
     -0.12602945
     -0.51712799
     -0.90492974
     -1.29107791
     -1.67814902
     -2.06820050
     -2.46158874
     -2.85672173
      3.03221493
      2.64095188
      2.25301922
      1.86684656
      1.47986981
      1.08997676
      0.69671770
      0.30160604
     -0.09274445
     -0.48417454
     -0.87224457
     -1.25844873
     -1.64533496
     -2.03506835
     -2.42819300
     -2.82327789
      3.06545661
      2.67385525
      2.28563961
      1.89939589
      1.51259643
      1.12302507
      0.73004123
      0.33498864
     -0.05956268
     -0.45134276
     -0.83971570
     -1.22600913
     -1.61272521
     -2.00212984
     -2.39496390
     -2.78997841
      3.09855125
      2.70657814
      2.31802879
      1.93167105
      1.54503584
      1.15580824
      0.76313903
      0.36816911
     -0.02660345
     -0.41880112
     -0.80756506
     -1.19401331
     -1.58056740
     -1.96959142
     -2.36206241
     -2.75697896
      3.13127622
      2.73876469
      2.34968100
      1.96307376
      1.57661431
      1.18789311
      0.79574152
      0.40089673
      0.00559407
     -0.38772646
     -0.77778251
     -1.16502509
     -1.55119891
     -1.93831743
     -2.32768533
     -2.71941071
     -3.11253415
      2.77756311
      2.38568942
      1.99544270
      1.60638580
      1.21755686
      0.82800012
      0.43723933
      0.04547607
     -0.34657458
     -0.73811099
     -1.12868517
     -1.51841074
     -1.90784981
     -2.29767347
     -2.68829275
     -3.07965301
      2.81189195
      2.42055682
      2.02990220
      1.63989964
      1.25016129
      0.86017732
      0.46960426
      0.07844645
     -0.31296387
     -0.70417036
     -1.09485658
     -1.48501599
     -1.87493768
     -2.26502881
     -2.65558160
     -3.04661486
      2.84531024
      2.45419355
      2.06349224
      1.67323046
      1.28318329
      0.89301497
      0.50247232
      0.11152413
     -0.27962945
     -0.67067953
     -1.06138869
     -1.45172288
     -1.84186188
     -2.23208875
     -2.62262612
     -3.01351237
      2.87859932
      2.48760084
      2.09688757
      1.70649943
      1.31629013
      0.92601714
      0.53548239
      0.14464322
     -0.24636809
     -0.63732527
     -1.02804050
     -1.41847032
     -1.80873525
     -2.19904563
     -2.58957935
     -2.98038161
      2.91184235
      2.52091908
      2.13020321
      1.73974031
      1.34943025
      0.95908883
      0.56855514
      0.17778250
     -0.21313786
     -0.60403271
     -0.99474836
     -1.38523807
     -1.77558551
     -2.16595315
     -2.55648749
     -2.94723589
      2.94506328
      2.55419266
      2.16347782
      1.77296600
      1.38258710
      0.99219694
      0.60166150
      0.21093322
     -0.17992389
     -0.57077356
     -0.96148720
     -1.35201750
     -1.74242325
     -2.13283300
     -2.52336984
     -2.91408120
      2.97827190
      2.58744057
      2.19672840
      1.80618249
      1.41575355
      1.02532657
      0.63478811
      0.24409114
     -0.14671945
     -0.53753458
     -0.92824509
     -1.31880434
     -1.70925348
     -2.09969575
     -2.49023598
     -2.88092062
      3.01147302
      2.62067232
      2.22996362
      1.83939289
      1.44892599
      1.05847006
      0.66792794
      0.27725395
     -0.11352103
     -0.50430877
     -0.89501559
     -1.28559625
     -1.67607885
     -2.06654709
     -2.45709115
     -2.84775590
      3.04466923
      2.65389318
      2.26318832
      1.87259902
      1.48210244
      1.09162306
      0.70107701
      0.31042031
     -0.08032667
     -0.47109210
     -0.86179497
     -1.25239181
     -1.64290087
     -2.03339039
     -2.42393846
     -2.81458812
      3.07786203
      2.68710628
      2.29640543
      1.90580199
      1.51528136
      0.00000000
