             NaN
      1.17116448
      1.56166111
      1.95218789
      2.34280324
      2.73351456
      3.12427321
     -2.76818344
     -2.37754602
     -1.98700887
     -1.59652252
     -1.20600684
     -0.81539724
     -0.42468278
     -0.03391371
      0.35682668
      0.74747025
      1.13800420
      1.52847964
      1.91898291
      2.30958590
      2.70030360
      3.09108413
     -2.80134765
     -2.41069698
     -2.02016634
     -1.62970295
     -1.23921358
     -0.84861822
     -0.45789717
     -0.06710396
      0.32366433
      0.71432318
      1.10485040
      1.49530045
      1.88577413
      2.27636067
      2.66708519
      3.05789248
     -2.83450785
     -2.44383951
     -2.05331583
     -1.66288066
     -1.27242475
     -0.88184846
     -0.49112035
     -0.10029732
      0.29050664
      0.68118603
      1.07170604
      1.46212452
      1.85256015
      2.24312445
      2.63385626
      3.02469704
     -2.86766258
     -2.47697022
     -2.08645399
     -1.69605440
     -1.30564210
     -0.91509192
     -0.52435629
     -0.13349536
      0.25735546
      0.64806317
      1.03857548
      1.42895351
      1.81933869
      2.20987208
      2.60061163
      2.99149570
     -2.90080942
     -2.51008337
     -2.11957507
     -1.72922195
     -1.33886864
     -0.94835546
     -0.55761192
     -0.16670095
      0.22421398
      0.61496226
      1.00546647
      1.39579044
      1.78610574
      2.17659425
      2.56734182
      2.95828449
     -2.93394410
     -2.54316848
     -2.15266839
     -1.76237908
     -1.37210988
     -0.98165199
     -0.59090047
     -0.19991974
      0.19108813
      0.58189804
      0.97239410
      1.36264137
      1.75285351
      2.14327253
      2.53402776
      2.92505514
     -2.96705816
     -2.57620418
     -2.18571184
     -1.79551678
     -1.40537717
     -1.01500888
     -0.62425057
     -0.23316444
      0.15799039
      0.54890286
      0.93939236
      1.32952056
      1.71956474
      2.10986428
      2.50062409
      2.89178683
     -3.00013231
     -2.60913857
     -2.21864972
     -1.82861067
     -1.43869815
     -1.04849716
     -0.65773980
     -0.26647236
      0.12495243
      0.51606708
      0.90656130
      1.29647455
      1.68619186
      2.07623872
      2.46698227
      2.85840289
     -3.03310988
     -2.64179340
     -2.25127431
     -1.86155441
     -1.47216413
     -1.08239968
     -0.69171167
     -0.30004190
      0.09208949
      0.48383017
      0.87446465
      1.26384395
      1.65252660
      2.04154553
      2.43190448
      2.82402899
     -3.06575010
     -2.67236244
     -2.28055611
     -1.89135077
     -1.50457166
     -1.11875021
     -0.73172505
     -0.34173002
      0.05156547
      0.44671264
      0.84119257
      1.23284497
      1.62111441
      2.00734304
      2.39400267
      2.78333331
     -3.10709824
     -2.71213150
     -2.31746391
     -1.92543379
     -1.53683421
     -1.15049025
     -0.76395954
     -0.37490312
      0.01759512
      0.41246573
      0.80723881
      1.19950134
      1.58832062
      1.97475145
      2.36119774
      2.75005484
     -3.14082911
     -2.74603948
     -2.35118730
     -1.95873619
     -1.56973018
     -1.18321869
     -0.79683824
     -0.40815185
     -0.01602633
      0.37868514
      0.77360221
      1.16622152
      1.55540032
      1.94199183
      2.32831741
      2.71684769
      3.10880657
     -2.77974667
     -2.38477475
     -1.99199936
     -1.60265479
     -1.21598187
     -0.82970326
     -0.44132013
     -0.04952358
      0.34502614
      0.74004464
      1.13296761
      1.52247401
      1.90923064
      2.29546876
      2.68371100
      3.07534720
     -2.81337450
     -2.41831677
     -2.02525288
     -1.63558699
     -1.24874388
     -0.86254053
     -0.47443427
     -0.08295764
      0.31141571
      0.70650585
      1.09970503
      1.48952895
      1.87646165
      2.26263561
      2.65061006
      3.04192728
     -2.84697924
     -2.45186316
     -2.05853365
     -1.66855257
     -1.28152696
     -0.89537716
     -0.50753070
     -0.11637300
      0.27780689
      0.67294274
      1.06639806
      1.45653586
      1.84365792
      2.22978879
      2.61751096
      3.00850890
     -2.88059966
     -2.48544997
     -2.09187301
     -1.70157860
     -1.31435631
     -0.92823906
     -0.54063748
     -0.14979949
      0.24416997
      0.63932780
      1.03302255
      1.42347377
      1.81080030
      2.19690941
      2.58439419
      2.97507213
     -2.91425499
     -2.51909449
     -2.12528553
     -1.73467700
     -1.34724194
     -0.96113530
     -0.57376336
     -0.18324543
      0.21049765
      0.60565555
      0.99957540
      1.39034205
      1.77789026
      2.16400037
      2.55126360
      2.94162168
     -2.94793936
     -2.55278913
     -2.15876139
     -1.76783544
     -1.38016911
     -0.99404929
     -0.60689045
     -0.21669196
      0.17680986
      0.57194752
      0.96608046
      1.35716736
      1.74495727
      2.13109343
      2.51815235
      2.90819147
     -2.98161811
     -2.58649779
     -2.19226193
     -1.80101177
     -1.41309211
     -1.02693253
     -0.63996895
     -0.25008914
      0.14315661
      0.53825492
      0.93259202
      1.32400872
      1.71206535
      2.09825612
      2.48512898
      2.87484902
     -3.01522495
     -2.62015332
     -2.22571572
     -1.83412747
     -1.44592484
     -1.05969403
     -0.67290737
     -0.28334868
      0.10962261
      0.50466280
      0.89920187
      1.29096988
      1.67933094
      2.06561269
      2.45231729
      2.84171065
     -3.04865166
     -2.65364799
     -2.25900294
     -1.86704016
     -1.47850088
     -1.09215293
     -0.70552724
     -0.31630889
      0.07635137
      0.47131263
      0.86607683
      1.25826647
      1.64702271
      2.03346358
      2.42001064
      2.80902796
     -3.08169273
     -2.68678221
     -2.29185775
     -1.89935154
     -1.51027279
     -1.12367013
     -0.73721489
     -0.34849752
      0.04365058
      0.43849224
      0.83379213
      1.22711024
      1.61716422
      2.00440506
      2.39057741
      2.77769471
     -3.11612371
     -2.72439919
     -2.33127648
     -1.93818909
     -1.54631597
     -1.15606977
     -0.76701334
     -0.37818483
      0.01137150
      0.40213192
      0.79389483
      1.18594514
      1.57748124
      1.96805511
      2.35778040
      2.74721919
      3.13704259
     -2.75552369
     -2.36416368
     -1.97252356
     -1.58118866
     -1.19053425
     -0.80053191
     -0.41079376
     -0.02080999
      0.36976289
      0.76092051
      1.15233065
      1.54353697
      1.93422301
      2.32438226
      2.71430379
      3.10439476
     -2.78823791
     -2.39720480
     -2.00594474
     -1.61482819
     -1.22412702
     -0.83386538
     -0.44381834
     -0.05365014
      0.33689238
      0.72784044
      1.11899390
      1.51004386
      1.90075290
      2.29108698
      2.68122586
      3.07145263
     -2.82119541
     -2.43030928
     -2.03923576
     -1.64823738
     -1.25752421
     -0.86713617
     -0.47692697
     -0.08665407
      0.30388059
      0.69471966
      1.08573088
      1.47668798
      1.86740312
      2.25783286
      2.64809770
      3.03840800
     -2.85424367
     -2.46344149
     -2.07248023
     -1.68155703
     -1.29084124
     -0.90037841
     -0.51006842
     -0.11972708
      0.27080654
      0.66157911
      1.05249939
      1.44339417
      1.83410976
      2.22459940
      2.61494677
      3.00531435
     -2.88733668
     -2.49658834
     -2.10570227
     -1.71483171
     -1.32411693
     -0.93360517
     -0.54322633
     -0.15283622
      0.23769915
      0.62842738
      1.01928444
      1.41013405
      1.80084764
      2.19137788
      2.58178358
      2.97219328
     -2.92045524
     -2.52974393
     -2.13891178
     -1.74808050
     -1.35736838
     -0.96682251
     -0.57639362
     -0.18596669
      0.20457172
      0.59526865
      0.98607919
      1.37689428
      1.76760474
      2.15816395
      2.54861304
      2.93905526
     -2.95358985
     -2.56290525
     -2.17211363
     -1.78131297
     -1.39060431
     -1.00003362
     -0.60956676
     -0.21911087
      0.17143120
      0.56210516
      0.95288010
      1.34366780
      1.73437458
      2.12495521
      2.51543777
      2.90590598
     -2.98673531
     -2.59607059
     -2.20531045
     -1.81453444
     -1.42382961
     -1.03324034
     -0.64274380
     -0.25226445
      0.13828156
      0.52893823
      0.91968517
      1.31045057
      1.70115341
      2.09175022
      2.48225925
      2.87274873
     -3.01988853
     -2.62923890
     -2.23850377
     -1.84774805
     -1.45704723
     -1.06644382
     -0.67592323
      0.00000000
