      0.00000000
      0.00093181
      0.00190979
      0.00225201
      0.00231894
      0.00231538
      0.00230407
      0.00229761
      0.00229576
      0.00229651
      0.00229846
      0.00230089
      0.00230349
      0.00230614
      0.00230880
      0.00231145
      0.00231409
      0.00231672
      0.00231933
      0.00232194
      0.00232453
      0.00232712
      0.00232969
      0.00233225
      0.00233480
      0.00233734
      0.00233987
      0.00234239
      0.00234490
      0.00234739
      0.00234988
      0.00235235
      0.00235481
      0.00235727
      0.00235971
      0.00236214
      0.00236456
      0.00236696
      0.00236936
      0.00237175
      0.00237412
      0.00237649
      0.00237884
      0.00238118
      0.00238351
      0.00238583
      0.00238814
      0.00239044
      0.00239273
      0.00239500
      0.00239727
      0.00239952
      0.00240177
      0.00240400
      0.00240622
      0.00240843
      0.00241063
      0.00241282
      0.00241500
      0.00241716
      0.00241932
      0.00242146
      0.00242360
      0.00242572
      0.00242783
      0.00242993
      0.00243202
      0.00243410
      0.00243617
      0.00243822
      0.00244027
      0.00244230
      0.00244433
      0.00244634
      0.00244834
      0.00245033
      0.00245231
      0.00245428
      0.00245624
      0.00245818
      0.00246012
      0.00246204
      0.00246396
      0.00246586
      0.00246775
      0.00246963
      0.00247150
      0.00247336
      0.00247521
      0.00247705
      0.00247887
      0.00248069
      0.00248249
      0.00248429
      0.00248607
      0.00248784
      0.00248960
      0.00249135
      0.00249309
      0.00249481
      0.00249653
      0.00249824
      0.00249993
      0.00250161
      0.00250329
      0.00250495
      0.00250660
      0.00250824
      0.00250987
      0.00251148
      0.00251309
      0.00251468
      0.00251627
      0.00251784
      0.00251941
      0.00252096
      0.00252250
      0.00252403
      0.00252555
      0.00252705
      0.00252855
      0.00253004
      0.00253151
      0.00253298
      0.00253443
      0.00253587
      0.00253730
      0.00253872
      0.00254013
      0.00254153
      0.00254292
      0.00254429
      0.00254566
      0.00254701
      0.00254835
      0.00254969
      0.00255101
      0.00255232
      0.00255362
      0.00255491
      0.00255618
      0.00255745
      0.00255870
      0.00255995
      0.00256118
      0.00256240
      0.00256362
      0.00256482
      0.00256601
      0.00256719
      0.00256835
      0.00256951
      0.00257066
      0.00257179
      0.00257291
      0.00257403
      0.00257513
      0.00257622
      0.00257730
      0.00257837
      0.00257943
      0.00258047
      0.00258151
      0.00258253
      0.00258355
      0.00258455
      0.00258554
      0.00258653
      0.00258750
      0.00258845
      0.00258940
      0.00259034
      0.00259127
      0.00259218
      0.00259309
      0.00259398
      0.00259486
      0.00259573
      0.00259660
      0.00259744
      0.00259828
      0.00259911
      0.00259993
      0.00260073
      0.00260153
      0.00260231
      0.00260309
      0.00260385
      0.00260460
      0.00260534
      0.00260607
      0.00260679
      0.00260749
      0.00260819
      0.00260887
      0.00260955
      0.00261021
      0.00261086
      0.00261150
      0.00261213
      0.00261275
      0.00261336
      0.00261396
      0.00261455
      0.00261512
      0.00261569
      0.00261624
      0.00261678
      0.00261731
      0.00261784
      0.00261835
      0.00261884
      0.00261933
      0.00261981
      0.00262027
      0.00262073
      0.00262117
      0.00262161
      0.00262203
      0.00262244
      0.00262284
      0.00262323
      0.00262361
      0.00262397
      0.00262433
      0.00262468
      0.00262501
      0.00262533
      0.00262565
      0.00262595
      0.00262624
      0.00262652
      0.00262679
      0.00262704
      0.00262729
      0.00262753
      0.00262775
      0.00262796
      0.00262817
      0.00262836
      0.00262854
      0.00262871
      0.00262887
      0.00262902
      0.00262915
      0.00262928
      0.00262940
      0.00262950
      0.00262959
      0.00262967
      0.00262975
      0.00262981
      0.00262986
      0.00262989
      0.00262992
      0.00262994
      0.00262994
      0.00262994
      0.00262992
      0.00262989
      0.00262986
      0.00262981
      0.00262975
      0.00262967
      0.00262959
      0.00262950
      0.00262940
      0.00262928
      0.00262915
      0.00262902
      0.00262887
      0.00262871
      0.00262854
      0.00262836
      0.00262817
      0.00262796
      0.00262775
      0.00262753
      0.00262729
      0.00262704
      0.00262679
      0.00262652
      0.00262624
      0.00262595
      0.00262565
      0.00262533
      0.00262501
      0.00262468
      0.00262433
      0.00262397
      0.00262361
      0.00262323
      0.00262284
      0.00262244
      0.00262203
      0.00262161
      0.00262117
      0.00262073
      0.00262027
      0.00261981
      0.00261933
      0.00261884
      0.00261835
      0.00261784
      0.00261731
      0.00261678
      0.00261624
      0.00261569
      0.00261512
      0.00261455
      0.00261396
      0.00261336
      0.00261275
      0.00261213
      0.00261150
      0.00261086
      0.00261021
      0.00260955
      0.00260887
      0.00260819
      0.00260749
      0.00260679
      0.00260607
      0.00260534
      0.00260460
      0.00260385
      0.00260309
      0.00260231
      0.00260153
      0.00260073
      0.00259993
      0.00259911
      0.00259828
      0.00259744
      0.00259660
      0.00259573
      0.00259486
      0.00259398
      0.00259309
      0.00259218
      0.00259127
      0.00259034
      0.00258940
      0.00258845
      0.00258750
      0.00258653
      0.00258554
      0.00258455
      0.00258355
      0.00258253
      0.00258151
      0.00258047
      0.00257943
      0.00257837
      0.00257730
      0.00257622
      0.00257513
      0.00257403
      0.00257291
      0.00257179
      0.00257066
      0.00256951
      0.00256835
      0.00256719
      0.00256601
      0.00256482
      0.00256362
      0.00256240
      0.00256118
      0.00255995
      0.00255870
      0.00255745
      0.00255618
      0.00255491
      0.00255362
      0.00255232
      0.00255101
      0.00254969
      0.00254835
      0.00254701
      0.00254566
      0.00254429
      0.00254292
      0.00254153
      0.00254013
      0.00253872
      0.00253730
      0.00253587
      0.00253443
      0.00253298
      0.00253151
      0.00253004
      0.00252855
      0.00252705
      0.00252555
      0.00252403
      0.00252250
      0.00252096
      0.00251941
      0.00251784
      0.00251627
      0.00251468
      0.00251309
      0.00251148
      0.00250987
      0.00250824
      0.00250660
      0.00250495
      0.00250329
      0.00250161
      0.00249993
      0.00249824
      0.00249653
      0.00249481
      0.00249309
      0.00249135
      0.00248960
      0.00248784
      0.00248607
      0.00248429
      0.00248249
      0.00248069
      0.00247887
      0.00247705
      0.00247521
      0.00247336
      0.00247150
      0.00246963
      0.00246775
      0.00246586
      0.00246396
      0.00246204
      0.00246012
      0.00245818
      0.00245624
      0.00245428
      0.00245231
      0.00245033
      0.00244834
      0.00244634
      0.00244433
      0.00244230
      0.00244027
      0.00243822
      0.00243617
      0.00243410
      0.00243202
      0.00242993
      0.00242783
      0.00242572
      0.00242360
      0.00242146
      0.00241932
      0.00241716
      0.00241500
      0.00241282
      0.00241063
      0.00240843
      0.00240622
      0.00240400
      0.00240177
      0.00239952
      0.00239727
      0.00239500
      0.00239273
      0.00239044
      0.00238814
      0.00238583
      0.00238351
      0.00238118
      0.00237884
      0.00237649
      0.00237412
      0.00237175
      0.00236936
      0.00236696
      0.00236456
      0.00236214
      0.00235971
      0.00235727
      0.00235481
      0.00235235
      0.00234988
      0.00234739
      0.00234490
      0.00234239
      0.00233987
      0.00233734
      0.00233480
      0.00233225
      0.00232969
      0.00232712
      0.00232453
      0.00232194
      0.00231933
      0.00231672
      0.00231409
      0.00231145
      0.00230880
      0.00230614
      0.00230349
      0.00230089
      0.00229846
      0.00229651
      0.00229576
      0.00229761
      0.00230407
      0.00231538
      0.00231894
      0.00225201
      0.00190979
      0.00093181
      0.00000000
