      0.00000000
      0.00093181
      0.00190980
      0.00225203
      0.00231897
      0.00231543
      0.00230413
      0.00229768
      0.00229585
      0.00229661
      0.00229858
      0.00230102
      0.00230364
      0.00230630
      0.00230897
      0.00231163
      0.00231428
      0.00231693
      0.00231956
      0.00232217
      0.00232478
      0.00232738
      0.00232997
      0.00233254
      0.00233510
      0.00233766
      0.00234020
      0.00234273
      0.00234525
      0.00234776
      0.00235026
      0.00235274
      0.00235522
      0.00235768
      0.00236014
      0.00236258
      0.00236501
      0.00236743
      0.00236984
      0.00237224
      0.00237463
      0.00237701
      0.00237937
      0.00238173
      0.00238407
      0.00238640
      0.00238873
      0.00239104
      0.00239334
      0.00239563
      0.00239790
      0.00240017
      0.00240242
      0.00240467
      0.00240690
      0.00240913
      0.00241134
      0.00241354
      0.00241573
      0.00241791
      0.00242007
      0.00242223
      0.00242438
      0.00242651
      0.00242863
      0.00243075
      0.00243285
      0.00243494
      0.00243702
      0.00243908
      0.00244114
      0.00244319
      0.00244522
      0.00244725
      0.00244926
      0.00245126
      0.00245325
      0.00245523
      0.00245720
      0.00245916
      0.00246111
      0.00246305
      0.00246497
      0.00246688
      0.00246879
      0.00247068
      0.00247256
      0.00247443
      0.00247629
      0.00247814
      0.00247997
      0.00248180
      0.00248361
      0.00248542
      0.00248721
      0.00248899
      0.00249076
      0.00249252
      0.00249427
      0.00249601
      0.00249774
      0.00249945
      0.00250116
      0.00250285
      0.00250453
      0.00250620
      0.00250786
      0.00250951
      0.00251115
      0.00251278
      0.00251440
      0.00251600
      0.00251760
      0.00251918
      0.00252075
      0.00252231
      0.00252386
      0.00252540
      0.00252693
      0.00252845
      0.00252995
      0.00253145
      0.00253293
      0.00253441
      0.00253587
      0.00253732
      0.00253876
      0.00254019
      0.00254161
      0.00254301
      0.00254441
      0.00254579
      0.00254717
      0.00254853
      0.00254988
      0.00255122
      0.00255255
      0.00255387
      0.00255518
      0.00255648
      0.00255776
      0.00255904
      0.00256030
      0.00256155
      0.00256279
      0.00256402
      0.00256524
      0.00256645
      0.00256765
      0.00256883
      0.00257001
      0.00257117
      0.00257233
      0.00257347
      0.00257460
      0.00257572
      0.00257683
      0.00257793
      0.00257901
      0.00258009
      0.00258116
      0.00258221
      0.00258325
      0.00258428
      0.00258531
      0.00258632
      0.00258731
      0.00258830
      0.00258928
      0.00259024
      0.00259120
      0.00259214
      0.00259307
      0.00259400
      0.00259491
      0.00259581
      0.00259669
      0.00259757
      0.00259844
      0.00259929
      0.00260014
      0.00260097
      0.00260179
      0.00260260
      0.00260340
      0.00260419
      0.00260497
      0.00260574
      0.00260649
      0.00260724
      0.00260797
      0.00260870
      0.00260941
      0.00261011
      0.00261080
      0.00261148
      0.00261215
      0.00261280
      0.00261345
      0.00261408
      0.00261471
      0.00261532
      0.00261592
      0.00261651
      0.00261709
      0.00261766
      0.00261822
      0.00261876
      0.00261930
      0.00261982
      0.00262033
      0.00262084
      0.00262133
      0.00262181
      0.00262228
      0.00262274
      0.00262318
      0.00262362
      0.00262404
      0.00262446
      0.00262486
      0.00262525
      0.00262563
      0.00262600
      0.00262636
      0.00262671
      0.00262705
      0.00262737
      0.00262769
      0.00262799
      0.00262828
      0.00262856
      0.00262883
      0.00262909
      0.00262934
      0.00262958
      0.00262980
      0.00263002
      0.00263022
      0.00263042
      0.00263060
      0.00263077
      0.00263093
      0.00263108
      0.00263122
      0.00263134
      0.00263146
      0.00263157
      0.00263166
      0.00263174
      0.00263181
      0.00263187
      0.00263192
      0.00263196
      0.00263199
      0.00263201
      0.00263201
      0.00263201
      0.00263199
      0.00263196
      0.00263192
      0.00263187
      0.00263181
      0.00263174
      0.00263166
      0.00263157
      0.00263146
      0.00263134
      0.00263122
      0.00263108
      0.00263093
      0.00263077
      0.00263060
      0.00263042
      0.00263022
      0.00263002
      0.00262980
      0.00262958
      0.00262934
      0.00262909
      0.00262883
      0.00262856
      0.00262828
      0.00262799
      0.00262769
      0.00262737
      0.00262705
      0.00262671
      0.00262636
      0.00262600
      0.00262563
      0.00262525
      0.00262486
      0.00262446
      0.00262404
      0.00262362
      0.00262318
      0.00262274
      0.00262228
      0.00262181
      0.00262133
      0.00262084
      0.00262033
      0.00261982
      0.00261930
      0.00261876
      0.00261822
      0.00261766
      0.00261709
      0.00261651
      0.00261592
      0.00261532
      0.00261471
      0.00261408
      0.00261345
      0.00261280
      0.00261215
      0.00261148
      0.00261080
      0.00261011
      0.00260941
      0.00260870
      0.00260797
      0.00260724
      0.00260649
      0.00260574
      0.00260497
      0.00260419
      0.00260340
      0.00260260
      0.00260179
      0.00260097
      0.00260014
      0.00259929
      0.00259844
      0.00259757
      0.00259669
      0.00259581
      0.00259491
      0.00259400
      0.00259307
      0.00259214
      0.00259120
      0.00259024
      0.00258928
      0.00258830
      0.00258731
      0.00258632
      0.00258531
      0.00258428
      0.00258325
      0.00258221
      0.00258116
      0.00258009
      0.00257901
      0.00257793
      0.00257683
      0.00257572
      0.00257460
      0.00257347
      0.00257233
      0.00257117
      0.00257001
      0.00256883
      0.00256765
      0.00256645
      0.00256524
      0.00256402
      0.00256279
      0.00256155
      0.00256030
      0.00255904
      0.00255776
      0.00255648
      0.00255518
      0.00255387
      0.00255255
      0.00255122
      0.00254988
      0.00254853
      0.00254717
      0.00254579
      0.00254441
      0.00254301
      0.00254161
      0.00254019
      0.00253876
      0.00253732
      0.00253587
      0.00253441
      0.00253293
      0.00253145
      0.00252995
      0.00252845
      0.00252693
      0.00252540
      0.00252386
      0.00252231
      0.00252075
      0.00251918
      0.00251760
      0.00251600
      0.00251440
      0.00251278
      0.00251115
      0.00250951
      0.00250786
      0.00250620
      0.00250453
      0.00250285
      0.00250116
      0.00249945
      0.00249774
      0.00249601
      0.00249427
      0.00249252
      0.00249076
      0.00248899
      0.00248721
      0.00248542
      0.00248361
      0.00248180
      0.00247997
      0.00247814
      0.00247629
      0.00247443
      0.00247256
      0.00247068
      0.00246879
      0.00246688
      0.00246497
      0.00246305
      0.00246111
      0.00245916
      0.00245720
      0.00245523
      0.00245325
      0.00245126
      0.00244926
      0.00244725
      0.00244522
      0.00244319
      0.00244114
      0.00243908
      0.00243702
      0.00243494
      0.00243285
      0.00243075
      0.00242863
      0.00242651
      0.00242438
      0.00242223
      0.00242007
      0.00241791
      0.00241573
      0.00241354
      0.00241134
      0.00240913
      0.00240690
      0.00240467
      0.00240242
      0.00240017
      0.00239790
      0.00239563
      0.00239334
      0.00239104
      0.00238873
      0.00238640
      0.00238407
      0.00238173
      0.00237937
      0.00237701
      0.00237463
      0.00237224
      0.00236984
      0.00236743
      0.00236501
      0.00236258
      0.00236014
      0.00235768
      0.00235522
      0.00235274
      0.00235026
      0.00234776
      0.00234525
      0.00234273
      0.00234020
      0.00233766
      0.00233510
      0.00233254
      0.00232997
      0.00232738
      0.00232478
      0.00232217
      0.00231956
      0.00231693
      0.00231428
      0.00231163
      0.00230897
      0.00230630
      0.00230364
      0.00230102
      0.00229858
      0.00229661
      0.00229585
      0.00229768
      0.00230413
      0.00231543
      0.00231897
      0.00225203
      0.00190980
      0.00093181
      0.00000000
