      0.00000000
     -2.77458470
     -2.97200345
     -3.08844828
      3.13382875
      3.10542773
      3.09350513
      3.08896812
      3.08740762
      3.08693554
      3.08682384
      3.08681830
      3.08683942
      3.08686592
      3.08689359
      3.08692237
      3.08695275
      3.08698511
      3.08701961
      3.08705634
      3.08709532
      3.08713655
      3.08718003
      3.08722576
      3.08727372
      3.08732392
      3.08737634
      3.08743099
      3.08748784
      3.08754691
      3.08760817
      3.08767163
      3.08773728
      3.08780510
      3.08787510
      3.08794727
      3.08802160
      3.08809809
      3.08817672
      3.08825749
      3.08834039
      3.08842542
      3.08851257
      3.08860184
      3.08869321
      3.08878667
      3.08888223
      3.08897988
      3.08907960
      3.08918139
      3.08928524
      3.08939115
      3.08949911
      3.08960911
      3.08972114
      3.08983520
      3.08995127
      3.09006936
      3.09018945
      3.09031154
      3.09043562
      3.09056167
      3.09068970
      3.09081970
      3.09095165
      3.09108555
      3.09122140
      3.09135918
      3.09149888
      3.09164051
      3.09178404
      3.09192948
      3.09207681
      3.09222603
      3.09237712
      3.09253009
      3.09268492
      3.09284160
      3.09300013
      3.09316050
      3.09332270
      3.09348671
      3.09365254
      3.09382018
      3.09398961
      3.09416082
      3.09433382
      3.09450859
      3.09468512
      3.09486340
      3.09504343
      3.09522519
      3.09540868
      3.09559389
      3.09578081
      3.09596943
      3.09615974
      3.09635174
      3.09654541
      3.09674075
      3.09693774
      3.09713639
      3.09733667
      3.09753858
      3.09774212
      3.09794726
      3.09815401
      3.09836235
      3.09857228
      3.09878378
      3.09899685
      3.09921148
      3.09942765
      3.09964537
      3.09986461
      3.10008537
      3.10030765
      3.10053142
      3.10075669
      3.10098344
      3.10121166
      3.10144134
      3.10167248
      3.10190507
      3.10213908
      3.10237453
      3.10261139
      3.10284965
      3.10308931
      3.10333036
      3.10357278
      3.10381657
      3.10406172
      3.10430822
      3.10455605
      3.10480521
      3.10505569
      3.10530748
      3.10556056
      3.10581493
      3.10607058
      3.10632750
      3.10658568
      3.10684510
      3.10710576
      3.10736765
      3.10763076
      3.10789508
      3.10816059
      3.10842729
      3.10869517
      3.10896421
      3.10923441
      3.10950576
      3.10977824
      3.11005185
      3.11032657
      3.11060240
      3.11087932
      3.11115733
      3.11143641
      3.11171655
      3.11199775
      3.11227999
      3.11256326
      3.11284755
      3.11313285
      3.11341916
      3.11370645
      3.11399472
      3.11428397
      3.11457416
      3.11486531
      3.11515739
      3.11545040
      3.11574433
      3.11603916
      3.11633488
      3.11663149
      3.11692897
      3.11722731
      3.11752650
      3.11782653
      3.11812739
      3.11842907
      3.11873156
      3.11903484
      3.11933891
      3.11964375
      3.11994936
      3.12025572
      3.12056283
      3.12087066
      3.12117922
      3.12148848
      3.12179844
      3.12210909
      3.12242042
      3.12273241
      3.12304506
      3.12335834
      3.12367227
      3.12398681
      3.12430196
      3.12461771
      3.12493405
      3.12525096
      3.12556844
      3.12588648
      3.12620506
      3.12652417
      3.12684380
      3.12716394
      3.12748458
      3.12780570
      3.12812731
      3.12844937
      3.12877190
      3.12909486
      3.12941825
      3.12974207
      3.13006629
      3.13039091
      3.13071592
      3.13104130
      3.13136705
      3.13169315
      3.13201958
      3.13234635
      3.13267344
      3.13300083
      3.13332852
      3.13365650
      3.13398474
      3.13431325
      3.13464201
      3.13497101
      3.13530023
      3.13562968
      3.13595932
      3.13628916
      3.13661919
      3.13694938
      3.13727973
      3.13761024
      3.13794087
      3.13827164
      3.13860251
      3.13893349
      3.13926456
      3.13959572
      3.13992694
      3.14025821
      3.14058953
      3.14092089
      3.14125227
      3.14158366
     -3.14127026
     -3.14093888
     -3.14060752
     -3.14027620
     -3.13994493
     -3.13961371
     -3.13928255
     -3.13895148
     -3.13862050
     -3.13828963
     -3.13795886
     -3.13762822
     -3.13729772
     -3.13696737
     -3.13663717
     -3.13630715
     -3.13597731
     -3.13564766
     -3.13531822
     -3.13498899
     -3.13466000
     -3.13433124
     -3.13400273
     -3.13367448
     -3.13334650
     -3.13301881
     -3.13269142
     -3.13236433
     -3.13203756
     -3.13171112
     -3.13138502
     -3.13105928
     -3.13073390
     -3.13040889
     -3.13008427
     -3.12976004
     -3.12943623
     -3.12911283
     -3.12878987
     -3.12846734
     -3.12814528
     -3.12782367
     -3.12750254
     -3.12718190
     -3.12686176
     -3.12654213
     -3.12622302
     -3.12590444
     -3.12558640
     -3.12526892
     -3.12495200
     -3.12463566
     -3.12431991
     -3.12400476
     -3.12369022
     -3.12337629
     -3.12306300
     -3.12275036
     -3.12243836
     -3.12212704
     -3.12181638
     -3.12150642
     -3.12119715
     -3.12088860
     -3.12058076
     -3.12027366
     -3.11996729
     -3.11966168
     -3.11935684
     -3.11905277
     -3.11874948
     -3.11844699
     -3.11814531
     -3.11784445
     -3.11754442
     -3.11724522
     -3.11694688
     -3.11664940
     -3.11635279
     -3.11605707
     -3.11576224
     -3.11546831
     -3.11517530
     -3.11488321
     -3.11459206
     -3.11430186
     -3.11401262
     -3.11372434
     -3.11343705
     -3.11315074
     -3.11286544
     -3.11258114
     -3.11229787
     -3.11201563
     -3.11173443
     -3.11145428
     -3.11117520
     -3.11089719
     -3.11062027
     -3.11034444
     -3.11006971
     -3.10979610
     -3.10952362
     -3.10925227
     -3.10898207
     -3.10871302
     -3.10844514
     -3.10817844
     -3.10791293
     -3.10764861
     -3.10738550
     -3.10712361
     -3.10686294
     -3.10660352
     -3.10634534
     -3.10608842
     -3.10583276
     -3.10557839
     -3.10532530
     -3.10507351
     -3.10482303
     -3.10457387
     -3.10432603
     -3.10407954
     -3.10383439
     -3.10359059
     -3.10334817
     -3.10310712
     -3.10286745
     -3.10262919
     -3.10239233
     -3.10215688
     -3.10192286
     -3.10169027
     -3.10145913
     -3.10122945
     -3.10100122
     -3.10077447
     -3.10054920
     -3.10032542
     -3.10010315
     -3.09988238
     -3.09966314
     -3.09944542
     -3.09922925
     -3.09901462
     -3.09880154
     -3.09859004
     -3.09838011
     -3.09817176
     -3.09796501
     -3.09775987
     -3.09755633
     -3.09735441
     -3.09715413
     -3.09695548
     -3.09675849
     -3.09656315
     -3.09636947
     -3.09617747
     -3.09598716
     -3.09579854
     -3.09561161
     -3.09542640
     -3.09524291
     -3.09506115
     -3.09488112
     -3.09470283
     -3.09452630
     -3.09435153
     -3.09417853
     -3.09400731
     -3.09383788
     -3.09367025
     -3.09350441
     -3.09334039
     -3.09317820
     -3.09301783
     -3.09285930
     -3.09270261
     -3.09254778
     -3.09239481
     -3.09224371
     -3.09209449
     -3.09194716
     -3.09180172
     -3.09165818
     -3.09151656
     -3.09137685
     -3.09123907
     -3.09110322
     -3.09096932
     -3.09083736
     -3.09070737
     -3.09057934
     -3.09045328
     -3.09032920
     -3.09020711
     -3.09008702
     -3.08996893
     -3.08985285
     -3.08973879
     -3.08962676
     -3.08951676
     -3.08940880
     -3.08930289
     -3.08919904
     -3.08909724
     -3.08899752
     -3.08889988
     -3.08880432
     -3.08871085
     -3.08861948
     -3.08853021
     -3.08844306
     -3.08835803
     -3.08827512
     -3.08819435
     -3.08811572
     -3.08803923
     -3.08796490
     -3.08789273
     -3.08782273
     -3.08775490
     -3.08768926
     -3.08762580
     -3.08756453
     -3.08750547
     -3.08744861
     -3.08739396
     -3.08734154
     -3.08729134
     -3.08724338
     -3.08719765
     -3.08715417
     -3.08711294
     -3.08707396
     -3.08703723
     -3.08700273
     -3.08697037
     -3.08693998
     -3.08691120
     -3.08688353
     -3.08685704
     -3.08683591
     -3.08684145
     -3.08695315
     -3.08742524
     -3.08898574
     -3.09352274
     -3.10544534
     -3.13384636
      3.08843067
      2.97198584
      2.77456709
      0.00000000
