      0.00000000
      0.00000000
      0.00000003
      0.00000013
      0.00000035
      0.00000069
      0.00000108
      0.00000185
      0.00000473
      0.00001360
      0.00003340
      0.00006668
      0.00011077
      0.00015887
      0.00020462
      0.00024564
      0.00028367
      0.00032206
      0.00036315
      0.00040726
      0.00045331
      0.00050005
      0.00054678
      0.00059351
      0.00064057
      0.00068829
      0.00073685
      0.00078626
      0.00083650
      0.00088754
      0.00093941
      0.00099218
      0.00104593
      0.00110076
      0.00115678
      0.00121409
      0.00127280
      0.00133302
      0.00139481
      0.00145818
      0.00152309
      0.00158939
      0.00165686
      0.00172519
      0.00179398
      0.00186280
      0.00193120
      0.00199872
      0.00206496
      0.00212958
      0.00219230
      0.00225295
      0.00231142
      0.00236767
      0.00242173
      0.00247370
      0.00252367
      0.00257179
      0.00261821
      0.00266307
      0.00270653
      0.00274870
      0.00278973
      0.00282970
      0.00286872
      0.00290686
      0.00294419
      0.00298074
      0.00301658
      0.00305173
      0.00308621
      0.00312004
      0.00315325
      0.00318584
      0.00321782
      0.00324920
      0.00327998
      0.00331016
      0.00333976
      0.00336876
      0.00339717
      0.00342500
      0.00345224
      0.00347889
      0.00350496
      0.00353044
      0.00355533
      0.00357964
      0.00360336
      0.00362649
      0.00364904
      0.00367100
      0.00369237
      0.00371316
      0.00373336
      0.00375298
      0.00377201
      0.00379045
      0.00380831
      0.00382558
      0.00384226
      0.00385836
      0.00387387
      0.00388879
      0.00390313
      0.00391688
      0.00393004
      0.00394262
      0.00395461
      0.00396602
      0.00397684
      0.00398707
      0.00399671
      0.00400577
      0.00401424
      0.00402213
      0.00402942
      0.00403614
      0.00404226
      0.00404780
      0.00405275
      0.00405712
      0.00406089
      0.00406409
      0.00406669
      0.00406871
      0.00407014
      0.00407098
      0.00407124
      0.00407091
      0.00407000
      0.00406849
      0.00406640
      0.00406373
      0.00406046
      0.00405661
      0.00405217
      0.00404715
      0.00404154
      0.00403534
      0.00402856
      0.00402118
      0.00401322
      0.00400468
      0.00399554
      0.00398582
      0.00397551
      0.00396462
      0.00395314
      0.00394107
      0.00392841
      0.00391517
      0.00390133
      0.00388691
      0.00387191
      0.00385631
      0.00384013
      0.00382336
      0.00380600
      0.00378806
      0.00376952
      0.00375040
      0.00373069
      0.00371040
      0.00368951
      0.00366803
      0.00364597
      0.00362332
      0.00360008
      0.00357625
      0.00355183
      0.00352682
      0.00350122
      0.00347503
      0.00344825
      0.00342088
      0.00339292
      0.00336437
      0.00333523
      0.00330550
      0.00327518
      0.00324428
      0.00321279
      0.00318072
      0.00314808
      0.00311487
      0.00308110
      0.00304678
      0.00301194
      0.00297660
      0.00294078
      0.00290453
      0.00286790
      0.00283096
      0.00279377
      0.00275643
      0.00271905
      0.00268176
      0.00264469
      0.00260802
      0.00257188
      0.00253645
      0.00250186
      0.00246824
      0.00243565
      0.00240410
      0.00237351
      0.00234373
      0.00231450
      0.00228547
      0.00225625
      0.00222639
      0.00219545
      0.00216300
      0.00212871
      0.00209228
      0.00205354
      0.00201238
      0.00196876
      0.00192273
      0.00187434
      0.00182370
      0.00177092
      0.00171609
      0.00165933
      0.00160073
      0.00154037
      0.00147831
      0.00141460
      0.00134932
      0.00128251
      0.00121425
      0.00114454
      0.00107330
      0.00100031
      0.00092539
      0.00084854
      0.00077019
      0.00069115
      0.00061200
      0.00053242
      0.00045099
      0.00036637
      0.00027950
      0.00019539
      0.00012226
      0.00006750
      0.00003317
      0.00001526
      0.00000719
      0.00000363
      0.00000183
      0.00000082
      0.00000030
      0.00000008
      0.00000001
      0.00000000
