      0.00000000
      0.00000001
      0.00000008
      0.00000030
      0.00000082
      0.00000183
      0.00000363
      0.00000719
      0.00001527
      0.00003318
      0.00006753
      0.00012230
      0.00019543
      0.00027954
      0.00036641
      0.00045103
      0.00053246
      0.00061205
      0.00069121
      0.00077027
      0.00084863
      0.00092550
      0.00100044
      0.00107345
      0.00114472
      0.00121447
      0.00128277
      0.00134963
      0.00141498
      0.00147877
      0.00154092
      0.00160140
      0.00166015
      0.00171709
      0.00177214
      0.00182521
      0.00187620
      0.00192501
      0.00197155
      0.00201577
      0.00205764
      0.00209718
      0.00213448
      0.00216971
      0.00220311
      0.00223499
      0.00226573
      0.00229574
      0.00232543
      0.00235517
      0.00238529
      0.00241605
      0.00244763
      0.00248011
      0.00251352
      0.00254781
      0.00258289
      0.00261864
      0.00265491
      0.00269157
      0.00272847
      0.00276548
      0.00280246
      0.00283933
      0.00287598
      0.00291234
      0.00294834
      0.00298393
      0.00301908
      0.00305374
      0.00308789
      0.00312151
      0.00315459
      0.00318712
      0.00321908
      0.00325047
      0.00328128
      0.00331152
      0.00334117
      0.00337024
      0.00339873
      0.00342663
      0.00345395
      0.00348068
      0.00350682
      0.00353238
      0.00355735
      0.00358174
      0.00360553
      0.00362874
      0.00365137
      0.00367340
      0.00369485
      0.00371571
      0.00373599
      0.00375568
      0.00377478
      0.00379329
      0.00381122
      0.00382856
      0.00384532
      0.00386148
      0.00387707
      0.00389206
      0.00390647
      0.00392029
      0.00393352
      0.00394617
      0.00395823
      0.00396970
      0.00398059
      0.00399089
      0.00400061
      0.00400973
      0.00401827
      0.00402623
      0.00403360
      0.00404038
      0.00404657
      0.00405218
      0.00405720
      0.00406163
      0.00406548
      0.00406874
      0.00407142
      0.00407351
      0.00407501
      0.00407592
      0.00407625
      0.00407600
      0.00407515
      0.00407372
      0.00407171
      0.00406910
      0.00406591
      0.00406214
      0.00405778
      0.00405283
      0.00404729
      0.00404117
      0.00403446
      0.00402717
      0.00401929
      0.00401082
      0.00400177
      0.00399213
      0.00398191
      0.00397110
      0.00395970
      0.00394772
      0.00393515
      0.00392200
      0.00390826
      0.00389393
      0.00387902
      0.00386352
      0.00384744
      0.00383077
      0.00381352
      0.00379568
      0.00377726
      0.00375825
      0.00373865
      0.00371847
      0.00369771
      0.00367636
      0.00365443
      0.00363191
      0.00360881
      0.00358512
      0.00356085
      0.00353600
      0.00351056
      0.00348454
      0.00345794
      0.00343075
      0.00340298
      0.00337463
      0.00334569
      0.00331617
      0.00328607
      0.00325538
      0.00322410
      0.00319222
      0.00315975
      0.00312668
      0.00309299
      0.00305867
      0.00302370
      0.00298807
      0.00295173
      0.00291465
      0.00287679
      0.00283807
      0.00279842
      0.00275775
      0.00271595
      0.00267290
      0.00262845
      0.00258246
      0.00253476
      0.00248518
      0.00243357
      0.00237980
      0.00232376
      0.00226540
      0.00220472
      0.00214182
      0.00207686
      0.00201011
      0.00194193
      0.00187273
      0.00180299
      0.00173320
      0.00166386
      0.00159538
      0.00152813
      0.00146236
      0.00139823
      0.00133580
      0.00127504
      0.00121589
      0.00115824
      0.00110195
      0.00104691
      0.00099299
      0.00094008
      0.00088810
      0.00083697
      0.00078665
      0.00073718
      0.00068857
      0.00064080
      0.00059370
      0.00054694
      0.00050017
      0.00045341
      0.00040733
      0.00036321
      0.00032212
      0.00028372
      0.00024567
      0.00020464
      0.00015888
      0.00011076
      0.00006667
      0.00003339
      0.00001360
      0.00000473
      0.00000185
      0.00000108
      0.00000069
      0.00000035
      0.00000013
      0.00000003
      0.00000000
      0.00000000
