      0.00000000
      0.00000000
      0.00000000
      0.00000000
      0.00000000
      0.00000000
      0.00000000
      0.00000000
      0.00000000
      0.00000000
      0.00000000
      0.00000000
      0.00000000
      0.00000000
      0.00000000
      0.00000000
      0.00000000
      0.00000000
      0.00000000
      0.00000000
      0.00000000
      0.00000000
      0.00000000
      0.00000000
      0.00000000
      0.00000000
      0.00000000
      0.00000000
      0.00000000
      0.00000000
      0.00000000
      0.00000000
      0.00000000
      0.00000000
      0.00000000
      0.00000000
      0.00000000
      0.00000000
      0.00000000
      0.00000000
      0.00000000
      0.00000000
      0.00000000
      0.00000000
      0.00000000
      0.00000000
      0.00000000
      0.00000000
      0.00000000
      0.00000000
      0.00000000
      0.00000000
      0.00000000
      0.00000000
      0.00000000
      0.00000000
      0.00000000
      0.00000000
      0.00000000
      0.00000000
      0.00000000
      0.00000001
      0.00000002
      0.00000003
      0.00000006
      0.00000012
      0.00000022
      0.00000042
      0.00000075
      0.00000135
      0.00000236
      0.00000406
      0.00000686
      0.00001135
      0.00001842
      0.00002929
      0.00004565
      0.00006969
      0.00010418
      0.00015245
      0.00021832
      0.00030593
      0.00041946
      0.00056276
      0.00073894
      0.00095000
      0.00119648
      0.00147734
      0.00178998
      0.00213045
      0.00249377
      0.00287444
      0.00326681
      0.00366550
      0.00406566
      0.00446316
      0.00485465
      0.00523754
      0.00560994
      0.00597053
      0.00631848
      0.00665329
      0.00697475
      0.00728281
      0.00757752
      0.00785904
      0.00812752
      0.00838315
      0.00862609
      0.00885652
      0.00907457
      0.00928037
      0.00947404
      0.00965567
      0.00982533
      0.00998310
      0.01012902
      0.01026315
      0.01038551
      0.01049615
      0.01059509
      0.01068234
      0.01075793
      0.01082187
      0.01087417
      0.01091484
      0.01094388
      0.01096131
      0.01096712
      0.01096131
      0.01094388
      0.01091484
      0.01087417
      0.01082187
      0.01075793
      0.01068234
      0.01059509
      0.01049615
      0.01038551
      0.01026315
      0.01012902
      0.00998310
      0.00982533
      0.00965567
      0.00947404
      0.00928037
      0.00907457
      0.00885652
      0.00862609
      0.00838315
      0.00812752
      0.00785904
      0.00757752
      0.00728281
      0.00697475
      0.00665329
      0.00631848
      0.00597053
      0.00560994
      0.00523754
      0.00485465
      0.00446316
      0.00406566
      0.00366550
      0.00326681
      0.00287444
      0.00249377
      0.00213045
      0.00178998
      0.00147734
      0.00119648
      0.00095000
      0.00073894
      0.00056276
      0.00041946
      0.00030593
      0.00021832
      0.00015245
      0.00010418
      0.00006969
      0.00004565
      0.00002929
      0.00001842
      0.00001135
      0.00000686
      0.00000406
      0.00000236
      0.00000135
      0.00000075
      0.00000042
      0.00000022
      0.00000012
      0.00000006
      0.00000003
      0.00000002
      0.00000001
      0.00000000
      0.00000000
      0.00000000
      0.00000000
      0.00000000
      0.00000000
      0.00000000
      0.00000000
      0.00000000
      0.00000000
      0.00000000
      0.00000000
      0.00000000
      0.00000000
      0.00000000
      0.00000000
      0.00000000
      0.00000000
      0.00000000
      0.00000000
      0.00000000
      0.00000000
      0.00000000
      0.00000000
      0.00000000
      0.00000000
      0.00000000
      0.00000000
      0.00000000
      0.00000000
      0.00000000
      0.00000000
      0.00000000
      0.00000000
      0.00000000
      0.00000000
      0.00000000
      0.00000000
      0.00000000
      0.00000000
      0.00000000
      0.00000000
      0.00000000
      0.00000000
      0.00000000
      0.00000000
      0.00000000
      0.00000000
      0.00000000
      0.00000000
      0.00000000
      0.00000000
      0.00000000
      0.00000000
      0.00000000
      0.00000000
      0.00000000
      0.00000000
      0.00000000
      0.00000000
      0.00000000
