             NaN
     -1.05377768
     -1.06891886
     -1.23363438
     -1.46077277
     -1.76014110
     -2.19329287
     -2.80454862
      2.86790327
      2.43617843
      2.13639392
      1.89705765
      1.67741539
      1.45513404
      1.21786739
      0.96045246
      0.68402615
      0.39446475
      0.09930974
     -0.19540349
     -0.48651059
     -0.77312705
     -1.05535184
     -1.33331707
     -1.60684948
     -1.87553437
     -2.13889383
     -2.39650682
     -2.64803596
     -2.89319853
     -3.13172667
      2.91984545
      2.69545377
      2.47862120
      2.26971881
      2.06915235
      1.87736122
      1.69481300
      1.52199165
      1.35937859
      1.20742693
      1.06653072
      0.93699209
      0.81898986
      0.71255379
      0.61754758
      0.53366314
      0.46042691
      0.39721735
      0.34329187
      0.29781978
      0.25991817
      0.22868723
      0.20324213
      0.18273956
      0.16639777
      0.15350982
      0.14345062
      0.13567857
      0.12973301
      0.12522874
      0.12184861
      0.11933530
      0.11748275
      0.11612807
      0.11514395
      0.11443205
      0.11391719
      0.11354248
      0.11326534
      0.11305418
      0.11288583
      0.11274345
      0.11261495
      0.11249174
      0.11236783
      0.11223907
      0.11210266
      0.11195677
      0.11180025
      0.11163240
      0.11145286
      0.11126148
      0.11105826
      0.11084329
      0.11061671
      0.11037871
      0.11012948
      0.10986922
      0.10959813
      0.10931641
      0.10902423
      0.10872177
      0.10840920
      0.10808666
      0.10775429
      0.10741222
      0.10706057
      0.10669945
      0.10632895
      0.10594915
      0.10556015
      0.10516201
      0.10475480
      0.10433856
      0.10391334
      0.10347920
      0.10303615
      0.10258422
      0.10212344
      0.10165382
      0.10117537
      0.10068808
      0.10019195
      0.09968698
      0.09917313
      0.09865040
      0.09811876
      0.09757816
      0.09702857
      0.09646994
      0.09590223
      0.09532537
      0.09473929
      0.09414394
      0.09353923
      0.09292508
      0.09230141
      0.09166810
      0.09102508
      0.09037221
      0.08970939
      0.08903650
      0.08835339
      0.08765993
      0.08695597
      0.08624135
      0.08551591
      0.08477946
      0.08403182
      0.08327279
      0.08250217
      0.08171972
      0.08092523
      0.08011844
      0.07929909
      0.07846690
      0.07762160
      0.07676286
      0.07589037
      0.07500378
      0.07410272
      0.07318682
      0.07225567
      0.07130883
      0.07034585
      0.06936623
      0.06836947
      0.06735501
      0.06632226
      0.06527060
      0.06419937
      0.06310785
      0.06199529
      0.06086087
      0.05970372
      0.05852290
      0.05731741
      0.05608618
      0.05482804
      0.05354176
      0.05222600
      0.05087932
      0.04950021
      0.04808704
      0.04663810
      0.04515160
      0.04362569
      0.04205855
      0.04044840
      0.03879365
      0.03709304
      0.03534587
      0.03355234
      0.03171399
      0.02983434
      0.02791973
      0.02598047
      0.02403237
      0.02209867
      0.02021264
      0.01842076
      0.01678679
      0.01539668
      0.01436456
      0.01383972
      0.01401469
      0.01513411
      0.01750428
      0.02150279
      0.02758748
      0.03630379
      0.04828920
      0.06427324
      0.08507166
      0.11157344
      0.14471979
      0.18547525
      0.23479208
      0.29357033
      0.36261709
      0.44260903
      0.53406241
      0.63731388
      0.75251430
      0.87963590
      1.01849147
      1.16876284
      1.33003464
      1.50182949
      1.68364057
      1.87495902
      2.07529438
      2.28418779
      2.50121883
      2.72600737
      2.95821180
     -3.08566104
     -2.83952295
     -2.58682931
     -2.32785494
     -2.06289411
     -1.79225988
     -1.51625465
     -1.23511717
     -0.94899146
     -0.65800711
     -0.36255757
     -0.06375486
      0.23618479
      0.53407196
      0.82673260
      1.11265774
      1.39361133
      1.67565911
      1.96977361
      2.29242186
      2.66500474
      3.10578026
     -2.67798030
     -2.17227048
     -1.70890058
     -1.28925480
     -0.88270105
     -0.44210681
      0.10985247
      0.00000000
