      0.00000000
      2.34492163
      3.12617163
     -2.37576368
     -1.59451368
     -0.81326368
     -0.03201368
      0.74923632
      1.53048632
      2.31173632
      3.09298632
     -2.40894899
     -1.62769899
     -0.84644899
     -0.06519899
      0.71605101
      1.49730101
      2.27855101
      3.05980101
     -2.44213429
     -1.66088429
     -0.87963429
     -0.09838429
      0.68286571
      1.46411571
      2.24536571
      3.02661571
     -2.47531960
     -1.69406960
     -0.91281960
     -0.13156960
      0.64968040
      1.43093040
      2.21218040
      2.99343040
     -2.50850491
     -1.72725491
     -0.94600491
     -0.16475491
      0.61649509
      1.39774509
      2.17899509
      2.96024509
     -2.54169022
     -1.76044022
     -0.97919022
     -0.19794022
      0.58330978
      1.36455978
      2.14580978
      2.92705978
     -2.57487552
     -1.79362552
     -1.01237552
     -0.23112552
      0.55012448
      1.33137448
      2.11262448
      2.89387448
     -2.60806083
     -1.82681083
     -1.04556083
     -0.26431083
      0.51693917
      1.29818917
      2.07943917
      2.86068917
     -2.64124614
     -1.85999614
     -1.07874614
     -0.29749614
      0.48375386
      1.26500386
      2.04625386
      2.82750386
     -2.67443145
     -1.89318145
     -1.11193145
     -0.33068145
      0.45056855
      1.23181855
      2.01306855
      2.79431855
     -2.70761675
     -1.92636675
     -1.14511675
     -0.36386675
      0.41738325
      1.19863325
      1.97988325
      2.76113325
     -2.74080206
     -1.95955206
     -1.17830206
     -0.39705206
      0.38419794
      1.16544794
      1.94669794
      2.72794794
     -2.77398737
     -1.99273737
     -1.21148737
     -0.43023737
      0.35101263
      1.13226263
      1.91351263
      2.69476263
     -2.80717267
     -2.02592267
     -1.24467267
     -0.46342267
      0.31782733
      1.09907733
      1.88032733
      2.66157733
     -2.84035798
     -2.05910798
     -1.27785798
     -0.49660798
      0.28464202
      1.06589202
      1.84714202
      2.62839202
     -2.87354329
     -2.09229329
     -1.31104329
     -0.52979329
      0.25145671
      1.03270671
      1.81395671
      2.59520671
     -2.90672860
     -2.12547860
     -1.34422860
     -0.56297860
      0.21827140
      0.99952140
      1.78077140
      2.56202140
     -2.93991390
     -2.15866390
     -1.37741390
     -0.59616390
      0.18508610
      0.96633610
      1.74758610
      2.52883610
     -2.97309921
     -2.19184921
     -1.41059921
     -0.62934921
      0.15190079
      0.93315079
      1.71440079
      2.49565079
     -3.00628452
     -2.22503452
     -1.44378452
     -0.66253452
      0.11871548
      0.89996548
      1.68121548
      2.46246548
     -3.03946982
     -2.25821982
     -1.47696982
     -0.69571982
      0.08553018
      0.86678018
      1.64803018
      2.42928018
     -3.07265513
     -2.29140513
     -1.51015513
     -0.72890513
      0.05234487
      0.83359487
      1.61484487
      2.39609487
     -3.10584044
     -2.32459044
     -1.54334044
     -0.76209044
      0.01915956
      0.80040956
      1.58165956
      2.36290956
     -3.13902575
     -2.35777575
     -1.57652575
     -0.79527575
     -0.01402575
      0.76722425
      1.54847425
      2.32972425
      3.11097425
     -2.39096105
     -1.60971105
     -0.82846105
     -0.04721105
      0.73403895
      1.51528895
      2.29653895
      3.07778895
     -2.42414636
     -1.64289636
     -0.86164636
     -0.08039636
      0.70085364
      1.48210364
      2.26335364
      3.04460364
     -2.45733167
     -1.67608167
     -0.89483167
     -0.11358167
      0.66766833
      1.44891833
      2.23016833
      3.01141833
     -2.49051697
     -1.70926697
     -0.92801697
     -0.14676697
      0.63448303
      1.41573303
      2.19698303
      2.97823303
     -2.52370228
     -1.74245228
     -0.96120228
     -0.17995228
      0.60129772
      1.38254772
      2.16379772
      2.94504772
     -2.55688759
     -1.77563759
     -0.99438759
     -0.21313759
      0.56811241
      1.34936241
      2.13061241
      2.91186241
     -2.59007290
     -1.80882290
     -1.02757290
     -0.24632290
      0.53492710
      1.31617710
      2.09742710
      2.87867710
     -2.62325820
     -1.84200820
     -1.06075820
     -0.27950820
      0.00000000
