      0.00000000
     -0.41567597
     -1.19692597
     -1.97817597
     -2.75942597
      2.74250934
      1.96125934
      1.18000934
      0.39875934
     -0.38249066
     -1.16374066
     -1.94499066
     -2.72624066
      2.77569465
      1.99444465
      1.21319465
      0.43194465
     -0.34930535
     -1.13055535
     -1.91180535
     -2.69305535
      2.80887995
      2.02762995
      1.24637995
      0.46512995
     -0.31612005
     -1.09737005
     -1.87862005
     -2.65987005
      2.84206526
      2.06081526
      1.27956526
      0.49831526
     -0.28293474
     -1.06418474
     -1.84543474
     -2.62668474
      2.87525057
      2.09400057
      1.31275057
      0.53150057
     -0.24974943
     -1.03099943
     -1.81224943
     -2.59349943
      2.90843588
      2.12718588
      1.34593588
      0.56468588
     -0.21656412
     -0.99781412
     -1.77906412
     -2.56031412
      2.94162118
      2.16037118
      1.37912118
      0.59787118
     -0.18337882
     -0.96462882
     -1.74587882
     -2.52712882
      2.97480649
      2.19355649
      1.41230649
      0.63105649
     -0.15019351
     -0.93144351
     -1.71269351
     -2.49394351
      3.00799180
      2.22674180
      1.44549180
      0.66424180
     -0.11700820
     -0.89825820
     -1.67950820
     -2.46075820
      3.04117710
      2.25992710
      1.47867710
      0.69742710
     -0.08382290
     -0.86507290
     -1.64632290
     -2.42757290
      3.07436241
      2.29311241
      1.51186241
      0.73061241
     -0.05063759
     -0.83188759
     -1.61313759
     -2.39438759
      3.10754772
      2.32629772
      1.54504772
      0.76379772
     -0.01745228
     -0.79870228
     -1.57995228
     -2.36120228
      3.14073303
      2.35948303
      1.57823303
      0.79698303
      0.01573303
     -0.76551697
     -1.54676697
     -2.32801697
     -3.10926697
      2.39266833
      1.61141833
      0.83016833
      0.04891833
     -0.73233167
     -1.51358167
     -2.29483167
     -3.07608167
      2.42585364
      1.64460364
      0.86335364
      0.08210364
     -0.69914636
     -1.48039636
     -2.26164636
     -3.04289636
      2.45903895
      1.67778895
      0.89653895
      0.11528895
     -0.66596105
     -1.44721105
     -2.22846105
     -3.00971105
      2.49222425
      1.71097425
      0.92972425
      0.14847425
     -0.63277575
     -1.41402575
     -2.19527575
     -2.97652575
      2.52540956
      1.74415956
      0.96290956
      0.18165956
     -0.59959044
     -1.38084044
     -2.16209044
     -2.94334044
      2.55859487
      1.77734487
      0.99609487
      0.21484487
     -0.56640513
     -1.34765513
     -2.12890513
     -2.91015513
      2.59178018
      1.81053018
      1.02928018
      0.24803018
     -0.53321982
     -1.31446982
     -2.09571982
     -2.87696982
      2.62496548
      1.84371548
      1.06246548
      0.28121548
     -0.50003452
     -1.28128452
     -2.06253452
     -2.84378452
      2.65815079
      1.87690079
      1.09565079
      0.31440079
     -0.46684921
     -1.24809921
     -2.02934921
     -2.81059921
      2.69133610
      1.91008610
      1.12883610
      0.34758610
     -0.43366390
     -1.21491390
     -1.99616390
     -2.77741390
      2.72452140
      1.94327140
      1.16202140
      0.38077140
     -0.40047860
     -1.18172860
     -1.96297860
     -2.74422860
      2.75770671
      1.97645671
      1.19520671
      0.41395671
     -0.36729329
     -1.14854329
     -1.92979329
     -2.71104329
      2.79089202
      2.00964202
      1.22839202
      0.44714202
     -0.33410798
     -1.11535798
     -1.89660798
     -2.67785798
      2.82407733
      2.04282733
      1.26157733
      0.48032733
     -0.30092267
     -1.08217267
     -1.86342267
     -2.64467267
      2.85726263
      2.07601263
      1.29476263
      0.51351263
     -0.26773737
     -1.04898737
     -1.83023737
     -2.61148737
      2.89044794
      2.10919794
      1.32794794
      0.54669794
     -0.23455206
     -1.01580206
     -1.79705206
     -2.57830206
      2.92363325
      2.14238325
      1.36113325
      0.57988325
     -0.20136675
     -0.98261675
     -1.76386675
     -2.54511675
      2.95681856
      2.17556856
      1.39431856
      0.61306856
     -0.16818144
     -0.94943144
     -1.73068144
     -2.51193144
      2.99000386
      2.20875386
      0.00000000
