      0.00000000
     -2.80633789
      2.92491936
      2.48432626
      2.07773912
      1.65803579
      1.19461186
      0.68889454
      0.18951416
     -0.25121713
     -0.62379004
     -0.94646210
     -1.24062557
     -1.52274113
     -1.80377741
     -2.08979738
     -2.38256284
     -2.68056375
     -2.98062652
      3.00362151
      2.70802284
      2.41687143
      2.13055765
      1.84920828
      1.57296470
      1.30206275
      1.03680137
      0.77748922
      0.52441503
      0.27784657
      0.03804490
     -0.19471914
     -0.42015259
     -0.63793282
     -0.84770357
     -1.04907359
     -1.24161845
     -1.42488664
     -1.59841108
     -1.76172699
     -1.91439574
     -2.05603356
     -2.18634261
     -2.30514141
     -2.41239097
     -2.50821321
     -2.59289920
     -2.66690569
     -2.73083997
     -2.78543486
     -2.83151625
     -2.86996699
     -2.90169060
     -2.92757797
     -2.94847959
     -2.96518445
     -2.97840603
     -2.98877500
     -2.99683742
     -3.00305739
     -3.00782270
     -3.01145240
     -3.01420525
     -3.01628835
     -3.01786541
     -3.01906437
     -3.01998411
     -3.02070025
     -3.02127006
     -3.02173648
     -3.02213140
     -3.02247830
     -3.02279428
     -3.02309168
     -3.02337932
     -3.02366344
     -3.02394837
     -3.02423711
     -3.02453167
     -3.02483340
     -3.02514313
     -3.02546140
     -3.02578850
     -3.02612457
     -3.02646965
     -3.02682373
     -3.02718673
     -3.02755858
     -3.02793919
     -3.02832845
     -3.02872629
     -3.02913259
     -3.02954729
     -3.02997031
     -3.03040157
     -3.03084102
     -3.03128861
     -3.03174428
     -3.03220801
     -3.03267976
     -3.03315950
     -3.03364723
     -3.03414293
     -3.03464660
     -3.03515823
     -3.03567784
     -3.03620544
     -3.03674104
     -3.03728467
     -3.03783636
     -3.03839614
     -3.03896406
     -3.03954014
     -3.04012445
     -3.04071703
     -3.04131795
     -3.04192727
     -3.04254505
     -3.04317138
     -3.04380632
     -3.04444998
     -3.04510242
     -3.04576376
     -3.04643409
     -3.04711352
     -3.04780216
     -3.04850012
     -3.04920755
     -3.04992456
     -3.05065130
     -3.05138791
     -3.05213455
     -3.05289138
     -3.05365856
     -3.05443628
     -3.05522471
     -3.05602406
     -3.05683453
     -3.05765634
     -3.05848971
     -3.05933487
     -3.06019209
     -3.06106161
     -3.06194371
     -3.06283868
     -3.06374683
     -3.06466847
     -3.06560394
     -3.06655359
     -3.06751779
     -3.06849693
     -3.06949144
     -3.07050173
     -3.07152828
     -3.07257157
     -3.07363212
     -3.07471046
     -3.07580718
     -3.07692289
     -3.07805824
     -3.07921393
     -3.08039068
     -3.08158928
     -3.08281057
     -3.08405544
     -3.08532484
     -3.08661979
     -3.08794139
     -3.08929081
     -3.09066929
     -3.09207820
     -3.09351897
     -3.09499315
     -3.09650237
     -3.09804840
     -3.09963307
     -3.10125831
     -3.10292611
     -3.10463846
     -3.10639730
     -3.10820439
     -3.11006118
     -3.11196855
     -3.11392652
     -3.11593376
     -3.11798699
     -3.12008009
     -3.12220303
     -3.12434028
     -3.12646888
     -3.12855589
     -3.13055517
     -3.13240336
     -3.13401494
     -3.13527633
     -3.13603890
     -3.13611104
     -3.13524932
     -3.13314914
     -3.12943530
     -3.12365321
     -3.11526184
     -3.10362940
     -3.08803337
     -3.06766599
     -3.04164665
     -3.00904177
     -2.96889219
     -2.92024718
     -2.86220295
     -2.79394280
     -2.71477496
     -2.62416433
     -2.52175449
     -2.40737717
     -2.28104812
     -2.14294999
     -1.99340445
     -1.83283750
     -1.66174227
     -1.48064389
     -1.29006993
     -1.09052843
     -0.88249434
     -0.66640316
     -0.44265003
     -0.21159148
      0.02645129
      0.27118642
      0.52233727
      0.77961419
      1.04267432
      1.31109233
      1.58438699
      1.86214105
      2.14417894
      2.43063021
      2.72159042
      3.01617077
     -2.97198298
     -2.68253890
     -2.40622446
     -2.14891428
     -1.91174262
     -1.68954386
     -1.46996811
     -1.23067325
     -0.93087895
     -0.49903451
      0.11189602
      0.72312396
      1.15611015
      1.45535147
      1.68242070
      1.84712093
      1.86228971
      0.00000000
