      0.00000000
      0.00000001
      0.00000004
      0.00000010
      0.00000023
      0.00000044
      0.00000079
      0.00000131
      0.00000205
      0.00000307
      0.00000445
      0.00000631
      0.00000880
      0.00001221
      0.00001690
      0.00002340
      0.00003236
      0.00004450
      0.00006056
      0.00008112
      0.00010652
      0.00013674
      0.00017140
      0.00020978
      0.00025095
      0.00029388
      0.00033764
      0.00038147
      0.00042490
      0.00046769
      0.00050983
      0.00055148
      0.00059283
      0.00063411
      0.00067543
      0.00071685
      0.00075833
      0.00079976
      0.00084097
      0.00088184
      0.00092222
      0.00096204
      0.00100127
      0.00103992
      0.00107803
      0.00111565
      0.00115284
      0.00118965
      0.00122612
      0.00126224
      0.00129804
      0.00133349
      0.00136857
      0.00140328
      0.00143758
      0.00147146
      0.00150492
      0.00153794
      0.00157051
      0.00160262
      0.00163427
      0.00166546
      0.00169616
      0.00172636
      0.00175605
      0.00178522
      0.00181383
      0.00184187
      0.00186932
      0.00189615
      0.00192233
      0.00194785
      0.00197267
      0.00199677
      0.00202011
      0.00204268
      0.00206444
      0.00208539
      0.00210548
      0.00212473
      0.00214311
      0.00216063
      0.00217730
      0.00219314
      0.00220817
      0.00222244
      0.00223600
      0.00224890
      0.00226123
      0.00227307
      0.00228449
      0.00229559
      0.00230646
      0.00231721
      0.00232792
      0.00233868
      0.00234959
      0.00236071
      0.00237211
      0.00238386
      0.00239600
      0.00240857
      0.00242160
      0.00243510
      0.00244908
      0.00246355
      0.00247848
      0.00249387
      0.00250970
      0.00252593
      0.00254254
      0.00255951
      0.00257678
      0.00259434
      0.00261215
      0.00263017
      0.00264837
      0.00266673
      0.00268521
      0.00270378
      0.00272242
      0.00274111
      0.00275982
      0.00277853
      0.00279722
      0.00281588
      0.00283450
      0.00285306
      0.00287154
      0.00288994
      0.00290825
      0.00292647
      0.00294457
      0.00296256
      0.00298044
      0.00299819
      0.00301582
      0.00303332
      0.00305068
      0.00306791
      0.00308500
      0.00310196
      0.00311877
      0.00313544
      0.00315197
      0.00316836
      0.00318460
      0.00320070
      0.00321665
      0.00323245
      0.00324811
      0.00326363
      0.00327899
      0.00329421
      0.00330928
      0.00332421
      0.00333899
      0.00335362
      0.00336811
      0.00338244
      0.00339663
      0.00341068
      0.00342457
      0.00343832
      0.00345192
      0.00346538
      0.00347869
      0.00349185
      0.00350486
      0.00351773
      0.00353044
      0.00354302
      0.00355544
      0.00356772
      0.00357985
      0.00359183
      0.00360367
      0.00361536
      0.00362690
      0.00363829
      0.00364954
      0.00366064
      0.00367160
      0.00368241
      0.00369307
      0.00370358
      0.00371395
      0.00372417
      0.00373424
      0.00374417
      0.00375395
      0.00376358
      0.00377306
      0.00378240
      0.00379159
      0.00380064
      0.00380954
      0.00381829
      0.00382689
      0.00383535
      0.00384366
      0.00385182
      0.00385984
      0.00386771
      0.00387543
      0.00388301
      0.00389044
      0.00389772
      0.00390486
      0.00391185
      0.00391869
      0.00392539
      0.00393194
      0.00393834
      0.00394460
      0.00395071
      0.00395667
      0.00396248
      0.00396815
      0.00397367
      0.00397905
      0.00398428
      0.00398936
      0.00399430
      0.00399908
      0.00400373
      0.00400822
      0.00401257
      0.00401677
      0.00402083
      0.00402473
      0.00402849
      0.00403211
      0.00403558
      0.00403890
      0.00404207
      0.00404510
      0.00404798
      0.00405072
      0.00405331
      0.00405575
      0.00405804
      0.00406019
      0.00406219
      0.00406404
      0.00406575
      0.00406731
      0.00406873
      0.00406999
      0.00407112
      0.00407209
      0.00407292
      0.00407360
      0.00407413
      0.00407452
      0.00407476
      0.00407486
      0.00407480
      0.00407461
      0.00407426
      0.00407377
      0.00407313
      0.00407234
      0.00407141
      0.00407033
      0.00406911
      0.00406774
      0.00406622
      0.00406455
      0.00406274
      0.00406078
      0.00405868
      0.00405642
      0.00405403
      0.00405148
      0.00404879
      0.00404595
      0.00404297
      0.00403983
      0.00403656
      0.00403313
      0.00402956
      0.00402584
      0.00402198
      0.00401797
      0.00401381
      0.00400951
      0.00400506
      0.00400046
      0.00399571
      0.00399082
      0.00398579
      0.00398060
      0.00397527
      0.00396980
      0.00396417
      0.00395840
      0.00395249
      0.00394642
      0.00394021
      0.00393386
      0.00392736
      0.00392071
      0.00391391
      0.00390697
      0.00389988
      0.00389265
      0.00388526
      0.00387774
      0.00387006
      0.00386224
      0.00385427
      0.00384616
      0.00383790
      0.00382949
      0.00382094
      0.00381224
      0.00380339
      0.00379440
      0.00378526
      0.00377598
      0.00376655
      0.00375697
      0.00374724
      0.00373737
      0.00372736
      0.00371719
      0.00370688
      0.00369643
      0.00368582
      0.00367508
      0.00366418
      0.00365314
      0.00364195
      0.00363062
      0.00361914
      0.00360751
      0.00359574
      0.00358382
      0.00357176
      0.00355955
      0.00354719
      0.00353469
      0.00352204
      0.00350925
      0.00349630
      0.00348322
      0.00346999
      0.00345661
      0.00344308
      0.00342941
      0.00341560
      0.00340163
      0.00338753
      0.00337327
      0.00335887
      0.00334433
      0.00332964
      0.00331480
      0.00329982
      0.00328469
      0.00326941
      0.00325399
      0.00323842
      0.00322271
      0.00320685
      0.00319084
      0.00317468
      0.00315838
      0.00314192
      0.00312532
      0.00310856
      0.00309166
      0.00307460
      0.00305738
      0.00304001
      0.00302248
      0.00300478
      0.00298692
      0.00296889
      0.00295069
      0.00293230
      0.00291373
      0.00289497
      0.00287601
      0.00285684
      0.00283745
      0.00281784
      0.00279797
      0.00277785
      0.00275746
      0.00273677
      0.00271577
      0.00269443
      0.00267274
      0.00265066
      0.00262818
      0.00260525
      0.00258185
      0.00255795
      0.00253351
      0.00250850
      0.00248287
      0.00245661
      0.00242966
      0.00240201
      0.00237360
      0.00234443
      0.00231445
      0.00228365
      0.00225202
      0.00221954
      0.00218621
      0.00215204
      0.00211704
      0.00208124
      0.00204467
      0.00200738
      0.00196942
      0.00193086
      0.00189179
      0.00185228
      0.00181243
      0.00177235
      0.00173214
      0.00169193
      0.00165181
      0.00161190
      0.00157231
      0.00153314
      0.00149449
      0.00145643
      0.00141903
      0.00138236
      0.00134645
      0.00131134
      0.00127703
      0.00124354
      0.00121085
      0.00117895
      0.00114780
      0.00111738
      0.00108765
      0.00105857
      0.00103011
      0.00100222
      0.00097488
      0.00094804
      0.00092168
      0.00089577
      0.00087028
      0.00084520
      0.00082049
      0.00079614
      0.00077212
      0.00074841
      0.00072500
      0.00070187
      0.00067901
      0.00065643
      0.00063413
      0.00061214
      0.00059047
      0.00056916
      0.00054821
      0.00052762
      0.00050736
      0.00048738
      0.00046760
      0.00044791
      0.00042821
      0.00040842
      0.00038851
      0.00036850
      0.00034851
      0.00032871
      0.00030933
      0.00029062
      0.00027277
      0.00025589
      0.00023993
      0.00022470
      0.00020983
      0.00019489
      0.00017945
      0.00016313
      0.00014579
      0.00012751
      0.00010866
      0.00008985
      0.00007181
      0.00005532
      0.00004100
      0.00002923
      0.00002011
      0.00001345
      0.00000888
      0.00000592
      0.00000407
      0.00000294
      0.00000221
      0.00000170
      0.00000129
      0.00000096
      0.00000067
      0.00000045
      0.00000027
      0.00000015
      0.00000007
      0.00000003
      0.00000001
      0.00000000
      0.00000000
