      0.00000000
      0.00000000
      0.00000001
      0.00000003
      0.00000007
      0.00000015
      0.00000027
      0.00000045
      0.00000067
      0.00000096
      0.00000129
      0.00000170
      0.00000221
      0.00000294
      0.00000407
      0.00000592
      0.00000888
      0.00001345
      0.00002011
      0.00002923
      0.00004100
      0.00005533
      0.00007182
      0.00008985
      0.00010866
      0.00012751
      0.00014579
      0.00016313
      0.00017944
      0.00019489
      0.00020982
      0.00022469
      0.00023993
      0.00025588
      0.00027276
      0.00029061
      0.00030932
      0.00032869
      0.00034849
      0.00036848
      0.00038848
      0.00040839
      0.00042818
      0.00044787
      0.00046756
      0.00048734
      0.00050732
      0.00052757
      0.00054815
      0.00056910
      0.00059041
      0.00061206
      0.00063405
      0.00065634
      0.00067892
      0.00070177
      0.00072489
      0.00074829
      0.00077199
      0.00079599
      0.00082033
      0.00084502
      0.00087009
      0.00089556
      0.00092145
      0.00094779
      0.00097460
      0.00100192
      0.00102977
      0.00105820
      0.00108723
      0.00111690
      0.00114726
      0.00117833
      0.00121016
      0.00124276
      0.00127615
      0.00131034
      0.00134534
      0.00138111
      0.00141765
      0.00145490
      0.00149281
      0.00153131
      0.00157033
      0.00160976
      0.00164952
      0.00168949
      0.00172957
      0.00176964
      0.00180960
      0.00184933
      0.00188874
      0.00192774
      0.00196622
      0.00200412
      0.00204137
      0.00207790
      0.00211369
      0.00214868
      0.00218285
      0.00221619
      0.00224870
      0.00228036
      0.00231119
      0.00234121
      0.00237044
      0.00239889
      0.00242661
      0.00245361
      0.00247994
      0.00250562
      0.00253069
      0.00255520
      0.00257916
      0.00260262
      0.00262560
      0.00264815
      0.00267028
      0.00269202
      0.00271340
      0.00273445
      0.00275519
      0.00277563
      0.00279579
      0.00281569
      0.00283535
      0.00285477
      0.00287397
      0.00289296
      0.00291175
      0.00293035
      0.00294876
      0.00296699
      0.00298504
      0.00300292
      0.00302064
      0.00303819
      0.00305558
      0.00307281
      0.00308989
      0.00310681
      0.00312358
      0.00314020
      0.00315666
      0.00317298
      0.00318915
      0.00320517
      0.00322104
      0.00323676
      0.00325234
      0.00326777
      0.00328305
      0.00329819
      0.00331318
      0.00332803
      0.00334272
      0.00335728
      0.00337168
      0.00338594
      0.00340005
      0.00341402
      0.00342784
      0.00344152
      0.00345505
      0.00346843
      0.00348167
      0.00349476
      0.00350770
      0.00352050
      0.00353315
      0.00354566
      0.00355802
      0.00357023
      0.00358230
      0.00359422
      0.00360599
      0.00361762
      0.00362911
      0.00364044
      0.00365163
      0.00366267
      0.00367357
      0.00368432
      0.00369493
      0.00370538
      0.00371570
      0.00372586
      0.00373588
      0.00374575
      0.00375548
      0.00376506
      0.00377449
      0.00378378
      0.00379292
      0.00380191
      0.00381076
      0.00381946
      0.00382801
      0.00383642
      0.00384468
      0.00385280
      0.00386077
      0.00386859
      0.00387626
      0.00388379
      0.00389117
      0.00389841
      0.00390550
      0.00391244
      0.00391924
      0.00392589
      0.00393239
      0.00393875
      0.00394496
      0.00395102
      0.00395694
      0.00396271
      0.00396833
      0.00397381
      0.00397914
      0.00398432
      0.00398936
      0.00399425
      0.00399899
      0.00400359
      0.00400804
      0.00401235
      0.00401651
      0.00402052
      0.00402438
      0.00402810
      0.00403167
      0.00403510
      0.00403837
      0.00404151
      0.00404449
      0.00404733
      0.00405002
      0.00405257
      0.00405496
      0.00405722
      0.00405932
      0.00406128
      0.00406309
      0.00406476
      0.00406628
      0.00406765
      0.00406887
      0.00406995
      0.00407088
      0.00407167
      0.00407231
      0.00407280
      0.00407315
      0.00407335
      0.00407340
      0.00407330
      0.00407306
      0.00407267
      0.00407214
      0.00407146
      0.00407063
      0.00406966
      0.00406854
      0.00406727
      0.00406585
      0.00406429
      0.00406258
      0.00406073
      0.00405873
      0.00405658
      0.00405429
      0.00405184
      0.00404926
      0.00404652
      0.00404364
      0.00404061
      0.00403744
      0.00403412
      0.00403065
      0.00402703
      0.00402327
      0.00401936
      0.00401531
      0.00401111
      0.00400676
      0.00400226
      0.00399762
      0.00399283
      0.00398790
      0.00398281
      0.00397758
      0.00397221
      0.00396669
      0.00396102
      0.00395520
      0.00394924
      0.00394313
      0.00393687
      0.00393047
      0.00392392
      0.00391722
      0.00391038
      0.00390339
      0.00389625
      0.00388897
      0.00388154
      0.00387396
      0.00386623
      0.00385836
      0.00385035
      0.00384218
      0.00383387
      0.00382541
      0.00381680
      0.00380805
      0.00379915
      0.00379011
      0.00378091
      0.00377157
      0.00376209
      0.00375245
      0.00374267
      0.00373275
      0.00372267
      0.00371245
      0.00370208
      0.00369157
      0.00368090
      0.00367009
      0.00365914
      0.00364803
      0.00363678
      0.00362538
      0.00361384
      0.00360215
      0.00359031
      0.00357832
      0.00356619
      0.00355391
      0.00354148
      0.00352891
      0.00351618
      0.00350331
      0.00349030
      0.00347713
      0.00346382
      0.00345036
      0.00343676
      0.00342300
      0.00340910
      0.00339505
      0.00338086
      0.00336651
      0.00335202
      0.00333738
      0.00332260
      0.00330766
      0.00329258
      0.00327736
      0.00326198
      0.00324646
      0.00323079
      0.00321498
      0.00319901
      0.00318291
      0.00316665
      0.00315026
      0.00313371
      0.00311703
      0.00310020
      0.00308323
      0.00306612
      0.00304888
      0.00303149
      0.00301398
      0.00299633
      0.00297856
      0.00296066
      0.00294264
      0.00292451
      0.00290627
      0.00288793
      0.00286950
      0.00285098
      0.00283239
      0.00281374
      0.00279503
      0.00277630
      0.00275754
      0.00273879
      0.00272006
      0.00270137
      0.00268274
      0.00266421
      0.00264580
      0.00262754
      0.00260946
      0.00259160
      0.00257398
      0.00255665
      0.00253963
      0.00252296
      0.00250668
      0.00249081
      0.00247538
      0.00246041
      0.00244592
      0.00243192
      0.00241841
      0.00240539
      0.00239283
      0.00238071
      0.00236900
      0.00235765
      0.00234660
      0.00233577
      0.00232510
      0.00231449
      0.00230386
      0.00229310
      0.00228213
      0.00227085
      0.00225916
      0.00224697
      0.00223420
      0.00222078
      0.00220665
      0.00219175
      0.00217604
      0.00215948
      0.00214207
      0.00212380
      0.00210465
      0.00208463
      0.00206377
      0.00204208
      0.00201957
      0.00199629
      0.00197224
      0.00194747
      0.00192199
      0.00189584
      0.00186905
      0.00184163
      0.00181361
      0.00178502
      0.00175588
      0.00172620
      0.00169601
      0.00166533
      0.00163416
      0.00160251
      0.00157041
      0.00153785
      0.00150484
      0.00147139
      0.00143751
      0.00140321
      0.00136852
      0.00133344
      0.00129799
      0.00126220
      0.00122608
      0.00118962
      0.00115281
      0.00111562
      0.00107800
      0.00103989
      0.00100125
      0.00096202
      0.00092220
      0.00088182
      0.00084096
      0.00079974
      0.00075832
      0.00071684
      0.00067542
      0.00063410
      0.00059282
      0.00055147
      0.00050983
      0.00046768
      0.00042489
      0.00038147
      0.00033763
      0.00029387
      0.00025094
      0.00020977
      0.00017139
      0.00013673
      0.00010651
      0.00008112
      0.00006056
      0.00004450
      0.00003235
      0.00002340
      0.00001690
      0.00001221
      0.00000880
      0.00000631
      0.00000445
      0.00000307
      0.00000205
      0.00000131
      0.00000079
      0.00000044
      0.00000023
      0.00000010
      0.00000004
      0.00000001
      0.00000000
