             NaN
      1.88318781
      2.22471350
      2.52133266
      2.78380562
      3.02406424
     -3.03173107
     -2.81049894
     -2.59063496
     -2.36871020
     -2.14241508
     -1.91059269
     -1.67341692
     -1.43250937
     -1.19076316
     -0.95176249
     -0.71894749
     -0.49487240
     -0.28084302
     -0.07696761
      0.11754307
      0.30401888
      0.48403192
      0.65918915
      0.83100348
      1.00081746
      1.16975800
      1.33870877
      1.50829520
      1.67888234
      1.85058843
      2.02331605
      2.19680025
      2.37066845
      2.54450398
      2.71790356
      2.89052074
      3.06209095
     -3.05074717
     -2.88171901
     -2.71404391
     -2.54771605
     -2.38271123
     -2.21900434
     -2.05658128
     -1.89544509
     -1.73561707
     -1.57713416
     -1.42004430
     -1.26440124
     -1.11025979
     -0.95767232
     -0.80668671
     -0.65734576
     -0.50968766
     -0.36374714
     -0.21955701
     -0.07714961
      0.06344183
      0.20218225
      0.33903402
      0.47395649
      0.60690575
      0.73783442
      0.86669152
      0.99342227
      1.11796786
      1.24026529
      1.36024709
      1.47784117
      1.59297074
      1.70555444
      1.81550653
      1.92273741
      2.02715435
      2.12866243
      2.22716575
      2.32256889
      2.41477848
      2.50370496
      2.58926446
      2.67138069
      2.74998676
      2.82502702
      2.89645861
      2.96425298
      3.02839700
      3.08889385
     -3.13742167
     -3.08414172
     -3.03439734
     -2.98811771
     -2.94521619
     -2.90559142
     -2.86912864
     -2.83570129
     -2.80517271
     -2.77739805
     -2.75222617
     -2.72950161
     -2.70906655
     -2.69076258
     -2.67443247
     -2.65992172
     -2.64707990
     -2.63576190
     -2.62582881
     -2.61714879
     -2.60959753
     -2.60305871
     -2.59742417
     -2.59259394
     -2.58847622
     -2.58498715
     -2.58205051
     -2.57959745
     -2.57756601
     -2.57590071
     -2.57455213
     -2.57347639
     -2.57263472
     -2.57199301
     -2.57152134
     -2.57119360
     -2.57098707
     -2.57088205
     -2.57086154
     -2.57091092
     -2.57101764
     -2.57117100
     -2.57136190
     -2.57158260
     -2.57182660
     -2.57208841
     -2.57236344
     -2.57264787
     -2.57293852
     -2.57323279
     -2.57352851
     -2.57382395
     -2.57411769
     -2.57440860
     -2.57469576
     -2.57497849
     -2.57525623
     -2.57552857
     -2.57579522
     -2.57605595
     -2.57631064
     -2.57655920
     -2.57680160
     -2.57703784
     -2.57726796
     -2.57749201
     -2.57771006
     -2.57792220
     -2.57812853
     -2.57832914
     -2.57852415
     -2.57871366
     -2.57889779
     -2.57907664
     -2.57925032
     -2.57941893
     -2.57958259
     -2.57974139
     -2.57989544
     -2.58004483
     -2.58018965
     -2.58032999
     -2.58046594
     -2.58059758
     -2.58072500
     -2.58084827
     -2.58096746
     -2.58108265
     -2.58119391
     -2.58130130
     -2.58140488
     -2.58150473
     -2.58160089
     -2.58169343
     -2.58178239
     -2.58186783
     -2.58194981
     -2.58202837
     -2.58210355
     -2.58217540
     -2.58224397
     -2.58230930
     -2.58237142
     -2.58243038
     -2.58248621
     -2.58253895
     -2.58258863
     -2.58263528
     -2.58267895
     -2.58271965
     -2.58275742
     -2.58279229
     -2.58282428
     -2.58285343
     -2.58287975
     -2.58290327
     -2.58292401
     -2.58294200
     -2.58295726
     -2.58296981
     -2.58297967
     -2.58298686
     -2.58299140
     -2.58299330
     -2.58299258
     -2.58298926
     -2.58298336
     -2.58297488
     -2.58296385
     -2.58295028
     -2.58293417
     -2.58291555
     -2.58289443
     -2.58287081
     -2.58284471
     -2.58281613
     -2.58278509
     -2.58275160
     -2.58271566
     -2.58267728
     -2.58263648
     -2.58259325
     -2.58254760
     -2.58249954
     -2.58244908
     -2.58239622
     -2.58234096
     -2.58228331
     -2.58222327
     -2.58216085
     -2.58209605
     -2.58202887
     -2.58195931
     -2.58188738
     -2.58181307
     -2.58173639
     -2.58165733
     -2.58157590
     -2.58149210
     -2.58140592
     -2.58131737
     -2.58122643
     -2.58113312
     -2.58103742
     -2.58093934
     -2.58083886
     -2.58073599
     -2.58063072
     -2.58052305
     -2.58041297
     -2.58030047
     -2.58018555
     -2.58006821
     -2.57994843
     -2.57982621
     -2.57970155
     -2.57957442
     -2.57944483
     -2.57931276
     -2.57917820
     -2.57904115
     -2.57890160
     -2.57875952
     -2.57861492
     -2.57846778
     -2.57831808
     -2.57816582
     -2.57801097
     -2.57785353
     -2.57769348
     -2.57753081
     -2.57736550
     -2.57719752
     -2.57702688
     -2.57685354
     -2.57667750
     -2.57649872
     -2.57631720
     -2.57613291
     -2.57594583
     -2.57575594
     -2.57556322
     -2.57536764
     -2.57516919
     -2.57496783
     -2.57476354
     -2.57455630
     -2.57434608
     -2.57413285
     -2.57391658
     -2.57369725
     -2.57347482
     -2.57324927
     -2.57302055
     -2.57278865
     -2.57255351
     -2.57231512
     -2.57207343
     -2.57182840
     -2.57158000
     -2.57132819
     -2.57107292
     -2.57081415
     -2.57055185
     -2.57028596
     -2.57001644
     -2.56974324
     -2.56946631
     -2.56918560
     -2.56890106
     -2.56861264
     -2.56832027
     -2.56802391
     -2.56772348
     -2.56741893
     -2.56711020
     -2.56679722
     -2.56647992
     -2.56615823
     -2.56583207
     -2.56550138
     -2.56516607
     -2.56482607
     -2.56448129
     -2.56413163
     -2.56377703
     -2.56341737
     -2.56305256
     -2.56268251
     -2.56230711
     -2.56192625
     -2.56153983
     -2.56114772
     -2.56074980
     -2.56034595
     -2.55993605
     -2.55951995
     -2.55909752
     -2.55866861
     -2.55823307
     -2.55779076
     -2.55734150
     -2.55688514
     -2.55642150
     -2.55595040
     -2.55547167
     -2.55498513
     -2.55449057
     -2.55398782
     -2.55347668
     -2.55295696
     -2.55242847
     -2.55189102
     -2.55134444
     -2.55078856
     -2.55022323
     -2.54964833
     -2.54906377
     -2.54846948
     -2.54786546
     -2.54725178
     -2.54662858
     -2.54599609
     -2.54535468
     -2.54470486
     -2.54404733
     -2.54338301
     -2.54271308
     -2.54203904
     -2.54136278
     -2.54068664
     -2.54001350
     -2.53934687
     -2.53869099
     -2.53805099
     -2.53743302
     -2.53684438
     -2.53629377
     -2.53579143
     -2.53534942
     -2.53498186
     -2.53470522
     -2.53453861
     -2.53450416
     -2.53462734
     -2.53493738
     -2.53546768
     -2.53625626
     -2.53734616
     -2.53878595
     -2.54063016
     -2.54293976
     -2.54578253
     -2.54923352
     -2.55337535
     -2.55829849
     -2.56410148
     -2.57089100
     -2.57878181
     -2.58789664
     -2.59836580
     -2.61032671
     -2.62392318
     -2.63930459
     -2.65662477
     -2.67604076
     -2.69771138
     -2.72179568
     -2.74845115
     -2.77783194
     -2.81008697
     -2.84535798
     -2.88377768
     -2.92546785
     -2.97053769
     -3.01908221
     -3.07118095
     -3.12689681
      3.09690995
      3.03384103
      2.96707198
      2.89661073
      2.82248225
      2.74472753
      2.66340227
      2.57857520
      2.49032618
      2.39874416
      2.30392501
      2.20596928
      2.10498012
      2.00106131
      1.89431544
      1.78484245
      1.67273843
      1.55809475
      1.44099753
      1.32152745
      1.19975979
      1.07576476
      0.94960792
      0.82135064
      0.69105065
      0.55876223
      0.42453642
      0.28842081
      0.15045918
      0.01069112
     -0.13084824
     -0.27412815
     -0.41912117
     -0.56580123
     -0.71414040
     -0.86410457
     -1.01564864
     -1.16871213
     -1.32321641
     -1.47906528
     -1.63614995
     -1.79435924
     -1.95359458
     -2.11378773
     -2.27491801
     -2.43702429
     -2.60020655
     -2.76461199
     -2.93040182
     -3.09769786
      3.01667293
      2.84651430
      2.67543882
      2.50415914
      2.33364980
      2.16505733
      1.99955375
      1.83816426
      1.68160838
      1.53018528
      1.38371349
      1.24151429
      1.10241590
      0.96475356
      0.82634543
      0.68443294
      0.53558923
      0.37563220
      0.19965714
      0.00246567
     -0.22010443
     -0.46849013
     -0.73614058
     -1.00898346
     -1.27052169
     -1.50905542
     -1.72046282
     -1.90594510
     -2.06853738
     -2.21066481
     -2.33276830
     -2.43229244
     -2.50222459
     -2.52798139
     -2.48045697
     -2.30537249
      0.00000000
