      0.00000000
      0.78524495
      0.61015798
      0.56263009
      0.58838401
      0.65831468
      0.75783929
      0.87994556
      1.02207831
      1.18467844
      1.37017073
      1.58158918
      1.82013275
      2.08167651
      2.35451832
      2.62216188
      2.87053827
      3.09310006
     -2.99289939
     -2.81692690
     -2.65696974
     -2.50812367
     -2.36620705
     -2.22779332
     -2.09012416
     -1.95101791
     -1.80880995
     -1.66232864
     -1.51089538
     -1.35432885
     -1.19292836
     -1.02741354
     -0.85880967
     -0.68828879
     -0.51699737
     -0.34590986
     -0.17573874
     -0.00691112
      0.16039883
      0.32620348
      0.49062480
      0.65382409
      0.81594859
      0.97709833
      1.13731220
      1.29656954
      1.45480213
      1.61191142
      1.76778628
      1.92231799
      2.07541041
      2.22698503
      2.37698146
      2.52535473
      2.67207088
      2.81710210
      2.96042247
      3.10200473
     -3.04136703
     -2.90335713
     -2.76719026
     -2.63290996
     -2.50056353
     -2.37020164
     -2.24187819
     -2.11565036
     -1.99157892
     -1.86972869
     -1.75016899
     -1.63297409
     -1.51822350
     -1.40600204
     -1.29639964
     -1.18951080
     -1.08543383
     -0.98426963
     -0.88612026
     -0.79108722
     -0.69926950
     -0.61076156
     -0.52565112
     -0.44401710
     -0.36592756
     -0.29143781
     -0.22058884
     -0.15340594
     -0.08989769
     -0.03005535
      0.02614748
      0.07875475
      0.12782755
      0.17344334
      0.21569494
      0.25468918
      0.29054544
      0.32339396
      0.35337406
      0.38063224
      0.40532036
      0.42759374
      0.44760935
      0.46552417
      0.48149355
      0.49566982
      0.50820107
      0.51923002
      0.52889320
      0.53732023
      0.54463329
      0.55094682
      0.55636728
      0.56099314
      0.56491491
      0.56821539
      0.57096984
      0.57324636
      0.57510629
      0.57660455
      0.57779017
      0.57870667
      0.57939251
      0.57988160
      0.58020363
      0.58038457
      0.58044700
      0.58041049
      0.58029195
      0.58010589
      0.57986479
      0.57957928
      0.57925839
      0.57890978
      0.57853992
      0.57815421
      0.57775720
      0.57735266
      0.57694371
      0.57653292
      0.57612239
      0.57571382
      0.57530859
      0.57490778
      0.57451225
      0.57412268
      0.57373957
      0.57336328
      0.57299409
      0.57263217
      0.57227762
      0.57193050
      0.57159080
      0.57125849
      0.57093351
      0.57061577
      0.57030517
      0.57000160
      0.56970493
      0.56941503
      0.56913177
      0.56885503
      0.56858466
      0.56832053
      0.56806252
      0.56781048
      0.56756431
      0.56732386
      0.56708903
      0.56685970
      0.56663575
      0.56641708
      0.56620358
      0.56599514
      0.56579168
      0.56559310
      0.56539930
      0.56521020
      0.56502571
      0.56484575
      0.56467024
      0.56449910
      0.56433227
      0.56416967
      0.56401123
      0.56385688
      0.56370657
      0.56356023
      0.56341780
      0.56327922
      0.56314444
      0.56301341
      0.56288607
      0.56276237
      0.56264227
      0.56252571
      0.56241266
      0.56230307
      0.56219689
      0.56209409
      0.56199462
      0.56189845
      0.56180555
      0.56171586
      0.56162937
      0.56154604
      0.56146582
      0.56138870
      0.56131465
      0.56124362
      0.56117560
      0.56111055
      0.56104846
      0.56098929
      0.56093302
      0.56087962
      0.56082908
      0.56078136
      0.56073645
      0.56069433
      0.56065497
      0.56061836
      0.56058448
      0.56055330
      0.56052482
      0.56049902
      0.56047587
      0.56045536
      0.56043748
      0.56042221
      0.56040955
      0.56039946
      0.56039196
      0.56038701
      0.56038461
      0.56038474
      0.56038741
      0.56039259
      0.56040027
      0.56041046
      0.56042313
      0.56043828
      0.56045591
      0.56047600
      0.56049855
      0.56052355
      0.56055100
      0.56058088
      0.56061321
      0.56064796
      0.56068514
      0.56072475
      0.56076677
      0.56081121
      0.56085807
      0.56090734
      0.56095901
      0.56101310
      0.56106960
      0.56112851
      0.56118982
      0.56125355
      0.56131968
      0.56138823
      0.56145919
      0.56153257
      0.56160837
      0.56168659
      0.56176723
      0.56185031
      0.56193582
      0.56202376
      0.56211416
      0.56220700
      0.56230230
      0.56240007
      0.56250030
      0.56260302
      0.56270822
      0.56281592
      0.56292612
      0.56303884
      0.56315409
      0.56327187
      0.56339220
      0.56351509
      0.56364055
      0.56376860
      0.56389924
      0.56403251
      0.56416840
      0.56430693
      0.56444812
      0.56459199
      0.56473856
      0.56488784
      0.56503985
      0.56519461
      0.56535214
      0.56551247
      0.56567561
      0.56584159
      0.56601043
      0.56618216
      0.56635679
      0.56653437
      0.56671490
      0.56689843
      0.56708498
      0.56727459
      0.56746727
      0.56766307
      0.56786202
      0.56806415
      0.56826950
      0.56847811
      0.56869001
      0.56890524
      0.56912385
      0.56934588
      0.56957136
      0.56980036
      0.57003291
      0.57026906
      0.57050887
      0.57075238
      0.57099966
      0.57125075
      0.57150572
      0.57176462
      0.57202753
      0.57229450
      0.57256560
      0.57284091
      0.57312049
      0.57340443
      0.57369280
      0.57398568
      0.57428316
      0.57458532
      0.57489227
      0.57520409
      0.57552088
      0.57584276
      0.57616981
      0.57650217
      0.57683993
      0.57718324
      0.57753220
      0.57788694
      0.57824762
      0.57861435
      0.57898730
      0.57936660
      0.57975242
      0.58014490
      0.58054421
      0.58095052
      0.58136398
      0.58178478
      0.58221306
      0.58264900
      0.58309276
      0.58354447
      0.58400428
      0.58447231
      0.58494865
      0.58543336
      0.58592646
      0.58642793
      0.58693766
      0.58745549
      0.58798113
      0.58851419
      0.58905410
      0.58960014
      0.59015133
      0.59070647
      0.59126399
      0.59182196
      0.59237800
      0.59292919
      0.59347195
      0.59400199
      0.59451413
      0.59500216
      0.59545871
      0.59587503
      0.59624079
      0.59654386
      0.59677004
      0.59690275
      0.59692277
      0.59680786
      0.59653237
      0.59606688
      0.59537778
      0.59442678
      0.59317049
      0.59155993
      0.58954005
      0.58704928
      0.58401907
      0.58037347
      0.57602878
      0.57089324
      0.56486684
      0.55784118
      0.54969958
      0.54031719
      0.52956141
      0.51729241
      0.50336391
      0.48762411
      0.46991692
      0.45008333
      0.42796296
      0.40339581
      0.37622415
      0.34629445
      0.31345938
      0.27757979
      0.23852665
      0.19618281
      0.15044462
      0.10122332
      0.04844616
     -0.00794278
     -0.06798213
     -0.13169310
     -0.19907967
     -0.27012916
     -0.34481316
     -0.42308865
     -0.50489949
     -0.59017806
     -0.67884710
     -0.77082154
     -0.86601049
     -0.96431915
     -1.06565053
     -1.16990721
     -1.27699271
     -1.38681279
     -1.49927644
     -1.61429658
     -1.73179061
     -1.85168064
     -1.97389360
     -2.09836117
     -2.22501957
     -2.35380939
     -2.48467530
     -2.61756585
     -2.75243327
     -2.88923333
     -3.02792512
      3.11471456
      2.97235035
      2.82820097
      2.68229893
      2.53467718
      2.38537060
      2.23441749
      2.08186077
      1.92774843
      1.77213292
      1.61506913
      1.45661087
      1.29680615
      1.13569196
      0.97328964
      0.80960226
      0.64461580
      0.47830519
      0.31064629
      0.14163337
     -0.02869947
     -0.20025611
     -0.37286042
     -0.54624774
     -0.72007154
     -0.89392848
     -1.06740187
     -1.24011915
     -1.41181538
     -1.58239321
     -1.75197093
     -1.92091369
     -2.08984699
     -2.25965458
     -2.43146346
     -2.60661626
     -2.78662595
     -2.97309955
      3.11557614
      2.91170074
      2.69767054
      2.47359421
      2.24077811
      2.00177708
      1.76003171
      1.51912632
      1.28195376
      1.05013515
      0.82384382
      0.60192237
      0.38206086
      0.16083017
     -0.06655945
     -0.30681867
     -0.56929298
     -0.86591381
     -1.20744080
      0.00000000
