      0.00000000
     -2.70815701
     -3.09912854
      2.80213407
      2.42467447
      2.04448205
      1.65558778
      1.25662744
      0.85232723
      0.45103600
      0.05925858
     -0.32232584
     -0.69871972
     -1.07765771
     -1.46578159
     -1.86495037
     -2.27036907
     -2.67298205
     -3.06544079
      2.83651530
      2.46132372
      2.08383697
      1.69664567
      1.29729556
      0.89061636
      0.48646194
      0.09317525
     -0.28768418
     -0.66150571
     -1.03729340
     -1.42334015
     -1.82282507
     -2.23093677
     -2.63691346
     -3.03122217
      2.87148426
      2.49924213
      2.12547279
      1.74085548
      1.34131493
      0.93155990
      0.52339237
      0.12779616
     -0.25230057
     -0.62269636
     -0.99402400
     -1.37681553
     -1.77627542
     -2.18793498
     -2.59879330
     -2.99605565
      2.90739599
      2.53919590
      2.17089193
      1.79050236
      1.39136512
      0.97747571
      0.56321921
      0.16372050
     -0.21571605
     -0.58124846
     -0.94569026
     -1.32279046
     -1.72115220
     -2.13767126
     -2.55638377
     -2.95904316
      2.94482461
      2.58262257
      2.22333026
      1.85099825
      1.45433216
      1.03473349
      0.60985988
      0.20237612
     -0.17729978
     -0.53520036
     -0.88718066
     -1.25198102
     -1.64482131
     -2.06776522
     -2.50185077
     -2.91767855
      2.98402694
      2.63188207
      2.29137974
      1.94030960
      1.55746642
      1.13283281
      0.68329549
      0.24921841
     -0.14005637
     -0.48494770
     -0.80412327
     -1.12253837
     -1.46835441
     -1.87002718
     -2.33773268
     -2.82984154
      3.00921559
      2.64316941
      2.33809726
      2.06162903
      1.77904209
      1.45469242
      1.05686405
      0.58192294
      0.08779811
     -0.34656022
     -0.69869215
     -0.99410938
     -1.27248454
     -1.57518725
     -1.94031530
     -2.38748340
     -2.88384285
      2.93481654
      2.55116211
      2.23787856
      1.95803770
      1.66913636
      1.33008687
      0.91164010
      0.42497068
     -0.05943931
     -0.47311068
     -0.80778127
     -1.09436858
     -1.37493336
     -1.69222819
     -2.08179351
     -2.55017176
     -3.04491587
      2.79624986
      2.43666107
      2.13821859
      1.86078318
      1.56086236
      1.19887429
      0.75482537
      0.25994837
     -0.20667882
     -0.59385169
     -0.90903676
     -1.18854530
     -1.47577426
     -1.81278207
     -2.22911037
     -2.71413722
      3.08414362
      2.66822316
      2.33180334
      2.04502673
      1.76554352
      1.44993464
      1.06225993
      0.59560611
      0.10109023
     -0.34261255
     -0.70407467
     -1.00322777
     -1.28009061
     -1.57857600
     -1.93869124
     -2.38083435
     -2.87492371
      2.94038259
      2.55117056
      2.23475253
      1.95529232
      1.66919144
      1.33401886
      0.91979846
      0.43611510
     -0.04952407
     -0.46755959
     -0.80570713
     -1.09298777
     -1.37173797
     -1.68565427
     -2.07108969
     -2.53587526
     -3.03045839
      2.80701878
      2.44340752
      2.14318438
      1.86658163
      1.56952396
      1.21165512
      0.77180091
      0.27842086
     -0.19110424
     -0.58275521
     -0.90079599
     -1.18052535
     -1.46557283
     -1.79863258
     -2.21030342
     -2.69249878
      3.10402612
      2.68345930
      2.34318656
      2.05507579
      1.77691832
      1.46484883
      1.08204142
      0.61940586
      0.12464152
     -0.32343010
     -0.68957045
     -0.99118911
     -1.26772060
     -1.56330836
     -1.91864606
     -2.35588903
     -2.84851214
      2.96325093
      2.56882400
      2.24884936
      1.96863355
      1.68459400
      1.35381697
      0.94498499
      0.46443261
     -0.02337214
     -0.44674047
     -0.78941962
     -1.07858663
     -1.35625774
     -1.66641396
     -2.04637882
     -2.50666878
     -3.00161994
      2.83094544
      2.46204027
      2.15880964
      1.88220724
      1.58807378
      1.23539274
      0.80094025
      0.30914897
     -0.16426241
     -0.56164153
     -0.88373971
     -1.16459747
     -1.44770266
     -1.77615624
     -2.18202339
     -2.66082721
      3.13340033
      2.70712390
      2.36189112
      2.07151941
      1.79422676
      1.48595458
      1.10888865
      0.65103430
      0.15594266
     -0.29726032
     -0.66902199
     -0.97398731
     -1.25078075
     -1.54353955
     -1.89357744
     -2.32519708
     -2.81609623
      2.99171527
      2.59135629
      2.26705472
      1.98544326
      1.70316319
      1.37695975
      0.97403666
      0.49701437
      0.00696603
     -0.42218144
     -0.76999013
     -1.06165008
     -1.33868221
     -1.64518757
     -2.01943978
     -2.47488296
     -2.97005577
      2.85743396
      2.48286132
      2.17612497
      1.89903438
      1.60750768
      1.25997171
      0.83108883
      0.34109548
     -0.13612340
     -0.53934670
     -0.86582322
     -1.14826191
     -1.42986502
     -1.75400144
     -2.15414835
     -2.62945462
     -3.12049082
      2.73085126
      2.38057421
      2.08760631
      1.81070151
      1.50575543
      1.13408684
      0.68089374
      0.18567829
     -0.27230239
     -0.64949238
     -0.95794421
     -1.23542842
     -1.52593590
     -1.87124725
     -2.29764933
     -2.78680683
      3.01750765
      2.61169398
      2.28319345
      1.99989131
      1.71876745
      1.39639133
      0.99868259
      0.52488798
      0.03298131
     -0.40122879
     -0.75371285
     -1.04793894
     -1.32487651
     -1.62858033
     -1.99806616
     -2.44935030
     -2.94463005
      2.87862258
      2.49919029
      2.18918563
      1.91121035
      1.62141489
      1.27788547
      0.85350367
      0.36497491
     -0.11528648
     -0.52321968
     -0.85344362
     -1.13761532
     -1.41853584
     -1.73961526
     -2.13543679
     -2.60812630
     -3.10080425
      2.74632025
      2.39208367
      2.09671656
      1.81952505
      1.51659892
      1.14868774
      0.69872989
      0.20324206
     -0.25817236
     -0.63924512
     -0.95053018
     -1.22913772
     -1.51866870
     -1.86104808
     -2.28411227
     -2.77243613
      3.02939354
      2.62004040
      2.28854306
      2.00346515
      1.72233178
      1.40192570
      1.00725357
      0.53500831
      0.04154560
     -0.39568895
     -0.75106265
     -1.04748997
     -1.32531698
     -1.62804938
     -1.99503750
     -2.44439954
     -2.94048717
      2.88023929
      2.49820239
      2.18579980
      1.90618203
      1.61639823
      1.27480124
      0.85264583
      0.36393130
     -0.11862732
     -0.52899948
     -0.86173194
     -1.14823667
     -1.43001915
     -1.74941955
     -2.14206461
     -2.61372415
     -3.10884292
      2.73509270
      2.37762531
      2.07886733
      1.80002573
      1.49980966
      1.13916816
      0.69558299
      0.19852248
     -0.27052957
     -0.66032275
     -0.97955628
     -1.26056718
     -1.53769875
     -1.84368508
     -2.20859549
     -2.64774896
     -3.13271108
      2.68708959
      2.28531146
      1.93668417
      1.61423628
      1.29049523
      0.94103536
      0.54832240
      0.11375719
     -0.33285987
     -0.75357422
     -1.13401680
     -1.48490799
     -1.82715828
     -2.18236976
     -2.56717028
     -2.98484722
      2.86521020
      2.44521422
      2.05513468
      1.69150941
      1.33885288
      0.97878253
      0.59630742
      0.18684390
     -0.23784393
     -0.65527269
     -1.04941365
     -1.42030873
     -1.77977508
     -2.14359549
     -2.52527890
     -2.92982642
      2.93447126
      2.51959080
      2.12345762
      1.74783685
      1.38349216
      1.01671159
      0.63524876
      0.23399794
     -0.18062128
     -0.59324555
     -0.99042517
     -1.36937080
     -1.73741859
     -2.10660167
     -2.48809208
     -2.88696918
      2.98489183
      2.57422419
      2.17648852
      1.79507633
      1.42410294
      1.05292320
      0.67128817
      0.27420458
     -0.13448684
     -0.54345686
     -0.94147210
     -1.32478436
     -1.69813747
     -2.07100890
     -2.45284550
     -2.84852653
      3.02812644
      2.62063866
      2.22250906
      1.83769161
      1.46235955
      1.08803206
      0.70596671
      0.31141093
     -0.09331501
     -0.49949857
     -0.89763958
     -1.28367519
     -1.66068172
     -2.03627888
     -2.41858458
     -2.81221982
      3.06777519
      2.66274809
      2.26466169
      1.87762356
      1.49918032
      1.12246387
      0.73991467
      0.34704404
     -0.05482380
     -0.45881799
     -0.85680662
     -1.24468089
     -1.62437173
     -2.00209916
     -2.38503686
      0.00000000
