      0.00000000
      0.00000000
      0.00000000
      0.00000000
      0.00000000
      0.00000000
      0.00000000
      0.00000000
      0.00000000
      0.00000000
      0.00000000
      0.00000000
      0.00000000
      0.00000000
      0.00000000
      0.00000000
      0.00000000
      0.00000000
      0.00000000
      0.00000000
      0.00000000
      0.00000000
      0.00000000
      0.00000000
      0.00000000
      0.00000000
      0.00000000
      0.00000000
      0.00000000
      0.00000000
      0.00000000
      0.00000000
      0.00000000
      0.00000000
      0.00000000
      0.00000000
      0.00000000
      0.00000000
      0.00000000
      0.00000000
      0.00000000
      0.00000000
      0.00000000
      0.00000000
      0.00000000
      0.00000000
      0.00000000
      0.00000000
      0.00000000
      0.00000000
      0.00000000
      0.00000000
      0.00000000
      0.00000000
      0.00000000
      0.00000000
      0.00000000
      0.00000000
      0.00000000
      0.00000000
      0.00000000
      0.00000000
      0.00000000
      0.00000000
      0.00000000
      0.00000000
      0.00000000
      0.00000000
      0.00000000
      0.00000000
      0.00000000
      0.00000000
      0.00000000
      0.00000000
      0.00000000
      0.00000000
      0.00000000
      0.00000000
      0.00000000
      0.00000000
      0.00000000
      0.00000000
      0.00000000
      0.00000000
      0.00000000
      0.00000000
      0.00000000
      0.00000000
      0.00000000
      0.00000000
      0.00000000
      0.00000000
      0.00000000
      0.00000000
      0.00000000
      0.00000000
      0.00000000
      0.00000000
      0.00000000
      0.00000000
      0.00000000
      0.00000000
      0.00000000
      0.00000000
      0.00000000
      0.00000000
      0.00000000
      0.00000000
      0.00000000
      0.00000000
      0.00000000
      0.00000000
      0.00000000
      0.00000000
      0.00000000
      0.00000000
      0.00000000
      0.00000000
      0.00000000
      0.00000000
      0.00000000
      0.00000000
      0.00000000
      0.00000000
      0.00000000
      0.00000000
      0.00000000
      0.00000000
      0.00000000
      0.00000000
      0.00000000
      0.00000000
      0.00000000
      0.00000000
      0.00000000
      0.00000000
      0.00000000
      0.00000000
      0.00000000
      0.00000000
      0.00000000
      0.00000000
      0.00000000
      0.00000000
      0.00000000
      0.00000001
      0.00000005
      0.00000024
      0.00000097
      0.00000353
      0.00001122
      0.00003110
      0.00007472
      0.00015466
      0.00027602
      0.00043024
      0.00059992
      0.00076980
      0.00093348
      0.00109310
      0.00125455
      0.00142155
      0.00159223
      0.00176075
      0.00192142
      0.00207176
      0.00221366
      0.00235303
      0.00249703
      0.00264917
      0.00280640
      0.00296165
      0.00310866
      0.00324487
      0.00337227
      0.00349703
      0.00362677
      0.00376529
      0.00390944
      0.00405176
      0.00418568
      0.00430852
      0.00442220
      0.00453293
      0.00464861
      0.00477340
      0.00490426
      0.00503354
      0.00515444
      0.00526410
      0.00536430
      0.00546121
      0.00556290
      0.00567389
      0.00579134
      0.00590753
      0.00601545
      0.00611206
      0.00619898
      0.00628231
      0.00637024
      0.00646764
      0.00657196
      0.00667551
      0.00677114
      0.00685567
      0.00693061
      0.00700201
      0.00707823
      0.00716455
      0.00725882
      0.00735350
      0.00744132
      0.00751894
      0.00758772
      0.00765364
      0.00772506
      0.00780742
      0.00789878
      0.00799153
      0.00807794
      0.00815400
      0.00822066
      0.00828362
      0.00835104
      0.00842831
      0.00851364
      0.00859949
      0.00867773
      0.00874392
      0.00879888
      0.00884845
      0.00890096
      0.00896211
      0.00903060
      0.00909919
      0.00915967
      0.00920739
      0.00924311
      0.00927276
      0.00930485
      0.00934534
      0.00939333
      0.00944176
      0.00948231
      0.00951007
      0.00952560
      0.00953478
      0.00954614
      0.00956586
      0.00959335
      0.00962170
      0.00964251
      0.00965061
      0.00964633
      0.00963540
      0.00962635
      0.00962555
      0.00963271
      0.00964112
      0.00964229
      0.00963086
      0.00960692
      0.00957601
      0.00954662
      0.00952528
      0.00951202
      0.00950032
      0.00948166
      0.00945053
      0.00940680
      0.00935576
      0.00930579
      0.00926364
      0.00922963
      0.00919743
      0.00915860
      0.00910752
      0.00904390
      0.00897274
      0.00890236
      0.00883973
      0.00878558
      0.00873385
      0.00867625
      0.00860732
      0.00852667
      0.00843912
      0.00835289
      0.00827532
      0.00820758
      0.00814388
      0.00807609
      0.00799882
      0.00791149
      0.00781839
      0.00772736
      0.00764573
      0.00757484
      0.00750876
      0.00743914
      0.00736032
      0.00727127
      0.00717567
      0.00708098
      0.00699452
      0.00691787
      0.00684534
      0.00676860
      0.00668193
      0.00658418
      0.00647888
      0.00637341
      0.00627526
      0.00618643
      0.00610158
      0.00601255
      0.00591355
      0.00580330
      0.00568520
      0.00556647
      0.00545464
      0.00535199
      0.00525353
      0.00515121
      0.00503914
      0.00491590
      0.00478468
      0.00465252
      0.00452687
      0.00441023
      0.00429797
      0.00418217
      0.00405691
      0.00392064
      0.00377638
      0.00363092
      0.00349153
      0.00336082
      0.00323452
      0.00310497
      0.00296632
      0.00281696
      0.00265978
      0.00250124
      0.00234819
      0.00220311
      0.00206205
      0.00191781
      0.00176480
      0.00160152
      0.00143077
      0.00125825
      0.00108933
      0.00092525
      0.00076248
      0.00059731
      0.00043248
      0.00028037
      0.00015819
      0.00007641
      0.00003157
      0.00001127
      0.00000352
      0.00000097
      0.00000023
      0.00000005
      0.00000001
      0.00000000
      0.00000000
      0.00000000
      0.00000000
      0.00000000
      0.00000000
      0.00000000
      0.00000000
      0.00000000
      0.00000000
      0.00000000
      0.00000000
      0.00000000
      0.00000000
      0.00000000
      0.00000000
      0.00000000
      0.00000000
      0.00000000
      0.00000000
      0.00000000
      0.00000000
      0.00000000
      0.00000000
      0.00000000
      0.00000000
      0.00000000
      0.00000000
      0.00000000
      0.00000000
      0.00000000
      0.00000000
      0.00000000
      0.00000000
      0.00000000
      0.00000000
      0.00000000
      0.00000000
      0.00000000
      0.00000000
      0.00000000
      0.00000000
      0.00000000
      0.00000000
      0.00000000
      0.00000000
      0.00000000
      0.00000000
      0.00000000
      0.00000000
      0.00000000
      0.00000000
      0.00000000
      0.00000000
      0.00000000
      0.00000000
      0.00000000
      0.00000000
      0.00000000
      0.00000000
      0.00000000
      0.00000000
      0.00000000
      0.00000000
      0.00000000
      0.00000000
      0.00000000
      0.00000000
      0.00000000
      0.00000000
      0.00000000
      0.00000000
      0.00000000
      0.00000000
      0.00000000
      0.00000000
      0.00000000
      0.00000000
      0.00000000
      0.00000000
      0.00000000
      0.00000000
      0.00000000
      0.00000000
      0.00000000
      0.00000000
      0.00000000
      0.00000000
      0.00000000
      0.00000000
      0.00000000
      0.00000000
      0.00000000
      0.00000000
      0.00000000
      0.00000000
      0.00000000
      0.00000000
      0.00000000
      0.00000000
      0.00000000
      0.00000000
      0.00000000
      0.00000000
      0.00000000
      0.00000000
      0.00000000
      0.00000000
      0.00000000
      0.00000000
      0.00000000
      0.00000000
      0.00000000
      0.00000000
      0.00000000
      0.00000000
      0.00000000
      0.00000000
      0.00000000
      0.00000000
      0.00000000
      0.00000000
      0.00000000
      0.00000000
      0.00000000
      0.00000000
      0.00000000
      0.00000000
      0.00000000
      0.00000000
      0.00000000
      0.00000000
      0.00000000
      0.00000000
      0.00000000
      0.00000000
      0.00000000
      0.00000000
      0.00000000
      0.00000000
      0.00000000
      0.00000000
      0.00000000
      0.00000000
      0.00000000
