      0.00000000
     -2.81029718
     -2.41967217
     -2.02904715
     -1.63842213
     -1.24779712
     -0.85717210
     -0.46654708
     -0.07592206
      0.31470296
      0.70532798
      1.09595300
      1.48657802
      1.87720304
      2.26782806
      2.65845308
      3.04907810
     -2.84348219
     -2.45285717
     -2.06223215
     -1.67160713
     -1.28098211
     -0.89035709
     -0.49973207
     -0.10910705
      0.28151797
      0.67214299
      1.06276801
      1.45339303
      1.84401805
      2.23464307
      2.62526809
      3.01589311
     -2.87666717
     -2.48604215
     -2.09541713
     -1.70479211
     -1.31416709
     -0.92354207
     -0.53291705
     -0.14229203
      0.24833299
      0.63895801
      1.02958303
      1.42020806
      1.81083308
      2.20145810
      2.59208312
      2.98270814
     -2.90985215
     -2.51922712
     -2.12860210
     -1.73797708
     -1.34735206
     -0.95672704
     -0.56610202
     -0.17547700
      0.21514803
      0.60577305
      0.99639807
      1.38702309
      1.77764811
      2.16827313
      2.55889816
      2.94952318
     -2.94303711
     -2.55241209
     -2.16178706
     -1.77116204
     -1.38053702
     -0.98991200
     -0.59928697
     -0.20866195
      0.18196307
      0.57258809
      0.96321312
      1.35383814
      1.74446316
      2.13508818
      2.52571321
      2.91633823
     -2.97622206
     -2.58559703
     -2.19497201
     -1.80434699
     -1.41372196
     -1.02309694
     -0.63247192
     -0.24184689
      0.14877813
      0.53940315
      0.93002818
      1.32065320
      1.71127823
      2.10190325
      2.49252827
      2.88315330
     -3.00940699
     -2.61878196
     -2.22815694
     -1.83753192
     -1.44690690
     -1.05628188
     -0.66565686
     -0.27503184
      0.11559318
      0.50621819
      0.89684320
      1.28746821
      1.67809323
      2.06871824
      2.45934325
      2.84996826
     -3.04259204
     -2.65196702
     -2.26134201
     -1.87071698
     -1.48009195
     -1.08946692
     -0.69884187
     -0.30821682
      0.08240825
      0.47303332
      0.86365841
      1.25428351
      1.64490862
      2.03553374
      2.42615888
      2.81678402
     -3.07577613
     -2.68515097
     -2.29452580
     -1.90390062
     -1.51327543
     -1.12265025
     -0.73202506
     -0.34139987
      0.04922532
      0.43985051
      0.83047570
      1.22110088
      1.61172605
      2.00235123
      2.39297639
      2.78360155
     -3.10895861
     -2.71833347
     -2.32770835
     -1.93708324
     -1.54645809
     -1.15583272
     -0.76520814
     -0.37459200
      0.01599236
      0.40651208
      0.79697273
      1.18748057
      1.57822608
      1.96934863
      2.36077483
      2.75217593
     -3.14006705
     -2.74984329
     -2.36019684
     -1.97058768
     -1.58034692
     -1.18907760
     -0.79695256
     -0.40470367
     -0.01325113
      0.37684737
      0.76578562
      1.15446608
      1.54402734
      1.93519681
      2.32782145
      2.72086599
      3.11294782
     -2.78003887
     -2.39159460
     -2.00374650
     -1.61492753
     -1.22403573
     -0.83109851
     -0.43734391
     -0.04456308
      0.34592799
      0.73409431
      1.12124063
      1.50930092
      1.89976911
      2.29283049
      2.68717435
      3.08067286
     -2.81157769
     -2.42348545
     -2.03689115
     -1.64956974
     -1.25964110
     -0.86663928
     -0.47185147
     -0.07765669
      0.31384039
      0.70205577
      1.08826985
      1.47490732
      1.86420264
      2.25694926
      2.65198994
      3.04680793
     -2.84421363
     -2.45562320
     -2.06949985
     -1.68336246
     -1.29473281
     -0.90250577
     -0.50760095
     -0.11247598
      0.28029953
      0.66954343
      1.05609221
      1.44225866
      1.83051884
      2.22214863
      2.61650980
      3.01141109
     -2.87878858
     -2.48900482
     -2.10185353
     -1.71531151
     -1.32706782
     -0.93580473
     -0.54193578
     -0.14737161
      0.24560612
      0.63568622
      1.02324831
      1.41008433
      1.79836178
      2.18941178
      2.58297150
      2.97732177
     -2.91288890
     -2.52262265
     -2.13481419
     -1.74782002
     -1.35955429
     -0.96866079
     -0.57529288
     -0.18104739
      0.21196721
      0.60238025
      0.99034188
      1.37740004
      1.76560684
      2.15636338
      2.54960946
      2.94382857
     -2.94625886
     -2.55571229
     -2.16765734
     -1.78060796
     -1.39250694
     -1.00188395
     -0.60870873
     -0.21444619
      0.17878421
      0.56946489
      0.95756341
      1.34452948
      1.73246519
      2.12294405
      2.51609591
      2.91048398
     -2.97926738
     -2.58843573
     -2.20034654
     -1.81356424
     -1.42589061
     -1.03559378
     -0.64241593
     -0.24778509
      0.14597540
      0.53701450
      0.92504302
      1.31149673
      1.69873529
      2.08873425
      2.48194078
      2.87693866
     -3.01197163
     -2.62056050
     -2.23252532
     -1.84646389
     -1.45984411
     -1.07039868
     -0.67741494
     -0.28220492
      0.11260905
      0.50462779
      0.89306041
      1.27912995
      1.66535475
      2.05415703
      2.44651748
      2.84139832
     -3.04685395
     -2.65431689
     -2.26520552
     -1.87861764
     -1.49228798
     -1.10385354
     -0.71215470
     -0.31788694
      0.07681112
      0.46962466
      0.85938607
      1.24666415
      1.63336977
      2.02167271
      2.41280681
      2.80638987
     -3.08251526
     -2.68960930
     -2.29927983
     -1.91124715
     -1.52398833
     -1.13561881
     -0.74493344
     -0.35205974
      0.04165688
      0.43447630
      0.82526740
      1.21408605
      1.60205786
      1.99070344
      2.38109194
      2.77327277
     -3.11688136
     -2.72433361
     -2.33321834
     -1.94361850
     -1.55479208
     -1.16564746
     -0.77536217
     -0.38380739
      0.00844933
      0.40053802
      0.79180348
      1.18212797
      1.57190974
      1.96176559
      2.35216146
      2.74318753
      3.13458689
     -2.75720680
     -2.36608558
     -1.97527269
     -1.58464628
     -1.19406817
     -0.80347272
     -0.41285636
     -0.02223182
      0.36839389
      0.75901933
      1.14964458
      1.54026980
      1.93089503
      2.32152028
      2.71214554
      3.10277082
     -2.78978920
     -2.39916390
     -2.00853860
     -1.61791328
     -1.22728796
     -0.83666264
     -0.44603732
     -0.05541199
      0.33521332
      0.72583864
      1.11646394
      1.50708923
      1.89771451
      2.28833977
      2.67896502
      3.06959024
     -2.82296986
     -2.43234468
     -2.04171952
     -1.65109438
     -1.26046926
     -0.86984417
     -0.47921909
     -0.08859404
      0.30203100
      0.69265602
      1.08328103
      1.47390603
      1.86453102
      2.25515600
      2.64578097
      3.03640594
     -2.85615440
     -2.46552944
     -2.07490447
     -1.68427950
     -1.29365454
     -0.90302957
     -0.51240460
     -0.12177962
      0.26884535
      0.65947033
      1.05009531
      1.44072029
      1.83134528
      2.22197026
      2.61259525
      3.00322023
     -2.88934009
     -2.49871510
     -2.10809012
     -1.71746513
     -1.32684014
     -0.93621515
     -0.54559017
     -0.15496518
      0.23565981
      0.62628480
      1.01690978
      1.40753477
      1.79815976
      2.18878474
      2.57940973
      2.97003472
     -2.92252560
     -2.53190061
     -2.14127563
     -1.75065064
     -1.36002565
     -0.96940067
     -0.57877568
     -0.18815069
      0.20247430
      0.59309928
      0.98372427
      1.37434926
      1.76497425
      2.15559923
      2.54622422
      2.93684921
     -2.95571111
     -2.56508612
     -2.17446114
     -1.78383615
     -1.39321116
     -1.00258617
     -0.61196119
     -0.22133620
      0.16928879
      0.55991378
      0.95053876
      1.34116375
      1.73178874
      2.12241373
      2.51303871
      2.90366370
     -2.98889662
     -2.59827163
     -2.20764664
     -1.81702165
     -1.42639667
     -1.03577168
     -0.64514669
     -0.25452170
      0.13610329
      0.52672827
      0.91735326
      1.30797825
      1.69860324
      2.08922823
      2.47985322
      2.87047820
     -3.02208212
     -2.63145713
     -2.24083214
     -1.85020715
     -1.45958216
     -1.06895717
     -0.67833219
     -0.28770720
      0.10291779
      0.49354278
      0.88416777
      1.27479276
      1.66541775
      2.05604273
      2.44666772
      2.83729271
     -3.05526761
     -2.66464262
     -2.27401763
     -1.88339264
     -1.49276765
     -1.10214266
     -0.71151767
     -0.32089269
      0.06973230
      0.46035729
      0.85098228
      1.24160727
      1.63223227
      0.00000000
