      0.00000000
     -0.32679276
     -0.71703796
     -1.10737022
     -1.49796342
     -1.88884139
     -2.27986157
     -2.67079511
     -3.06145961
      2.83135844
      2.44114343
      2.05084403
      1.66026812
      1.26938123
      0.87833047
      0.48736223
      0.09667932
     -0.29367878
     -0.68386175
     -1.07412445
     -1.46468048
     -1.85557655
     -2.24666093
     -2.63766800
     -3.02837210
      2.86446454
      2.47431689
      2.08409535
      1.69356221
      1.30265671
      0.91153518
      0.52048449
      0.12975597
     -0.26058297
     -0.65069151
     -1.04086671
     -1.43137339
     -1.82228858
     -2.21345134
     -2.60455129
     -2.99530810
      2.89754830
      2.50748333
      2.11736060
      1.72688463
      1.33595950
      0.94475067
      0.55359477
      0.16280504
     -0.22751352
     -0.61752964
     -1.00759256
     -1.39803266
     -1.78896797
     -2.18022862
     -2.57144856
     -2.96227683
      2.93060055
      2.54063962
      2.15064545
      1.76024754
      1.36930185
      0.97798241
      0.58668854
      0.19581473
     -0.19448228
     -0.58438027
     -0.97429468
     -1.36464247
     -1.75559867
     -2.14698547
     -2.53836561
     -2.92929377
      2.96360566
      2.57378024
      2.18395945
      1.79367186
      1.40270517
      1.01124024
      0.61975819
      0.22876435
     -0.16151028
     -0.55125094
     -0.94096032
     -1.33117458
     -1.72215155
     -2.11370836
     -2.50531266
     -2.89638708
      2.99653479
      2.60689471
      2.21732011
      1.82719668
      1.43621003
      1.04454329
      0.65278968
      0.26161452
     -0.12863816
     -0.51815660
     -0.90756483
     -1.29757334
     -1.68856836
     -2.08036938
     -2.47230953
     -2.86361363
      3.02932863
      2.63996076
      2.25076320
      1.86090407
      1.46990340
      1.07793409
      0.68575405
      0.29427968
     -0.09595639
     -0.48513229
     -0.87405412
     -1.26371177
     -1.65471232
     -2.04689967
     -2.43940031
     -2.83110952
      3.06184034
      2.67291891
      2.28437485
      1.89500366
      1.50401655
      1.11153384
      0.71858043
      0.32652566
     -0.06372569
     -0.45229100
     -0.84028114
     -1.22921001
     -1.62014850
     -2.01305748
     -2.40670793
     -2.79932877
      3.09353852
      2.70551366
      2.31843323
      1.93029463
      1.53952337
      1.14593720
      0.75103228
      0.35726877
     -0.03333449
     -0.42042558
     -0.80562614
     -1.19181405
     -1.58174334
     -1.97652948
     -2.37468498
     -2.77244356
      3.11765198
      2.73169722
      2.35203813
      1.97457222
      1.59347455
      1.20383977
      0.80458323
      0.39987603
     -0.00269484
     -0.39667498
     -0.78060000
     -1.15852818
     -1.53761928
     -1.92443353
     -2.32141219
     -2.72514086
     -3.12802848
      2.76020037
      2.37543822
      1.99732159
      1.61875836
      1.23289744
      0.83682058
      0.43350564
      0.03039650
     -0.36518020
     -0.75052290
     -1.12882646
     -1.50707875
     -1.89228854
     -2.28771023
     -2.69071600
     -3.09401220
      2.79307117
      2.40721246
      2.02870883
      1.65068489
      1.26601730
      0.87116559
      0.46843961
      0.06497970
     -0.33160517
     -0.71795718
     -1.09667656
     -1.47451941
     -1.85869963
     -2.25301633
     -2.65546190
     -3.05905681
      2.82708926
      2.44024222
      2.06126288
      1.68353041
      1.29978269
      0.90601283
      0.50394823
      0.10036291
     -0.29704899
     -0.68447906
     -1.06400118
     -1.44199482
     -1.82555181
     -2.21866620
     -2.61984413
     -3.02275783
      2.86303985
      2.47484599
      2.09404730
      1.71486850
      1.33088412
      0.93844800
      0.53877214
      0.13733166
     -0.25950464
     -0.64839797
     -1.03073240
     -1.41141698
     -1.79605395
     -2.18796019
     -2.58629376
     -2.98643299
      2.90040913
      2.51100600
      2.12756794
      1.74586585
      1.36084884
      0.96934663
      0.57188322
      0.17250815
     -0.22362070
     -0.61340781
     -0.99751988
     -1.37976279
     -1.76489491
     -2.15606698
     -2.55300367
     -2.95200676
      2.93505205
      2.54494702
      2.16043720
      1.77797120
      1.39291097
      1.00203341
      0.60539845
      0.20649218
     -0.18979723
     -0.58019084
     -0.96490374
     -1.34734637
     -1.73217098
     -2.12276252
     -2.51927275
     -2.91832642
      2.96823765
      2.57755934
      2.19281840
      1.81065078
      1.42625242
      1.03596331
      0.63939599
      0.23990853
     -0.15726788
     -0.54825106
     -0.93281060
     -1.31436733
     -1.69806040
     -2.08799830
     -2.48486481
     -2.88520326
      2.99990441
      2.60856564
      2.22448797
      1.84404522
      1.46148790
      1.07200281
      0.67452895
      0.27279382
     -0.12663750
     -0.51843161
     -0.90175494
     -1.28063400
     -1.66167574
     -2.05053544
     -2.44862231
     -2.85182300
      3.03050079
      2.63809871
      2.25520565
      1.87743630
      1.49756480
      1.10939908
      0.71129448
      0.30749155
     -0.09417812
     -0.48719917
     -0.87030201
     -1.24786160
     -1.62724086
     -2.01485482
     -2.41260093
     -2.81642115
      3.06470699
      2.67113549
      2.28760216
      1.90993876
      1.53082392
      1.14369699
      0.74637780
      0.34265112
     -0.05972463
     -0.45385056
     -0.83786975
     -1.21570152
     -1.59459166
     -1.98123483
     -2.37810627
     -2.78172210
      3.09875777
      2.70403250
      2.31946485
      1.94141108
      1.56272372
      1.17657927
      0.78018657
      0.37668888
     -0.02639543
     -0.42182603
     -0.80707023
     -1.18544413
     -1.56395359
     -1.94954636
     -2.34538518
     -2.74876791
      3.13079087
      2.73433431
      2.34803588
      1.96906618
      1.59070915
      1.20592317
      0.81096725
      0.40763768
      0.00249036
     -0.39711919
     -0.78738407
     -1.16955198
     -1.54833266
     -1.92912206
     -2.31563797
     -2.70860437
     -3.10574327
      2.78005568
      2.38586814
      1.99618731
      1.60988158
      1.22431140
      0.83678902
      0.44588981
      0.05208988
     -0.34260118
     -0.73585842
     -1.12636538
     -1.51443036
     -1.90164576
     -2.28992818
     -2.68048462
     -3.07319976
      2.81642646
      2.42373153
      2.03300422
      1.64417060
      1.25611765
      0.86737524
      0.47693437
      0.08478229
     -0.30812672
     -0.70045586
     -1.09127212
     -1.48055020
     -1.86912495
     -2.25817743
     -2.64856750
     -3.04036773
      2.85033815
      2.45826720
      2.06740806
      1.67783679
      1.28890143
      0.89962427
      0.50925913
      0.11770147
     -0.27447049
     -0.66634849
     -1.05722984
     -1.44700988
     -1.83621078
     -2.22565912
     -2.61601182
     -3.00739183
      2.88385331
      2.49212561
      2.10123279
      1.71129656
      1.32189143
      0.93230781
      0.54196068
      0.15071625
     -0.24104260
     -0.63264953
     -1.02354759
     -1.41360486
     -1.80317212
     -2.19286571
     -2.58321139
     -2.97434919
      2.91722308
      2.52571563
      2.13481616
      1.74466260
      1.35496344
      0.96517841
      0.57483158
      0.18377958
     -0.20771361
     -0.59913746
     -0.99003584
     -1.38026758
     -1.77007619
     -2.15993863
     -2.55028834
     -2.94127004
      2.95052237
      2.55916993
      2.16827430
      1.77797803
      1.38807714
      0.99814813
      0.60779438
      0.21687116
     -0.17443659
     -0.56572719
     -0.95661892
     -1.34696920
     -1.73694895
     -2.12693591
     -2.51729448
     -2.90816847
      2.98378228
      2.59254586
      2.20165880
      1.81126283
      1.42121493
      1.03117696
      0.64081303
      0.24998093
     -0.14119006
     -0.53237856
     -0.92326040
     -1.31369540
     -1.70380276
     -2.09388603
     -2.48425567
     -2.87505184
      3.01701816
      2.62587240
      2.23499614
      1.84452755
      1.45436790
      1.06424411
      0.67386850
      0.28310337
     -0.10796281
     -0.49907019
     -0.88994061
     -1.28043829
     -1.67064421
     -2.06080450
     -2.45118622
     -2.84192441
      3.05023832
      2.65916562
      2.26830120
      1.87777823
      1.48753113
      1.09733779
      0.70694985
      0.31623514
     -0.07474854
     -0.46578976
     -0.85664807
     -1.24719311
     -1.63747702
     -2.02770043
     -2.41809464
     -2.80878883
      3.08344764
      2.69243512
      2.30158299
      1.91101863
      1.52070064
      0.00000000
