             NaN
      1.16854695
      1.55879216
      1.94912443
      2.33971764
      2.73059562
      3.12161581
     -2.77063595
     -2.37997144
     -1.98960418
     -1.59938916
     -1.20908975
     -0.81851383
     -0.42762693
     -0.03657616
      0.35439210
      0.74507501
      1.13543313
      1.52561611
      1.91587881
      2.30643486
      2.69733094
      3.08841533
     -2.80376290
     -2.41305879
     -2.02271011
     -1.63256245
     -1.24234090
     -0.85180774
     -0.46090223
     -0.06978070
      0.32127001
      0.71199855
      1.10233750
      1.49244604
      1.88262126
      2.27312795
      2.66404316
      3.05520593
     -2.83687942
     -2.44612259
     -2.05579367
     -1.66572870
     -1.27560595
     -0.88512997
     -0.49420482
     -0.10299598
      0.28815994
      0.67894967
      1.06926825
      1.45928439
      1.84934732
      2.23978743
      2.63072277
      3.02198343
     -2.86998192
     -2.47915363
     -2.08884569
     -1.69888475
     -1.30889056
     -0.91849264
     -0.52754693
     -0.13622747
      0.25506642
      0.64594025
      1.03623727
      1.42613528
      1.81604971
      2.20639752
      2.59735373
      2.98874056
     -2.90306460
     -2.51213642
     -2.12185052
     -1.73202508
     -1.34220427
     -0.95191666
     -0.56094995
     -0.16948500
      0.22199708
      0.61299094
      1.00326558
      1.39300627
      1.78271567
      2.17292995
      2.56390695
      2.95546379
     -2.93611720
     -2.54504275
     -2.15477929
     -1.76513919
     -1.37556456
     -0.98544110
     -0.59445443
     -0.20278766
      0.18896598
      0.58014117
      0.97039387
      1.35991235
      1.74932060
      2.13932914
      2.53032419
      2.92212524
     -2.96911988
     -2.57781574
     -2.18757267
     -1.79820476
     -1.40900718
     -1.01914801
     -0.62814730
     -0.23617795
      0.15600212
      0.54747653
      0.93771264
      1.32688858
      1.71581045
      2.10546815
      2.49646874
      2.88865613
     -3.00202849
     -2.61031924
     -2.22008374
     -1.83116227
     -1.44261815
     -1.05324691
     -0.66225975
     -0.26977699
      0.12317648
      0.51523131
      0.90548272
      1.29404808
      1.68203828
      2.07096722
      2.46190578
      2.85481483
     -3.03471996
     -2.64209905
     -2.25178095
     -1.86375601
     -1.47667550
     -1.08853681
     -0.69776546
     -0.30417918
      0.09072584
      0.48448945
      0.87509283
      1.26218404
      1.64738473
      2.03357279
      2.42350225
      2.81828856
     -3.06674104
     -2.66898223
     -2.27589220
     -1.88993713
     -1.51027767
     -1.13281131
     -0.75171310
     -0.36207768
      0.03717961
      0.44188767
      0.84445952
      1.23844073
      1.62236693
      2.00029639
      2.37938890
      2.76620466
     -3.12000035
     -2.71626993
     -2.31338046
     -1.91842204
     -1.53365784
     -1.15553906
     -0.77697358
     -0.39111031
      0.00496902
      0.40828653
      0.81139833
      1.20697778
      1.59232331
      1.97062977
      2.34888506
      2.73409793
      3.12952280
     -2.75065349
     -2.34735396
     -1.95124863
     -1.56538647
     -1.18687932
     -0.80885180
     -0.42418058
     -0.02932517
      0.37340458
      0.77686830
      1.17345701
      1.55981291
      1.93853621
      2.31638301
      2.70056722
      3.09488795
     -2.78584773
     -2.38224874
     -1.98520542
     -1.59835428
     -1.21937084
     -0.84163427
     -0.45788244
     -0.06410847
      0.33796024
      0.74154967
      1.13896566
      1.52639979
      1.90592593
      2.28392358
      2.66748454
      3.06060287
     -2.82140060
     -2.41848303
     -2.02109160
     -1.63289399
     -1.25209161
     -0.87290917
     -0.48892123
     -0.09648160
      0.30319769
      0.70464154
      1.10148112
      1.49037764
      1.87271518
      2.25340279
      2.63804270
      3.02995179
     -2.85489720
     -2.45475530
     -2.05840956
     -1.66900397
     -1.28556356
     -0.90385921
     -0.51884006
     -0.12733582
      0.27012952
      0.66950641
      1.06563696
      1.45542564
      1.83953919
      2.22178344
      2.60691678
      2.99808997
     -2.88815766
     -2.48915371
     -2.09302647
     -1.70292082
     -1.31841051
     -0.93594415
     -0.55088368
     -0.16000600
      0.23662894
      0.63553507
      1.03182421
      1.42221744
      1.80692981
      2.18937180
      2.57419564
      2.96478629
     -2.92188981
     -2.52283729
     -2.12621731
     -1.73554039
     -1.35080095
     -0.96863496
     -0.58423833
     -0.19395108
      0.20261426
      0.60209962
      0.99927383
      1.39025470
      1.77481182
      2.15636602
      2.54005647
      2.92999164
     -2.95633000
     -2.55599448
     -2.15791988
     -1.76658422
     -1.38250977
     -1.00207030
     -0.61951636
     -0.23003474
      0.16743556
      0.56916707
      0.96859468
      1.36038502
      1.74370452
      2.12257970
      2.50361748
      2.89247318
     -2.99262932
     -2.58943274
     -2.18857538
     -1.79617749
     -1.41328864
     -1.03552352
     -0.65565628
     -0.26749485
      0.13060545
      0.53440405
      0.93606939
      1.32908612
      1.71218465
      2.08973993
      2.46911489
      2.85672457
     -3.02871892
     -2.62490296
     -2.22285003
     -1.82928273
     -1.44575356
     -1.06809427
     -0.68898351
     -0.30186062
      0.09545458
      0.49917730
      0.90154914
      1.29567124
      1.67968668
      2.05751475
      2.43640127
      2.82304089
     -3.06327647
     -2.65966407
     -2.25696198
     -1.86223996
     -1.47767545
     -1.09962475
     -0.72094036
     -0.33479878
      0.06159112
      0.46508611
      0.86816782
      1.26359593
      1.64883775
      2.02720939
      2.40571670
      2.79130741
     -3.09604102
     -2.69266013
     -2.28903533
     -1.89258038
     -1.50628342
     -1.12731508
     -0.74895929
     -0.36417443
      0.03078048
      0.43410914
      0.83925566
      1.23886452
      1.62912883
      2.01129626
      2.39007655
      2.77086562
     -3.12580405
     -2.73283789
     -2.33569920
     -1.93831303
     -1.54412566
     -1.15444499
     -0.76813940
     -0.38256935
      0.00495291
      0.39585201
      0.78965183
      1.18434279
      1.57759993
      1.96810680
      2.35617169
      2.74338700
      3.13166934
     -2.76095960
     -2.36824453
     -1.97468552
     -1.58199067
     -1.19126343
     -0.80242987
     -0.41437698
     -0.02563463
      0.36480617
      0.75695820
      1.14986715
      1.54219623
      1.93301245
      2.32229047
      2.71086517
      3.09991760
     -2.79287768
     -2.40107750
     -2.00859812
     -1.61652721
     -1.22566812
     -0.83609689
     -0.44716158
     -0.05788445
      0.33248064
      0.72403827
      1.11621019
      1.50808815
      1.89896946
      2.28874946
      2.67795033
      3.06739864
     -2.82543400
     -2.43405403
     -2.04211390
     -1.65038623
     -1.25949345
     -0.86955724
     -0.48015214
     -0.09056855
      0.29977855
      0.69102295
      1.08278177
      1.47438867
      1.86528670
      2.25534395
      2.64491118
      3.03460475
     -2.85823491
     -2.46709713
     -2.07548412
     -1.68397670
     -1.29307725
     -0.90292372
     -0.51322458
     -0.12343958
      0.26690723
      0.65795922
      1.04945238
      1.44087620
      1.83177457
      2.22200628
      2.61181487
      3.00167730
     -2.89115832
     -2.50017664
     -2.10878376
     -1.71743134
     -1.32653573
     -0.93623948
     -0.54633861
     -0.15640962
      0.23394411
      0.62486731
      1.01617505
      1.40746563
      1.79835734
      2.18870760
      2.57868733
      2.96867428
     -2.92415248
     -2.53327851
     -2.14204396
     -1.75080756
     -1.35992052
     -0.96952456
     -0.57947667
     -0.18943871
      0.20092519
      0.59175728
      0.98292826
      1.37411674
      1.76499857
      2.15543356
      2.54554090
      2.93562416
     -2.95719152
     -2.56639537
     -2.17528007
     -1.78413433
     -1.39325808
     -1.00278950
     -0.61262987
     -0.22250609
      0.16786950
      0.55863462
      0.94970080
      1.34080816
      1.73167857
      2.12217623
      2.51238214
      2.90254242
     -2.99026118
     -2.59952300
     -2.20850043
     -1.81742774
     -1.42656333
     -1.03604037
     -0.64579328
     -0.25559996
      0.13478797
      0.52550267
      0.91648634
      1.30752755
      1.69838585
      2.08893089
      2.47921479
      2.86943818
     -3.02335293
     -2.63265875
     -2.24170991
     -1.85069741
     -1.45984529
     -1.06928094
     -0.67896295
      0.00000000
