      0.00000000
     -1.15083922
     -1.54146423
     -1.93208924
     -2.32271426
     -2.71333928
     -3.10396430
      2.78859599
      2.39797097
      2.00734595
      1.61672093
      1.22609591
      0.83547089
      0.44484587
      0.05422085
     -0.33640417
     -0.72702919
     -1.11765421
     -1.50827923
     -1.89890425
     -2.28952927
     -2.68015429
     -3.07077931
      2.82178098
      2.43115596
      2.04053094
      1.64990592
      1.25928090
      0.86865588
      0.47803086
      0.08740584
     -0.30321918
     -0.69384420
     -1.08446922
     -1.47509424
     -1.86571926
     -2.25634428
     -2.64696931
     -3.03759433
      2.85496596
      2.46434094
      2.07371592
      1.68309090
      1.29246588
      0.90184086
      0.51121583
      0.12059081
     -0.27003421
     -0.66065923
     -1.05128425
     -1.44190927
     -1.83253429
     -2.22315931
     -2.61378434
     -3.00440936
      2.88815093
      2.49752591
      2.10690089
      1.71627586
      1.32565084
      0.93502582
      0.54440080
      0.15377578
     -0.23684924
     -0.62747427
     -1.01809929
     -1.40872431
     -1.79934933
     -2.18997435
     -2.58059938
     -2.97122440
      2.92133589
      2.53071086
      2.14008584
      1.74946082
      1.35883580
      0.96821077
      0.57758575
      0.18696073
     -0.20366429
     -0.59428932
     -0.98491434
     -1.37553936
     -1.76616439
     -2.15678941
     -2.54741443
     -2.93803946
      2.95452083
      2.56389580
      2.17327078
      1.78264576
      1.39202073
      1.00139571
      0.61077069
      0.22014566
     -0.17047936
     -0.56110438
     -0.95172941
     -1.34235443
     -1.73297945
     -2.12360448
     -2.51422950
     -2.90485452
      2.98770577
      2.59708075
      2.20645574
      1.81583072
      1.42520571
      1.03458070
      0.64395569
      0.25333068
     -0.13729433
     -0.52791934
     -0.91854436
     -1.30916937
     -1.69979439
     -2.09041941
     -2.48104444
     -2.87166948
      3.02089078
      2.63026573
      2.23964067
      1.84901559
      1.45839050
      1.06776540
      0.67714029
      0.28651517
     -0.10410996
     -0.49473511
     -0.88536026
     -1.27598543
     -1.66661060
     -2.05723578
     -2.44786096
     -2.83848615
      3.05407397
      2.66344878
      2.27282359
      1.88219840
      1.49157322
      1.10094803
      0.71032286
      0.31969769
     -0.07092748
     -0.46155264
     -0.85217779
     -1.24280293
     -1.63342805
     -2.02405315
     -2.41467831
     -2.80530368
      3.08725705
      2.69664091
      2.30605656
      1.91553683
      1.52507618
      1.13456835
      0.74382284
      0.35270028
     -0.03872592
     -0.43012702
     -0.82106934
     -1.21129310
     -1.60093955
     -1.99054871
     -2.38078948
     -2.77205879
      3.11900148
      2.72675258
      2.33530004
      1.94520154
      1.55626329
      1.16758283
      0.77802157
      0.38685210
     -0.00577254
     -0.39881708
     -0.79089891
     -1.18109753
     -1.56954180
     -1.95738990
     -2.34620887
     -2.73710067
     -3.13003789
      2.75939282
      2.36661199
      1.97612093
      1.58795460
      1.20080828
      0.81274799
      0.42227980
      0.02921843
     -0.36512543
     -0.75862395
     -1.14955871
     -1.53765095
     -1.92424524
     -2.31156665
     -2.70149529
     -3.09449712
      2.79390038
      2.39970560
      2.00820852
      1.61999315
      1.23377907
      0.84714159
      0.45784627
      0.06509965
     -0.32994103
     -0.72475901
     -1.11692277
     -1.50551319
     -1.89163655
     -2.27777394
     -2.66640359
     -3.05863062
      2.82964986
      2.43452489
      2.04174938
      1.65250548
      1.26595670
      0.87979025
      0.49153007
      0.09990028
     -0.29446088
     -0.68936218
     -1.08234782
     -1.47213157
     -1.85928287
     -2.24582488
     -2.63406857
     -3.02533167
      2.86398469
      2.46942052
      2.07644280
      1.68636269
      1.29880060
      0.91196458
      0.52368713
      0.13263713
     -0.26092259
     -0.65527286
     -1.04824750
     -1.43851375
     -1.82632220
     -2.21331638
     -2.60158211
     -2.99247560
      2.89734179
      2.50309630
      2.11008170
      1.71966866
      1.33170703
      0.94464887
      0.55644207
      0.16568553
     -0.22756055
     -0.62177966
     -1.01487754
     -1.40542411
     -1.79347905
     -2.18052844
     -2.56862945
     -2.95925244
      2.93075764
      2.53649510
      2.14326470
      1.75258403
      1.36448550
      0.97751943
      0.58958372
      0.19910486
     -0.19404700
     -0.58843507
     -0.98186902
     -1.37270066
     -1.76078985
     -2.14757216
     -2.53524579
     -2.92554261
      2.96446485
      2.56983400
      2.17607351
      1.78503441
      1.39700589
      1.01055218
      0.62331363
      0.23331466
     -0.15989187
     -0.55488975
     -0.94916476
     -1.34057589
     -1.72861107
     -2.11467251
     -2.50129229
     -2.89073772
      2.99946385
      2.60425384
      2.20943987
      1.81742112
      1.42898850
      1.04291896
      0.65669416
      0.26789188
     -0.12446857
     -0.51934941
     -0.91428245
     -1.30681950
     -1.69593087
     -2.08251876
     -2.46884842
     -2.85728286
      3.03420361
      2.63993585
      2.24523779
      1.85242425
      1.46266284
      1.07538476
      0.68867915
      0.30037620
     -0.09075790
     -0.48434096
     -0.87862114
     -1.27152710
     -1.66185657
     -2.04988925
     -2.43714806
     -2.82551759
      3.06698235
      2.67410866
      2.28039203
      1.88757261
      1.49678151
      1.10796286
      0.71999105
      0.33134547
     -0.05904303
     -0.45122386
     -0.84425503
     -1.23680279
     -1.62791805
     -2.01751790
     -2.40634431
     -2.79548894
      3.09741108
      2.70585630
      2.31359958
      1.92151089
      1.53024543
      1.13992094
      0.75013917
      0.36028332
     -0.03011255
     -0.42113861
     -0.81253798
     -1.20392960
     -1.59505082
     -1.98586371
     -2.37649012
     -2.76706822
      3.12552163
      2.73490527
      2.34428074
      1.95365502
      1.56302958
      1.17240433
      0.78177911
      0.39115388
      0.00052863
     -0.39009663
     -0.78072191
     -1.17134719
     -1.56197249
     -1.95259780
     -2.34322311
     -2.73384843
     -3.12447375
      2.76808623
      2.37746091
      1.98683559
      1.59621028
      1.20558497
      0.81495968
      0.42433440
      0.03370914
     -0.35691610
     -0.74754133
     -1.13816653
     -1.52879172
     -1.91941688
     -2.31004202
     -2.70066713
     -3.09129223
      2.80126800
      2.41064295
      2.02001791
      1.62939289
      1.23876788
      0.84814288
      0.45751790
      0.06689292
     -0.32373206
     -0.71435703
     -1.10498199
     -1.49560696
     -1.88623192
     -2.27685689
     -2.66748186
     -3.05810683
      2.83445351
      2.44382853
      2.05320356
      1.66257858
      1.27195360
      0.88132862
      0.49070364
      0.10007865
     -0.29054633
     -0.68117132
     -1.07179631
     -1.46242129
     -1.85304628
     -2.24367127
     -2.63429625
     -3.02492124
      2.86763908
      2.47701409
      2.08638910
      1.69576412
      1.30513913
      0.91451414
      0.52388915
      0.13326417
     -0.25736082
     -0.64798581
     -1.03861079
     -1.42923578
     -1.81986077
     -2.21048576
     -2.60111074
     -2.99173573
      2.90082459
      2.51019960
      2.11957462
      1.72894963
      1.33832464
      0.94769965
      0.55707467
      0.16644968
     -0.22417531
     -0.61480030
     -1.00542528
     -1.39605027
     -1.78667526
     -2.17730025
     -2.56792523
     -2.95855022
      2.93401010
      2.54338511
      2.15276012
      1.76213514
      1.37151015
      0.98088516
      0.59026017
      0.19963519
     -0.19098980
     -0.58161479
     -0.97223978
     -1.36286477
     -1.75348975
     -2.14411474
     -2.53473973
     -2.92536472
      2.96719560
      2.57657061
      2.18594563
      1.79532064
      1.40469565
      1.01407066
      0.62344567
      0.23282068
     -0.15780430
     -0.54842929
     -0.93905428
     -1.32967927
     -1.72030426
     -2.11092924
     -2.50155423
     -2.89217922
      3.00038110
      2.60975611
      2.21913112
      1.82850613
      1.43788114
      1.04725615
      0.65663117
      0.26600618
     -0.12461881
     -0.51524380
     -0.90586879
     -1.29649378
     -1.68711877
     -2.07774375
     -2.46836874
     -2.85899373
      3.03356659
      2.64294160
      2.25231661
      1.86169162
      1.47106663
      1.08044164
      0.68981664
      0.00000000
