      0.00000000
      0.00000000
      0.00000000
      0.00000000
      0.00000000
      0.00000000
      0.00000000
      0.00000000
      0.00000000
      0.00000000
      0.00000000
      0.00000000
      0.00000000
      0.00000000
      0.00000000
      0.00000000
      0.00000001
      0.00000008
      0.00000082
      0.00000719
      0.00005024
      0.00023798
      0.00066919
      0.00117574
      0.00156136
      0.00182403
      0.00202266
      0.00218783
      0.00231827
      0.00240163
      0.00243821
      0.00244880
      0.00246066
      0.00249187
      0.00254631
      0.00261604
      0.00268668
      0.00274449
      0.00278323
      0.00280688
      0.00282583
      0.00285013
      0.00288481
      0.00292887
      0.00297709
      0.00302313
      0.00306267
      0.00309514
      0.00312341
      0.00315164
      0.00318303
      0.00321856
      0.00325698
      0.00329587
      0.00333297
      0.00336720
      0.00339896
      0.00342967
      0.00346086
      0.00349345
      0.00352745
      0.00356211
      0.00359645
      0.00362976
      0.00366185
      0.00369306
      0.00372402
      0.00375524
      0.00378696
      0.00381903
      0.00385111
      0.00388282
      0.00391398
      0.00394459
      0.00397484
      0.00400497
      0.00403514
      0.00406540
      0.00409565
      0.00412575
      0.00415557
      0.00418507
      0.00421428
      0.00424328
      0.00427213
      0.00430089
      0.00432956
      0.00435810
      0.00438648
      0.00441468
      0.00444270
      0.00447051
      0.00449812
      0.00452551
      0.00455269
      0.00457969
      0.00460657
      0.00463337
      0.00466013
      0.00468679
      0.00471325
      0.00473940
      0.00476516
      0.00479057
      0.00481578
      0.00484099
      0.00486638
      0.00489195
      0.00491751
      0.00494272
      0.00496728
      0.00499107
      0.00501430
      0.00503746
      0.00506110
      0.00508550
      0.00511050
      0.00513545
      0.00515949
      0.00518197
      0.00520291
      0.00522311
      0.00524387
      0.00526636
      0.00529093
      0.00531673
      0.00534191
      0.00536450
      0.00538345
      0.00539949
      0.00541505
      0.00543322
      0.00545616
      0.00548372
      0.00551302
      0.00553945
      0.00555894
      0.00557051
      0.00557734
      0.00558578
      0.00560231
      0.00563014
      0.00566680
      0.00570421
      0.00573193
      0.00574283
      0.00573811
      0.00572782
      0.00572640
      0.00574572
      0.00578876
      0.00584615
      0.00589792
      0.00592244
      0.00590999
      0.00587090
      0.00583110
      0.00581914
      0.00585322
      0.00593188
      0.00602901
      0.00609936
      0.00610242
      0.00603316
      0.00592884
      0.00584498
      0.00582798
      0.00589966
      0.00604580
      0.00620519
      0.00628285
      0.00621488
      0.00603092
      0.00582634
      0.00569152
      0.00568148
      0.00581321
      0.00604963
      0.00626880
      0.00629859
      0.00608209
      0.00574707
      0.00545266
      0.00528811
      0.00528818
      0.00545186
      0.00571502
      0.00590067
      0.00580941
      0.00547870
      0.00511428
      0.00484652
      0.00471387
      0.00471636
      0.00482755
      0.00497350
      0.00502073
      0.00488544
      0.00465277
      0.00443683
      0.00428964
      0.00422180
      0.00421750
      0.00423836
      0.00424383
      0.00422010
      0.00417021
      0.00409668
      0.00401733
      0.00395815
      0.00392541
      0.00389527
      0.00383588
      0.00377197
      0.00377528
      0.00382092
      0.00383716
      0.00382160
      0.00379924
      0.00376966
      0.00370282
      0.00359189
      0.00353035
      0.00359554
      0.00369291
      0.00373852
      0.00374292
      0.00372869
      0.00368445
      0.00358061
      0.00345255
      0.00343805
      0.00355485
      0.00366389
      0.00370906
      0.00371468
      0.00369469
      0.00362675
      0.00349361
      0.00338269
      0.00343106
      0.00357292
      0.00367020
      0.00370435
      0.00370405
      0.00367059
      0.00357503
      0.00342770
      0.00336269
      0.00346662
      0.00360802
      0.00368401
      0.00370541
      0.00369611
      0.00364390
      0.00352196
      0.00338233
      0.00338013
      0.00351836
      0.00364186
      0.00369550
      0.00370559
      0.00368524
      0.00361118
      0.00347109
      0.00336452
      0.00342554
      0.00357257
      0.00366960
      0.00370411
      0.00370526
      0.00367274
      0.00357802
      0.00343703
      0.00338520
      0.00349300
      0.00362636
      0.00369541
      0.00371627
      0.00371199
      0.00366958
      0.00356413
      0.00344795
      0.00345875
      0.00358426
      0.00368802
      0.00373286
      0.00374824
      0.00374650
      0.00370588
      0.00361410
      0.00354993
      0.00360751
      0.00371513
      0.00378071
      0.00381059
      0.00383531
      0.00385649
      0.00384966
      0.00381356
      0.00381203
      0.00386998
      0.00392312
      0.00395013
      0.00398351
      0.00404790
      0.00413846
      0.00422899
      0.00429391
      0.00431831
      0.00430131
      0.00426910
      0.00426796
      0.00433710
      0.00449280
      0.00472524
      0.00497976
      0.00513039
      0.00507934
      0.00491665
      0.00478996
      0.00477869
      0.00490898
      0.00517915
      0.00554875
      0.00588572
      0.00598309
      0.00579843
      0.00552852
      0.00535463
      0.00534404
      0.00549771
      0.00577945
      0.00610088
      0.00630998
      0.00628550
      0.00607746
      0.00584744
      0.00571453
      0.00571714
      0.00583979
      0.00602963
      0.00620119
      0.00626574
      0.00619484
      0.00604570
      0.00590623
      0.00583504
      0.00584693
      0.00592205
      0.00601716
      0.00608068
      0.00607795
      0.00601278
      0.00592173
      0.00584662
      0.00581230
      0.00582074
      0.00585540
      0.00589000
      0.00590052
      0.00587717
      0.00582847
      0.00577404
      0.00573236
      0.00571236
      0.00571155
      0.00571917
      0.00572195
      0.00571057
      0.00568378
      0.00564791
      0.00561247
      0.00558495
      0.00556773
      0.00555799
      0.00554985
      0.00553749
      0.00551794
      0.00549201
      0.00546335
      0.00543617
      0.00541313
      0.00539443
      0.00537815
      0.00536147
      0.00534218
      0.00531958
      0.00529457
      0.00526895
      0.00524440
      0.00522170
      0.00520057
      0.00517995
      0.00515868
      0.00513600
      0.00511190
      0.00508694
      0.00506190
      0.00503737
      0.00501353
      0.00499010
      0.00496660
      0.00494260
      0.00491789
      0.00489257
      0.00486690
      0.00484119
      0.00481563
      0.00479021
      0.00476480
      0.00473920
      0.00471328
      0.00468698
      0.00466036
      0.00463353
      0.00460659
      0.00457960
      0.00455254
      0.00452539
      0.00449808
      0.00447055
      0.00444278
      0.00441476
      0.00438652
      0.00435809
      0.00432951
      0.00430084
      0.00427210
      0.00424327
      0.00421430
      0.00418510
      0.00415559
      0.00412575
      0.00409564
      0.00406538
      0.00403513
      0.00400496
      0.00397484
      0.00394460
      0.00391399
      0.00388283
      0.00385111
      0.00381902
      0.00378695
      0.00375524
      0.00372402
      0.00369307
      0.00366185
      0.00362976
      0.00359646
      0.00356211
      0.00352745
      0.00349345
      0.00346086
      0.00342967
      0.00339897
      0.00336720
      0.00333297
      0.00329587
      0.00325698
      0.00321856
      0.00318303
      0.00315164
      0.00312341
      0.00309514
      0.00306267
      0.00302313
      0.00297709
      0.00292887
      0.00288481
      0.00285013
      0.00282583
      0.00280688
      0.00278323
      0.00274449
      0.00268668
      0.00261604
      0.00254631
      0.00249187
      0.00246066
      0.00244880
      0.00243821
      0.00240163
      0.00231827
      0.00218783
      0.00202266
      0.00182403
      0.00156136
      0.00117574
      0.00066919
      0.00023798
      0.00005024
      0.00000719
      0.00000082
      0.00000008
      0.00000001
      0.00000000
      0.00000000
      0.00000000
      0.00000000
      0.00000000
      0.00000000
      0.00000000
      0.00000000
      0.00000000
      0.00000000
      0.00000000
      0.00000000
      0.00000000
      0.00000000
      0.00000000
      0.00000000
