      0.00000000
      0.00000000
      0.00000000
      0.00000000
      0.00000000
      0.00000000
      0.00000000
      0.00000000
      0.00000000
      0.00000000
      0.00000000
      0.00000000
      0.00000000
      0.00000000
      0.00000000
      0.00000000
      0.00000001
      0.00000006
      0.00000053
      0.00000427
      0.00002792
      0.00012632
      0.00033839
      0.00054760
      0.00062652
      0.00056808
      0.00041522
      0.00022151
      0.00005921
      0.00000011
      0.00005451
      0.00015871
      0.00023941
      0.00026184
      0.00022823
      0.00016192
      0.00009559
      0.00005905
      0.00006436
      0.00009997
      0.00014133
      0.00016756
      0.00017052
      0.00015443
      0.00013094
      0.00011285
      0.00010821
      0.00011713
      0.00013312
      0.00014778
      0.00015525
      0.00015435
      0.00014798
      0.00014093
      0.00013735
      0.00013895
      0.00014464
      0.00015164
      0.00015714
      0.00015962
      0.00015930
      0.00015762
      0.00015638
      0.00015680
      0.00015906
      0.00016247
      0.00016592
      0.00016851
      0.00016994
      0.00017049
      0.00017078
      0.00017145
      0.00017281
      0.00017479
      0.00017704
      0.00017916
      0.00018090
      0.00018221
      0.00018327
      0.00018431
      0.00018554
      0.00018701
      0.00018866
      0.00019036
      0.00019199
      0.00019350
      0.00019488
      0.00019620
      0.00019750
      0.00019881
      0.00020014
      0.00020150
      0.00020291
      0.00020438
      0.00020591
      0.00020746
      0.00020894
      0.00021027
      0.00021140
      0.00021240
      0.00021342
      0.00021465
      0.00021620
      0.00021804
      0.00021995
      0.00022159
      0.00022271
      0.00022328
      0.00022357
      0.00022409
      0.00022533
      0.00022747
      0.00023023
      0.00023287
      0.00023459
      0.00023489
      0.00023399
      0.00023282
      0.00023270
      0.00023462
      0.00023862
      0.00024356
      0.00024751
      0.00024870
      0.00024653
      0.00024215
      0.00023825
      0.00023782
      0.00024249
      0.00025131
      0.00026080
      0.00026641
      0.00026485
      0.00025615
      0.00024435
      0.00023615
      0.00023762
      0.00025047
      0.00027026
      0.00028792
      0.00029398
      0.00028347
      0.00025951
      0.00023347
      0.00022056
      0.00023149
      0.00026502
      0.00030698
      0.00033679
      0.00033725
      0.00030329
      0.00024725
      0.00019739
      0.00018539
      0.00022624
      0.00030559
      0.00038673
      0.00042958
      0.00040787
      0.00032142
      0.00020488
      0.00012305
      0.00013656
      0.00025383
      0.00042102
      0.00056006
      0.00060752
      0.00053115
      0.00034418
      0.00012878
      0.00002584
      0.00013459
      0.00040989
      0.00071035
      0.00091217
      0.00094409
      0.00077488
      0.00043825
      0.00010642
      0.00005604
      0.00038243
      0.00087461
      0.00128988
      0.00151755
      0.00151748
      0.00126467
      0.00081574
      0.00046516
      0.00060100
      0.00115046
      0.00171593
      0.00209288
      0.00226194
      0.00222285
      0.00195777
      0.00155271
      0.00136095
      0.00166093
      0.00217703
      0.00257652
      0.00279653
      0.00286844
      0.00279213
      0.00255344
      0.00226866
      0.00224927
      0.00256246
      0.00291022
      0.00312713
      0.00322626
      0.00323394
      0.00313472
      0.00292462
      0.00274856
      0.00283228
      0.00309404
      0.00330693
      0.00341570
      0.00345211
      0.00342477
      0.00330821
      0.00312152
      0.00303398
      0.00317164
      0.00337775
      0.00350713
      0.00356002
      0.00356462
      0.00351270
      0.00337840
      0.00321769
      0.00320791
      0.00337037
      0.00352887
      0.00360772
      0.00363101
      0.00361529
      0.00353922
      0.00338907
      0.00326657
      0.00332547
      0.00349175
      0.00361023
      0.00365724
      0.00366246
      0.00362804
      0.00352542
      0.00336823
      0.00330006
      0.00341287
      0.00356688
      0.00365187
      0.00367753
      0.00366831
      0.00361201
      0.00348207
      0.00333446
      0.00333206
      0.00347801
      0.00360940
      0.00366700
      0.00367678
      0.00365177
      0.00356809
      0.00341451
      0.00329814
      0.00336208
      0.00351946
      0.00362401
      0.00365951
      0.00365468
      0.00360826
      0.00349060
      0.00332290
      0.00325897
      0.00337890
      0.00353082
      0.00360896
      0.00362543
      0.00360218
      0.00352338
      0.00336416
      0.00319752
      0.00320188
      0.00336259
      0.00350006
      0.00355399
      0.00354955
      0.00349574
      0.00336465
      0.00315441
      0.00300921
      0.00309284
      0.00328304
      0.00340416
      0.00343319
      0.00339560
      0.00328346
      0.00306457
      0.00279260
      0.00269866
      0.00287525
      0.00309347
      0.00319868
      0.00319173
      0.00308856
      0.00286322
      0.00250188
      0.00217106
      0.00218096
      0.00247375
      0.00272585
      0.00280958
      0.00273701
      0.00250960
      0.00209746
      0.00156430
      0.00124610
      0.00143228
      0.00184986
      0.00213129
      0.00218020
      0.00201379
      0.00163652
      0.00107276
      0.00052468
      0.00037929
      0.00071724
      0.00116634
      0.00142889
      0.00144074
      0.00122594
      0.00082810
      0.00035757
      0.00004342
      0.00008320
      0.00039410
      0.00071866
      0.00088823
      0.00086539
      0.00067901
      0.00039830
      0.00014024
      0.00003553
      0.00012713
      0.00032655
      0.00050359
      0.00057907
      0.00053827
      0.00041075
      0.00025590
      0.00014617
      0.00013145
      0.00020518
      0.00031269
      0.00039400
      0.00041595
      0.00037778
      0.00030347
      0.00023006
      0.00019149
      0.00020134
      0.00024646
      0.00029805
      0.00032994
      0.00033030
      0.00030342
      0.00026496
      0.00023385
      0.00022322
      0.00023449
      0.00025805
      0.00028006
      0.00028994
      0.00028467
      0.00026863
      0.00025044
      0.00023841
      0.00023673
      0.00024393
      0.00025456
      0.00026249
      0.00026397
      0.00025890
      0.00025021
      0.00024204
      0.00023758
      0.00023776
      0.00024113
      0.00024500
      0.00024692
      0.00024580
      0.00024215
      0.00023756
      0.00023378
      0.00023188
      0.00023182
      0.00023274
      0.00023346
      0.00023309
      0.00023145
      0.00022894
      0.00022631
      0.00022422
      0.00022295
      0.00022233
      0.00022194
      0.00022133
      0.00022021
      0.00021861
      0.00021675
      0.00021492
      0.00021335
      0.00021208
      0.00021103
      0.00021003
      0.00020892
      0.00020762
      0.00020614
      0.00020456
      0.00020296
      0.00020143
      0.00020000
      0.00019868
      0.00019744
      0.00019622
      0.00019496
      0.00019358
      0.00019205
      0.00019036
      0.00018862
      0.00018696
      0.00018550
      0.00018430
      0.00018328
      0.00018224
      0.00018092
      0.00017918
      0.00017704
      0.00017477
      0.00017279
      0.00017144
      0.00017078
      0.00017049
      0.00016995
      0.00016852
      0.00016592
      0.00016246
      0.00015905
      0.00015679
      0.00015638
      0.00015763
      0.00015930
      0.00015962
      0.00015714
      0.00015164
      0.00014464
      0.00013895
      0.00013735
      0.00014093
      0.00014798
      0.00015436
      0.00015525
      0.00014778
      0.00013312
      0.00011713
      0.00010821
      0.00011285
      0.00013094
      0.00015443
      0.00017052
      0.00016756
      0.00014133
      0.00009997
      0.00006436
      0.00005905
      0.00009559
      0.00016192
      0.00022823
      0.00026184
      0.00023941
      0.00015871
      0.00005451
      0.00000011
      0.00005921
      0.00022151
      0.00041522
      0.00056808
      0.00062652
      0.00054760
      0.00033839
      0.00012632
      0.00002792
      0.00000427
      0.00000053
      0.00000006
      0.00000001
      0.00000000
      0.00000000
      0.00000000
      0.00000000
      0.00000000
      0.00000000
      0.00000000
      0.00000000
      0.00000000
      0.00000000
      0.00000000
      0.00000000
      0.00000000
      0.00000000
      0.00000000
      0.00000000
