      0.00000000
     -2.08169469
     -2.51899644
     -3.00154366
      2.82260323
      2.42630495
      2.06622757
      1.71270305
      1.34673912
      0.95699212
      0.54339796
      0.12015716
     -0.29251479
     -0.68283135
     -1.05277273
     -1.41391222
     -1.78210261
     -2.17293431
     -2.59457057
     -3.03729474
      2.81267196
      2.42602930
      2.11252386
      1.87797430
      1.71170733
      1.59878639
      1.52313912
      1.46922437
      1.41922803
     -0.86196609
     -1.68588343
     -1.68965660
     -1.65840158
     -1.59242495
     -1.48095195
     -1.29685811
     -0.97435211
     -0.40907135
      0.27255628
      0.75310947
      1.06694118
      1.31841000
      1.56464314
      1.84064383
      2.17295236
      2.57290946
      3.01471209
     -2.84051033
     -2.45959932
     -2.11963279
     -1.79875001
     -1.47592230
     -1.13611870
     -0.77310633
     -0.39185693
     -0.00617408
      0.37032733
      0.73223419
      1.08268608
      1.42898718
      1.77832216
      2.13502051
      2.49931177
      2.86781230
     -3.04744052
     -2.68355080
     -2.32444206
     -1.96847097
     -1.61297641
     -1.25568989
     -0.89564006
     -0.53333123
     -0.17022637
      0.19213895
      0.55290471
      0.91213740
      1.27058022
      1.62915548
      1.98850765
      2.34877539
      2.70964291
      3.07059039
     -2.85200237
     -2.49193740
     -2.13230486
     -1.77286449
     -1.41338443
     -1.05373927
     -0.69391921
     -0.33397498
      0.02604456
      0.38611411
      0.74620502
      1.10624375
      1.46610516
      1.82566679
      2.18490280
      2.54395589
      2.90312297
     -3.02045390
     -2.66023635
     -2.29955702
     -1.93888702
     -1.57883127
     -1.21980552
     -0.86174764
     -0.50404004
     -0.14572802
      0.21402057
      0.57540508
      0.93771307
      1.29951953
      1.65937091
      2.01662179
      2.37194495
      2.72720790
      3.08471086
     -2.83716364
     -2.47230869
     -2.10633680
     -1.74286059
     -1.38472039
     -1.03225335
     -0.68281147
     -0.33166017
      0.02607844
      0.39282295
      0.76623903
      1.13928613
      1.50384702
      1.85565525
      2.19675423
      2.53469060
      2.87994066
     -3.04112578
     -2.65927939
     -2.26695236
     -1.88281772
     -1.52237952
     -1.18824389
     -0.87085700
     -0.55324057
     -0.21461466
      0.16386216
      0.58387680
      1.01373664
      1.40765005
      1.74632128
      2.04077583
      2.31507886
      2.59930384
      2.93249897
     -2.92444975
     -2.40987606
     -1.92025156
     -1.54443726
     -1.26639043
     -1.04303537
     -0.83756696
     -0.60981489
     -0.28665175
      0.27686701
      1.03253800
      1.53867306
      1.81001848
      1.97817258
      2.10104524
      2.20638859
      2.32423948
      2.55361643
     -2.62183335
     -1.45461477
     -1.23558440
     -1.15555168
     -1.11829643
     -1.10995378
     -1.13686171
     -1.22706063
     -1.55199686
      2.86509416
      2.30063445
      2.15709160
      2.07572866
      2.00187604
      1.90275148
      1.73733625
      1.42121994
      0.75312887
     -0.13266914
     -0.63222559
     -0.88851113
     -1.05608483
     -1.20496534
     -1.38550593
     -1.65326119
     -2.08481114
     -2.71808532
      2.94217775
      2.52022409
      2.24769792
      2.04501747
      1.85235579
      1.61669249
      1.28203568
      0.79877740
      0.20905456
     -0.31224282
     -0.68433830
     -0.94812205
     -1.16278561
     -1.38243018
     -1.65941904
     -2.04489312
     -2.55946679
     -3.11633305
      2.70639164
      2.37235553
      2.12192327
      1.90176722
      1.66002289
      1.34546294
      0.91523192
      0.38090584
     -0.14316861
     -0.55545783
     -0.85777939
     -1.09630488
     -1.32254582
     -1.58753844
     -1.94062923
     -2.41153388
     -2.95282955
      2.84338279
      2.47346570
      2.19754435
      1.96702914
      1.73102449
      1.43893168
      1.04511560
      0.53997192
      0.00647526
     -0.43957977
     -0.77188051
     -1.02689437
     -1.25449723
     -1.50536112
     -1.82939776
     -2.26505055
     -2.79372362
      2.97808543
      2.57418014
      2.27435234
      2.03445467
      1.80408536
      1.53266629
      1.17194704
      0.69629062
      0.15880924
     -0.31934785
     -0.68265822
     -0.95564378
     -1.18638176
     -1.42544607
     -1.72327168
     -2.12440383
     -2.63395902
      3.11935413
      2.68090251
      2.35460578
      2.10263871
      1.87514447
      1.62144091
      1.29154283
      0.84819339
      0.31543220
     -0.19191473
     -0.58851191
     -0.88242554
     -1.11902032
     -1.34889908
     -1.62299399
     -1.99018489
     -2.47493787
     -3.01693637
      2.79245593
      2.43686328
      2.17061212
      1.94440256
      1.70715978
      1.40725463
      0.99781813
      0.47477757
     -0.06193995
     -0.49535899
     -0.81186231
     -1.05408692
     -1.27335031
     -1.52159513
     -1.85250217
     -2.31051558
     -2.86877276
      2.89562897
      2.50719396
      2.22927043
      2.01037688
      1.79801093
      1.53793307
      1.16992662
      0.64911053
      0.05309114
     -0.43598180
     -0.77235870
     -1.00706519
     -1.19680613
     -1.39452813
     -1.66010481
     -2.07610314
     -2.70620725
      2.92711275
      2.49047462
      2.22457720
      2.04839672
      1.90604649
      1.74842664
      1.50747412
      1.02233399
      0.09208010
     -0.60390436
     -0.91350907
     -1.06988441
     -1.16007803
     -1.22326586
     -1.28833544
     -1.39812595
     -1.84743207
      2.28407692
      2.01849605
      1.95263085
      1.94019057
      1.96032516
      2.01048161
      2.10901707
      2.36024411
     -2.86287768
     -1.79885366
     -1.52730233
     -1.38871566
     -1.26982519
     -1.13579640
     -0.95698989
     -0.67716585
     -0.18182147
      0.53003644
      1.08564967
      1.42093032
      1.66057197
      1.87580270
      2.10706976
      2.39022169
      2.76434498
     -3.04189422
     -2.54090798
     -2.11689304
     -1.77871762
     -1.48789165
     -1.20761544
     -0.90899072
     -0.56940073
     -0.17910547
      0.24420503
      0.65955634
      1.03771104
      1.37900756
      1.70024494
      2.02075877
      2.35650069
      2.71636693
      3.09800074
     -2.79577160
     -2.41551913
     -2.05313165
     -1.70634834
     -1.36654595
     -1.02405281
     -0.67184563
     -0.30797448
      0.06374206
      0.43596440
      0.80224532
      1.16033458
      1.51232702
      1.86264191
      2.21563122
      2.57376313
      2.93678290
     -2.98104036
     -2.61661496
     -2.25536899
     -1.89759809
     -1.54191604
     -1.18623657
     -0.82883893
     -0.46907567
     -0.10749986
      0.25458390
      0.61587012
      0.97567824
      1.33415217
      1.69202745
      2.05017840
      2.40919792
      2.76918451
      3.12979120
     -2.79271658
     -2.43243144
     -2.07272859
     -1.71350378
     -1.35447123
     -0.99532290
     -0.63585242
     -0.27600371
      0.08414910
      0.44445557
      0.80474256
      1.16485373
      1.52468166
      1.88420302
      2.24351115
      2.60282094
      2.96241698
     -2.96064703
     -2.59994966
     -2.23890748
     -1.87799788
     -1.51774986
     -1.15845736
     -0.79994576
     -0.44154037
     -0.08230681
      0.27849024
      0.64089672
      1.00403118
      1.36634632
      1.72638116
      2.08364305
      2.43911676
      2.79507939
     -3.12899181
     -2.76508794
     -2.39714088
     -2.02863257
     -1.66434267
     -1.30765195
     -0.95832580
     -0.61203060
     -0.26157979
      0.10033048
      0.47683760
      0.86252517
      1.24377591
      1.60678646
      1.94658697
      2.26941200
      2.59029337
      2.93026004
     -2.97201264
     -2.54404745
     -2.10224348
     -1.70228668
     -1.36997921
     -1.09397948
     -0.84774699
     -0.59627850
     -0.28244671
      0.19810735
      0.87973629
      1.44501687
      1.76752228
      1.95161575
      2.06308854
      2.12906502
      2.16031990
      2.15654644
      1.33260691
     -0.94856407
     -0.99856065
     -1.05247550
     -1.12812282
     -1.24104381
     -1.40731084
     -1.64186045
     -1.95536596
     -2.34200867
     -2.77522729
      3.06523385
      2.64359763
      2.25276594
      1.88457556
      1.52343608
      1.15349468
      0.76317810
      0.35050614
     -0.07273466
     -0.48632880
     -0.87607579
     -1.24203970
     -1.59556422
     -1.95564162
     -2.35193994
     -2.81097839
      2.98965970
      2.55235798
      0.00000000
