      0.00000000
     -2.53788552
     -2.92851052
      2.96404978
      2.57342478
      2.18279978
      1.79217478
      1.40154978
      1.01092478
      0.62029978
      0.22967478
     -0.16095022
     -0.55157522
     -0.94220022
     -1.33282522
     -1.72345022
     -2.11407522
     -2.50470025
     -2.89532561
      2.99723454
      2.60666379
      2.21684297
      1.83153204
      1.45804349
      1.10009577
      0.75377436
      0.40931563
      0.05470833
     -0.31934987
     -0.71315122
     -1.11535755
     -1.50987987
     -1.88680509
     -2.24705912
     -2.60003691
     -2.95897766
      2.94731920
      2.54815715
      2.13536372
      1.72697898
      1.33746592
      0.96871564
      0.61162647
      0.25192067
     -0.12424954
     -0.52392805
     -0.94083582
     -1.35649307
     -1.75340577
     -2.12714949
     -2.48619009
     -2.84541394
      3.06322601
      2.66441673
      2.24581285
      1.82590684
      1.42429784
      1.04746757
      0.68763086
      0.32954098
     -0.04290161
     -0.44013893
     -0.85926134
     -1.28197426
     -1.68702479
     -2.06610205
     -2.42626662
     -2.78296500
      3.13012654
      2.73489591
      2.31593878
      1.89114478
      1.48316384
      1.10208222
      0.74165372
      0.38635638
      0.01870020
     -0.37423832
     -0.79256393
     -1.21901549
     -1.62974426
     -2.01286586
     -2.37369143
     -2.72770831
     -3.09293258
      2.79980315
      2.38247711
      1.95468077
      1.54126820
      1.15596370
      0.79452654
      0.44160939
      0.07875768
     -0.30906158
     -0.72506694
     -1.15392325
     -1.56997804
     -1.95763379
     -2.31992058
     -2.67194038
     -3.03250498
      2.86560142
      2.45121924
      2.02159892
      1.60296704
      1.21280776
      0.84944316
      0.49812668
      0.13977043
     -0.24245153
     -0.65488718
     -1.08492766
     -1.50601669
     -1.89878962
     -2.26342295
     -2.61418376
     -2.97034635
      2.93367603
      2.52361750
      2.09361552
      1.67027707
      1.27483487
      0.90879786
      0.55853866
      0.20471067
     -0.17096453
     -0.57794230
     -1.00720562
     -1.43246072
     -1.83059986
     -2.19814429
     -2.54783893
     -2.89893940
      3.01289600
      2.61021880
      2.18283719
      1.75616353
      1.35522060
      0.98595816
      0.63692192
      0.28919162
     -0.07648186
     -0.47289758
     -0.89655305
     -1.32390300
     -1.72802133
     -2.09962795
     -2.44818246
     -2.79191122
      3.13294647
      2.74547235
      2.32832899
      1.90154205
      1.49351201
      1.11811060
      0.76906763
      0.42937015
      0.07970700
     -0.29599996
     -0.70292650
     -1.12684284
     -1.53952764
     -1.92123523
     -2.27309106
     -2.61007022
     -2.95110784
      2.96982787
      2.57682243
      2.15958594
      1.74255870
      1.35122631
      0.99244898
      0.65485888
      0.32006275
     -0.02989918
     -0.40790387
     -0.81504804
     -1.23474083
     -1.63962061
     -2.01242827
     -2.35765456
     -2.69288620
     -3.03745164
      2.87595264
      2.47364419
      2.04665449
      1.61792930
      1.21186205
      0.83527466
      0.47335797
      0.10296854
     -0.29696901
     -0.73786161
     -1.21286167
     -1.70050709
     -2.18361111
     -2.66003106
     -3.13921472
      2.65162489
      2.15245360
      1.67229477
      1.23053639
      0.82156044
      0.42291039
      0.01063222
     -0.42430134
     -0.86840620
     -1.29922401
     -1.69978192
     -2.06645322
     -2.40854351
     -2.74275019
     -3.08955185
      2.81636748
      2.40983825
      1.99632853
      1.59931354
      1.23093783
      0.88955504
      0.56375991
      0.23681261
     -0.11125765
     -0.49370901
     -0.90042881
     -1.30601844
     -1.69000923
     -2.04525411
     -2.37738709
     -2.69980545
     -3.03051861
      2.89415741
      2.50155731
      2.09295156
      1.69385206
      1.32046076
      0.97497957
      0.64843607
      0.32564918
     -0.01266297
     -0.38369272
     -0.78487094
     -1.19271309
     -1.58379611
     -1.94678705
     -2.28404155
     -2.60719806
     -2.93304872
      3.00163687
      2.61818856
      2.21151526
      1.80739580
      1.42560149
      1.07155376
      0.73215945
      0.32648834
     -2.75831049
      2.99901510
      2.59786402
      2.23578113
      1.90360376
      1.58163998
      1.25143038
      0.89908553
      0.51807220
      0.11431805
     -0.29258768
     -0.67681153
     -1.02605903
     -1.35220622
     -1.67521119
     -2.01196497
     -2.37425781
     -2.76472654
      3.11081080
      2.70920473
      2.33736764
      1.99848543
      1.67561177
      1.34940609
      1.00458935
      0.63200150
      0.23352818
     -0.17493984
     -0.56796926
     -0.92703541
     -1.25790028
     -1.57995695
     -1.91125041
     -2.26524572
     -2.64779053
     -3.05207139
      2.82533856
      2.44360506
      2.09654890
      1.77126082
      1.44796336
      1.11018832
      0.74667568
      0.35557049
     -0.05129341
     -0.45025845
     -0.81849756
     -1.15461815
     -1.47598297
     -1.80136759
     -2.14540799
     -2.51659906
     -2.91234265
      2.96717232
      2.58123038
      2.22987242
      1.90574536
      1.59008036
      1.26636092
      0.92239197
      0.55282658
      0.16431400
     -0.22285258
     -0.58412572
     -0.91179751
     -1.21857368
     -1.52032043
     -1.82922822
     -2.15450147
     -2.50029249
     -2.86143684
      3.06070352
      2.71638751
      2.39338178
      2.08599662
      1.78626612
      1.48544779
      1.17376060
      0.84198723
      0.48536589
      0.10977566
     -0.26681222
     -0.62662216
     -0.96413282
     -1.28515537
     -1.60152873
     -1.92765506
     -2.27752947
     -2.65859911
     -3.06224184
      2.81924411
      2.44115215
      2.09086163
      1.75838548
      1.42756122
      1.08094983
      0.70466992
      0.29740108
     -0.12214704
     -0.52601077
     -0.89943673
     -1.24715179
     -1.58487450
     -1.93151393
     -2.30395100
     -2.70921078
     -3.13483745
      2.73042830
      2.34145349
      1.98202981
      1.63800952
      1.29002205
      0.91968181
      0.51685528
      0.08966399
     -0.33543367
     -0.73399713
     -1.10145668
     -1.45020276
     -1.79950077
     -2.16846000
     -2.56897730
     -2.99581748
      2.85885459
      2.45455647
      2.08179029
      1.72977562
      1.37965267
      1.01203148
      0.61392698
      0.18845931
     -0.24147803
     -0.64938762
     -1.02589917
     -1.38030183
     -1.73088217
     -2.09706131
     -2.49257762
     -2.91607146
      2.93677924
      2.52628192
      2.14671934
      1.79027046
      1.43933334
      1.07459945
      0.68175787
      0.26058153
     -0.16959780
     -0.58220432
     -0.96458240
     -1.32305429
     -1.67444743
     -2.03786282
     -2.42806144
     -2.84673373
      3.00678285
      2.59234804
      2.20722202
      1.84662140
      1.49457572
      1.13226918
      0.74459631
      0.32852599
     -0.10034341
     -0.51635906
     -0.90418638
     -1.26704457
     -1.61996728
     -1.98140994
     -2.36672016
     -2.78013743
      3.07524969
      2.65792466
      2.26747709
      1.90225429
      1.54823788
      1.18741175
      0.80428892
      0.39355927
     -0.03289160
     -0.45121488
     -0.84415062
     -1.21180461
     -1.56710065
     -1.92752861
     -2.30861016
     -2.71659099
     -3.14138422
      2.72284545
      2.32761650
      1.95752409
      1.60082661
      1.24066252
      0.86158549
      0.45653518
      0.03382268
     -0.38529902
     -0.78253556
     -1.15497751
     -1.51306696
     -1.87290341
     -2.24973354
     -2.65134241
     -3.07124823
      2.79333348
      2.39452450
      2.01997940
      1.66075573
      1.30171523
      0.92797157
      0.53105892
      0.11540174
     -0.30150594
     -0.70118433
     -1.07735445
     -1.43706019
     -1.79414932
     -2.16289958
     -2.55241264
     -2.96079736
      2.90959454
      2.51043253
      2.13354413
      1.77460341
      1.42162562
      1.06137159
      0.68444636
      0.28992404
     -0.11228228
     -0.50608362
     -0.88014179
     -1.23474907
     -1.57920780
     -1.92552920
     -2.28347694
     -2.65696550
     -3.04227643
      2.85108805
      2.46051730
      2.06989215
      1.67926678
      1.28864175
      0.89801675
      0.50739175
      0.11676675
     -0.27385825
     -0.66448325
     -1.05510825
     -1.44573325
     -1.83635825
     -2.22698325
     -2.61760825
     -3.00823325
      2.88432706
      2.49370206
      2.10307706
      1.71245206
      0.00000000
