      0.00000000
     -1.42325425
     -1.03262925
     -0.64200425
     -0.25137925
      0.13924575
      0.52987075
      0.92049575
      1.31112075
      1.70174575
      2.09237075
      2.48299575
      2.87362075
     -3.01893955
     -2.62831455
     -2.23768956
     -1.84706456
     -1.45643952
     -1.06581416
     -0.67518900
     -0.28461826
      0.10520257
      0.49051350
      0.86400205
      1.22194977
      1.56827117
      1.91272991
      2.26733720
      2.64139540
      3.03519676
     -2.84578222
     -2.45125990
     -2.07433468
     -1.71408065
     -1.36110286
     -1.00216211
     -0.62527366
     -0.22611162
      0.18668182
      0.59506656
      0.98457962
      1.35332990
      1.71041907
      2.07012487
      2.44629508
      2.84597359
     -3.02030395
     -2.60464670
     -2.20773400
     -1.83399028
     -1.47494968
     -1.11572583
     -0.74118047
     -0.34237119
      0.07623269
      0.49613870
      0.89774770
      1.27457797
      1.63441468
      1.99250456
      2.36494715
      2.76218447
     -3.10187844
     -2.67916551
     -2.27411498
     -1.89503772
     -1.53487315
     -1.17817478
     -0.80808100
     -0.41285038
      0.00610676
      0.43090075
      0.83888170
      1.21996331
      1.58039181
      1.93568916
      2.30334534
      2.69628386
      3.11460947
     -2.74212428
     -2.33139551
     -1.94827391
     -1.58744834
     -1.23343147
     -0.86820719
     -0.47775762
     -0.06043157
      0.36736476
      0.78077733
      1.16608184
      1.52751900
      1.88043614
      2.24328786
      2.63110712
      3.04711248
     -2.80721652
     -2.39116173
     -2.00350599
     -1.64121919
     -1.28919939
     -0.92863479
     -0.54355589
     -0.12917370
      0.30044661
      0.71907850
      1.10923778
      1.47260238
      1.82391886
      2.18227511
      2.56449707
      2.97693271
     -2.87621211
     -2.45512308
     -2.06235015
     -1.69771682
     -1.34695601
     -0.99079342
     -0.61163050
     -0.20157197
      0.22843002
      0.65176847
      1.04721067
      1.41324768
      1.76350687
      2.11733487
      2.49301006
      2.89998784
     -2.95393415
     -2.52867905
     -2.13053991
     -1.76299548
     -1.41330085
     -1.06220037
     -0.69085047
     -0.28817326
      0.13920835
      0.56588201
      0.96682494
      1.33608738
      1.68512361
      2.03285391
      2.39852739
      2.79494311
     -3.06458672
     -2.63723677
     -2.23311844
     -1.86151182
     -1.51295731
     -1.16922855
     -0.81090093
     -0.42342682
     -0.00628345
      0.42050348
      0.82853352
      1.20393493
      1.55297791
      1.89267538
      2.24233854
      2.61804550
      3.02497204
     -2.83429694
     -2.42161213
     -2.03990454
     -1.68804871
     -1.35106955
     -1.01003193
     -0.64778233
     -0.25477690
      0.16245960
      0.57948683
      0.97081922
      1.32959656
      1.66718665
      2.00198278
      2.35194471
      2.72994941
      3.13709358
     -2.72639894
     -2.32151916
     -1.94871150
     -1.60348521
     -1.26825357
     -0.92368813
     -0.55390711
     -0.15159865
      0.27539105
      0.70411624
      1.11018348
      1.48677088
      1.84868757
      2.21907700
      2.61901455
      3.05990715
     -2.74827810
     -2.26063268
     -1.77752866
     -1.30110871
     -0.82192505
     -0.32957935
      0.16959194
      0.64975076
      1.09150915
      1.50048510
      1.89913514
      2.31141331
      2.74634688
     -3.09273358
     -2.66191576
     -2.26135785
     -1.89468655
     -1.55259627
     -1.21838958
     -0.87158792
     -0.49432195
     -0.08779272
      0.32571701
      0.72273199
      1.09110771
      1.43249050
      1.75828562
      2.08523293
      2.43330319
      2.81575454
     -3.06071096
     -2.65512133
     -2.27113054
     -1.91588566
     -1.58375268
     -1.26133433
     -0.93062117
     -0.57211188
     -0.17951177
      0.22909398
      0.62819348
      1.00158477
      1.34706596
      1.67360946
      1.99639635
      2.33470851
      2.70573825
      3.10691647
     -2.76842668
     -2.37734366
     -2.01435272
     -1.67709823
     -1.35394171
     -1.02809105
     -0.67959133
     -0.29614302
      0.11053036
      0.51465040
      0.89644942
      1.25053723
      1.59028564
      1.99999712
     -1.22280111
     -0.68942535
     -0.28767742
      0.07448116
      0.40666831
      0.72863329
      1.05884302
      1.41118789
      1.79220123
      2.19595537
      2.60286110
      2.98708495
     -2.94685286
     -2.62070567
     -2.29770069
     -1.96094692
     -1.59865408
     -1.20818535
     -0.80053738
     -0.39893131
     -0.02709422
      0.31178799
      0.63466165
      0.96086734
      1.30568407
      1.67827192
      2.07674524
      2.48521326
      2.87824268
     -3.04587648
     -2.71501160
     -2.39295493
     -2.06166148
     -1.70766617
     -1.32512136
     -0.92084050
     -0.51506514
     -0.13333164
      0.21372452
      0.53901260
      0.86231006
      1.20008510
      1.56359774
      1.95470293
      2.36156683
      2.76053187
      3.12877098
     -2.81829373
     -2.49692892
     -2.17154430
     -1.82750389
     -1.45631283
     -1.06056923
     -0.65689890
     -0.27095696
      0.08040100
      0.40452806
      0.72019306
      1.04391250
      1.38788145
      1.75744684
      2.14595942
      2.53312601
      2.89439914
     -3.06111438
     -2.75433821
     -2.45259146
     -2.14368367
     -1.81841041
     -1.47261939
     -1.11147505
     -0.75043010
     -0.40611409
     -0.08310836
      0.22427680
      0.52400730
      0.82482564
      1.13651282
      1.46828619
      1.82490753
      2.20049776
      2.57708564
      2.93689558
     -3.00877906
     -2.68775652
     -2.37138316
     -2.04525683
     -1.69538242
     -1.31431277
     -0.91067005
     -0.50897069
     -0.13087873
      0.21941179
      0.55188794
      0.88271220
      1.22932359
      1.60560350
      2.01287234
      2.43242046
      2.83628419
     -3.07347516
     -2.72576010
     -2.38803739
     -2.04139795
     -1.66896089
     -1.26370111
     -0.83807444
     -0.42015488
     -0.03118007
      0.32824361
      0.67226390
      1.02025137
      1.39059161
      1.79341814
      2.22060943
      2.64570709
      3.04427055
     -2.87145521
     -2.52270913
     -2.17341111
     -1.80445189
     -1.40393459
     -0.97709441
     -0.54858116
     -0.14428305
      0.22848313
      0.58049780
      0.93062075
      1.29824194
      1.69634644
      2.12181411
      2.55175145
      2.95966104
     -2.94701272
     -2.59261006
     -2.24202972
     -1.87585058
     -1.48033427
     -1.05684043
     -0.62650582
     -0.21600850
      0.16355409
      0.52000296
      0.87094008
      1.23567397
      1.62851555
      2.04969190
      2.47987123
      2.89247774
     -3.00832949
     -2.64985760
     -2.29846446
     -1.93504906
     -1.54485045
     -1.12617815
     -0.69650943
     -0.28207462
      0.10305140
      0.46365202
      0.81569770
      1.17800424
      1.56567712
      1.98174743
      2.41061684
      2.82663248
     -3.06872550
     -2.70586732
     -2.35294461
     -1.99150195
     -1.60619173
     -1.19277445
     -0.76497627
     -0.34765124
      0.04279633
      0.40801913
      0.76203554
      1.12286167
      1.50598450
      1.91671415
      2.34316502
      2.76148830
     -3.12876127
     -2.76110728
     -2.40581124
     -2.04538328
     -1.66430173
     -1.25632090
     -0.83152767
     -0.41257203
     -0.01734308
      0.35274933
      0.70944681
      1.06961090
      1.44868793
      1.85373824
      2.27645074
      2.69557244
      3.09280898
     -2.81793437
     -2.45984493
     -2.10000848
     -1.72317835
     -1.32156948
     -0.90166365
     -0.48306006
     -0.08425108
      0.29029402
      0.64951769
      1.00855819
      1.38230185
      1.77921450
      2.19487168
      2.61177936
      3.01145775
     -2.89555744
     -2.53585170
     -2.17876257
     -1.81001230
     -1.42049924
     -1.01211452
     -0.59932112
     -0.20015911
      0.17672929
      0.53567002
      0.88864780
      1.24890183
      1.62582706
      2.02034938
      2.42255570
      2.81635704
     -3.09277010
     -2.73816281
     -2.39370409
     -2.04738268
     -1.68943495
     -1.31594639
     -0.93063545
     -0.54081463
     -0.15024388
      0.24038127
      0.63100664
      1.02163167
      1.41225667
      1.80288167
      2.19350667
      2.58413167
      2.97475667
     -2.91780364
     -2.52717864
     -2.13655364
     -1.74592864
     -1.35530364
     -0.96467864
     -0.57405364
     -0.18342864
      0.20719636
      0.59782136
      0.00000000
