      0.00000000
      1.87350469
      2.30992670
      2.79057702
     -3.03505809
     -2.63888822
     -2.27802956
     -1.92336346
     -1.55643384
     -1.16664137
     -0.75455258
     -0.33395303
      0.07660547
      0.46695697
      0.83961041
      1.20545214
      1.57813681
      1.96891643
      2.38068537
      2.80366466
     -3.06443367
     -2.67597078
     -2.32527127
     -2.01015329
     -1.71585543
     -1.42229456
     -1.11007853
     -0.76709813
     -0.39345755
     -0.00178670
      0.38927531
      0.76554673
      1.12365882
      1.46969905
      1.81361207
      2.16374867
      2.52368031
      2.89171499
     -3.02042482
     -2.65174548
     -2.28844205
     -1.93028038
     -1.57470219
     -1.21858719
     -0.85980967
     -0.49797040
     -0.13418912
      0.22975247
      0.59239279
      0.95320324
      1.31261863
      1.67160946
      2.03110894
      2.39159185
      2.75295942
      3.11471325
     -2.80690969
     -2.44590930
     -2.08550815
     -1.72546776
     -1.36544622
     -1.00517945
     -0.64458602
     -0.28376462
      0.07709107
      0.43780298
      0.79828787
      1.15857527
      1.51876925
      1.87898413
      2.23928944
      2.59968755
      2.96012713
     -2.96264682
     -2.60231566
     -2.24207884
     -1.88191439
     -1.52178219
     -1.16164622
     -0.80148988
     -0.44131901
     -0.08115403
      0.27898260
      0.63907667
      0.99912618
      1.35913895
      1.71912672
      2.07909963
      2.43906331
      2.79901879
     -3.12422149
     -2.76429122
     -2.40438162
     -2.04449960
     -1.68465147
     -1.32483993
     -0.96506102
     -0.60530336
     -0.24555135
      0.11420763
      0.47397529
      0.83373818
      1.19347105
      1.55314802
      1.91275726
      2.27231134
      2.63184618
      2.99140634
     -2.93216362
     -2.57249836
     -2.21282859
     -1.85322304
     -1.49373983
     -1.13439091
     -0.77512509
     -0.41584323
     -0.05644409
      0.30311870
      0.66279863
      1.02246294
      1.38194987
      1.74115425
      2.10009873
      2.45894747
      2.81794273
     -3.10590098
     -2.74617710
     -2.38625263
     -2.02646815
     -1.66716267
     -1.30848257
     -0.95026180
     -0.59205369
     -0.23332557
      0.12625973
      0.48661582
      0.84719839
      1.20722376
      1.56606359
      1.92362407
      2.28049588
      2.63775429
      2.99645490
     -2.92614399
     -2.56420706
     -2.20231684
     -1.84210271
     -1.48455777
     -1.12938457
     -0.77493878
     -0.41888731
     -0.05936121
      0.30391397
      0.66915831
      1.03317534
      1.39291772
      1.74719317
      2.09757952
      2.44801264
      2.80309293
     -3.11748047
     -2.74813409
     -2.37678825
     -2.01005410
     -1.65294593
     -1.30597703
     -0.96437527
     -0.61977737
     -0.26392370
      0.10681668
      0.48831400
      0.86958956
      1.23833605
      1.58776414
      1.92045081
      2.24773761
      2.58549099
      2.94712827
     -2.94764087
     -2.54468956
     -2.14987969
     -1.78308288
     -1.45013268
     -1.14064854
     -0.83247564
     -0.49938610
     -0.12219929
      0.29759006
      0.73124455
      1.13800197
      1.49318431
      1.79963332
      2.08119627
      2.37261600
      2.70976355
      3.11507442
     -2.70740567
     -2.24670977
     -1.84345885
     -1.51415031
     -1.23859407
     -0.97908803
     -0.69201053
     -0.33656913
      0.10672641
      0.60327623
      1.06869361
      1.44723351
      1.74381105
      1.99470694
      2.24561374
      2.54394662
      2.93070632
     -2.86939889
     -2.35594262
     -1.91072982
     -1.56719814
     -1.29934696
     -1.06202800
     -0.80640700
     -0.48412116
     -0.05841656
      0.45647609
      0.96339732
      1.37366504
      1.68268976
      1.92988314
      2.16400416
      2.43489995
      2.79011212
     -3.02698486
     -2.49572899
     -2.01430614
     -1.64328218
     -1.36347910
     -1.12875529
     -0.88913616
     -0.59460222
     -0.20068174
      0.30096615
      0.82998312
      1.27474821
      1.60837770
      1.86556013
      2.09531834
      2.34797395
      2.67304846
      3.10819272
     -2.64861526
     -2.13910800
     -1.73518832
     -1.43425607
     -1.19293765
     -0.96116562
     -0.68858449
     -0.32737404
      0.14739530
      0.68298281
      1.16021159
      1.52399139
      1.79814674
      2.03032006
      2.27085847
      2.56984990
      2.97102653
     -2.80455503
     -2.27716020
     -1.83931256
     -1.51194816
     -1.25808747
     -1.02829300
     -0.77225362
     -0.44089087
      0.00113126
      0.52905104
      1.03249616
      1.42910766
      1.72561984
      1.96611219
      2.20055460
      2.47889788
      2.84740073
     -2.95691713
     -2.42591633
     -1.95760513
     -1.59985023
     -1.32723798
     -1.09247956
     -0.84578747
     -0.53846422
     -0.13091114
      0.37371169
      0.88894544
      1.31699794
      1.64169559
      1.89892861
      2.13683502
      2.40411972
      2.74576125
     -3.09519194
     -2.58397132
     -2.10035076
     -1.71123418
     -1.41043034
     -1.15772695
     -0.90602785
     -0.60996649
     -0.23365688
      0.22818283
      0.72220527
      1.16597637
      1.52388741
      1.81381455
      2.07562277
      2.35232374
      2.68094151
      3.08117020
     -2.74570014
     -2.28781506
     -1.88208281
     -1.54225301
     -1.24752644
     -0.96328326
     -0.65576509
     -0.30189033
      0.10123077
      0.53059294
      0.94794488
      1.32560114
      1.66123408
      1.97251091
      2.28430531
      2.61783310
      2.98315464
     -2.90813468
     -2.50804622
     -2.12098299
     -1.75875233
     -1.41908539
     -1.08964926
     -0.75555914
     -0.40603320
     -0.03846025
      0.34100864
      0.72100496
      1.09124616
      1.44769254
      1.79352570
      2.13634384
      2.48396165
      2.84092104
     -3.07632116
     -2.70595995
     -2.33729173
     -1.97476474
     -1.61921952
     -1.26806707
     -0.91707196
     -0.56255929
     -0.20300845
      0.16053762
      0.52529632
      0.88830960
      1.24789515
      1.60425765
      1.95908942
      2.31453933
      2.67214490
      3.03221196
     -2.88933327
     -2.52761033
     -2.16709941
     -1.80831428
     -1.45086836
     -1.09380234
     -0.73612549
     -0.37728267
     -0.01734502
      0.34312113
      0.70339839
      1.06298101
      1.42177936
      1.78009378
      2.13840912
      2.49713734
      2.85643700
     -3.06700462
     -2.70712349
     -2.34741698
     -1.98805499
     -1.62900942
     -1.27010092
     -0.91110870
     -0.55188080
     -0.19239332
      0.16726042
      0.52693377
      0.88650467
      1.24592855
      1.60524561
      1.96454714
      2.32392399
      2.68342433
      3.04303897
     -2.88046939
     -2.52079303
     -2.16115992
     -1.80157639
     -1.44201614
     -1.08243832
     -0.72280878
     -0.36311427
     -0.00336446
      0.35641682
      0.71620478
      1.07598475
      1.43575654
      1.79553176
      2.15532693
      2.51515604
      2.87502578
     -3.04825103
     -2.68831232
     -2.32835506
     -1.96838999
     -1.60842330
     -1.24845407
     -0.88847364
     -0.52846772
     -0.16842146
      0.19167375
      0.55181454
      0.91198416
      1.27215790
      1.63231437
      1.99244823
      2.35257752
      2.71273978
      3.07297603
     -2.84987715
     -2.48946403
     -2.12902286
     -1.76862405
     -1.40831906
     -1.04810514
     -0.68791218
     -0.32762538
      0.03285954
      0.39357198
      0.75442834
      1.11525022
      1.47584377
      1.83611031
      2.19613147
      2.55617155
      2.91657258
     -3.00561224
     -2.64404965
     -2.28229558
     -1.92092788
     -1.56044498
     -1.20094561
     -0.84195490
     -0.48253960
     -0.12172915
      0.24091123
      0.60485292
      0.96863427
      1.33047356
      1.68925107
      2.04536603
      2.40094418
      2.75910584
      3.12240929
     -2.79209665
     -2.42105111
     -2.05301642
     -1.69308478
     -1.34294820
     -0.99903519
     -0.65299497
     -0.29488287
      0.08138858
      0.47245061
      0.86412147
      1.23776203
      1.58074241
      1.89295841
      2.18651927
      2.48081713
      2.79593513
     -3.13655063
     -2.74808772
     -2.33300073
     -1.91002144
     -1.49825251
     -1.10747291
     -0.73478825
     -0.36894652
      0.00370693
      0.39405844
      0.80461696
      1.22521650
      1.63730529
      2.02709774
      2.39402734
      2.74869344
      3.10955212
     -2.77746327
     -2.31991304
     -1.83926273
     -1.40284074
      0.00000000
