      0.00000000
      0.00009594
      0.00031496
      0.00050732
      0.00061893
      0.00067372
      0.00070260
      0.00072310
      0.00074231
      0.00076225
      0.00078305
      0.00080439
      0.00082598
      0.00084762
      0.00086922
      0.00089075
      0.00091219
      0.00093354
      0.00095480
      0.00097597
      0.00099705
      0.00101804
      0.00103894
      0.00105976
      0.00108048
      0.00110111
      0.00112166
      0.00114211
      0.00116248
      0.00118276
      0.00120295
      0.00122305
      0.00124306
      0.00126298
      0.00128281
      0.00130256
      0.00132221
      0.00134178
      0.00136125
      0.00138064
      0.00139994
      0.00141915
      0.00143827
      0.00145730
      0.00147624
      0.00149510
      0.00151386
      0.00153254
      0.00155113
      0.00156962
      0.00158803
      0.00160635
      0.00162458
      0.00164272
      0.00166078
      0.00167874
      0.00169662
      0.00171440
      0.00173210
      0.00174971
      0.00176723
      0.00178466
      0.00180200
      0.00181925
      0.00183641
      0.00185348
      0.00187047
      0.00188737
      0.00190417
      0.00192089
      0.00193752
      0.00195406
      0.00197051
      0.00198687
      0.00200314
      0.00201933
      0.00203542
      0.00205143
      0.00206734
      0.00208317
      0.00209891
      0.00211456
      0.00213012
      0.00214559
      0.00216097
      0.00217627
      0.00219147
      0.00220659
      0.00222161
      0.00223655
      0.00225140
      0.00226616
      0.00228083
      0.00229541
      0.00230990
      0.00232430
      0.00233861
      0.00235284
      0.00236697
      0.00238102
      0.00239498
      0.00240885
      0.00242263
      0.00243632
      0.00244992
      0.00246343
      0.00247685
      0.00249019
      0.00250343
      0.00251659
      0.00252965
      0.00254263
      0.00255552
      0.00256832
      0.00258103
      0.00259365
      0.00260618
      0.00261862
      0.00263098
      0.00264324
      0.00265542
      0.00266750
      0.00267950
      0.00269141
      0.00270323
      0.00271496
      0.00272660
      0.00273815
      0.00274961
      0.00276099
      0.00277227
      0.00278347
      0.00279457
      0.00280559
      0.00281652
      0.00282735
      0.00283810
      0.00284876
      0.00285934
      0.00286982
      0.00288021
      0.00289051
      0.00290073
      0.00291085
      0.00292089
      0.00293084
      0.00294070
      0.00295046
      0.00296014
      0.00296974
      0.00297924
      0.00298865
      0.00299797
      0.00300721
      0.00301635
      0.00302541
      0.00303437
      0.00304325
      0.00305204
      0.00306074
      0.00306935
      0.00307787
      0.00308630
      0.00309464
      0.00310289
      0.00311106
      0.00311913
      0.00312712
      0.00313501
      0.00314282
      0.00315054
      0.00315817
      0.00316571
      0.00317316
      0.00318052
      0.00318779
      0.00319497
      0.00320207
      0.00320907
      0.00321599
      0.00322281
      0.00322955
      0.00323620
      0.00324275
      0.00324922
      0.00325560
      0.00326189
      0.00326810
      0.00327421
      0.00328023
      0.00328617
      0.00329201
      0.00329777
      0.00330343
      0.00330901
      0.00331450
      0.00331990
      0.00332520
      0.00333042
      0.00333556
      0.00334060
      0.00334555
      0.00335041
      0.00335519
      0.00335987
      0.00336447
      0.00336897
      0.00337339
      0.00337772
      0.00338196
      0.00338611
      0.00339017
      0.00339414
      0.00339802
      0.00340181
      0.00340552
      0.00340913
      0.00341266
      0.00341609
      0.00341944
      0.00342270
      0.00342586
      0.00342894
      0.00343193
      0.00343483
      0.00343764
      0.00344037
      0.00344300
      0.00344554
      0.00344800
      0.00345036
      0.00345264
      0.00345482
      0.00345692
      0.00345893
      0.00346085
      0.00346268
      0.00346442
      0.00346607
      0.00346763
      0.00346910
      0.00347048
      0.00347178
      0.00347298
      0.00347410
      0.00347512
      0.00347606
      0.00347691
      0.00347767
      0.00347834
      0.00347892
      0.00347941
      0.00347981
      0.00348012
      0.00348035
      0.00348048
      0.00348052
      0.00348048
      0.00348035
      0.00348012
      0.00347981
      0.00347941
      0.00347892
      0.00347834
      0.00347767
      0.00347691
      0.00347606
      0.00347512
      0.00347410
      0.00347298
      0.00347178
      0.00347048
      0.00346910
      0.00346763
      0.00346607
      0.00346442
      0.00346268
      0.00346085
      0.00345893
      0.00345692
      0.00345482
      0.00345264
      0.00345036
      0.00344800
      0.00344554
      0.00344300
      0.00344037
      0.00343764
      0.00343483
      0.00343193
      0.00342894
      0.00342586
      0.00342270
      0.00341944
      0.00341609
      0.00341266
      0.00340913
      0.00340552
      0.00340181
      0.00339802
      0.00339414
      0.00339017
      0.00338611
      0.00338196
      0.00337772
      0.00337339
      0.00336897
      0.00336447
      0.00335987
      0.00335519
      0.00335041
      0.00334555
      0.00334060
      0.00333556
      0.00333042
      0.00332520
      0.00331990
      0.00331450
      0.00330901
      0.00330343
      0.00329777
      0.00329201
      0.00328617
      0.00328023
      0.00327421
      0.00326810
      0.00326189
      0.00325560
      0.00324922
      0.00324275
      0.00323620
      0.00322955
      0.00322281
      0.00321599
      0.00320907
      0.00320207
      0.00319497
      0.00318779
      0.00318052
      0.00317316
      0.00316571
      0.00315817
      0.00315054
      0.00314282
      0.00313501
      0.00312712
      0.00311913
      0.00311106
      0.00310289
      0.00309464
      0.00308630
      0.00307787
      0.00306935
      0.00306074
      0.00305204
      0.00304325
      0.00303437
      0.00302541
      0.00301635
      0.00300721
      0.00299797
      0.00298865
      0.00297924
      0.00296974
      0.00296014
      0.00295046
      0.00294070
      0.00293084
      0.00292089
      0.00291085
      0.00290073
      0.00289051
      0.00288021
      0.00286982
      0.00285934
      0.00284876
      0.00283810
      0.00282735
      0.00281652
      0.00280559
      0.00279457
      0.00278347
      0.00277227
      0.00276099
      0.00274961
      0.00273815
      0.00272660
      0.00271496
      0.00270323
      0.00269141
      0.00267950
      0.00266750
      0.00265542
      0.00264324
      0.00263098
      0.00261862
      0.00260618
      0.00259365
      0.00258103
      0.00256832
      0.00255552
      0.00254263
      0.00252965
      0.00251659
      0.00250343
      0.00249019
      0.00247685
      0.00246343
      0.00244992
      0.00243632
      0.00242263
      0.00240885
      0.00239498
      0.00238102
      0.00236697
      0.00235284
      0.00233861
      0.00232430
      0.00230990
      0.00229541
      0.00228083
      0.00226616
      0.00225140
      0.00223655
      0.00222161
      0.00220659
      0.00219147
      0.00217627
      0.00216097
      0.00214559
      0.00213012
      0.00211456
      0.00209891
      0.00208317
      0.00206734
      0.00205143
      0.00203542
      0.00201933
      0.00200314
      0.00198687
      0.00197051
      0.00195406
      0.00193752
      0.00192089
      0.00190417
      0.00188737
      0.00187047
      0.00185348
      0.00183641
      0.00181925
      0.00180200
      0.00178466
      0.00176723
      0.00174971
      0.00173210
      0.00171440
      0.00169662
      0.00167874
      0.00166078
      0.00164272
      0.00162458
      0.00160635
      0.00158803
      0.00156962
      0.00155113
      0.00153254
      0.00151386
      0.00149510
      0.00147624
      0.00145730
      0.00143827
      0.00141915
      0.00139994
      0.00138064
      0.00136125
      0.00134178
      0.00132221
      0.00130256
      0.00128281
      0.00126298
      0.00124306
      0.00122305
      0.00120295
      0.00118276
      0.00116248
      0.00114211
      0.00112166
      0.00110111
      0.00108048
      0.00105976
      0.00103894
      0.00101804
      0.00099705
      0.00097597
      0.00095480
      0.00093354
      0.00091219
      0.00089075
      0.00086922
      0.00084762
      0.00082598
      0.00080439
      0.00078305
      0.00076225
      0.00074231
      0.00072310
      0.00070260
      0.00067372
      0.00061893
      0.00050732
      0.00031496
      0.00009594
      0.00000000
