      0.00000000
      0.00000000
      0.00000000
      0.00000000
      0.00000000
      0.00000000
      0.00000000
      0.00000000
      0.00000000
      0.00000000
      0.00000000
      0.00000000
      0.00000000
      0.00000000
      0.00000000
      0.00000000
      0.00000000
      0.00000000
      0.00000000
      0.00000000
      0.00000000
      0.00000000
      0.00000000
      0.00000000
      0.00000000
      0.00000000
      0.00000000
      0.00000000
      0.00000000
      0.00000000
      0.00000000
      0.00000000
      0.00000000
      0.00000000
      0.00000000
      0.00000000
      0.00000000
      0.00000000
      0.00000000
      0.00000000
      0.00000000
      0.00000000
      0.00000000
      0.00000000
      0.00000000
      0.00000000
      0.00000000
      0.00000000
      0.00000000
      0.00000000
      0.00000000
      0.00000000
      0.00000000
      0.00000000
      0.00000000
      0.00000000
      0.00000000
      0.00000000
      0.00000000
      0.00000000
      0.00000000
      0.00000000
      0.00000000
      0.00000000
      0.00000000
      0.00000000
      0.00000000
      0.00000000
      0.00000000
      0.00000000
      0.00000000
      0.00000000
      0.00000000
      0.00000000
      0.00000000
      0.00000000
      0.00000000
      0.00000000
      0.00000000
      0.00000000
      0.00000000
      0.00000000
      0.00000000
      0.00000000
      0.00000001
      0.00000003
      0.00000012
      0.00000038
      0.00000109
      0.00000268
      0.00000566
      0.00001069
      0.00001963
      0.00003765
      0.00007372
      0.00013494
      0.00021768
      0.00030622
      0.00038075
      0.00042666
      0.00044536
      0.00046579
      0.00053056
      0.00064746
      0.00078007
      0.00089304
      0.00097207
      0.00101128
      0.00101049
      0.00099791
      0.00103597
      0.00115243
      0.00129883
      0.00142208
      0.00150663
      0.00155076
      0.00155021
      0.00152056
      0.00152662
      0.00162510
      0.00177669
      0.00191068
      0.00200289
      0.00205469
      0.00206188
      0.00202722
      0.00200370
      0.00207129
      0.00221855
      0.00236304
      0.00246459
      0.00252449
      0.00254197
      0.00251146
      0.00246666
      0.00249601
      0.00262731
      0.00277999
      0.00289259
      0.00296086
      0.00298878
      0.00296815
      0.00291304
      0.00290371
      0.00300656
      0.00316189
      0.00328682
      0.00336429
      0.00340184
      0.00339364
      0.00333872
      0.00329702
      0.00336094
      0.00350962
      0.00364678
      0.00373493
      0.00378139
      0.00378576
      0.00373895
      0.00367591
      0.00369555
      0.00382525
      0.00397195
      0.00407257
      0.00412788
      0.00414368
      0.00410949
      0.00403768
      0.00401479
      0.00411232
      0.00426223
      0.00437663
      0.00444165
      0.00446745
      0.00444731
      0.00437780
      0.00432093
      0.00437569
      0.00451843
      0.00464636
      0.00472273
      0.00475757
      0.00475083
      0.00469133
      0.00461331
      0.00462065
      0.00474279
      0.00488113
      0.00497079
      0.00501463
      0.00501960
      0.00497410
      0.00488852
      0.00485153
      0.00493915
      0.00508084
      0.00518515
      0.00523898
      0.00525400
      0.00522331
      0.00514154
      0.00507024
      0.00511268
      0.00524645
      0.00536499
      0.00543062
      0.00545468
      0.00543767
      0.00536718
      0.00527554
      0.00526885
      0.00538044
      0.00550967
      0.00558915
      0.00562229
      0.00561702
      0.00556131
      0.00546346
      0.00541188
      0.00548700
      0.00561917
      0.00571384
      0.00575721
      0.00576189
      0.00572135
      0.00562859
      0.00554327
      0.00557154
      0.00569464
      0.00580383
      0.00585937
      0.00587306
      0.00584621
      0.00576566
      0.00566128
      0.00563959
      0.00573884
      0.00585852
      0.00592832
      0.00595119
      0.00593594
      0.00587062
      0.00576146
      0.00569516
      0.00575622
      0.00587801
      0.00596329
      0.00599662
      0.00599119
      0.00594110
      0.00583818
      0.00573933
      0.00575238
      0.00586367
      0.00596343
      0.00600926
      0.00601280
      0.00597624
      0.00588617
      0.00576982
      0.00573280
      0.00581851
      0.00592820
      0.00598858
      0.00600142
      0.00597624
      0.00590158
      0.00578187
      0.00570115
      0.00574723
      0.00585787
      0.00593381
      0.00595734
      0.00594184
      0.00588227
      0.00576973
      0.00565803
      0.00565549
      0.00575403
      0.00584412
      0.00588041
      0.00587388
      0.00582756
      0.00572825
      0.00560072
      0.00554860
      0.00561995
      0.00571910
      0.00577009
      0.00577297
      0.00573778
      0.00565381
      0.00552420
      0.00542980
      0.00546049
      0.00555919
      0.00562558
      0.00563937
      0.00561371
      0.00554452
      0.00542273
      0.00529919
      0.00528127
      0.00536624
      0.00544615
      0.00547286
      0.00545618
      0.00539987
      0.00529139
      0.00515364
      0.00508727
      0.00514374
      0.00523154
      0.00527290
      0.00526577
      0.00522029
      0.00512683
      0.00498799
      0.00488124
      0.00489662
      0.00498242
      0.00503873
      0.00504264
      0.00500657
      0.00492738
      0.00479665
      0.00466274
      0.00463033
      0.00470090
      0.00476973
      0.00478657
      0.00475949
      0.00469271
      0.00457497
      0.00442832
      0.00434939
      0.00439067
      0.00446587
      0.00449700
      0.00447956
      0.00442329
      0.00431991
      0.00417279
      0.00405594
      0.00405663
      0.00412813
      0.00417328
      0.00416689
      0.00411988
      0.00403002
      0.00389079
      0.00374899
      0.00370390
      0.00375893
      0.00381501
      0.00382122
      0.00378318
      0.00370508
      0.00357800
      0.00342482
      0.00333641
      0.00336215
      0.00342249
      0.00344205
      0.00341359
      0.00334554
      0.00323166
      0.00307828
      0.00295555
      0.00294265
      0.00299718
      0.00302889
      0.00301112
      0.00295204
      0.00285047
      0.00270425
      0.00255973
      0.00250519
      0.00254205
      0.00258171
      0.00257542
      0.00252502
      0.00243412
      0.00229863
      0.00214494
      0.00205309
      0.00206154
      0.00210146
      0.00210595
      0.00206444
      0.00198260
      0.00185861
      0.00170601
      0.00158726
      0.00156121
      0.00159067
      0.00160223
      0.00156941
      0.00149534
      0.00138202
      0.00123772
      0.00110621
      0.00104710
      0.00105416
      0.00106393
      0.00103686
      0.00096881
      0.00086478
      0.00073428
      0.00060665
      0.00052490
      0.00049775
      0.00048595
      0.00045121
      0.00038373
      0.00029333
      0.00019830
      0.00011830
      0.00006488
      0.00003569
      0.00002071
      0.00001197
      0.00000628
      0.00000284
      0.00000109
      0.00000036
      0.00000011
      0.00000003
      0.00000001
      0.00000000
      0.00000000
      0.00000000
      0.00000000
      0.00000000
      0.00000000
      0.00000000
      0.00000000
      0.00000000
      0.00000000
      0.00000000
      0.00000000
      0.00000000
      0.00000000
      0.00000000
      0.00000000
      0.00000000
      0.00000000
      0.00000000
      0.00000000
      0.00000000
      0.00000000
      0.00000000
      0.00000000
      0.00000000
      0.00000000
      0.00000000
      0.00000000
      0.00000000
      0.00000000
      0.00000000
      0.00000000
      0.00000000
      0.00000000
      0.00000000
      0.00000000
      0.00000000
      0.00000000
      0.00000000
      0.00000000
      0.00000000
      0.00000000
      0.00000000
      0.00000000
      0.00000000
      0.00000000
      0.00000000
      0.00000000
      0.00000000
      0.00000000
      0.00000000
      0.00000000
      0.00000000
      0.00000000
      0.00000000
      0.00000000
      0.00000000
      0.00000000
      0.00000000
      0.00000000
      0.00000000
      0.00000000
      0.00000000
      0.00000000
      0.00000000
      0.00000000
      0.00000000
      0.00000000
      0.00000000
      0.00000000
      0.00000000
      0.00000000
      0.00000000
      0.00000000
      0.00000000
      0.00000000
      0.00000000
      0.00000000
      0.00000000
      0.00000000
      0.00000000
      0.00000000
      0.00000000
      0.00000000
