      0.00000000
     -1.39540241
     -1.79206518
     -2.19551129
     -2.59795303
     -2.99214396
      2.90721393
      2.52994895
      2.15197695
      1.76622329
      1.36954632
      0.96517503
      0.56143179
      0.16638747
     -0.21733597
     -0.59359886
     -0.97017342
     -1.35485717
     -1.75143682
     -2.15681952
     -2.56206389
     -2.95812477
      2.94141724
      2.56628357
      2.19132760
      1.80792861
      1.41153266
      1.00502223
      0.59802455
      0.20073521
     -0.18286503
     -0.55671352
     -0.92977015
     -1.31160209
     -1.70768785
     -2.11546239
     -2.52453812
     -2.92333915
      2.97622987
      2.60386124
      2.23306955
      1.85318710
      1.45760315
      1.04840568
      0.63682183
      0.23611634
     -0.14761331
     -0.51825426
     -0.88628961
     -1.26368401
     -1.65846291
     -2.06926316
     -2.48394505
     -2.88712596
      3.01204818
      2.64345748
      2.27886641
      1.90475742
      1.51129210
      1.09870309
      0.68007697
      0.27353673
     -0.11106665
     -0.47717771
     -0.83730815
     -1.20686886
     -1.59809738
     -2.01260340
     -2.43645958
     -2.84785285
      3.04950355
      2.68645125
      2.33239870
      1.96958669
      1.58247556
      1.16624181
      0.73505292
      0.31593118
     -0.07262674
     -0.43187772
     -0.77698561
     -1.12861229
     -1.50701004
     -1.92320745
     -2.36542105
     -2.79913283
      3.08809878
      2.73306448
      2.40288721
      2.07395477
      1.71994366
      1.31669273
      0.85972998
      0.38764365
     -0.04122395
     -0.40335768
     -0.71237700
     -0.99502513
     -1.28115860
     -1.60341895
     -1.99449496
     -2.46597004
     -2.96881661
      2.86417444
      2.49862254
      2.19519136
      1.91439309
      1.61464464
      1.25657122
      0.81591129
      0.31785461
     -0.15682890
     -0.55125069
     -0.87156030
     -1.15408511
     -1.44165118
     -1.77619477
     -2.18945145
     -2.67524591
      3.11771867
      2.69621396
      2.35588464
      2.06673395
      1.78646738
      1.47174505
      1.08566133
      0.61873291
      0.12091489
     -0.32649203
     -0.69036025
     -0.99095030
     -1.26857116
     -1.56717233
     -1.92714773
     -2.37012278
     -2.86665583
      2.94636413
      2.55620833
      2.23949543
      1.95973982
      1.67313709
      1.33707590
      0.92111139
      0.43486892
     -0.05239278
     -0.47018521
     -0.80740266
     -1.09418339
     -1.37329822
     -1.68861046
     -2.07660497
     -2.54462986
     -3.04099756
      2.79741738
      2.43589895
      2.13718959
      1.86076634
      1.56229816
      1.20138518
      0.75747600
      0.26146982
     -0.20709240
     -0.59571884
     -0.91113031
     -1.18984049
     -1.47589830
     -1.81208063
     -2.22843687
     -2.71446040
      3.08230740
      2.66527852
      2.32872621
      2.04266770
      1.76422408
      1.44934526
      1.06157969
      0.59392635
      0.09803143
     -0.34658833
     -0.70808555
     -1.00652376
     -1.28238208
     -1.58013366
     -1.94029766
     -2.38343733
     -2.87894457
      2.93546273
      2.54626903
      2.23059657
      1.95216639
      1.66686697
      1.33176941
      0.91663108
      0.43144048
     -0.05524235
     -0.47329568
     -0.81067183
     -1.09686561
     -1.37470796
     -1.68837246
     -2.07455709
     -2.54088813
     -3.03676558
      2.80053326
      2.43767703
      2.13860262
      1.86303309
      1.56643209
      1.20805509
      0.76672595
      0.27178746
     -0.19821004
     -0.58920119
     -0.90605195
     -1.18462082
     -1.46899776
     -1.80228110
     -2.21523755
     -2.69917317
      3.09648325
      2.67636984
      2.33728111
      2.05044330
      1.77316442
      1.46117144
      1.07736230
      0.61295046
      0.11689489
     -0.33105795
     -0.69609518
     -0.99636004
     -1.27182261
     -1.56703980
     -1.92303922
     -2.36193391
     -2.85619972
      2.95523187
      2.56172568
      2.24313633
      1.96415182
      1.68075627
      1.34967675
      0.93945179
      0.45705926
     -0.03159024
     -0.45434192
     -0.79567324
     -1.08348482
     -1.36026895
     -1.67037781
     -2.05139061
     -2.51352749
     -3.00981148
      2.82294219
      2.45525799
      2.15345809
      1.87794865
      1.58418453
      1.23083749
      0.79470728
      0.30121625
     -0.17253188
     -0.56892525
     -0.88957786
     -1.16917833
     -1.45163003
     -1.78036954
     -2.18761821
     -2.66830111
      3.12503152
      2.69938529
      2.35553876
      2.06654273
      1.79014555
      1.48194015
      1.10385651
      0.64414492
      0.14765641
     -0.30538682
     -0.67591062
     -0.97943225
     -1.25513103
     -1.54751066
     -1.89818624
     -2.33147492
     -2.82413135
      2.98328725
      2.58391404
      2.26106816
      1.98070962
      1.69907730
      1.37259753
      0.96829988
      0.48934977
     -0.00166424
     -0.43019145
     -0.77659690
     -1.06688393
     -1.34304092
     -1.64949842
     -2.02478559
     -2.48214087
     -2.97879283
      2.84884158
      2.47554335
      2.17026448
      1.89424233
      1.60304561
      1.25481310
      0.82417543
      0.33231833
     -0.14531753
     -0.54748737
     -0.87245637
     -1.15365707
     -1.43468507
     -1.75920716
     -2.16087070
     -2.63826272
     -3.13031740
      2.72174705
      2.37298887
      2.08141680
      1.80530733
      1.50025024
      1.12732928
      0.67198055
      0.17516466
     -0.28254975
     -0.65826120
     -0.96515867
     -1.24163456
     -1.53200902
     -1.87831872
     -2.30683607
     -2.79810301
      3.00589159
      2.60143773
      2.27465993
      1.99259452
      1.71183341
      1.38868774
      0.98896318
      0.51265260
      0.01972061
     -0.41337120
     -0.76395522
     -1.05667463
     -1.33300919
     -1.63727591
     -2.00866110
     -2.46276556
     -2.95986695
      2.86407875
      2.48671177
      2.17855217
      1.90146354
      1.61130716
      1.26598836
      0.83856203
      0.34736636
     -0.13288002
     -0.53865018
     -0.86660144
     -1.14951878
     -1.43057368
     -1.75334212
     -2.15237981
     -2.62858299
     -3.12223569
      2.72697541
      2.37552777
      2.08191249
      1.80487610
      1.50036530
      1.12910090
      0.67482921
      0.17704581
     -0.28270082
     -0.66042995
     -0.96929471
     -1.24735056
     -1.53833250
     -1.88416330
     -2.31223588
     -2.80444896
      2.99806493
      2.59249616
      2.26426446
      1.98027738
      1.69788484
      1.37401282
      0.97386816
      0.49607525
      0.00152299
     -0.43196280
     -0.78318408
     -1.07787829
     -1.35671112
     -1.66269557
     -2.03498412
     -2.49096077
     -2.99072617
      2.83237153
      2.45468529
      2.14429689
      1.86383963
      1.57187395
      1.22777408
      0.80177782
      0.30758502
     -0.17847986
     -0.59026113
     -0.92573818
     -1.21504855
     -1.49199993
     -1.78803875
     -2.13229970
     -2.54514566
     -3.01496333
      2.79750362
      2.37740174
      2.01308741
      1.68211270
      1.35732819
      1.01371426
      0.63166337
      0.20677137
     -0.23844878
     -0.66630325
     -1.05603880
     -1.41327852
     -1.75707639
     -2.10892666
     -2.48677071
     -2.89750837
      2.95461221
      2.53047082
      2.13364411
      1.76479277
      1.41048571
      1.05271513
      0.67551694
      0.27159947
     -0.15096733
     -0.57115909
     -0.97061528
     -1.34600466
     -1.70713305
     -2.06927429
     -2.44669407
     -2.84658046
      3.01977574
      2.60293405
      2.20243440
      1.82285822
      1.45687532
      1.09135780
      0.71346013
      0.31624152
     -0.09641032
     -0.51047107
     -0.91133063
     -1.29380886
     -1.66345561
     -2.03167694
     -2.41012165
     -2.80544453
      3.06828868
      2.65655446
      2.25566377
      1.87106395
      1.49853761
      1.12809050
      0.74909554
      0.35518640
     -0.05172448
     -0.46148694
     -0.86224045
     -1.24845126
     -1.62330867
     -1.99562769
     -2.37515190
     -2.76796980
      3.11037782
      2.70230810
      2.30178035
      1.91431140
      1.53752418
      1.16360383
      0.78357951
      0.39162558
     -0.01148545
     -0.41808494
     -0.81834072
     -1.20681347
     -1.58522660
     -1.96053590
     -2.34102956
     -2.73228627
     -3.13393555
      2.74394031
      2.34397918
      1.95469217
      1.57488972
      1.19836182
      0.81742846
      0.42674273
      0.02634739
     -0.37781962
     -0.77747782
     -1.16768082
      0.00000000
