      0.00000000
      2.23422804
      2.63089081
      3.03433691
     -2.84640665
     -2.45221572
     -2.06838830
     -1.69112332
     -1.31315133
     -0.92739767
     -0.53072070
     -0.12634940
      0.27739384
      0.67243816
      1.05616160
      1.43242448
      1.80899905
      2.19368280
      2.59026245
      2.99564514
     -2.88229579
     -2.48623491
     -2.10259162
     -1.72745795
     -1.35250197
     -0.96910298
     -0.57270704
     -0.16619661
      0.24080108
      0.63809041
      1.02169065
      1.39553914
      1.76859577
      2.15042771
      2.54651347
      2.95428802
     -2.91982156
     -2.52102053
     -2.13740425
     -1.76503562
     -1.39424392
     -1.01436147
     -0.61877752
     -0.20958005
      0.20200380
      0.60270928
      0.98643894
      1.35707988
      1.72511523
      2.10250964
      2.49728853
      2.90808879
     -2.96041463
     -2.55723372
     -2.17322255
     -1.80463185
     -1.44004079
     -1.06593179
     -0.67246648
     -0.25987746
      0.15874866
      0.56528890
      0.94989228
      1.31600333
      1.67613378
      2.04569449
      2.43692301
      2.85142903
     -3.00790010
     -2.59650683
     -2.21067792
     -1.84762562
     -1.49357308
     -1.13076107
     -0.74364993
     -0.32741618
      0.10377271
      0.52289445
      0.91145237
      1.27070334
      1.61581123
      1.96743792
      2.34583567
      2.76203307
     -3.07893864
     -2.64522685
     -2.24927316
     -1.89423885
     -1.56406159
     -1.23512914
     -0.88111803
     -0.47786710
     -0.02090435
      0.45118198
      0.88004957
      1.24218330
      1.55120263
      1.83385076
      2.11998422
      2.44224458
      2.83332058
     -2.97838965
     -2.47554307
     -2.02534882
     -1.65979691
     -1.35636574
     -1.07556747
     -0.77581902
     -0.41774560
      0.02291434
      0.52097102
      0.99565453
      1.39007632
      1.71038593
      1.99291074
      2.28047680
      2.61502040
      3.02827707
     -2.76911377
     -2.27889305
     -1.85738834
     -1.51705901
     -1.22790833
     -0.94764175
     -0.63291943
     -0.24683570
      0.22009272
      0.71791073
      1.16531765
      1.52918587
      1.82977592
      2.10739678
      2.40599795
      2.76597336
     -3.07423690
     -2.57770385
     -2.10753851
     -1.71738271
     -1.40066981
     -1.12091419
     -0.83431146
     -0.49825028
     -0.08228577
      0.40395671
      0.89121841
      1.30901083
      1.64622828
      1.93300901
      2.21212384
      2.52743609
      2.91543060
     -2.89972982
     -2.40336212
     -1.95859176
     -1.59707332
     -1.29836397
     -1.02194072
     -0.72347253
     -0.36255955
      0.08134962
      0.57735581
      1.04591802
      1.43454447
      1.74995594
      2.02866612
      2.31472392
      2.65090626
      3.06726249
     -2.72989928
     -2.24348177
     -1.82645290
     -1.48990058
     -1.20384207
     -0.92539845
     -0.61051964
     -0.22275406
      0.24489927
      0.74079419
      1.18541395
      1.54691118
      1.84534938
      2.12120770
      2.41895929
      2.77912329
     -3.06092235
     -2.56541511
     -2.09663711
     -1.70744340
     -1.39177094
     -1.11334076
     -0.82804135
     -0.49294378
     -0.07780545
      0.40738515
      0.89406798
      1.31212131
      1.64949746
      1.93569123
      2.21353359
      2.52719809
      2.91338272
     -2.90347155
     -2.40759410
     -1.96170764
     -1.59885141
     -1.29977699
     -1.02420746
     -0.72760646
     -0.36922946
      0.07209968
      0.56703817
      1.03703567
      1.42802682
      1.74487757
      2.02344644
      2.30782338
      2.64110672
      3.05406317
     -2.74518651
     -2.25765762
     -1.83754421
     -1.49845548
     -1.21161768
     -0.93433879
     -0.62234581
     -0.23853668
      0.22587516
      0.72193074
      1.16988358
      1.53492081
      1.83518566
      2.11064823
      2.40586542
      2.76186484
     -3.08242577
     -2.58815996
     -2.11640624
     -1.72290006
     -1.40431071
     -1.12532620
     -0.84193065
     -0.51085113
     -0.10062616
      0.38176637
      0.87041586
      1.29316755
      1.63449887
      1.92231044
      2.19909457
      2.50920343
      2.89021624
     -2.93083219
     -2.43454820
     -1.98411656
     -1.61643237
     -1.31463247
     -1.03912303
     -0.74535890
     -0.39201187
      0.04411835
      0.53760938
      1.01135750
      1.40775088
      1.72840349
      2.00800396
      2.29045565
      2.61919517
      3.02644383
     -2.77605857
     -2.28620590
     -1.86055966
     -1.51671314
     -1.22771710
     -0.95131992
     -0.64311453
     -0.26503088
      0.19468071
      0.69116921
      1.14421244
      1.51473625
      1.81825788
      2.09395666
      2.38633628
      2.73701186
     -3.11288476
     -2.62022833
     -2.14446162
     -1.74508842
     -1.42224254
     -1.14188400
     -0.86025168
     -0.53377190
     -0.12947425
      0.34947585
      0.84048987
      1.26901707
      1.61542252
      1.90570955
      2.18186655
      2.48832405
      2.86361121
     -2.96221881
     -2.46556686
     -2.01001595
     -1.63671773
     -1.33143885
     -1.05541671
     -0.76421998
     -0.41598748
      0.01465020
      0.50650729
      0.98414316
      1.38631299
      1.71128200
      1.99248270
      2.27351070
      2.59803279
      2.99969632
     -2.80609696
     -2.31404229
     -1.88292143
     -1.53416325
     -1.24259118
     -0.96648170
     -0.66142461
     -0.28850365
      0.16684507
      0.66366096
      1.12137537
      1.49708683
      1.80398429
      2.08046019
      2.37083465
      2.71714434
     -3.13752361
     -2.64625667
     -2.16706597
     -1.76261210
     -1.43583430
     -1.15376889
     -0.87300778
     -0.54986211
     -0.15013755
      0.32617302
      0.81910501
      1.25219683
      1.60278084
      1.89550026
      2.17183482
      2.47610154
      2.84748673
     -2.98159413
     -2.48449273
     -2.02525313
     -1.64788615
     -1.33972655
     -1.06263792
     -0.77248153
     -0.42716274
      0.00026359
      0.49145926
      0.97170565
      1.37747581
      1.70542706
      1.98834440
      2.26939930
      2.59216775
      2.99120544
     -2.81577669
     -2.32212399
     -1.88814979
     -1.53670214
     -1.24308687
     -0.96605047
     -0.66153967
     -0.29027527
      0.16399642
      0.66177982
      1.12152644
      1.49925558
      1.80812033
      2.08617619
      2.37715812
      2.72298893
     -3.13212380
     -2.63991073
     -2.15923931
     -1.75367054
     -1.42543883
     -1.14145175
     -0.85905922
     -0.53518719
     -0.13504253
      0.34275038
      0.83730264
      1.27078843
      1.62200971
      1.91670392
      2.19553674
      2.50152119
      2.87380974
     -2.95339891
     -2.45363351
     -1.99354590
     -1.61585966
     -1.30547126
     -1.02501400
     -0.73304832
     -0.38894846
      0.03704781
      0.53124061
      1.01730549
      1.42908676
      1.76456381
      2.05387417
      2.33082556
      2.62686437
      2.97112532
     -2.89921402
     -2.42939635
     -1.95867799
     -1.53857612
     -1.17426179
     -0.84328708
     -0.51850257
     -0.17488863
      0.20716226
      0.63205425
      1.07727440
      1.50512888
      1.89486442
      2.25210414
      2.59590202
      2.94775229
     -2.95758897
     -2.54685131
     -2.11578659
     -1.69164520
     -1.29481849
     -0.92596714
     -0.57166008
     -0.21388951
      0.16330868
      0.56722616
      0.98979295
      1.40998472
      1.80944091
      2.18483029
      2.54595868
      2.90809991
     -2.99766561
     -2.59777922
     -2.18095012
     -1.76410843
     -1.36360878
     -0.98403259
     -0.61804969
     -0.25253217
      0.12536549
      0.52258410
      0.93523594
      1.34929670
      1.75015626
      2.13263449
      2.50228123
      2.87050257
     -3.03423803
     -2.63891515
     -2.22946305
     -1.81772883
     -1.41683814
     -1.03223833
     -0.65971198
     -0.28926487
      0.08973009
      0.48363923
      0.89055010
      1.30031257
      1.70106607
      2.08727688
      2.46213429
      2.83445331
     -3.06920778
     -2.67638988
     -2.27155219
     -1.86348248
     -1.46295473
     -1.07548578
     -0.69869856
     -0.32477821
      0.05524611
      0.44720005
      0.85031108
      1.25691057
      1.65716634
      2.04563910
      2.42405223
      2.79936152
     -3.10333012
     -2.71207341
     -2.31042413
     -1.90511469
     -1.50515356
     -1.11586654
     -0.73606410
     -0.35953619
      0.02139716
      0.41208289
      0.81247824
      1.21664524
      1.61630345
      2.00650644
      0.00000000
