      0.00000000
      0.00000000
      0.00000000
      0.00000000
      0.00000000
      0.00000000
      0.00000000
      0.00000000
      0.00000000
      0.00000000
      0.00000000
      0.00000000
      0.00000000
      0.00000000
      0.00000000
      0.00000000
      0.00000000
      0.00000000
      0.00000000
      0.00000000
      0.00000000
      0.00000000
      0.00000000
      0.00000000
      0.00000000
      0.00000000
      0.00000000
      0.00000000
      0.00000000
      0.00000000
      0.00000000
      0.00000000
      0.00000000
      0.00000000
      0.00000000
      0.00000000
      0.00000000
      0.00000000
      0.00000000
      0.00000000
      0.00000000
      0.00000000
      0.00000000
      0.00000000
      0.00000000
      0.00000000
      0.00000000
      0.00000000
      0.00000000
      0.00000000
      0.00000000
      0.00000000
      0.00000000
      0.00000000
      0.00000000
      0.00000000
      0.00000000
      0.00000000
      0.00000000
      0.00000000
      0.00000000
      0.00000000
      0.00000000
      0.00000000
      0.00000000
      0.00000000
      0.00000000
      0.00000000
      0.00000000
      0.00000000
      0.00000000
      0.00000000
      0.00000000
      0.00000000
      0.00000000
      0.00000000
      0.00000000
      0.00000000
      0.00000000
      0.00000000
      0.00000000
      0.00000000
      0.00000000
      0.00000000
      0.00000000
      0.00000000
      0.00000000
      0.00000000
      0.00000000
      0.00000000
      0.00000000
      0.00000000
      0.00000000
      0.00000000
      0.00000000
      0.00000000
      0.00000000
      0.00000000
      0.00000000
      0.00000000
      0.00000000
      0.00000000
      0.00000000
      0.00000000
      0.00000000
      0.00000000
      0.00000000
      0.00000000
      0.00000000
      0.00000000
      0.00000000
      0.00000000
      0.00000000
      0.00000000
      0.00000000
      0.00000000
      0.00000000
      0.00000000
      0.00000000
      0.00000000
      0.00000000
      0.00000000
      0.00000000
      0.00000000
      0.00000000
      0.00000000
      0.00000000
      0.00000000
      0.00000000
      0.00000000
      0.00000000
      0.00000000
      0.00000000
      0.00000000
      0.00000000
      0.00000000
      0.00000000
      0.00000000
      0.00000000
      0.00000000
      0.00000000
      0.00000000
      0.00000000
      0.00000000
      0.00000000
      0.00000002
      0.00000008
      0.00000037
      0.00000142
      0.00000482
      0.00001445
      0.00003870
      0.00009182
      0.00018909
      0.00033314
      0.00050618
      0.00068113
      0.00083919
      0.00097930
      0.00111875
      0.00128009
      0.00146803
      0.00166476
      0.00184906
      0.00200934
      0.00214280
      0.00225633
      0.00237158
      0.00251539
      0.00269229
      0.00287938
      0.00305215
      0.00319931
      0.00331872
      0.00341662
      0.00351455
      0.00364194
      0.00380569
      0.00398167
      0.00414326
      0.00427872
      0.00438599
      0.00447041
      0.00455265
      0.00466370
      0.00481341
      0.00497795
      0.00512902
      0.00525396
      0.00535050
      0.00542324
      0.00549171
      0.00558765
      0.00572386
      0.00587785
      0.00601994
      0.00613606
      0.00622342
      0.00628611
      0.00634265
      0.00642480
      0.00654786
      0.00669137
      0.00682476
      0.00693211
      0.00700979
      0.00706170
      0.00710566
      0.00717307
      0.00728119
      0.00741198
      0.00753447
      0.00763093
      0.00769681
      0.00773585
      0.00776537
      0.00781633
      0.00790768
      0.00802374
      0.00813346
      0.00821753
      0.00827046
      0.00829574
      0.00831010
      0.00834406
      0.00841810
      0.00851877
      0.00861510
      0.00868639
      0.00872626
      0.00873781
      0.00873707
      0.00875413
      0.00881089
      0.00889605
      0.00897882
      0.00903728
      0.00906421
      0.00906223
      0.00904660
      0.00904694
      0.00908648
      0.00915605
      0.00922513
      0.00927074
      0.00928481
      0.00926945
      0.00923913
      0.00922289
      0.00924524
      0.00929911
      0.00935439
      0.00938709
      0.00938834
      0.00935973
      0.00931486
      0.00928217
      0.00928733
      0.00932538
      0.00936671
      0.00938643
      0.00937489
      0.00933313
      0.00927386
      0.00922482
      0.00921277
      0.00923488
      0.00926213
      0.00926877
      0.00924443
      0.00918962
      0.00911609
      0.00905080
      0.00902151
      0.00902754
      0.00904054
      0.00903400
      0.00899684
      0.00892905
      0.00884139
      0.00875994
      0.00871334
      0.00870312
      0.00870170
      0.00868182
      0.00863178
      0.00855106
      0.00844940
      0.00835182
      0.00828780
      0.00826116
      0.00824510
      0.00821170
      0.00814870
      0.00805515
      0.00793967
      0.00782607
      0.00774462
      0.00770148
      0.00767076
      0.00762389
      0.00754816
      0.00744231
      0.00731375
      0.00718484
      0.00708658
      0.00702766
      0.00698318
      0.00692390
      0.00683680
      0.00672038
      0.00658078
      0.00643867
      0.00632547
      0.00625256
      0.00619629
      0.00612672
      0.00603032
      0.00590534
      0.00575679
      0.00560352
      0.00547678
      0.00539048
      0.00532284
      0.00524344
      0.00513782
      0.00500386
      0.00484588
      0.00468120
      0.00454023
      0.00443889
      0.00435797
      0.00426708
      0.00415061
      0.00400592
      0.00383716
      0.00366044
      0.00350471
      0.00338697
      0.00329089
      0.00318684
      0.00305818
      0.00290174
      0.00272186
      0.00253383
      0.00236425
      0.00222962
      0.00211639
      0.00199688
      0.00185399
      0.00168434
      0.00149334
      0.00129591
      0.00111390
      0.00095883
      0.00081868
      0.00067178
      0.00050929
      0.00034311
      0.00019867
      0.00009718
      0.00004049
      0.00001475
      0.00000480
      0.00000140
      0.00000036
      0.00000008
      0.00000002
      0.00000000
      0.00000000
      0.00000000
      0.00000000
      0.00000000
      0.00000000
      0.00000000
      0.00000000
      0.00000000
      0.00000000
      0.00000000
      0.00000000
      0.00000000
      0.00000000
      0.00000000
      0.00000000
      0.00000000
      0.00000000
      0.00000000
      0.00000000
      0.00000000
      0.00000000
      0.00000000
      0.00000000
      0.00000000
      0.00000000
      0.00000000
      0.00000000
      0.00000000
      0.00000000
      0.00000000
      0.00000000
      0.00000000
      0.00000000
      0.00000000
      0.00000000
      0.00000000
      0.00000000
      0.00000000
      0.00000000
      0.00000000
      0.00000000
      0.00000000
      0.00000000
      0.00000000
      0.00000000
      0.00000000
      0.00000000
      0.00000000
      0.00000000
      0.00000000
      0.00000000
      0.00000000
      0.00000000
      0.00000000
      0.00000000
      0.00000000
      0.00000000
      0.00000000
      0.00000000
      0.00000000
      0.00000000
      0.00000000
      0.00000000
      0.00000000
      0.00000000
      0.00000000
      0.00000000
      0.00000000
      0.00000000
      0.00000000
      0.00000000
      0.00000000
      0.00000000
      0.00000000
      0.00000000
      0.00000000
      0.00000000
      0.00000000
      0.00000000
      0.00000000
      0.00000000
      0.00000000
      0.00000000
      0.00000000
      0.00000000
      0.00000000
      0.00000000
      0.00000000
      0.00000000
      0.00000000
      0.00000000
      0.00000000
      0.00000000
      0.00000000
      0.00000000
      0.00000000
      0.00000000
      0.00000000
      0.00000000
      0.00000000
      0.00000000
      0.00000000
      0.00000000
      0.00000000
      0.00000000
      0.00000000
      0.00000000
      0.00000000
      0.00000000
      0.00000000
      0.00000000
      0.00000000
      0.00000000
      0.00000000
      0.00000000
      0.00000000
      0.00000000
      0.00000000
      0.00000000
      0.00000000
      0.00000000
      0.00000000
      0.00000000
      0.00000000
      0.00000000
      0.00000000
      0.00000000
      0.00000000
      0.00000000
      0.00000000
      0.00000000
      0.00000000
      0.00000000
      0.00000000
      0.00000000
      0.00000000
      0.00000000
      0.00000000
      0.00000000
      0.00000000
      0.00000000
      0.00000000
      0.00000000
      0.00000000
