      0.00000000
      0.00000000
      0.00000000
      0.00000000
      0.00000000
      0.00000000
      0.00000000
      0.00000000
      0.00000000
      0.00000000
      0.00000000
      0.00000000
      0.00000000
      0.00000000
      0.00000000
      0.00000000
      0.00000000
      0.00000000
      0.00000000
      0.00000000
      0.00000000
      0.00000000
      0.00000000
      0.00000000
      0.00000000
      0.00000000
      0.00000000
      0.00000000
      0.00000000
      0.00000000
      0.00000000
      0.00000000
      0.00000000
      0.00000000
      0.00000000
      0.00000000
      0.00000000
      0.00000000
      0.00000000
      0.00000000
      0.00000000
      0.00000000
      0.00000000
      0.00000000
      0.00000000
      0.00000000
      0.00000000
      0.00000000
      0.00000000
      0.00000000
      0.00000000
      0.00000000
      0.00000000
      0.00000000
      0.00000000
      0.00000000
      0.00000000
      0.00000000
      0.00000000
      0.00000000
      0.00000000
      0.00000000
      0.00000000
      0.00000000
      0.00000000
      0.00000000
      0.00000000
      0.00000000
      0.00000000
      0.00000000
      0.00000000
      0.00000000
      0.00000000
      0.00000000
      0.00000000
      0.00000000
      0.00000000
      0.00000000
      0.00000000
      0.00000000
      0.00000000
      0.00000000
      0.00000000
      0.00000000
      0.00000000
      0.00000000
      0.00000000
      0.00000000
      0.00000000
      0.00000000
      0.00000000
      0.00000000
      0.00000000
      0.00000000
      0.00000000
      0.00000000
      0.00000000
      0.00000000
      0.00000000
      0.00000000
      0.00000000
      0.00000000
      0.00000000
      0.00000000
      0.00000000
      0.00000000
      0.00000000
      0.00000000
      0.00000000
      0.00000000
      0.00000000
      0.00000000
      0.00000000
      0.00000000
      0.00000000
      0.00000000
      0.00000000
      0.00000000
      0.00000000
      0.00000000
      0.00000000
      0.00000000
      0.00000000
      0.00000000
      0.00000000
      0.00000000
      0.00000000
      0.00000000
      0.00000000
      0.00000000
      0.00000000
      0.00000000
      0.00000000
      0.00000000
      0.00000000
      0.00000000
      0.00000000
      0.00000000
      0.00000000
      0.00000000
      0.00000000
      0.00000000
      0.00000000
      0.00000000
      0.00000000
      0.00000000
      0.00000000
      0.00000000
      0.00000000
      0.00000000
      0.00000000
      0.00000000
      0.00000000
      0.00000000
      0.00000000
      0.00000000
      0.00000001
      0.00000001
      0.00000002
      0.00000002
      0.00000004
      0.00000006
      0.00000009
      0.00000013
      0.00000020
      0.00000030
      0.00000044
      0.00000064
      0.00000094
      0.00000136
      0.00000196
      0.00000280
      0.00000397
      0.00000558
      0.00000778
      0.00001078
      0.00001483
      0.00002024
      0.00002742
      0.00003685
      0.00004911
      0.00006487
      0.00008496
      0.00011043
      0.00014243
      0.00018223
      0.00023122
      0.00029093
      0.00036282
      0.00044825
      0.00054883
      0.00066654
      0.00080317
      0.00095998
      0.00113804
      0.00133800
      0.00155966
      0.00180218
      0.00206511
      0.00234894
      0.00265377
      0.00297824
      0.00332033
      0.00367729
      0.00404531
      0.00442052
      0.00480074
      0.00518628
      0.00557773
      0.00597384
      0.00637205
      0.00676853
      0.00715880
      0.00753949
      0.00790991
      0.00827284
      0.00863193
      0.00898829
      0.00934022
      0.00968364
      0.01001401
      0.01032873
      0.01062830
      0.01091713
      0.01120100
      0.01148263
      0.01176047
      0.01202950
      0.01228442
      0.01252261
      0.01274483
      0.01295602
      0.01316313
      0.01336991
      0.01357472
      0.01377155
      0.01395424
      0.01411990
      0.01426927
      0.01440740
      0.01454197
      0.01467752
      0.01481248
      0.01494018
      0.01505374
      0.01515003
      0.01522971
      0.01529778
      0.01536228
      0.01542841
      0.01549482
      0.01555456
      0.01560024
      0.01562853
      0.01563997
      0.01563941
      0.01563496
      0.01563223
      0.01563024
      0.01562207
      0.01560005
      0.01556068
      0.01550441
      0.01543583
      0.01536283
      0.01529114
      0.01522019
      0.01514343
      0.01505319
      0.01494577
      0.01482158
      0.01468487
      0.01454301
      0.01440156
      0.01426032
      0.01411340
      0.01395338
      0.01377648
      0.01358300
      0.01337683
      0.01316456
      0.01295119
      0.01273683
      0.01251650
      0.01228335
      0.01203362
      0.01176760
      0.01148876
      0.01120268
      0.01091353
      0.01062168
      0.01032339
      0.01001287
      0.00968684
      0.00934585
      0.00899323
      0.00863365
      0.00827060
      0.00790509
      0.00753536
      0.00715781
      0.00677073
      0.00637588
      0.00597722
      0.00557922
      0.00518535
      0.00479798
      0.00441797
      0.00404468
      0.00367853
      0.00332232
      0.00297993
      0.00265470
      0.00234885
      0.00206406
      0.00180110
      0.00155942
      0.00133851
      0.00113874
      0.00096052
      0.00080350
      0.00066662
      0.00054862
      0.00044798
      0.00036276
      0.00029107
      0.00023138
      0.00018233
      0.00014250
      0.00011046
      0.00008494
      0.00006483
      0.00004910
      0.00003687
      0.00002744
      0.00002025
      0.00001483
      0.00001078
      0.00000778
      0.00000557
      0.00000397
      0.00000280
      0.00000196
      0.00000136
      0.00000094
      0.00000064
      0.00000044
      0.00000029
      0.00000020
      0.00000013
      0.00000009
      0.00000006
      0.00000004
      0.00000002
      0.00000002
      0.00000001
      0.00000001
      0.00000000
      0.00000000
      0.00000000
      0.00000000
      0.00000000
      0.00000000
      0.00000000
      0.00000000
      0.00000000
      0.00000000
      0.00000000
      0.00000000
      0.00000000
      0.00000000
      0.00000000
      0.00000000
      0.00000000
      0.00000000
      0.00000000
      0.00000000
      0.00000000
      0.00000000
      0.00000000
      0.00000000
      0.00000000
      0.00000000
      0.00000000
      0.00000000
      0.00000000
      0.00000000
      0.00000000
      0.00000000
      0.00000000
      0.00000000
      0.00000000
      0.00000000
      0.00000000
      0.00000000
      0.00000000
      0.00000000
      0.00000000
      0.00000000
      0.00000000
      0.00000000
      0.00000000
      0.00000000
      0.00000000
      0.00000000
      0.00000000
      0.00000000
      0.00000000
      0.00000000
      0.00000000
      0.00000000
      0.00000000
      0.00000000
      0.00000000
      0.00000000
      0.00000000
      0.00000000
      0.00000000
      0.00000000
      0.00000000
      0.00000000
      0.00000000
      0.00000000
      0.00000000
      0.00000000
      0.00000000
      0.00000000
      0.00000000
      0.00000000
      0.00000000
      0.00000000
      0.00000000
      0.00000000
      0.00000000
      0.00000000
      0.00000000
      0.00000000
      0.00000000
      0.00000000
      0.00000000
      0.00000000
      0.00000000
      0.00000000
      0.00000000
      0.00000000
      0.00000000
      0.00000000
      0.00000000
      0.00000000
      0.00000000
      0.00000000
      0.00000000
      0.00000000
      0.00000000
      0.00000000
      0.00000000
      0.00000000
      0.00000000
      0.00000000
      0.00000000
      0.00000000
      0.00000000
      0.00000000
      0.00000000
      0.00000000
      0.00000000
      0.00000000
      0.00000000
      0.00000000
      0.00000000
      0.00000000
      0.00000000
      0.00000000
      0.00000000
      0.00000000
      0.00000000
      0.00000000
      0.00000000
      0.00000000
      0.00000000
      0.00000000
      0.00000000
      0.00000000
      0.00000000
      0.00000000
      0.00000000
      0.00000000
      0.00000000
      0.00000000
      0.00000000
      0.00000000
      0.00000000
      0.00000000
      0.00000000
      0.00000000
      0.00000000
      0.00000000
      0.00000000
      0.00000000
      0.00000000
      0.00000000
      0.00000000
      0.00000000
      0.00000000
      0.00000000
      0.00000000
      0.00000000
      0.00000000
      0.00000000
      0.00000000
      0.00000000
      0.00000000
      0.00000000
