      0.00000000
     -1.29795128
     -1.68857629
     -2.07920130
     -2.46982632
     -2.86045134
      3.03210895
      2.64148393
      2.25085891
      1.86023389
      1.46960887
      1.07898384
      0.68835882
      0.29773380
     -0.09289122
     -0.48351624
     -0.87414127
     -1.26476629
     -1.65539131
     -2.04601633
     -2.43664136
     -2.82726638
      3.06529391
      2.67466888
      2.28404386
      1.89341884
      1.50279381
      1.11216879
      0.72154377
      0.33091874
     -0.05970628
     -0.45033130
     -0.84095633
     -1.23158135
     -1.62220637
     -2.01283140
     -2.40345642
     -2.79408145
      3.09847884
      2.70785381
      2.31722879
      1.92660376
      1.53597874
      1.14535372
      0.75472869
      0.36410367
     -0.02652136
     -0.41714638
     -0.80777141
     -1.19839643
     -1.58902146
     -1.97964649
     -2.37027151
     -2.76089654
      3.13166374
      2.74103872
      2.35041369
      1.95978867
      1.56916364
      1.17853861
      0.78791359
      0.39728856
      0.00666353
     -0.38396149
     -0.77458652
     -1.16521155
     -1.55583657
     -1.94646160
     -2.33708663
     -2.72771166
     -3.11833668
      2.77422360
      2.38359857
      1.99297354
      1.60234851
      1.21172348
      0.82109846
      0.43047343
      0.03984840
     -0.35077663
     -0.74140166
     -1.13202669
     -1.52265172
     -1.91327675
     -2.30390178
     -2.69452680
     -3.08515183
      2.80740844
      2.41678341
      2.02615838
      1.63553335
      1.24490832
      0.85428329
      0.46365826
      0.07303323
     -0.31759180
     -0.70821683
     -1.09884186
     -1.48946689
     -1.88009193
     -2.27071696
     -2.66134199
     -3.05196702
      2.84059325
      2.44996822
      2.05934319
      1.66871816
      1.27809312
      0.88746809
      0.49684306
      0.10621803
     -0.28440701
     -0.67503204
     -1.06565708
     -1.45628211
     -1.84690714
     -2.23753218
     -2.62815721
     -3.01878225
      2.87377803
      2.48315299
      2.09252796
      1.70190292
      1.31127789
      0.92065285
      0.53002781
      0.13940278
     -0.25122226
     -0.64184730
     -1.03247233
     -1.42309737
     -1.81372241
     -2.20434744
     -2.59497247
     -2.98559750
      2.90696278
      2.51633776
      2.12571274
      1.73508773
      1.34446273
      0.95383774
      0.56321275
      0.17258776
     -0.21803721
     -0.60866219
     -0.99928715
     -1.38991206
     -1.78053676
     -2.17116102
     -2.56178446
     -2.95240325
      2.94019728
      2.54976701
      2.15977822
      1.77056363
      1.38199530
      0.99299599
      0.60187361
      0.20756268
     -0.18912380
     -0.58532047
     -0.97749391
     -1.36374310
     -1.74540681
     -2.12673222
     -2.51274949
     -2.90644184
      2.97657707
      2.57532698
      2.17976710
      1.79384066
      1.41607560
      1.04032401
      0.65899292
      0.26704469
     -0.13489255
     -0.54012427
     -0.93938953
     -1.32660438
     -1.70260110
     -2.07446897
     -2.45168359
     -2.84123514
      3.03957525
      2.63146783
      2.22865269
      1.83923433
      1.46348042
      1.09408043
      0.72030652
      0.33348545
     -0.06823262
     -0.47805034
     -0.88391750
     -1.27604477
     -1.65285988
     -2.02132402
     -2.39275624
     -2.77703409
      3.10586720
      2.69560579
      2.28767403
      1.89296923
      1.51429133
      1.14540368
      0.77499409
      0.39254180
     -0.00614748
     -0.41598678
     -0.82495188
     -1.22158499
     -1.60210323
     -1.97192500
     -2.34205327
     -2.72329507
     -3.12060886
      2.75339793
      2.34392542
      1.94590135
      1.56387921
      1.19318244
      0.82316554
      0.44286880
      0.04673218
     -0.36180124
     -0.77160775
     -1.17075316
     -1.55403395
     -1.92547069
     -2.29537495
     -2.67481811
     -3.06987782
      2.80538986
      2.39531687
      1.99517844
      1.61076693
      1.23866859
      0.86888759
      0.49025926
      0.09623343
     -0.31107213
     -0.72136537
     -1.12242496
     -1.50790305
     -1.88062891
     -2.25028780
     -2.62812382
     -3.02113212
      2.85537277
      2.44490058
      2.04296725
      1.65645563
      1.28311307
      0.91356812
      0.53650993
      0.14451705
     -0.26151586
     -0.67212803
     -1.07490089
     -1.46243000
     -1.83639069
     -2.20583208
     -2.58211977
     -2.97308877
      2.90474022
      2.49402532
      2.09043786
      1.70189566
      1.32730827
      0.95796150
      0.58244615
      0.19252101
     -0.21212263
     -0.62290457
     -1.02729079
     -1.41685235
     -1.79207986
     -2.16133531
     -2.53606167
     -2.92490595
      2.95439477
      2.54357938
      2.13839744
      1.74779579
      1.37191017
      1.00275527
      0.62886240
      0.24116783
     -0.16189125
     -0.57270917
     -0.97870711
     -1.37039763
     -1.74697035
     -2.11599395
     -2.48895511
     -2.87536348
      3.00570625
      2.59492556
      2.18805184
      1.79515842
      1.41781887
      1.04895939
      0.67710152
      0.29224834
     -0.10865874
     -0.51926688
     -0.92708886
     -1.32143125
     -1.69982011
     -2.06866541
     -2.43931019
     -2.82220890
      3.06185684
      2.65192879
      2.24330653
      1.84716725
      1.46700408
      1.09738785
      0.72749083
      0.34668860
     -0.04986542
     -0.45804212
     -0.86670538
     -1.26468847
     -1.64754344
     -2.01934749
     -2.38981028
     -2.76914945
      3.12038258
      2.71505707
      2.30755354
      1.90829221
      1.52232089
      1.14708169
      0.77452252
      0.39549326
      0.00447082
     -0.39730876
     -0.80245482
     -1.20206572
     -1.59109980
     -1.97071156
     -2.34691311
     -2.72709805
     -3.11617915
      2.76919267
      2.36763045
      1.96886377
      1.57705998
      1.19208358
      0.81024685
      0.42672648
      0.03820190
     -0.35559322
     -0.75222312
     -1.14844933
     -1.54220385
     -1.93335944
     -2.32311155
     -2.71273431
     -3.10278451
      2.78998320
      2.39940587
      2.00878703
      1.61816229
      1.22753734
      0.83691237
      0.44628734
      0.05566230
     -0.33496273
     -0.72558773
     -1.11621272
     -1.50683770
     -1.89746267
     -2.28808762
     -2.67871258
     -3.06933753
      2.82322282
      2.43259787
      2.04197291
      1.65134796
      1.26072300
      0.87009804
      0.47947308
      0.08884812
     -0.30177684
     -0.69240180
     -1.08302676
     -1.47365173
     -1.86427669
     -2.25490165
     -2.64552661
     -3.03615158
      2.85640877
      2.46578380
      2.07515884
      1.68453388
      1.29390891
      0.90328395
      0.51265898
      0.12203402
     -0.26859094
     -0.65921591
     -1.04984087
     -1.44046584
     -1.83109080
     -2.22171577
     -2.61234073
     -3.00296570
      2.88959464
      2.49896967
      2.10834471
      1.71771974
      1.32709478
      0.93646981
      0.54584484
      0.15521988
     -0.23540509
     -0.62603006
     -1.01665503
     -1.40727999
     -1.79790496
     -2.18852993
     -2.57915490
     -2.96977987
      2.92278047
      2.53215550
      2.14153054
      1.75090557
      1.36028060
      0.96965563
      0.57903066
      0.18840569
     -0.20221928
     -0.59284425
     -0.98346922
     -1.37409419
     -1.76471916
     -2.15534413
     -2.54596910
     -2.93659407
      2.95596627
      2.56534130
      2.17471633
      1.78409135
      1.39346638
      1.00284141
      0.61221644
      0.22159147
     -0.16903350
     -0.55965847
     -0.95028345
     -1.34090842
     -1.73153339
     -2.12215836
     -2.51278333
     -2.90340831
      2.98915203
      2.59852706
      2.20790208
      1.81727711
      1.42665214
      1.03602716
      0.64540219
      0.25477722
     -0.13584776
     -0.52647273
     -0.91709770
     -1.30772268
     -1.69834765
     -2.08897262
     -2.47959760
     -2.87022257
      3.02233776
      2.63171279
      2.24108781
      1.85046284
      1.45983786
      1.06921289
      0.67858791
      0.28796294
     -0.10266204
     -0.49328701
     -0.88391199
     -1.27453696
     -1.66516194
     -2.05578691
     -2.44641189
     -2.83703686
      3.05552347
      2.66489849
      2.27427352
      1.88364854
      1.49302356
      1.10239859
      0.71177361
      0.32114863
     -0.06947634
     -0.46010132
     -0.85072630
     -1.24135127
     -1.63197625
     -2.02260123
     -2.41322620
     -2.80385118
      3.08870915
      2.69808417
      2.30745919
      1.91683421
      1.52620923
      1.13558425
      0.74495925
      0.00000000
