      0.00000000
     -2.66338606
     -2.27276105
     -1.88213604
     -1.49151102
     -1.10088601
     -0.71026098
     -0.31963596
      0.07098906
      0.46161408
      0.85223910
      1.24286412
      1.63348914
      2.02411417
      2.41473919
      2.80536421
     -3.08719607
     -2.69657105
     -2.30594603
     -1.91532101
     -1.52469599
     -1.13407096
     -0.74344594
     -0.35282092
      0.03780411
      0.42842913
      0.81905415
      1.20967918
      1.60030420
      1.99092922
      2.38155425
      2.77217927
     -3.12038101
     -2.72975599
     -2.33913097
     -1.94850594
     -1.55788092
     -1.16725590
     -0.77663087
     -0.38600585
      0.00461918
      0.39524420
      0.78586923
      1.17649425
      1.56711928
      1.95774430
      2.34836933
      2.73899435
      3.12961938
     -2.76294091
     -2.37231588
     -1.98169086
     -1.59106583
     -1.20044080
     -0.80981578
     -0.41919075
     -0.02856573
      0.36205930
      0.75268433
      1.14330935
      1.53393438
      1.92455941
      2.31518443
      2.70580946
      3.09643449
     -2.79612579
     -2.40550077
     -2.01487574
     -1.62425071
     -1.23362569
     -0.84300066
     -0.45237563
     -0.06175060
      0.32887443
      0.71949945
      1.11012448
      1.50074951
      1.89137454
      2.28199957
      2.67262460
      3.06324963
     -2.82931065
     -2.43868562
     -2.04806059
     -1.65743557
     -1.26681054
     -0.87618551
     -0.48556048
     -0.09493545
      0.29568958
      0.68631461
      1.07693964
      1.46756467
      1.85818971
      2.24881474
      2.63943977
      3.03006480
     -2.86249548
     -2.47187045
     -2.08124542
     -1.69062038
     -1.29999535
     -0.90937032
     -0.51874529
     -0.12812026
      0.26250478
      0.65312981
      1.04375484
      1.43437987
      1.82500491
      2.21562994
      2.60625497
      2.99688001
     -2.89568027
     -2.50505523
     -2.11443020
     -1.72380516
     -1.33318013
     -0.94255509
     -0.55193006
     -0.16130502
      0.22932001
      0.61994505
      1.01057008
      1.40119512
      1.79182015
      2.18244519
      2.57307023
      2.96369526
     -2.92886501
     -2.53823997
     -2.14761493
     -1.75698990
     -1.36636487
     -0.97573984
     -0.58511481
     -0.19448979
      0.19613523
      0.58676023
      0.97738524
      1.36801023
      1.75863522
      2.14926020
      2.53988518
      2.93051016
     -2.96205019
     -2.57142529
     -2.18080058
     -1.79017632
     -1.39955288
     -1.00893409
     -0.61834931
     -0.22791905
      0.16206974
      0.55128434
      0.93985267
      1.32885198
      1.71997436
      2.11428528
      2.51097177
      2.90716844
     -2.98384343
     -2.59759425
     -2.21593053
     -1.83460512
     -1.44858786
     -1.05489551
     -0.65472910
     -0.25347901
      0.14208087
      0.52800731
      0.90577237
      1.28152396
      1.66285504
      2.05480327
      2.45674051
      2.86197224
     -3.02194781
     -2.63473296
     -2.25873624
     -1.88686837
     -1.50965375
     -1.12010220
     -0.71772728
     -0.30961986
      0.09319527
      0.48261364
      0.85836755
      1.22776754
      1.60154145
      1.98836251
      2.39008058
      2.79989830
     -3.07741984
     -2.68529257
     -2.30847746
     -1.94001332
     -1.56858110
     -1.18430326
     -0.78401924
     -0.37375782
      0.03417394
      0.42887873
      0.80755664
      1.17644429
      1.54685387
      1.92930617
      2.32799545
      2.73783475
     -3.13638546
     -2.73975235
     -2.35923411
     -1.98941234
     -1.61928407
     -1.23804227
     -0.84072848
     -0.43154996
     -0.02207746
      0.37594662
      0.75796876
      1.12866553
      1.49868242
      1.87897917
      2.27511579
      2.68364921
      3.09345572
     -2.79058418
     -2.40730339
     -2.03586666
     -1.66596239
     -1.28651923
     -0.89145952
     -0.48354190
     -0.07346890
      0.32666952
      0.71108104
      1.08317938
      1.45296038
      1.83158870
      2.22561454
      2.63292009
      3.04321333
     -2.83891238
     -2.45343429
     -2.08070843
     -1.71104954
     -1.33321352
     -0.94020522
     -0.53352480
     -0.12305262
      0.27888072
      0.66539233
      1.03873490
      1.40827985
      1.78533803
      2.17733092
      2.58336382
      2.99397600
     -2.88643645
     -2.49890734
     -2.12494665
     -1.75550526
     -1.37921757
     -0.98824857
     -0.58289226
     -0.17217736
      0.23141010
      0.61995230
      0.99453970
      1.36388647
      1.73940182
      2.12932696
      2.53397060
      2.94475253
     -2.93404655
     -2.54448499
     -2.16925748
     -1.80000203
     -1.42527567
     -1.03643139
     -0.63254680
     -0.22173141
      0.18345052
      0.57405217
      0.94993780
      1.31909269
      1.69298557
      2.08068014
      2.48373922
      2.89455714
     -2.98263023
     -2.59093971
     -2.21436699
     -1.84534339
     -1.47238223
     -1.08597386
     -0.68385829
     -0.27307759
      0.13379612
      0.52668955
      0.90402910
      1.27288858
      1.64474645
      2.02959963
      2.43050671
      2.84111485
     -3.03424848
     -2.63990609
     -2.26151723
     -1.89267193
     -1.52202715
     -1.13912844
     -0.74000887
     -0.33008082
      0.07854144
      0.47468072
      0.85484389
      1.22446011
      1.59435713
      1.97515936
      2.37171339
      2.77989009
     -3.09463196
     -2.69664887
     -2.31379390
     -1.94198985
     -1.57152706
     -1.19218789
     -0.79853461
     -0.39320910
      0.01429443
      0.41355576
      0.79952708
      1.17476628
      1.54732545
      1.92635470
      2.31737714
      2.71915672
      3.12430278
     -2.75927162
     -2.37023754
     -1.99062578
     -1.61442424
     -1.23423929
     -0.84515819
     -0.44734470
     -0.04578248
      0.35298420
      0.74478799
      1.12976439
      1.51160111
      1.89512148
      2.28364607
      2.67744119
      3.07407109
     -2.81288801
     -2.41913349
     -2.02797790
     -1.63822579
     -1.24860304
     -0.85855284
     -0.46813523
     -0.07755791
      0.31306094
      0.70368567
      1.09431062
      1.48493560
      1.87556063
      2.26618567
      2.65681069
      3.04743570
     -2.84512462
     -2.45449964
     -2.06387467
     -1.67324972
     -1.28262476
     -0.89199981
     -0.50137486
     -0.11074990
      0.27987505
      0.67050001
      1.06112497
      1.45174992
      1.84237488
      2.23299984
      2.62362481
      3.01424977
     -2.87831058
     -2.48768561
     -2.09706065
     -1.70643569
     -1.31581073
     -0.92518576
     -0.53456080
     -0.14393584
      0.24668913
      0.63731409
      1.02793905
      1.41856402
      1.80918898
      2.19981395
      2.59043891
      2.98106388
     -2.91149647
     -2.52087150
     -2.13024654
     -1.73962157
     -1.34899661
     -0.95837164
     -0.56774667
     -0.17712171
      0.21350326
      0.60412822
      0.99475319
      1.38537816
      1.77600312
      2.16662809
      2.55725306
      2.94787803
     -2.94468231
     -2.55405735
     -2.16343238
     -1.77280741
     -1.38218244
     -0.99155747
     -0.60093251
     -0.21030754
      0.18031743
      0.57094240
      0.96156737
      1.35219234
      1.74281731
      2.13344228
      2.52406725
      2.91469222
     -2.97786812
     -2.58724315
     -2.19661818
     -1.80599321
     -1.41536824
     -1.02474327
     -0.63411830
     -0.24349333
      0.14713164
      0.53775661
      0.92838158
      1.31900655
      1.70963153
      2.10025650
      2.49088147
      2.88150644
     -3.01105390
     -2.62042892
     -2.22980395
     -1.83917898
     -1.44855401
     -1.05792903
     -0.66730406
     -0.27667909
      0.11394588
      0.50457086
      0.89519583
      1.28582080
      1.67644578
      2.06707075
      2.45769572
      2.84832070
     -3.04423964
     -2.65361466
     -2.26298969
     -1.87236472
     -1.48173974
     -1.09111477
     -0.70048979
     -0.30986482
      0.08076015
      0.47138513
      0.86201010
      1.25263508
      1.64326005
      2.03388503
      2.42451000
      2.81513498
     -3.07742535
     -2.68680038
     -2.29617540
     -1.90555043
     -1.51492545
     -1.12430048
     -0.73367550
     -0.34305052
      0.04757445
      0.43819943
      0.82882440
      1.21944938
      1.61007436
      2.00069933
      2.39132431
      2.78194929
     -3.11061105
     -2.71998607
     -2.32936109
     -1.93873611
     -1.54811114
     -1.15748616
     -0.76686118
     -0.37623620
      0.01438877
      0.40501375
      0.79563874
      1.18626372
      1.57688871
      0.00000000
