      0.00000000
      0.00000039
      0.00000188
      0.00000495
      0.00000946
      0.00001419
      0.00001719
      0.00001692
      0.00001390
      0.00001188
      0.00001761
      0.00003871
      0.00008002
      0.00014018
      0.00021007
      0.00027423
      0.00031490
      0.00031766
      0.00027788
      0.00020657
      0.00013226
      0.00009398
      0.00012469
      0.00023335
      0.00039894
      0.00058056
      0.00073407
      0.00082351
      0.00082533
      0.00073204
      0.00056119
      0.00036535
      0.00022664
      0.00022157
      0.00037310
      0.00063452
      0.00092166
      0.00115803
      0.00129482
      0.00130592
      0.00118090
      0.00093417
      0.00062837
      0.00038241
      0.00032453
      0.00050396
      0.00085087
      0.00123380
      0.00154326
      0.00172193
      0.00174604
      0.00160354
      0.00130096
      0.00090082
      0.00055068
      0.00043314
      0.00063241
      0.00105813
      0.00152882
      0.00190210
      0.00211587
      0.00215264
      0.00200064
      0.00165653
      0.00117577
      0.00072661
      0.00054561
      0.00075848
      0.00125711
      0.00180844
      0.00223764
      0.00248071
      0.00252933
      0.00237371
      0.00199993
      0.00145126
      0.00090870
      0.00066029
      0.00087916
      0.00144401
      0.00206980
      0.00254916
      0.00281779
      0.00287839
      0.00272480
      0.00233267
      0.00172887
      0.00109849
      0.00077657
      0.00099021
      0.00161274
      0.00230800
      0.00283451
      0.00312736
      0.00320136
      0.00305582
      0.00265702
      0.00201191
      0.00129980
      0.00089541
      0.00108737
      0.00175624
      0.00251719
      0.00309084
      0.00340906
      0.00349909
      0.00336801
      0.00297483
      0.00230407
      0.00151798
      0.00101987
      0.00116752
      0.00186740
      0.00269113
      0.00331492
      0.00366211
      0.00377178
      0.00366155
      0.00328667
      0.00260810
      0.00175910
      0.00115558
      0.00122999
      0.00193996
      0.00282332
      0.00350303
      0.00388522
      0.00401896
      0.00393557
      0.00359132
      0.00292474
      0.00202888
      0.00131103
      0.00127794
      0.00196943
      0.00290711
      0.00365074
      0.00407650
      0.00423964
      0.00418820
      0.00388560
      0.00325186
      0.00233129
      0.00149714
      0.00131974
      0.00195450
      0.00293603
      0.00375263
      0.00423322
      0.00443232
      0.00441697
      0.00416465
      0.00358390
      0.00266674
      0.00172574
      0.00136984
      0.00189886
      0.00290448
      0.00380210
      0.00435152
      0.00459504
      0.00461918
      0.00442259
      0.00391212
      0.00303049
      0.00200668
      0.00144845
      0.00181346
      0.00280930
      0.00379148
      0.00442600
      0.00472520
      0.00479232
      0.00465352
      0.00422550
      0.00341177
      0.00234402
      0.00157901
      0.00171854
      0.00265233
      0.00371283
      0.00444948
      0.00481916
      0.00493418
      0.00485250
      0.00451256
      0.00379449
      0.00273245
      0.00178292
      0.00164408
      0.00244397
      0.00355974
      0.00441296
      0.00487181
      0.00504267
      0.00501621
      0.00476325
      0.00415963
      0.00315580
      0.00207235
      0.00162666
      0.00220675
      0.00333056
      0.00430640
      0.00487597
      0.00511517
      0.00514302
      0.00497067
      0.00448879
      0.00358885
      0.00244359
      0.00170161
      0.00197701
      0.00303303
      0.00412074
      0.00482231
      0.00514771
      0.00523246
      0.00513176
      0.00476768
      0.00400257
      0.00287481
      0.00189153
      0.00180159
      0.00268904
      0.00385154
      0.00470017
      0.00513424
      0.00528398
      0.00524688
      0.00498831
      0.00437056
      0.00333028
      0.00219596
      0.00172762
      0.00233706
      0.00350404
      0.00449969
      0.00506647
      0.00529582
      0.00531836
      0.00514919
      0.00467432
      0.00376969
      0.00258853
      0.00178725
      0.00202855
      0.00309821
      0.00421562
      0.00493484
      0.00526407
      0.00534869
      0.00525372
      0.00490547
      0.00415834
      0.00302419
      0.00198431
      0.00181636
      0.00267084
      0.00385208
      0.00473081
      0.00518269
      0.00533896
      0.00530773
      0.00506462
      0.00447375
      0.00345314
      0.00229131
      0.00173781
      0.00227140
      0.00342677
      0.00445039
      0.00504474
      0.00528809
      0.00531697
      0.00515830
      0.00470712
      0.00383397
      0.00265919
      0.00180080
      0.00195049
      0.00297179
      0.00409798
      0.00484458
      0.00519305
      0.00528548
      0.00519540
      0.00486048
      0.00414087
      0.00303401
      0.00198138
      0.00174445
      0.00252908
      0.00368886
      0.00458076
      0.00505029
      0.00521507
      0.00518434
      0.00494225
      0.00436386
      0.00337138
      0.00223408
      0.00166375
      0.00214050
      0.00324872
      0.00425847
      0.00485758
      0.00510582
      0.00513155
      0.00496300
      0.00450470
      0.00364328
      0.00250822
      0.00169159
      0.00183635
      0.00280923
      0.00389044
      0.00461600
      0.00495734
      0.00504124
      0.00493258
      0.00457161
      0.00383763
      0.00276122
      0.00179269
      0.00162767
      0.00240093
      0.00349561
      0.00433102
      0.00477015
      0.00491593
      0.00485884
      0.00457496
      0.00395391
      0.00296476
      0.00192623
      0.00150584
      0.00204615
      0.00309568
      0.00401247
      0.00454670
      0.00475742
      0.00474744
      0.00452456
      0.00399804
      0.00310450
      0.00205642
      0.00144865
      0.00175493
      0.00271079
      0.00367309
      0.00429172
      0.00456763
      0.00460230
      0.00442848
      0.00397842
      0.00317656
      0.00215767
      0.00142884
      0.00152526
      0.00235585
      0.00332629
      0.00401174
      0.00434908
      0.00442623
      0.00429280
      0.00390350
      0.00318343
      0.00221514
      0.00142125
      0.00134661
      0.00203878
      0.00298383
      0.00371407
      0.00410489
      0.00422144
      0.00412190
      0.00378060
      0.00313070
      0.00222273
      0.00140681
      0.00120468
      0.00176082
      0.00265421
      0.00340554
      0.00383840
      0.00398976
      0.00391887
      0.00361564
      0.00302502
      0.00218035
      0.00137357
      0.00108546
      0.00151834
      0.00234197
      0.00309148
      0.00355264
      0.00373272
      0.00368582
      0.00341320
      0.00287302
      0.00209168
      0.00131599
      0.00097766
      0.00130500
      0.00204793
      0.00277505
      0.00324981
      0.00345134
      0.00342416
      0.00317689
      0.00268096
      0.00196252
      0.00123346
      0.00087365
      0.00111376
      0.00177013
      0.00245720
      0.00293093
      0.00314608
      0.00313474
      0.00290959
      0.00245466
      0.00179973
      0.00112871
      0.00076927
      0.00093814
      0.00150489
      0.00213694
      0.00259574
      0.00281662
      0.00281787
      0.00261365
      0.00219954
      0.00161052
      0.00100644
      0.00066314
      0.00077311
      0.00124809
      0.00181213
      0.00224292
      0.00246190
      0.00247338
      0.00229102
      0.00192049
      0.00140177
      0.00087199
      0.00055580
      0.00061552
      0.00099643
      0.00148051
      0.00187058
      0.00208015
      0.00210037
      0.00194287
      0.00162142
      0.00117915
      0.00073016
      0.00044890
      0.00046455
      0.00074884
      0.00114116
      0.00147707
      0.00166899
      0.00169681
      0.00156880
      0.00130403
      0.00094576
      0.00058389
      0.00034438
      0.00032208
      0.00050809
      0.00079637
      0.00106209
      0.00122516
      0.00125794
      0.00116433
      0.00096504
      0.00069934
      0.00043188
      0.00024292
      0.00019241
      0.00028198
      0.00045367
      0.00062784
      0.00074336
      0.00077251
      0.00071536
      0.00059000
      0.00042679
      0.00026437
      0.00014156
      0.00008387
      0.00009249
      0.00014483
      0.00020731
      0.00025100
      0.00026092
      0.00023685
      0.00018902
      0.00013209
      0.00007974
      0.00004084
      0.00001791
      0.00000820
      0.00000628
      0.00000694
      0.00000698
      0.00000557
      0.00000337
      0.00000143
      0.00000032
      0.00000000
