             NaN
     -2.16171183
     -1.86150061
     -1.63086381
     -1.44281665
     -1.27154781
     -1.09138624
     -0.86616832
     -0.52741471
      0.02790406
      0.69518109
      1.15935209
      1.43172454
      1.60932376
      1.74259635
      1.85625532
      1.96558319
      2.08426378
      2.23064959
      2.43858120
      2.78084439
     -2.92114735
     -2.25812419
     -1.82558691
     -1.57617472
     -1.41371544
     -1.29099484
     -1.18357221
     -1.07420612
     -0.94489486
     -0.76819710
     -0.48903150
     -0.00221822
      0.68211085
      1.21369398
      1.51848590
      1.70536458
      1.83751881
      1.94629723
      2.05206441
      2.17387709
      2.33753199
      2.59113277
      3.03148868
     -2.57995922
     -1.99612164
     -1.65514110
     -1.45181731
     -1.31329924
     -1.20371200
     -1.10050255
     -0.98358851
     -0.82767071
     -0.58826163
     -0.17496603
      0.48171511
      1.09684319
      1.46367544
      1.67903728
      1.82214274
      1.93210734
      2.03313797
      2.14623438
      2.29660768
      2.52652273
      2.92155515
     -2.71864833
     -2.08259322
     -1.69566646
     -1.47073136
     -1.32401968
     -1.21390795
     -1.11487118
     -1.00511535
     -0.85939165
     -0.63708018
     -0.25664404
      0.37317754
      1.02515585
      1.42970473
      1.66324390
      1.81324451
      1.92350901
      2.02068738
      2.12725490
      2.26849270
      2.48353769
      2.85002766
     -2.81779127
     -2.15203568
     -1.72965142
     -1.48715434
     -1.33356200
     -1.22287646
     -1.12739384
     -1.02404681
     -0.88758422
     -0.68040627
     -0.32907240
      0.26859966
      0.94718323
      1.38987021
      1.64290104
      1.80098208
      1.91263901
      2.00667213
      2.10668352
      2.23781898
      2.43599742
      2.76991566
     -2.93828288
     -2.24809288
     -1.78073251
     -1.51439397
     -1.35033118
     -1.23684418
     -1.14387486
     -1.04730424
     -0.92215083
     -0.73431841
     -0.42046476
      0.12552715
      0.82426983
      1.32219880
      1.60588941
      1.77806634
      1.89459168
      1.98708470
      2.08021293
      2.19877037
      2.37495713
      2.66626356
     -3.10679749
     -2.40602481
     -1.87074105
     -1.56420659
     -1.38104691
     -1.25986536
     -1.16699010
     -1.07710859
     -0.96559072
     -0.80209798
     -0.53522510
     -0.06732511
      0.62419131
      1.20321412
      1.53979859
      1.73771146
      1.86565845
      1.96011893
      2.04723708
      2.15155330
      2.30169818
      2.54311284
      2.96413117
     -2.65291228
     -2.02667466
     -1.65084658
     -1.43325157
     -1.29582909
     -1.19816166
     -1.11295383
     -1.01562893
     -0.87900719
     -0.66312972
     -0.29107610
      0.33088895
      1.00086912
      1.42712775
      1.67086778
      1.82122671
      1.92421586
      2.00880444
      2.09979030
      2.22322860
      2.41436538
      2.73816057
     -2.98431542
     -2.28563947
     -1.79673660
     -1.51834585
     -1.35062362
     -1.23962697
     -1.15387757
     -1.06808866
     -0.95697392
     -0.78906687
     -0.51050516
     -0.02165026
      0.67715757
      1.23862038
      1.56278436
      1.75357991
      1.87593517
      1.96514693
      2.04739575
      2.14755632
      2.29427926
      2.53210219
      2.94718142
     -2.67410167
     -2.03963070
     -1.65567591
     -1.43435034
     -1.29648557
     -1.20096973
     -1.12008928
     -1.02902275
     -0.90104972
     -0.69883820
     -0.35221797
      0.23952715
      0.92844085
      1.38796033
      1.64964215
      1.80817743
      1.91339640
      1.99556839
      2.07986258
      2.19181396
      2.36358650
      2.65093922
     -3.12835333
     -2.42631102
     -1.87862303
     -1.56374642
     -1.37803986
     -1.25912249
     -1.17256031
     -1.09230300
     -0.99340428
     -0.84714994
     -0.60899388
     -0.19290684
      0.46979500
      1.10418983
      1.48815034
      1.70934703
      1.84664707
      1.94107844
      2.02037601
      2.10939581
      2.23472184
      2.43296634
      2.77237230
     -2.92849168
     -2.23529846
     -1.76561427
     -1.49822336
     -1.33699093
     -1.23087818
     -1.14921815
     -1.06674533
     -0.95805780
     -0.79177424
     -0.51459658
     -0.02785544
      0.67079721
      1.23609319
      1.56310138
      1.75495536
      1.87688331
      1.96436365
      2.04370551
      2.13979866
      2.28078009
      2.50912808
      2.90678913
     -2.72899014
     -2.07782346
     -1.67588836
     -1.44525217
     -1.30301125
     -1.20621803
     -1.12660754
     -1.03928107
     -0.91798922
     -0.72747975
     -0.40312038
      0.15845120
      0.85793677
      1.34819628
      1.62746421
      1.79496913
      1.90452616
      1.98767291
      2.06982707
      2.17623900
      2.33757655
      2.60492730
      3.07456589
     -2.51549976
     -1.93354224
     -1.59440721
     -1.39613536
     -1.27044878
     -1.18073975
     -1.10045297
     -1.00474543
     -0.86574952
     -0.64185156
     -0.25283665
      0.38657290
      1.04456041
      1.45465879
      1.68977254
      1.83484793
      1.93381621
      2.01517684
      2.10381000
      2.22592985
      2.41686089
      2.74155012
     -2.97946512
     -2.28060492
     -1.79197566
     -1.51357722
     -1.34598957
     -1.23545621
     -1.15051573
     -1.06584396
     -0.95615932
     -0.79021088
     -0.51485992
     -0.03120562
      0.66624738
      1.23281184
      1.56071446
      1.75372885
      1.87770022
      1.96823973
      2.05154533
      2.15242719
      2.29951867
      2.53751554
      2.95306509
     -2.66782078
     -2.03505626
     -1.65271129
     -1.43171479
     -1.29289905
     -1.19525298
     -1.11123973
     -1.01620510
     -0.88320685
     -0.67340952
     -0.31256747
      0.29693525
      0.97494422
      1.41404792
      1.66498679
      1.81955157
      1.92530064
      2.01158330
      2.10313377
      2.22578123
      2.41431473
      2.73273248
     -2.99719343
     -2.29784472
     -1.80336040
     -1.52139728
     -1.35071489
     -1.23635417
     -1.14672220
     -1.05681939
     -0.94157420
     -0.76902140
     -0.48301069
      0.01888061
      0.71913608
      1.26378329
      1.57673087
      1.76334433
      1.88638235
      1.98001388
      2.06964302
      2.17979731
      2.34042251
      2.60182927
      3.06044209
     -2.53527668
     -1.94851177
     -1.60583497
     -1.40401165
     -1.27260625
     -1.17468339
     -1.08434718
     -0.97749437
     -0.82568094
     -0.58291881
     -0.15925017
      0.50840627
      1.12812470
      1.49819886
      1.71406134
      1.85324162
      1.95547532
      2.04718066
      2.15208998
      2.29746666
      2.52606200
      2.92203014
     -2.71550964
     -2.07149520
     -1.67704662
     -1.44859845
     -1.30239798
     -1.19600933
     -1.10251445
     -0.99854856
     -0.85784678
     -0.64015711
     -0.26622286
      0.35781062
      1.01898879
      1.43467693
      1.67422638
      1.82667728
      1.93699267
      2.03253133
      2.13625501
      2.27350743
      2.48249376
      2.83831962
     -2.84135728
     -2.16828635
     -1.73390580
     -1.48443775
     -1.32634925
     -1.21230099
     -1.11455963
     -1.01062990
     -0.87609980
     -0.67460989
     -0.33481792
      0.24842642
      0.92980718
      1.38170749
      1.64063263
      1.80410424
      1.92183751
      2.02191287
      2.12627977
      2.25832479
      2.45251651
      2.77632942
     -2.94574715
     -2.25852070
     -1.78797246
     -1.51876945
     -1.34955399
     -1.22790685
     -1.12532033
     -1.02046745
     -0.89116768
     -0.70515328
     -0.39954466
      0.13402843
      0.82453689
      1.31841546
      1.60089751
      1.77723736
      1.90349891
      2.00892552
      2.11418175
      2.23996455
      2.41572422
      2.69823155
     -3.08977153
     -2.40168941
     -1.87420116
     -1.57134179
     -1.38459723
     -1.25213291
     -1.14317145
     -1.03764317
     -0.91674343
     -0.75488976
     -0.50407594
     -0.06749173
      0.59994786
      1.18106438
      1.52164124
      1.72696122
      1.86955757
      1.98387488
      2.08979485
      2.20357556
      2.34499924
      2.54839866
      2.88613452
     -2.82025810
     -2.15652740
     -1.71984855
     -1.46578201
     -1.29797645
     -1.16960819
     -1.05777743
     -0.94818850
     -0.82804244
     -0.68036579
     -0.47460767
     -0.14732069
      0.39724698
      1.06115323
      1.54444004
      1.85209217
      2.08236110
      2.29414433
      2.52627321
      2.81314494
      0.00000000
