      0.00000000
      3.00003373
      2.69982252
      2.46918571
      2.28113855
      2.10986972
      1.92970814
      1.70449023
      1.36573661
      0.81041784
      0.14314081
     -0.32103018
     -0.59340264
     -0.77100186
     -0.90427445
     -1.01793341
     -1.12726129
     -1.24594188
     -1.39232769
     -1.60025929
     -1.94252249
     -2.52371605
      3.09644610
      2.66390881
      2.41449662
      2.25203734
      2.12931674
      2.02189411
      1.91252803
      1.78321677
      1.60651901
      1.32735340
      0.84054012
      0.15621105
     -0.37537207
     -0.68016399
     -0.86704267
     -0.99919691
     -1.10797532
     -1.21374251
     -1.33555518
     -1.49921008
     -1.75281087
     -2.19316678
     -2.86490419
      2.83444354
      2.49346300
      2.29013921
      2.15162115
      2.04203391
      1.93882445
      1.82191041
      1.66599261
      1.42658354
      1.01328793
      0.35660679
     -0.25852128
     -0.62535354
     -0.84071537
     -0.98382084
     -1.09378544
     -1.19481607
     -1.30791248
     -1.45828578
     -1.68820083
     -2.08323324
     -2.72621507
      2.92091512
      2.53398836
      2.30905326
      2.16234158
      2.05222986
      1.95319309
      1.84343725
      1.69771355
      1.47540209
      1.09496595
      0.46514436
     -0.18683395
     -0.59138282
     -0.82492200
     -0.97492261
     -1.08518710
     -1.18236548
     -1.28893300
     -1.43017079
     -1.64521578
     -2.01170576
     -2.62707213
      2.99035758
      2.56797333
      2.32547625
      2.17188391
      2.06119836
      1.96571574
      1.86236871
      1.72590612
      1.51872818
      1.16739431
      0.56972225
     -0.10886133
     -0.55154831
     -0.80457913
     -0.96266017
     -1.07431711
     -1.16835022
     -1.26836161
     -1.39949708
     -1.59767552
     -1.93159376
     -2.50658052
      3.08641479
      2.61905442
      2.35271587
      2.18865309
      2.07516608
      1.98219677
      1.88562614
      1.76047274
      1.57264032
      1.25878666
      0.71279476
      0.01405207
     -0.48387689
     -0.76756750
     -0.93974444
     -1.05626977
     -1.14876279
     -1.24189102
     -1.36044846
     -1.53663523
     -1.82794165
     -2.33806591
     -3.03883859
      2.70906296
      2.40252850
      2.21936881
      2.09818727
      2.00531201
      1.91543050
      1.80391263
      1.64041989
      1.37354701
      0.90564701
      0.21413060
     -0.36489221
     -0.70147668
     -0.89938955
     -1.02733654
     -1.12179702
     -1.20891517
     -1.31323139
     -1.46337627
     -1.70479093
     -2.12580926
     -2.79195111
      2.86499657
      2.48916850
      2.27157348
      2.13415100
      2.03648357
      1.95127574
      1.85395084
      1.71732910
      1.50145163
      1.12939802
      0.50743296
     -0.16254721
     -0.58880583
     -0.83254586
     -0.98290480
     -1.08589394
     -1.17048252
     -1.26146839
     -1.38490669
     -1.57604347
     -1.89983866
     -2.46054797
      3.12396138
      2.63505852
      2.35666776
      2.18894553
      2.07794888
      1.99219948
      1.90641058
      1.79529584
      1.62738879
      1.34882707
      0.85997218
      0.16116435
     -0.40029847
     -0.72446245
     -0.91525799
     -1.03761325
     -1.12682502
     -1.20907384
     -1.30923440
     -1.45595734
     -1.69378027
     -2.10885951
     -2.77076172
      2.87795261
      2.49399782
      2.27267225
      2.13480748
      2.03929164
      1.95841119
      1.86734466
      1.73937163
      1.53716012
      1.19053989
      0.59879477
     -0.09011894
     -0.54963842
     -0.81132023
     -0.96985551
     -1.07507448
     -1.15724647
     -1.24154066
     -1.35349205
     -1.52526459
     -1.81261730
     -2.31651006
     -3.01855237
      2.71694495
      2.40206833
      2.21636178
      2.09744441
      2.01088223
      1.93062492
      1.83172620
      1.68547186
      1.44731580
      1.03122876
      0.36852692
     -0.26586791
     -0.64982842
     -0.87102511
     -1.00832515
     -1.10275652
     -1.18205409
     -1.27107389
     -1.39639992
     -1.59464442
     -1.93405038
     -2.51637171
      3.07362038
      2.60393619
      2.33654528
      2.17531285
      2.06920010
      1.98754007
      1.90506725
      1.79637972
      1.63009616
      1.35291850
      0.86617736
      0.16752472
     -0.39777127
     -0.72477945
     -0.91663344
     -1.03856138
     -1.12604173
     -1.20538359
     -1.30147674
     -1.44245816
     -1.67080615
     -2.06846720
     -2.71587324
      2.91614539
      2.51421029
      2.28357409
      2.14133317
      2.04453995
      1.96492947
      1.87760299
      1.75631114
      1.56580168
      1.24144230
      0.67987073
     -0.01961484
     -0.50987436
     -0.78914228
     -0.95664720
     -1.06620423
     -1.14935098
     -1.23150514
     -1.33791708
     -1.49925462
     -1.76660537
     -2.23624397
     -2.92936362
      2.77186417
      2.43272914
      2.23445729
      2.10877070
      2.01906167
      1.93877490
      1.84306736
      1.70407145
      1.48017349
      1.09115857
      0.45174903
     -0.20623848
     -0.61633686
     -0.85145061
     -0.99652600
     -1.09549428
     -1.17685491
     -1.26548807
     -1.38760792
     -1.57853896
     -1.90322819
     -2.46539826
      3.11892685
      2.63029759
      2.35189915
      2.18431150
      2.07377814
      1.98883766
      1.90416589
      1.79448125
      1.62853281
      1.35318185
      0.86952755
      0.17207455
     -0.39448991
     -0.72239253
     -0.91540692
     -1.03937829
     -1.12991779
     -1.21322340
     -1.31410525
     -1.46119674
     -1.69919361
     -2.11474316
     -2.77704260
      2.87337819
      2.49103323
      2.27003672
      2.13122098
      2.03357492
      1.94956166
      1.85452704
      1.72152878
      1.51173146
      1.15088940
      0.54138669
     -0.13662229
     -0.57572598
     -0.82666485
     -0.98122964
     -1.08697871
     -1.17326136
     -1.26481184
     -1.38745930
     -1.57599279
     -1.89441055
     -2.44766994
      3.13616666
      2.64168234
      2.35971921
      2.18903682
      2.07467611
      1.98504413
      1.89514132
      1.77989613
      1.60734333
      1.32133262
      0.81944132
      0.11918585
     -0.42546136
     -0.73840894
     -0.92502239
     -1.04806041
     -1.14169195
     -1.23132109
     -1.34147538
     -1.50210058
     -1.76350733
     -2.22212015
     -2.90958669
      2.78683371
      2.44415691
      2.24233359
      2.11092818
      2.01300533
      1.92266912
      1.81581631
      1.66400287
      1.42124075
      0.99757211
      0.32991566
     -0.28980276
     -0.65987692
     -0.87573940
     -1.01491968
     -1.11715339
     -1.20885872
     -1.31376804
     -1.45914472
     -1.68774006
     -2.08370820
     -2.72935373
      2.90981714
      2.51536856
      2.28692039
      2.14071991
      2.03433127
      1.94083639
      1.83687049
      1.69616872
      1.47847905
      1.10454480
      0.48051132
     -0.18066685
     -0.59635499
     -0.83590444
     -0.98835534
     -1.09867073
     -1.19420939
     -1.29793307
     -1.43518549
     -1.64417182
     -1.99999768
     -2.60350609
      3.00660829
      2.57222774
      2.32275969
      2.16467119
      2.05062293
      1.95288157
      1.84895184
      1.71442174
      1.51293183
      1.17313986
      0.58989553
     -0.09148524
     -0.54338554
     -0.80231069
     -0.96578229
     -1.08351556
     -1.18359092
     -1.28795783
     -1.42000285
     -1.61419457
     -1.93800747
     -2.49911621
      3.09684264
      2.62629440
      2.35709139
      2.18787593
      2.06622879
      1.96364227
      1.85878939
      1.72948962
      1.54347523
      1.23786661
      0.70429351
      0.01378505
     -0.48009352
     -0.76257557
     -0.93891542
     -1.06517697
     -1.17060357
     -1.27585981
     -1.40164261
     -1.57740227
     -1.85990961
     -2.35509183
     -3.04317395
      2.71252311
      2.40966374
      2.22291917
      2.09045486
      1.98149340
      1.87596511
      1.75506537
      1.59321170
      1.34239788
      0.90581367
      0.23837408
     -0.34274244
     -0.68331930
     -0.88863928
     -1.03123563
     -1.14555294
     -1.25147291
     -1.36525361
     -1.50667730
     -1.71007672
     -2.04781258
     -2.62460527
      2.99484934
      2.55817049
      2.30410395
      2.13629839
      2.00793013
      1.89609937
      1.78651045
      1.66636439
      1.51868773
      1.31292962
      0.98564263
      0.44107497
     -0.22283129
     -0.70611810
     -1.01377023
     -1.24403915
     -1.45582238
     -1.68795127
     -1.97482300
      0.00000000
