      0.00000000
      0.00000000
      0.00000000
      0.00000000
      0.00000000
      0.00000000
      0.00000000
      0.00000000
      0.00000000
      0.00000000
      0.00000000
      0.00000000
      0.00000000
      0.00000000
      0.00000000
      0.00000000
      0.00000000
      0.00000000
      0.00000000
      0.00000000
      0.00000000
      0.00000000
      0.00000000
      0.00000000
      0.00000000
      0.00000000
      0.00000000
      0.00000000
      0.00000000
      0.00000000
      0.00000000
      0.00000000
      0.00000000
      0.00000000
      0.00000000
      0.00000000
      0.00000000
      0.00000000
      0.00000000
      0.00000000
      0.00000000
      0.00000000
      0.00000000
      0.00000000
      0.00000000
      0.00000000
      0.00000000
      0.00000000
      0.00000000
      0.00000000
      0.00000000
      0.00000000
      0.00000000
      0.00000000
      0.00000001
      0.00000001
      0.00000002
      0.00000002
      0.00000004
      0.00000006
      0.00000008
      0.00000012
      0.00000018
      0.00000026
      0.00000038
      0.00000054
      0.00000078
      0.00000111
      0.00000156
      0.00000220
      0.00000307
      0.00000427
      0.00000589
      0.00000808
      0.00001100
      0.00001489
      0.00002001
      0.00002672
      0.00003544
      0.00004667
      0.00006104
      0.00007926
      0.00010218
      0.00013078
      0.00016615
      0.00020953
      0.00026224
      0.00032572
      0.00040149
      0.00049109
      0.00059607
      0.00071790
      0.00085799
      0.00101754
      0.00119759
      0.00139888
      0.00162187
      0.00186668
      0.00213311
      0.00242061
      0.00272830
      0.00305503
      0.00339939
      0.00375975
      0.00413439
      0.00452145
      0.00491909
      0.00532546
      0.00573879
      0.00615742
      0.00657980
      0.00700455
      0.00743043
      0.00785637
      0.00828144
      0.00870488
      0.00912605
      0.00954443
      0.00995960
      0.01037124
      0.01077909
      0.01118296
      0.01158268
      0.01197811
      0.01236912
      0.01275556
      0.01313727
      0.01351402
      0.01388552
      0.01425136
      0.01461102
      0.01496377
      0.01530863
      0.01564430
      0.01596903
      0.01628049
      0.01657559
      0.01685024
      0.01709899
      0.01731469
      0.01748794
      0.01760643
      0.01765424
      0.01761097
      0.01745090
      0.01714233
      0.01664761
      0.01592424
      0.01492830
      0.01362149
      0.01198314
      0.01002940
      0.00784446
      0.00561952
      0.00363095
      0.00209664
      0.00107032
      0.00047726
      0.00018547
      0.00006428
      0.00002118
      0.00000728
      0.00000271
      0.00000102
      0.00000036
      0.00000011
      0.00000003
      0.00000001
      0.00000000
      0.00000000
      0.00000000
      0.00000000
      0.00000000
      0.00000000
      0.00000000
      0.00000000
      0.00000000
      0.00000000
      0.00000000
      0.00000000
      0.00000000
      0.00000000
      0.00000000
      0.00000000
      0.00000000
      0.00000000
      0.00000000
      0.00000000
      0.00000000
      0.00000000
      0.00000000
      0.00000000
      0.00000000
      0.00000000
      0.00000000
      0.00000000
      0.00000000
      0.00000000
      0.00000000
      0.00000000
      0.00000000
      0.00000000
      0.00000000
      0.00000000
      0.00000000
      0.00000000
      0.00000000
      0.00000000
      0.00000000
      0.00000000
      0.00000000
      0.00000000
      0.00000000
      0.00000000
      0.00000000
      0.00000000
      0.00000000
      0.00000000
      0.00000000
      0.00000000
      0.00000000
      0.00000000
      0.00000000
      0.00000000
      0.00000000
      0.00000000
      0.00000000
      0.00000000
      0.00000000
      0.00000000
      0.00000000
      0.00000000
      0.00000000
      0.00000000
      0.00000000
      0.00000000
      0.00000000
      0.00000000
      0.00000000
      0.00000000
      0.00000000
      0.00000000
      0.00000000
      0.00000000
      0.00000000
      0.00000000
      0.00000000
      0.00000000
      0.00000000
      0.00000000
      0.00000000
      0.00000000
      0.00000000
      0.00000000
      0.00000000
      0.00000000
      0.00000000
      0.00000000
      0.00000000
      0.00000000
      0.00000000
      0.00000000
      0.00000000
      0.00000000
      0.00000000
      0.00000000
      0.00000000
      0.00000000
      0.00000000
      0.00000000
      0.00000000
      0.00000000
      0.00000000
      0.00000000
      0.00000000
      0.00000000
      0.00000000
      0.00000000
      0.00000000
      0.00000000
      0.00000000
      0.00000000
      0.00000000
      0.00000000
      0.00000000
      0.00000000
      0.00000000
      0.00000000
      0.00000000
      0.00000000
      0.00000000
      0.00000000
      0.00000000
      0.00000000
      0.00000000
      0.00000000
      0.00000000
      0.00000000
      0.00000000
      0.00000000
      0.00000000
      0.00000000
      0.00000000
      0.00000000
      0.00000000
      0.00000000
      0.00000000
      0.00000000
      0.00000000
      0.00000000
      0.00000000
      0.00000000
      0.00000000
      0.00000000
      0.00000000
      0.00000000
      0.00000000
      0.00000000
      0.00000000
      0.00000000
      0.00000000
      0.00000000
      0.00000000
      0.00000000
      0.00000000
      0.00000000
      0.00000000
      0.00000000
      0.00000000
      0.00000000
      0.00000000
      0.00000000
      0.00000000
      0.00000000
      0.00000000
      0.00000000
      0.00000000
      0.00000000
      0.00000000
      0.00000000
      0.00000000
      0.00000000
      0.00000000
      0.00000000
      0.00000000
      0.00000001
      0.00000003
      0.00000011
      0.00000036
      0.00000102
      0.00000271
      0.00000728
      0.00002118
      0.00006428
      0.00018547
      0.00047726
      0.00107032
      0.00209664
      0.00363095
      0.00561952
      0.00784446
      0.01002940
      0.01198314
      0.01362149
      0.01492830
      0.01592424
      0.01664761
      0.01714233
      0.01745090
      0.01761097
      0.01765424
      0.01760643
      0.01748794
      0.01731469
      0.01709899
      0.01685024
      0.01657559
      0.01628049
      0.01596903
      0.01564430
      0.01530863
      0.01496377
      0.01461102
      0.01425136
      0.01388552
      0.01351402
      0.01313727
      0.01275556
      0.01236912
      0.01197811
      0.01158268
      0.01118296
      0.01077909
      0.01037124
      0.00995960
      0.00954443
      0.00912605
      0.00870488
      0.00828144
      0.00785637
      0.00743043
      0.00700455
      0.00657980
      0.00615742
      0.00573879
      0.00532546
      0.00491909
      0.00452145
      0.00413439
      0.00375975
      0.00339939
      0.00305503
      0.00272830
      0.00242061
      0.00213311
      0.00186668
      0.00162187
      0.00139888
      0.00119759
      0.00101754
      0.00085799
      0.00071790
      0.00059607
      0.00049109
      0.00040149
      0.00032572
      0.00026224
      0.00020953
      0.00016615
      0.00013078
      0.00010218
      0.00007926
      0.00006104
      0.00004667
      0.00003544
      0.00002672
      0.00002001
      0.00001489
      0.00001100
      0.00000808
      0.00000589
      0.00000427
      0.00000307
      0.00000220
      0.00000156
      0.00000111
      0.00000078
      0.00000054
      0.00000038
      0.00000026
      0.00000018
      0.00000012
      0.00000008
      0.00000006
      0.00000004
      0.00000002
      0.00000002
      0.00000001
      0.00000001
      0.00000000
      0.00000000
      0.00000000
      0.00000000
      0.00000000
      0.00000000
      0.00000000
      0.00000000
      0.00000000
      0.00000000
      0.00000000
      0.00000000
      0.00000000
      0.00000000
      0.00000000
      0.00000000
      0.00000000
      0.00000000
      0.00000000
      0.00000000
      0.00000000
      0.00000000
      0.00000000
      0.00000000
      0.00000000
      0.00000000
      0.00000000
      0.00000000
      0.00000000
      0.00000000
      0.00000000
      0.00000000
      0.00000000
      0.00000000
      0.00000000
      0.00000000
      0.00000000
      0.00000000
      0.00000000
      0.00000000
      0.00000000
      0.00000000
      0.00000000
      0.00000000
      0.00000000
      0.00000000
      0.00000000
      0.00000000
      0.00000000
      0.00000000
      0.00000000
      0.00000000
      0.00000000
      0.00000000
