             NaN
      2.89689104
     -3.00569496
     -2.61677769
     -2.21818639
     -1.81443158
     -1.41349176
     -1.02161805
     -0.63951747
     -0.26244201
      0.11700113
      0.50516507
      0.90384043
      1.30851120
      1.71062250
      2.10318018
      2.48508402
      2.86119499
     -3.04379167
     -2.65649380
     -2.25776892
     -1.85210768
     -1.44868997
     -1.05534700
     -0.67363309
     -0.29857537
      0.07823452
      0.46453316
      0.86326345
      1.26999927
      1.67488104
      2.06912894
      2.45066185
      2.82456318
     -3.08337019
     -2.69822999
     -2.29955157
     -1.89164609
     -1.48511416
     -1.08981798
     -0.70845369
     -0.33582940
      0.03766408
      0.42145294
      0.82000356
      1.22918595
      1.63759013
      2.03410918
      2.41532293
      2.78652838
     -3.12516210
     -2.74296193
     -2.34464193
     -1.93406246
     -1.52351786
     -1.12555943
     -0.74446860
     -0.37484946
     -0.00564427
      0.37467038
      0.77261742
      1.18472663
      1.59773953
      1.99741143
      2.37842275
      2.74625727
      3.11281614
     -2.79231769
     -2.39494482
     -1.98116336
     -1.56527566
     -1.16353485
     -0.78253241
     -0.41671649
     -0.05324500
      0.32205594
      0.71856635
      1.13416772
      1.55344557
      1.95773445
      2.33885425
      2.70239029
      3.06223948
     -2.84901698
     -2.45377151
     -2.03619259
     -1.61283666
     -1.20529947
     -0.82378758
     -0.46274301
     -0.10708554
      0.26075153
      0.65423261
      1.07399771
      1.50241055
      1.91429575
      2.29681154
      2.65537902
      3.00639239
     -2.91375660
     -2.52258485
     -2.10035536
     -1.66557780
     -1.24780487
     -0.86333957
     -0.50705436
     -0.16108894
      0.19637034
      0.58455769
      1.00950776
      1.45217061
      1.87757806
      2.26489349
      2.61884161
      2.95901329
     -2.97343629
     -2.58921559
     -2.16129615
     -1.70881291
     -1.27367142
     -0.88270408
     -0.53154491
     -0.19841070
      0.14393101
      0.52280014
      0.95413784
      1.41950107
      1.86759231
      2.26333933
      2.61108439
      2.93559640
     -3.01571590
     -2.64377281
     -2.20757333
     -1.72347537
     -1.25677038
     -0.85441911
     -0.51071091
     -0.19620891
      0.12395617
      0.48991562
      0.93905023
      1.45784103
      1.95367054
      2.36277594
      2.69934840
      3.00221806
     -2.96926750
     -2.59183864
     -2.07982691
     -1.46803960
     -0.95051369
     -0.58977418
     -0.33669153
     -0.15540751
     -0.02989312
      0.05062976
      0.09845299
      0.12622482
      0.14335207
      0.15500477
      0.16354791
      0.17009572
      0.17528561
      0.17953009
      0.18309763
      0.18616075
      0.18883275
      0.19119196
      0.19329559
      0.19518712
      0.19690057
      0.19846305
      0.19989646
      0.20121869
      0.20244453
      0.20358630
      0.20465433
      0.20565736
      0.20660286
      0.20749719
      0.20834587
      0.20915364
      0.20992467
      0.21066256
      0.21137052
      0.21205133
      0.21270749
      0.21334119
      0.21395441
      0.21454888
      0.21512620
      0.21568776
      0.21623484
      0.21676859
      0.21729005
      0.21780016
      0.21829977
      0.21878967
      0.21927057
      0.21974311
      0.22020791
      0.22066549
      0.22111637
      0.22156100
      0.22199982
      0.22243320
      0.22286153
      0.22328512
      0.22370429
      0.22411933
      0.22453051
      0.22493807
      0.22534224
      0.22574324
      0.22614126
      0.22653650
      0.22692912
      0.22731930
      0.22770717
      0.22809289
      0.22847659
      0.22885838
      0.22923839
      0.22961673
      0.22999350
      0.23036880
      0.23074271
      0.23111533
      0.23148674
      0.23185700
      0.23222620
      0.23259440
      0.23296167
      0.23332806
      0.23369363
      0.23405845
      0.23442255
      0.23478600
      0.23514883
      0.23551110
      0.23587284
      0.23623410
      0.23659491
      0.23695532
      0.23731536
      0.23767506
      0.23803446
      0.23839360
      0.23875249
      0.23911119
      0.23946971
      0.23982809
      0.24018635
      0.24054452
      0.24090264
      0.24126073
      0.24161882
      0.24197694
      0.24233512
      0.24269338
      0.24305175
      0.24341027
      0.24376897
      0.24412787
      0.24448700
      0.24484640
      0.24520611
      0.24556614
      0.24592655
      0.24628737
      0.24664862
      0.24701036
      0.24737263
      0.24773546
      0.24809891
      0.24846301
      0.24882783
      0.24919340
      0.24955980
      0.24992706
      0.25029526
      0.25066446
      0.25103473
      0.25140613
      0.25177875
      0.25215266
      0.25252796
      0.25290473
      0.25328307
      0.25366308
      0.25404488
      0.25442857
      0.25481429
      0.25520217
      0.25559234
      0.25598497
      0.25638020
      0.25677823
      0.25717923
      0.25758340
      0.25799095
      0.25840213
      0.25881717
      0.25923634
      0.25965994
      0.26008826
      0.26052165
      0.26096046
      0.26140510
      0.26185597
      0.26231356
      0.26277835
      0.26325090
      0.26373180
      0.26422170
      0.26472131
      0.26523141
      0.26575287
      0.26628662
      0.26683370
      0.26739526
      0.26797258
      0.26856706
      0.26918027
      0.26981398
      0.27047013
      0.27115095
      0.27185890
      0.27259680
      0.27336782
      0.27417560
      0.27502427
      0.27591861
      0.27686410
      0.27786714
      0.27893517
      0.28007693
      0.28130277
      0.28262501
      0.28405841
      0.28562089
      0.28733435
      0.28922588
      0.29132950
      0.29368872
      0.29636071
      0.29942383
      0.30299138
      0.30723586
      0.31242574
      0.31897355
      0.32751669
      0.33916940
      0.35629664
      0.38406848
      0.43189171
      0.51241459
      0.63792898
      0.81921299
      1.07229565
      1.43303516
      1.95056106
      2.56234837
      3.07436011
     -2.83139635
     -2.51969659
     -2.21682693
     -1.88025447
     -1.47114908
     -0.97531957
     -0.45652876
     -0.00739415
      0.35856529
      0.67873037
      0.99323237
      1.33694057
      1.73929184
      2.20599684
      2.69009480
      3.12629427
     -2.78494794
     -2.45307494
     -2.12856293
     -1.78081786
     -1.38507085
     -0.93697961
     -0.47161637
     -0.04027867
      0.33859046
      0.68093216
      1.01406637
      1.36522554
      1.75619289
      2.19133437
      2.64381761
      3.07173705
     -2.82722755
     -2.47649182
     -2.13632014
     -1.78237203
     -1.39505660
     -0.96964915
     -0.52698630
     -0.10203623
      0.28615112
      0.64361040
      0.98957583
      1.34586104
      1.73032633
      2.14809927
      2.58287683
      3.00510632
     -2.88690724
     -2.52387093
     -2.17285755
     -1.81429008
     -1.43177428
     -1.01988908
     -0.59147625
     -0.17171115
      0.22176993
      0.58960701
      0.94526447
      1.30630904
      1.68782094
      2.09535812
      2.51871406
      2.93629297
     -2.95164686
     -2.57971802
     -2.21986883
     -1.85633278
     -1.47521299
     -1.07092411
     -0.65164626
     -0.23604489
      0.16046552
      0.53576647
      0.89923795
      1.26505388
      1.64605632
      2.04779712
      2.46368482
      2.87746629
     -3.00834615
     -2.63029467
     -2.26373580
     -1.89590129
     -1.51488997
     -1.11521807
     -0.70220517
     -0.29009596
      0.10785108
      0.48816573
      0.85737093
      1.22699007
      1.60808089
      2.00603932
      2.41658393
      2.82716340
     -3.05770191
     -2.67550175
     -2.30400692
     -1.93280147
     -1.55158772
     -1.15506867
     -0.74666449
     -0.33748210
      0.06106852
      0.44485738
      0.81835086
      1.19097515
      1.57233944
      1.96763563
      2.37416756
      2.78207303
     -3.10243386
     -2.71729365
     -2.34204171
     -1.96814039
     -1.58660748
     -1.19235958
     -0.78747780
     -0.38074198
      0.01798831
      0.40428694
      0.78109683
      1.15615456
      1.53786847
      1.93121143
      2.33462914
      2.74029038
      3.13901526
     -2.75687217
     -2.37867353
     -2.00256256
     -1.62065872
     -1.22810104
     -0.82598974
     -0.42131897
     -0.02264360
      0.36552033
      0.74496348
      1.12203894
      1.50413951
      1.89601322
      2.29695304
      2.70070785
      3.09929916
     -2.79496888
     -2.41436958
      0.00000000
