      0.00000000
     -1.33917283
     -1.72979783
     -2.12042283
     -2.51104783
     -2.90167283
      2.99088748
      2.60026248
      2.20963748
      1.81901248
      1.42838748
      1.03776248
      0.64713748
      0.25651248
     -0.13411252
     -0.52473752
     -0.91536252
     -1.30598752
     -1.69661252
     -2.08723752
     -2.47786252
     -2.86848752
      3.02407278
      2.63344778
      2.24282278
      1.85219778
      1.46157278
      1.07094778
      0.68032278
      0.28969778
     -0.10092722
     -0.49155222
     -0.88217722
     -1.27280222
     -1.66342722
     -2.05405222
     -2.44467722
     -2.83530222
      3.05725809
      2.66663309
      2.27600809
      1.88538309
      1.49475809
      1.10413309
      0.71350809
      0.32288309
     -0.06774191
     -0.45836691
     -0.84899191
     -1.23961691
     -1.63024191
     -2.02086691
     -2.41149191
     -2.80211691
      3.09044340
      2.69981840
      2.30919340
      1.91856840
      1.52794340
      1.13731840
      0.74669340
      0.35606840
     -0.03455660
     -0.42518160
     -0.81580660
     -1.20643160
     -1.59705660
     -1.98768160
     -2.37830660
     -2.76893160
      3.12362871
      2.73300371
      2.34237871
      1.95175371
      1.56112871
      1.17050371
      0.77987871
      0.38925371
     -0.00137129
     -0.39199629
     -0.78262129
     -1.17324629
     -1.56387129
     -1.95449629
     -2.34512129
     -2.73574629
     -3.12637129
      2.76618901
      2.37556401
      1.98493901
      1.59431401
      1.20368901
      0.81306401
      0.42243901
      0.03181401
     -0.35881099
     -0.74943599
     -1.14006099
     -1.53068599
     -1.92131099
     -2.31193599
     -2.70256099
     -3.09318599
      2.79937432
      2.40874932
      2.01812432
      1.62749932
      1.23687432
      0.84624932
      0.45562432
      0.06499932
     -0.32562568
     -0.71625068
     -1.10687568
     -1.49750068
     -1.88812568
     -2.27875068
     -2.66937568
     -3.06000068
      2.83255963
      2.44193463
      2.05130963
      1.66068463
      1.27005963
      0.87943463
      0.48880963
      0.09818463
     -0.29244037
     -0.68306537
     -1.07369037
     -1.46431537
     -1.85494037
     -2.24556537
     -2.63619037
     -3.02681537
      2.86574493
      2.47511993
      2.08449493
      1.69386993
      1.30324493
      0.91261993
      0.52199493
      0.13136993
     -0.25925507
     -0.64988007
     -1.04050507
     -1.43113005
     -1.82175496
     -2.21237965
     -2.60300355
     -2.99362045
      2.89901085
      2.50890946
      2.12119629
      1.74153553
      1.37789277
      1.03271111
      0.69732630
      0.35299199
     -0.02446368
     -0.45283596
     -0.91860649
     -1.36961675
     -1.76316264
     -2.09912606
     -2.40182250
     -2.70179531
     -3.03265421
      2.85422950
      2.38145586
      1.88873061
      1.45912522
      1.11208594
      0.81939973
      0.54524492
      0.25406751
     -0.09377154
     -0.53421259
     -1.04697860
     -1.52737375
     -1.90933683
     -2.21165640
     -2.47496267
     -2.73646985
     -3.03426106
      2.87009093
      2.38298440
      1.85610227
      1.41223654
      1.07533098
      0.80474932
      0.55852628
      0.29995693
     -0.01212084
     -0.42602449
     -0.94910157
     -1.46693679
     -1.87119176
     -2.17418622
     -2.42399543
     -2.66083068
     -2.92134100
      3.03304755
      2.58667374
      2.04202725
      1.54396107
      1.17252959
      0.89316049
      0.65676621
      0.42500854
      0.16075695
     -0.18382421
     -0.65660167
     -1.21135530
     -1.68866626
     -2.03581631
     -2.29916739
     -2.52682773
     -2.75576498
     -3.02380586
      2.90175957
      2.40943238
      1.85128932
      1.39121139
      1.06097757
      0.80831786
      0.58638735
      0.35911797
      0.08802036
     -0.27934155
     -0.78516269
     -1.34364563
     -1.79107521
     -2.11002534
     -2.35570666
     -2.57392997
     -2.80020099
     -3.07353390
      2.83547626
      2.32079778
      1.76306592
      1.32429358
      1.01259631
      0.77129162
      0.55530342
      0.32945633
      0.05433898
     -0.32468478
     -0.84511017
     -1.40162015
     -1.83444152
     -2.14152993
     -2.38023803
     -2.59497105
     -2.82002051
     -3.09974779
      2.71999066
      2.25654381
      1.97681653
      1.75176707
      1.53703405
      1.29832594
      0.99123754
      0.55841617
      0.00190619
     -0.51851920
     -0.89754297
     -1.17266031
     -1.39850740
     -1.61449560
     -1.85580029
     -2.16749757
     -2.60626990
      3.11918355
      2.60450506
      2.23032992
      1.95699701
      1.73072599
      1.51250268
      1.26682136
      0.94787122
      0.50044164
     -0.05804129
     -0.56386243
     -0.93122434
     -1.20232196
     -1.42959133
     -1.65152184
     -1.90418156
     -2.23441538
     -2.69449331
      3.03054894
      2.53822176
      2.18060188
      1.91256099
      1.68362374
      1.45596341
      1.19261233
      0.84546228
      0.36815132
     -0.18660231
     -0.65937977
     -1.00396094
     -1.26821253
     -1.49997019
     -1.73636447
     -2.01573357
     -2.38716505
     -2.88523124
      2.85330759
      2.40693377
      2.07813702
      1.81762670
      1.58079145
      1.33098223
      1.02798778
      0.62373281
      0.10589759
     -0.41717950
     -0.83108314
     -1.14316091
     -1.40173026
     -1.64795330
     -1.91853497
     -2.25544052
     -2.69930625
      3.05699693
      2.56989040
      2.19105708
      1.89326587
      1.63175869
      1.36845242
      1.06613285
      0.68416977
      0.20377462
     -0.30899140
     -0.74943244
     -1.09727150
     -1.38844891
     -1.66260371
     -1.95528992
     -2.30232920
     -2.73193459
      3.05852546
      2.58575183
      2.18945023
      1.85859133
      1.55861851
      1.25592208
      0.91995866
      0.52641276
      0.07540251
     -0.39036802
     -0.81874031
     -1.19619597
     -1.54053028
     -1.87591510
     -2.22109676
     -2.58473951
     -2.96440027
      2.93107187
      2.54097047
      2.15041647
      1.75979957
      1.36917567
      0.97855098
      0.58792607
      0.19730109
     -0.19332391
     -0.58394891
     -0.97457391
     -1.36519891
     -1.75582392
     -2.14644892
     -2.53707392
     -2.92769892
      2.96486139
      2.57423639
      2.18361139
      1.79298639
      1.40236139
      1.01173639
      0.62111139
      0.23048639
     -0.16013861
     -0.55076361
     -0.94138861
     -1.33201361
     -1.72263861
     -2.11326361
     -2.50388861
     -2.89451361
      2.99804670
      2.60742170
      2.21679670
      1.82617170
      1.43554670
      1.04492170
      0.65429670
      0.26367170
     -0.12695330
     -0.51757830
     -0.90820330
     -1.29882830
     -1.68945330
     -2.08007830
     -2.47070330
     -2.86132830
      3.03123201
      2.64060701
      2.24998201
      1.85935701
      1.46873201
      1.07810701
      0.68748201
      0.29685701
     -0.09376799
     -0.48439299
     -0.87501799
     -1.26564299
     -1.65626799
     -2.04689299
     -2.43751799
     -2.82814299
      3.06441731
      2.67379231
      2.28316731
      1.89254231
      1.50191731
      1.11129231
      0.72066731
      0.33004231
     -0.06058269
     -0.45120769
     -0.84183269
     -1.23245769
     -1.62308269
     -2.01370769
     -2.40433269
     -2.79495769
      3.09760262
      2.70697762
      2.31635262
      1.92572762
      1.53510262
      1.14447762
      0.75385262
      0.36322762
     -0.02739738
     -0.41802238
     -0.80864738
     -1.19927238
     -1.58989738
     -1.98052238
     -2.37114738
     -2.76177238
      3.13078793
      2.74016293
      2.34953793
      1.95891293
      1.56828793
      1.17766293
      0.78703793
      0.39641293
      0.00578793
     -0.38483707
     -0.77546207
     -1.16608707
     -1.55671207
     -1.94733707
     -2.33796207
     -2.72858707
     -3.11921207
      2.77334823
      2.38272323
      1.99209823
      1.60147323
      1.21084823
      0.82022323
      0.42959823
      0.03897323
     -0.35165177
     -0.74227677
     -1.13290177
     -1.52352677
     -1.91415177
     -2.30477677
     -2.69540177
     -3.08602677
      2.80653354
      2.41590854
      2.02528354
      1.63465854
      1.24403354
      0.85340854
      0.46278354
      0.07215854
     -0.31846646
     -0.70909146
     -1.09971646
     -1.49034146
     -1.88096646
     -2.27159146
     -2.66221646
     -3.05284146
      2.83971885
      2.44909385
      2.05846885
      1.66784385
      1.27721885
      0.88659385
      0.49596885
      0.00000000
