      0.00000000
     -2.50355650
     -2.69947222
     -2.82153663
     -2.89462355
     -2.93515937
     -2.95556814
     -2.96479922
     -2.96853911
     -2.96992246
     -2.97044559
     -2.97072103
     -2.97095465
     -2.97119414
     -2.97143849
     -2.97167807
     -2.97190575
     -2.97211809
     -2.97231403
     -2.97249376
     -2.97265793
     -2.97280732
     -2.97294272
     -2.97306485
     -2.97317435
     -2.97327184
     -2.97335786
     -2.97343292
     -2.97349749
     -2.97355200
     -2.97359686
     -2.97363243
     -2.97365906
     -2.97367708
     -2.97368679
     -2.97368847
     -2.97368238
     -2.97366877
     -2.97364787
     -2.97361989
     -2.97358505
     -2.97354353
     -2.97349552
     -2.97344119
     -2.97338069
     -2.97331419
     -2.97324182
     -2.97316372
     -2.97308003
     -2.97299086
     -2.97289633
     -2.97279656
     -2.97269165
     -2.97258170
     -2.97246682
     -2.97234708
     -2.97222258
     -2.97209341
     -2.97195964
     -2.97182136
     -2.97167863
     -2.97153153
     -2.97138012
     -2.97122448
     -2.97106466
     -2.97090073
     -2.97073274
     -2.97056076
     -2.97038483
     -2.97020501
     -2.97002136
     -2.96983391
     -2.96964272
     -2.96944784
     -2.96924930
     -2.96904716
     -2.96884146
     -2.96863223
     -2.96841952
     -2.96820336
     -2.96798380
     -2.96776086
     -2.96753460
     -2.96730503
     -2.96707221
     -2.96683615
     -2.96659689
     -2.96635447
     -2.96610891
     -2.96586025
     -2.96560852
     -2.96535374
     -2.96509594
     -2.96483516
     -2.96457142
     -2.96430474
     -2.96403516
     -2.96376271
     -2.96348739
     -2.96320925
     -2.96292831
     -2.96264459
     -2.96235811
     -2.96206891
     -2.96177700
     -2.96148241
     -2.96118516
     -2.96088527
     -2.96058277
     -2.96027767
     -2.95997001
     -2.95965980
     -2.95934706
     -2.95903182
     -2.95871409
     -2.95839390
     -2.95807127
     -2.95774621
     -2.95741876
     -2.95708892
     -2.95675672
     -2.95642218
     -2.95608532
     -2.95574616
     -2.95540471
     -2.95506100
     -2.95471505
     -2.95436687
     -2.95401649
     -2.95366392
     -2.95330918
     -2.95295229
     -2.95259326
     -2.95223213
     -2.95186890
     -2.95150360
     -2.95113624
     -2.95076683
     -2.95039541
     -2.95002198
     -2.94964657
     -2.94926919
     -2.94888986
     -2.94850859
     -2.94812541
     -2.94774034
     -2.94735338
     -2.94696457
     -2.94657390
     -2.94618142
     -2.94578712
     -2.94539103
     -2.94499316
     -2.94459354
     -2.94419218
     -2.94378909
     -2.94338430
     -2.94297782
     -2.94256967
     -2.94215986
     -2.94174842
     -2.94133535
     -2.94092069
     -2.94050443
     -2.94008661
     -2.93966724
     -2.93924633
     -2.93882390
     -2.93839997
     -2.93797456
     -2.93754768
     -2.93711934
     -2.93668958
     -2.93625840
     -2.93582582
     -2.93539185
     -2.93495652
     -2.93451984
     -2.93408183
     -2.93364251
     -2.93320188
     -2.93275997
     -2.93231680
     -2.93187238
     -2.93142673
     -2.93097986
     -2.93053179
     -2.93008255
     -2.92963214
     -2.92918058
     -2.92872789
     -2.92827409
     -2.92781919
     -2.92736321
     -2.92690617
     -2.92644808
     -2.92598897
     -2.92552884
     -2.92506771
     -2.92460560
     -2.92414253
     -2.92367852
     -2.92321358
     -2.92274772
     -2.92228097
     -2.92181334
     -2.92134485
     -2.92087551
     -2.92040535
     -2.91993438
     -2.91946261
     -2.91899006
     -2.91851676
     -2.91804271
     -2.91756793
     -2.91709244
     -2.91661626
     -2.91613940
     -2.91566189
     -2.91518373
     -2.91470494
     -2.91422555
     -2.91374556
     -2.91326500
     -2.91278388
     -2.91230222
     -2.91182004
     -2.91133735
     -2.91085416
     -2.91037051
     -2.90988639
     -2.90940184
     -2.90891686
     -2.90843148
     -2.90794570
     -2.90745956
     -2.90697306
     -2.90648622
     -2.90599906
     -2.90551159
     -2.90502384
     -2.90453581
     -2.90404753
     -2.90355902
     -2.90307028
     -2.90258134
     -2.90209222
     -2.90160292
     -2.90111348
     -2.90062390
     -2.90013419
     -2.89964439
     -2.89915450
     -2.89866455
     -2.89817454
     -2.89768450
     -2.89719445
     -2.89670439
     -2.89621435
     -2.89572434
     -2.89523439
     -2.89474450
     -2.89425470
     -2.89376500
     -2.89327541
     -2.89278597
     -2.89229667
     -2.89180755
     -2.89131861
     -2.89082987
     -2.89034136
     -2.88985308
     -2.88936505
     -2.88887730
     -2.88838983
     -2.88790267
     -2.88741583
     -2.88692933
     -2.88644319
     -2.88595742
     -2.88547203
     -2.88498706
     -2.88450250
     -2.88401839
     -2.88353473
     -2.88305155
     -2.88256885
     -2.88208667
     -2.88160501
     -2.88112389
     -2.88064333
     -2.88016334
     -2.87968395
     -2.87920516
     -2.87872701
     -2.87824949
     -2.87777263
     -2.87729645
     -2.87682096
     -2.87634619
     -2.87587214
     -2.87539883
     -2.87492628
     -2.87445452
     -2.87398354
     -2.87351338
     -2.87304404
     -2.87257555
     -2.87210792
     -2.87164117
     -2.87117532
     -2.87071037
     -2.87024636
     -2.86978329
     -2.86932118
     -2.86886006
     -2.86839993
     -2.86794081
     -2.86748272
     -2.86702568
     -2.86656970
     -2.86611480
     -2.86566100
     -2.86520831
     -2.86475675
     -2.86430634
     -2.86385710
     -2.86340903
     -2.86296217
     -2.86251651
     -2.86207209
     -2.86162892
     -2.86118701
     -2.86074639
     -2.86030706
     -2.85986905
     -2.85943237
     -2.85899704
     -2.85856307
     -2.85813049
     -2.85769931
     -2.85726955
     -2.85684122
     -2.85641434
     -2.85598892
     -2.85556499
     -2.85514257
     -2.85472166
     -2.85430228
     -2.85388446
     -2.85346821
     -2.85305354
     -2.85264048
     -2.85222903
     -2.85181923
     -2.85141107
     -2.85100459
     -2.85059980
     -2.85019671
     -2.84979535
     -2.84939573
     -2.84899786
     -2.84860177
     -2.84820748
     -2.84781499
     -2.84742433
     -2.84703551
     -2.84664855
     -2.84626348
     -2.84588030
     -2.84549904
     -2.84511971
     -2.84474232
     -2.84436691
     -2.84399348
     -2.84362206
     -2.84325266
     -2.84288529
     -2.84251999
     -2.84215676
     -2.84179563
     -2.84143661
     -2.84107972
     -2.84072498
     -2.84037241
     -2.84002202
     -2.83967384
     -2.83932789
     -2.83898418
     -2.83864273
     -2.83830357
     -2.83796671
     -2.83763217
     -2.83729997
     -2.83697014
     -2.83664268
     -2.83631763
     -2.83599499
     -2.83567480
     -2.83535708
     -2.83504183
     -2.83472909
     -2.83441888
     -2.83411122
     -2.83380613
     -2.83350362
     -2.83320374
     -2.83290648
     -2.83261189
     -2.83231998
     -2.83203078
     -2.83174430
     -2.83146058
     -2.83117964
     -2.83090150
     -2.83062619
     -2.83035373
     -2.83008415
     -2.82981747
     -2.82955373
     -2.82929295
     -2.82903515
     -2.82878038
     -2.82852864
     -2.82827998
     -2.82803442
     -2.82779200
     -2.82755274
     -2.82731669
     -2.82708386
     -2.82685429
     -2.82662803
     -2.82640510
     -2.82618553
     -2.82596938
     -2.82575667
     -2.82554744
     -2.82534173
     -2.82513959
     -2.82494106
     -2.82474617
     -2.82455498
     -2.82436754
     -2.82418388
     -2.82400406
     -2.82382813
     -2.82365615
     -2.82348816
     -2.82332423
     -2.82316441
     -2.82300877
     -2.82285737
     -2.82271026
     -2.82256754
     -2.82242925
     -2.82229548
     -2.82216631
     -2.82204181
     -2.82192208
     -2.82180719
     -2.82169724
     -2.82159233
     -2.82149256
     -2.82139804
     -2.82130887
     -2.82122517
     -2.82114708
     -2.82107471
     -2.82100820
     -2.82094770
     -2.82089337
     -2.82084536
     -2.82080384
     -2.82076900
     -2.82074103
     -2.82072013
     -2.82070651
     -2.82070042
     -2.82070210
     -2.82071181
     -2.82072983
     -2.82075646
     -2.82079203
     -2.82083689
     -2.82089140
     -2.82095597
     -2.82103103
     -2.82111705
     -2.82121454
     -2.82132405
     -2.82144617
     -2.82158157
     -2.82173097
     -2.82189513
     -2.82207486
     -2.82227080
     -2.82248314
     -2.82271082
     -2.82295040
     -2.82319475
     -2.82343425
     -2.82366786
     -2.82394330
     -2.82446643
     -2.82584978
     -2.82958968
     -2.83882075
     -2.85922952
     -2.89976534
     -2.97285226
     -3.09491667
      2.99235292
      0.00000000
