      0.00000000
      0.00000000
      0.00000000
      0.00000000
      0.00000000
      0.00000000
      0.00000000
      0.00000000
      0.00000000
      0.00000000
      0.00000000
      0.00000000
      0.00000000
      0.00000000
      0.00000000
      0.00000000
      0.00000000
      0.00000000
      0.00000000
      0.00000000
      0.00000000
      0.00000000
      0.00000000
      0.00000000
      0.00000000
      0.00000000
      0.00000000
      0.00000000
      0.00000000
      0.00000000
      0.00000000
      0.00000000
      0.00000000
      0.00000000
      0.00000000
      0.00000000
      0.00000000
      0.00000000
      0.00000000
      0.00000000
      0.00000000
      0.00000000
      0.00000000
      0.00000000
      0.00000000
      0.00000000
      0.00000000
      0.00000000
      0.00000000
      0.00000000
      0.00000000
      0.00000000
      0.00000000
      0.00000000
      0.00000000
      0.00000000
      0.00000000
      0.00000000
      0.00000000
      0.00000000
      0.00000000
      0.00000000
      0.00000000
      0.00000000
      0.00000000
      0.00000000
      0.00000000
      0.00000000
      0.00000000
      0.00000000
      0.00000000
      0.00000000
      0.00000000
      0.00000000
      0.00000000
      0.00000000
      0.00000000
      0.00000000
      0.00000000
      0.00000000
      0.00000000
      0.00000000
      0.00000000
      0.00000000
      0.00000000
      0.00000000
      0.00000000
      0.00000000
      0.00000000
      0.00000000
      0.00000000
      0.00000000
      0.00000000
      0.00000000
      0.00000000
      0.00000000
      0.00000000
      0.00000000
      0.00000000
      0.00000000
      0.00000000
      0.00000000
      0.00000000
      0.00000000
      0.00000000
      0.00000000
      0.00000000
      0.00000000
      0.00000000
      0.00000000
      0.00000000
      0.00000000
      0.00000000
      0.00000000
      0.00000000
      0.00000000
      0.00000000
      0.00000000
      0.00000000
      0.00000000
      0.00000000
      0.00000000
      0.00000000
      0.00000000
      0.00000000
      0.00000000
      0.00000000
      0.00000000
      0.00000000
      0.00000000
      0.00000000
      0.00000000
      0.00000000
      0.00000000
      0.00000000
      0.00000000
      0.00000000
      0.00000000
      0.00000000
      0.00000000
      0.00000000
      0.00000000
      0.00000000
      0.00000000
      0.00000000
      0.00000001
      0.00000005
      0.00000023
      0.00000093
      0.00000349
      0.00001218
      0.00003850
      0.00010506
      0.00023832
      0.00044651
      0.00070968
      0.00099907
      0.00129702
      0.00159744
      0.00189793
      0.00219536
      0.00248593
      0.00276688
      0.00303764
      0.00329959
      0.00355511
      0.00380640
      0.00405486
      0.00430102
      0.00454471
      0.00478548
      0.00502286
      0.00525654
      0.00548640
      0.00571249
      0.00593491
      0.00615380
      0.00636927
      0.00658137
      0.00679014
      0.00699559
      0.00719773
      0.00739654
      0.00759204
      0.00778424
      0.00797315
      0.00815878
      0.00834114
      0.00852024
      0.00869610
      0.00886875
      0.00903825
      0.00920468
      0.00936815
      0.00952876
      0.00968656
      0.00984148
      0.00999326
      0.01014145
      0.01028538
      0.01042439
      0.01055814
      0.01068705
      0.01081284
      0.01093892
      0.01107030
      0.01121276
      0.01137073
      0.01154378
      0.01172185
      0.01188070
      0.01198087
      0.01197388
      0.01181707
      0.01149107
      0.01101153
      0.01043118
      0.00983399
      0.00931840
      0.00896184
      0.00877004
      0.00864071
      0.00845238
      0.00836474
      0.00852720
      0.00868364
      0.00875647
      0.00880835
      0.00884770
      0.00881425
      0.00862032
      0.00837666
      0.00850506
      0.00890743
      0.00920377
      0.00935729
      0.00941848
      0.00938142
      0.00919645
      0.00891789
      0.00889915
      0.00923537
      0.00955979
      0.00973551
      0.00979469
      0.00974744
      0.00956010
      0.00925852
      0.00913864
      0.00940094
      0.00972798
      0.00991532
      0.00997394
      0.00992251
      0.00973675
      0.00942089
      0.00921881
      0.00940414
      0.00972280
      0.00991619
      0.00997347
      0.00992044
      0.00974049
      0.00941841
      0.00914289
      0.00924307
      0.00954499
      0.00974010
      0.00979332
      0.00973925
      0.00957040
      0.00925293
      0.00890814
      0.00890460
      0.00918028
      0.00937329
      0.00941639
      0.00935941
      0.00921156
      0.00892383
      0.00852025
      0.00836787
      0.00860273
      0.00880529
      0.00884503
      0.00880767
      0.00875684
      0.00868835
      0.00854000
      0.00837299
      0.00844608
      0.00863393
      0.00876243
      0.00894615
      0.00929229
      0.00980005
      0.01039446
      0.01097723
      0.01146316
      0.01179769
      0.01196313
      0.01197710
      0.01188140
      0.01172454
      0.01154669
      0.01137292
      0.01121395
      0.01107060
      0.01093862
      0.01081225
      0.01068639
      0.01055755
      0.01042393
      0.01028504
      0.01014121
      0.00999309
      0.00984133
      0.00968642
      0.00952861
      0.00936800
      0.00920453
      0.00903810
      0.00886861
      0.00869596
      0.00852011
      0.00834102
      0.00815867
      0.00797305
      0.00778415
      0.00759195
      0.00739646
      0.00719765
      0.00699553
      0.00679008
      0.00658131
      0.00636922
      0.00615376
      0.00593487
      0.00571245
      0.00548637
      0.00525651
      0.00502283
      0.00478545
      0.00454469
      0.00430100
      0.00405485
      0.00380638
      0.00355510
      0.00329958
      0.00303763
      0.00276688
      0.00248593
      0.00219536
      0.00189793
      0.00159744
      0.00129702
      0.00099907
      0.00070968
      0.00044651
      0.00023831
      0.00010506
      0.00003850
      0.00001218
      0.00000349
      0.00000093
      0.00000023
      0.00000005
      0.00000001
      0.00000000
      0.00000000
      0.00000000
      0.00000000
      0.00000000
      0.00000000
      0.00000000
      0.00000000
      0.00000000
      0.00000000
      0.00000000
      0.00000000
      0.00000000
      0.00000000
      0.00000000
      0.00000000
      0.00000000
      0.00000000
      0.00000000
      0.00000000
      0.00000000
      0.00000000
      0.00000000
      0.00000000
      0.00000000
      0.00000000
      0.00000000
      0.00000000
      0.00000000
      0.00000000
      0.00000000
      0.00000000
      0.00000000
      0.00000000
      0.00000000
      0.00000000
      0.00000000
      0.00000000
      0.00000000
      0.00000000
      0.00000000
      0.00000000
      0.00000000
      0.00000000
      0.00000000
      0.00000000
      0.00000000
      0.00000000
      0.00000000
      0.00000000
      0.00000000
      0.00000000
      0.00000000
      0.00000000
      0.00000000
      0.00000000
      0.00000000
      0.00000000
      0.00000000
      0.00000000
      0.00000000
      0.00000000
      0.00000000
      0.00000000
      0.00000000
      0.00000000
      0.00000000
      0.00000000
      0.00000000
      0.00000000
      0.00000000
      0.00000000
      0.00000000
      0.00000000
      0.00000000
      0.00000000
      0.00000000
      0.00000000
      0.00000000
      0.00000000
      0.00000000
      0.00000000
      0.00000000
      0.00000000
      0.00000000
      0.00000000
      0.00000000
      0.00000000
      0.00000000
      0.00000000
      0.00000000
      0.00000000
      0.00000000
      0.00000000
      0.00000000
      0.00000000
      0.00000000
      0.00000000
      0.00000000
      0.00000000
      0.00000000
      0.00000000
      0.00000000
      0.00000000
      0.00000000
      0.00000000
      0.00000000
      0.00000000
      0.00000000
      0.00000000
      0.00000000
      0.00000000
      0.00000000
      0.00000000
      0.00000000
      0.00000000
      0.00000000
      0.00000000
      0.00000000
      0.00000000
      0.00000000
      0.00000000
      0.00000000
      0.00000000
      0.00000000
      0.00000000
      0.00000000
      0.00000000
      0.00000000
      0.00000000
      0.00000000
      0.00000000
      0.00000000
      0.00000000
      0.00000000
      0.00000000
      0.00000000
      0.00000000
      0.00000000
      0.00000000
      0.00000000
      0.00000000
      0.00000000
      0.00000000
      0.00000000
