      0.00000000
      1.45612145
      1.06248459
      0.65137499
      0.23475938
     -0.17108668
     -0.55738841
     -0.92734902
     -1.29237017
     -1.66618518
     -2.05898579
     -2.47108149
     -2.88999855
      2.98527730
      2.59840704
      2.22954092
      1.86665265
      1.49498923
      1.10316354
      0.69003806
      0.26856917
     -0.14167335
     -0.52921932
     -0.89690742
     -1.25744831
     -1.62669880
     -2.01736444
     -2.43156249
     -2.85587272
      3.01442011
      2.62607220
      2.25965772
      1.90171033
      1.53517564
      1.14589233
      0.73058181
      0.30309246
     -0.11282664
     -0.50212696
     -0.86715753
     -1.22222637
     -1.58569066
     -1.97332159
     -2.38977826
     -2.82084486
      3.04294096
      2.65250617
      2.28898798
      1.93713134
      1.57715732
      1.19151145
      0.77388661
      0.33876804
     -0.08466689
     -0.47646006
     -0.83831468
     -1.18656395
     -1.54254414
     -1.92578887
     -2.34458325
     -2.78432697
      3.07069714
      2.67726516
      2.31725417
      1.97308659
      1.62171261
      1.24139810
      0.82146828
      0.37639791
     -0.05736620
     -0.45279525
     -0.81074504
     -1.15025330
     -1.49626501
     -1.87296435
     -2.29393486
     -2.74520288
      3.09747828
      2.69958443
      2.34396314
      2.00982915
      1.67012864
      1.29794892
      0.87613687
      0.41757353
     -0.03118349
     -0.43216837
     -0.78512646
     -1.11298519
     -1.44516137
     -1.81159987
     -2.23387102
     -2.70113344
      3.12296735
      2.71802692
      2.36815999
      2.04773571
      1.72466805
      1.36566515
      0.94364937
      0.46586921
     -0.00649692
     -0.41663449
     -0.76285025
     -1.07431156
     -1.38614827
     -1.73528860
     -2.15570726
     -2.64637713
     -3.13644068
      2.72952986
      2.38771701
      2.08729690
      1.78962733
      1.45396715
      1.03774013
      0.53113005
      0.01632237
     -0.41103414
     -0.74740503
     -1.03384184
     -1.31310832
     -1.62961761
     -2.03636934
     -2.56249107
     -3.11437363
      2.72575236
      2.39631135
      2.12826736
      1.87387798
      1.58600800
      1.20035873
      0.65261616
      0.03889351
     -0.43180682
     -0.75208238
     -0.99451376
     -1.21324823
     -1.45514777
     -1.79120483
     -2.34692116
     -3.08446442
      2.66570879
      2.35831629
      2.15536271
      1.99298686
      1.83293460
      1.62517205
      1.21508968
      0.15306679
     -0.66041785
     -0.94030338
     -1.06564413
     -1.12522342
     -1.13968437
     -1.11227548
     -1.04101483
     -0.92315490
     -0.75761667
     -0.54694765
     -0.29883841
     -0.02570644
      0.25878298
      0.54424434
      0.82565127
      1.10229533
      1.37558188
      1.64730903
      1.91881788
      2.19077872
      2.46330582
      2.73618357
      3.00907900
     -3.00150085
     -2.72940260
     -2.45793181
     -2.18713584
     -1.91702127
     -1.64758016
     -1.37880591
     -1.11069947
     -0.84326914
     -0.57652750
     -0.31048798
     -0.04516257
      0.21943891
      0.48330812
      0.74643678
      1.00881526
      1.27043202
      1.53127493
      1.79133484
      2.05061146
      2.30912034
      2.56689859
      2.82400540
      3.08051294
     -2.94670182
     -2.69125321
     -2.43640553
     -2.18237386
     -1.92952283
     -1.67832212
     -1.42921909
     -1.18242077
     -0.93760367
     -0.69359856
     -0.44813248
     -0.19778568
      0.06150747
      0.33284102
      0.61515243
      0.89959852
      1.16936813
      1.40551110
      1.59404044
      1.72780412
      1.80351034
      1.81738300
      1.76027717
      1.61084685
      1.32628464
      0.84454851
      0.18711687
     -0.39636006
     -0.78064151
     -1.03012025
     -1.22269539
     -1.41888933
     -1.67310370
     -2.04472014
     -2.57477252
      3.10798311
      2.62077023
      2.27936390
      2.02376865
      1.79250712
      1.53208538
      1.18692192
      0.70837703
      0.13250632
     -0.38298104
     -0.76373810
     -1.04911128
     -1.29692398
     -1.55901916
     -1.88827889
     -2.33590015
     -2.89260440
      2.85912497
      2.45214821
      2.14776666
      1.89107187
      1.63078636
      1.31544362
      0.89201066
      0.35094041
     -0.19416951
     -0.62418637
     -0.94382913
     -1.20563522
     -1.46129349
     -1.76188342
     -2.16244679
     -2.68871156
      3.03496592
      2.58052032
      2.24632873
      1.98215648
      1.73488267
      1.45282898
      1.07836080
      0.56933619
     -0.00772172
     -0.49345166
     -0.84448234
     -1.10777052
     -1.33913908
     -1.59196898
     -1.92722734
     -2.40630761
     -3.00497683
      2.74052265
      2.36126379
      2.10263007
      1.90501819
      1.71395296
      1.46960365
      1.09492917
      0.52158434
     -0.14005151
     -0.63388630
     -0.92746160
     -1.08276963
     -1.14407064
     -1.13364878
     -1.06111806
     -0.93041147
     -0.74472919
     -0.51090330
     -0.24252547
      0.04158294
      0.32430594
      0.59631844
      0.85621383
      1.10695165
      1.35259714
      1.59662422
      1.84136999
      2.08805827
      2.33705077
      2.58816157
      2.84095011
      3.09494383
     -2.93341474
     -2.67797826
     -2.42201753
     -2.16552141
     -1.90842911
     -1.65066834
     -1.39217886
     -1.13292237
     -0.87288229
     -0.61205831
     -0.35045929
     -0.08809739
      0.17501571
      0.43887016
      0.70345751
      0.96876933
      1.23479573
      1.50152471
      1.76894286
      2.03703763
      2.30580074
      2.57523125
      2.84533574
      3.11612214
     -2.89560144
     -2.62351181
     -2.35091452
     -2.07802683
     -1.80515637
     -1.53263611
     -1.26068160
     -0.98917855
     -0.71745663
     -0.44417480
     -0.16753503
      0.11386786
      0.39932526
      0.68381065
      0.95693860
      1.20504401
      1.41570964
      1.58124501
      1.69910254
      1.77036116
      1.79776824
      1.78330551
      1.72372418
      1.59838038
      1.31848814
      0.50499032
     -0.55701578
     -0.96709284
     -1.17485522
     -1.33490834
     -1.49728560
     -1.70024137
     -2.00763751
     -2.54065411
      3.00499053
      2.44927963
      2.11322429
      1.87132465
      1.65258923
      1.41015617
      1.08987800
      0.61917485
      0.00545291
     -0.54228601
     -0.92793333
     -1.21580303
     -1.47019306
     -1.73823842
     -2.06768147
     -2.51074287
     -3.06262524
      2.69444089
      2.28769099
      1.97118217
      1.69191523
      1.40547729
      1.06910472
      0.64174656
      0.12693886
     -0.37966935
     -0.79589473
     -1.13155436
     -1.42922424
     -1.72964531
     -2.07145958
     -2.48867571
     -2.97873938
      2.81377749
      2.39336027
      2.04422052
      1.73238360
      1.42092148
      1.07470450
      0.66456576
      0.19219946
     -0.28557957
     -0.70759408
     -1.06659639
     -1.38966419
     -1.71008916
     -2.05995716
     -2.46489860
     -2.92398332
      2.89194047
      2.46967044
      2.10323252
      1.77105626
      1.44319693
      1.09023790
      0.68925212
      0.24049490
     -0.21806771
     -0.63987877
     -1.01205793
     -1.35175847
     -1.68589298
     -2.04151510
     -2.43940976
     -2.87991412
      2.95200377
      2.53103414
      2.15433533
      1.80832363
      1.46881492
      1.11086438
      0.71543462
      0.28167028
     -0.16339958
     -0.58332862
     -0.96364262
     -1.31501656
     -1.65918454
     -2.01919620
     -2.41262884
     -2.84079026
      3.00265175
      2.58385808
      2.20061383
      1.84463370
      1.49638409
      1.13452886
      0.74273509
      0.31929995
     -0.11581828
     -0.53344248
     -0.91908789
     -1.27906183
     -1.63091878
     -1.99443751
     -2.38487285
     -2.80427255
      3.04784644
      2.63139035
      2.24375985
      1.88029566
      1.52522655
      1.16019549
      0.77089465
      0.35497534
     -0.07251376
     -0.48782377
     -0.87710666
     -1.24364125
     -1.60158887
     -1.96800380
     -2.35635218
     -2.76924487
      3.08963041
      2.67543283
      2.28476758
      1.91551720
      1.55497611
      1.18728760
      0.79974120
      0.38949847
     -0.03197025
     -0.44509531
     -0.83692063
     -1.20858393
     -1.57147237
     -1.94033887
     -2.32720954
     -2.73511919
      3.12914920
      2.71705388
      2.32425362
      1.95043873
      1.58541744
      1.21545648
      0.82915438
      0.42330812
      0.00669262
     -0.40441663
     -0.79805317
      0.00000000
