             NaN
     -1.57192919
     -1.18102627
     -0.78860649
     -0.39573026
     -0.00375404
      0.38647692
      0.77512784
      1.16327870
      1.55231506
      1.94314291
      2.33564495
      2.72870844
      3.12086072
     -2.77204024
     -2.38349879
     -1.99556711
     -1.60674280
     -1.21600289
     -0.82341549
     -0.43014664
     -0.03779730
      0.35255019
      0.74097319
      1.12866112
      1.51724515
      1.90787988
      2.30055556
      2.69405027
      3.08662087
     -2.80614241
     -2.41784824
     -2.03043274
     -1.64212231
     -1.25161367
     -0.85884715
     -0.46510323
     -0.07228320
      0.31822681
      0.70638013
      1.09348936
      1.48148639
      1.87184325
      2.26470249
      2.65872251
      3.05182509
     -2.84074611
     -2.45274778
     -2.06598522
     -1.67834975
     -1.28817668
     -0.89522396
     -0.50089667
     -0.10747203
      0.28326575
      0.67109236
      1.05745938
      1.44467411
      1.83462286
      2.22766793
      2.62233901
      3.01613344
     -2.87616616
     -2.48853131
     -2.10261985
     -1.71589978
     -1.32622769
     -0.93309447
     -0.53803643
     -0.14381361
      0.24725058
      0.63466935
      1.02005026
      1.40618159
      1.79550805
      2.18872015
      2.58421661
      2.97894089
     -2.91296250
     -2.52578979
     -2.14103496
     -1.75561471
     -1.36672696
     -0.97345384
     -0.57745722
     -0.18213875
      0.20941240
      0.59630136
      0.98030565
      1.36485174
      1.75317155
      2.14647297
      2.54304394
      2.93907656
     -2.95221916
     -2.56566229
     -2.18257507
     -1.79912715
     -1.41156100
     -1.01829070
     -0.62105690
     -0.22415155
      0.16817240
      0.55433374
      0.93627379
      1.31830421
      1.70483802
      2.09796732
      2.49596638
      2.89395958
     -2.99632900
     -2.61064848
     -2.23018668
     -1.85005116
     -1.46499203
     -1.07221531
     -0.67334328
     -0.27396144
      0.11971896
      0.50480133
      0.88328243
      1.26076218
      1.64358969
      2.03557765
      2.43539663
      2.83660164
     -3.05177315
     -2.66745331
     -2.29177424
     -1.91827819
     -1.53912445
     -1.14892781
     -0.74828329
     -0.34461645
      0.05195660
      0.43528487
      0.80665849
      1.17350382
      1.54573661
      1.93137138
      2.33173240
      2.73867141
      3.13833587
     -2.76279574
     -2.39908769
     -2.04578658
     -1.69040313
     -1.32035033
     -0.92858595
     -0.52047942
     -0.11521865
      0.26512908
      0.60891907
      0.91680332
      1.19609723
      1.45618960
      1.70648167
      1.95524212
      2.20853452
      2.46953330
      2.73865530
      3.01439312
     -2.98879171
     -2.70682088
     -2.42458487
     -2.14306015
     -1.86261614
     -1.58324561
     -1.30478413
     -1.02705909
     -0.74996014
     -0.47345099
     -0.19755024
      0.07769624
      0.35223843
      0.62603549
      0.89906039
      1.17129851
      1.44274385
      1.71339489
      1.98325168
      2.25231418
      2.52058176
      2.78805327
      3.05472737
     -2.96258259
     -2.69750724
     -2.43323299
     -2.16976076
     -1.90709089
     -1.64522236
     -1.38415172
     -1.12387183
     -0.86437115
     -0.60563432
     -0.34764485
     -0.09039068
      0.16612788
      0.42188913
      0.67684362
      0.93091543
      1.18401732
      1.43608463
      1.68712862
      1.93730186
      2.18695607
      2.43665873
      2.68712233
      2.93899882
     -3.09067064
     -2.83620368
     -2.58287733
     -2.33447050
     -2.09631715
     -1.87463623
     -1.67529876
     -1.50196294
     -1.35331227
     -1.21915981
     -1.07597499
     -0.88340844
     -0.58367524
     -0.11551487
      0.49904819
      1.05779574
      1.44255607
      1.69726107
      1.89337489
      2.09121814
      2.34599368
      2.71766043
     -3.03566822
     -2.43544243
     -1.94827528
     -1.60684952
     -1.35123360
     -1.11995878
     -0.85952853
     -0.51435884
     -0.03580829
      0.54006838
      1.05556120
      1.43632295
      1.72170053
      1.96951737
      2.23161634
      2.56087945
      3.00850390
     -2.71797395
     -2.18651519
     -1.77953619
     -1.47515275
     -1.21845636
     -0.95816954
     -0.64282585
     -0.21939224
      0.32167841
      0.86678844
      1.29680509
      1.61644733
      1.87825257
      2.13390969
      2.43449817
      2.83505975
     -2.92186311
     -2.36235798
     -1.90791512
     -1.57372646
     -1.30955754
     -1.06228740
     -0.78023762
     -0.40577367
      0.10324577
      0.68029747
      1.16602154
      1.51704703
      1.78033126
      2.01169959
      2.26453640
      2.59980142
      3.07882493
     -2.60591303
     -2.06845374
     -1.68917840
     -1.43002996
     -1.23083881
     -1.03631332
     -0.78669607
     -0.41087807
      0.13924791
      0.75692345
      1.23509423
      1.54256520
      1.73935029
      1.88405939
      2.01800736
      2.16555232
      2.33748236
      2.53548460
      2.75609461
      2.99351277
     -3.04167832
     -2.78850938
     -2.53403569
     -2.28043609
     -2.02846381
     -1.77792943
     -1.52819390
     -1.27854171
     -1.02839487
     -0.77738987
     -0.52536466
     -0.27230199
     -0.01826394
      0.23666245
      0.49240008
      0.74889793
      1.00613291
      1.26410371
      1.52282194
      1.78230399
      2.04256534
      2.30361774
      2.56546852
      2.82812127
      3.09157708
     -2.92734971
     -2.66228940
     -2.39642847
     -2.12976820
     -1.86230995
     -1.59405510
     -1.32500479
     -1.05515967
     -0.78451978
     -0.51308508
     -0.24085707
      0.03215820
      0.30594613
      0.58047966
      0.85571796
      1.13161097
      1.40811286
      1.68520500
      1.96292368
      2.24137928
      2.52074436
      2.80118335
      3.08270343
     -2.91825015
     -2.63628331
     -2.35628657
     -2.08055226
     -1.81143350
     -1.55043768
     -1.29714787
     -1.04838959
     -0.79809922
     -0.53800807
     -0.25871489
      0.04916908
      0.39295920
      0.77330728
      1.17856830
      1.58667467
      1.97843853
      2.34849067
      2.70387356
      3.05717436
     -2.86230294
     -2.48024907
     -2.08058441
     -1.67364536
     -1.27328458
     -0.88765021
     -0.51541783
     -0.14857276
      0.22280078
      0.60612916
      1.00270236
      1.40636926
      1.80701365
      2.19721000
      2.57636342
      2.94985925
     -2.95764706
     -2.57332715
     -2.17851652
     -1.77731145
     -1.37749255
     -0.98550480
     -0.60267755
     -0.22519799
      0.15328304
      0.53836546
      0.93204595
      1.33142785
      1.73029983
      2.12307638
      2.50813530
      2.88827065
     -3.01445293
     -2.62877238
     -2.23587557
     -1.83788231
     -1.43988329
     -1.04675413
     -0.66022050
     -0.27819023
      0.10374976
      0.48991112
      0.88223514
      1.27914054
      1.67637431
      2.06964450
      2.45721050
      2.84065828
     -3.05943987
     -2.67288297
     -2.28099333
     -1.88496066
     -1.48838971
     -1.09508839
     -0.70676871
     -0.32222274
      0.06178149
      0.44867047
      0.84022167
      1.23554018
      1.63153679
      2.02480982
      2.41369746
      2.79911761
     -3.09931292
     -2.71214021
     -2.32085825
     -1.92613393
     -1.53063748
     -1.13742544
     -0.74809908
     -0.36196785
      0.02341301
      0.41083178
      0.80189600
      1.19611886
      1.59117690
      1.98431006
      2.37398206
      2.76070204
     -3.13657185
     -2.74893700
     -2.35805126
     -1.96425680
     -1.56958571
     -1.17654070
     -0.78659203
     -0.39937738
     -0.01301040
      0.37481620
      0.76555401
      1.15897868
      1.55330598
      1.94625865
      2.33643165
      2.72406705
      3.11082956
     -2.78435742
     -2.39374329
     -2.00064067
     -1.60662065
     -1.21376145
     -0.82340466
     -0.43540769
     -0.04829851
      0.33985481
      0.73036485
      1.12318490
      1.51692882
      1.90969532
      2.30020389
      2.68851426
      3.07592972
     -2.81896142
     -2.42853937
     -2.03596874
     -1.64247404
     -1.24979838
     -0.85916370
     -0.47057973
     -0.08289184
      0.30553115
      0.69587866
      1.08822802
      1.48149688
      1.87408425
      2.26482412
      2.65364837
      3.04158002
     -2.85306385
     -2.46277949
     -2.07062719
     -1.67756368
     -1.28506167
     -0.89423386
     -0.50519755
     -0.11704673
      0.27160419
      0.66183516
      1.05381140
      1.44668764
      1.83910740
      2.23001028
      0.00000000
