      0.00000000
     -1.25989581
     -0.86927081
     -0.47864581
     -0.08802080
      0.30260420
      0.69322921
      1.08385422
      1.47447922
      1.86510423
      2.25572924
      2.64635424
      3.03697925
     -2.85558105
     -2.46495604
     -2.07433104
     -1.68370603
     -1.29308103
     -0.90245602
     -0.51183101
     -0.12120601
      0.26941900
      0.66004401
      1.05066901
      1.44129402
      1.83191903
      2.22254403
      2.61316904
      3.00379405
     -2.88876625
     -2.49814125
     -2.10751624
     -1.71689123
     -1.32626623
     -0.93564122
     -0.54501621
     -0.15439121
      0.23623380
      0.62685881
      1.01748381
      1.40810882
      1.79873383
      2.18935883
      2.57998384
      2.97060885
     -2.92195145
     -2.53132644
     -2.14070144
     -1.75007643
     -1.35945142
     -0.96882642
     -0.57820141
     -0.18757640
      0.20304860
      0.59367361
      0.98429862
      1.37492363
      1.76554863
      2.15617364
      2.54679865
      2.93742366
     -2.95513664
     -2.56451164
     -2.17388663
     -1.78326162
     -1.39263661
     -1.00201161
     -0.61138660
     -0.22076159
      0.16986342
      0.56048842
      0.95111343
      1.34173844
      1.73236344
      2.12298845
      2.51361346
      2.90423846
     -2.98832184
     -2.59769683
     -2.20707183
     -1.81644682
     -1.42582182
     -1.03519681
     -0.64457181
     -0.25394681
      0.13667820
      0.52730320
      0.91792820
      1.30855320
      1.69917819
      2.08980319
      2.48042818
      2.87105318
     -3.02150713
     -2.63088214
     -2.24025715
     -1.84963215
     -1.45900715
     -1.06838214
     -0.67775712
     -0.28713208
      0.10349297
      0.49411804
      0.88474314
      1.27536826
      1.66599342
      2.05661861
      2.44724383
      2.83786908
     -3.05469095
     -2.66406566
     -2.27344035
     -1.88281505
     -1.49218976
     -1.10156450
     -0.71093930
     -0.32031416
      0.07031088
      0.46093581
      0.85156060
      1.24218524
      1.63280971
      2.02343398
      2.41405804
      2.80468188
     -3.08787982
     -2.69725647
     -2.30663337
     -1.91601055
     -1.52538800
     -1.13476575
     -0.74414379
     -0.35352216
      0.03709916
      0.42772012
      0.81834073
      1.20896095
      1.59958077
      1.99020015
      2.38081907
      2.77143750
     -3.12112990
     -2.73051257
     -2.33989583
     -1.94927975
     -1.55866434
     -1.16804961
     -0.77743545
     -0.38682146
      0.00379332
      0.39441318
      0.78506652
      1.17589506
      1.56734128
      1.96010329
      2.35414353
      2.74725372
      3.13548937
     -2.76699250
     -2.39216640
     -2.01681266
     -1.63230534
     -1.23274000
     -0.82072090
     -0.40881746
     -0.01183168
      0.36399806
      0.72439712
      1.08340771
      1.45788070
      1.86021290
      2.28773609
      2.71772031
      3.12289748
     -2.78995056
     -2.44465807
     -2.10402274
     -1.74434110
     -1.34571271
     -0.90682893
     -0.45838785
     -0.04239972
      0.32528664
      0.65762737
      0.97995546
      1.32109224
      1.70839779
      2.15199271
      2.61921677
      3.05137868
     -2.86113551
     -2.53777649
     -2.23251332
     -1.91310155
     -1.54627504
     -1.10948931
     -0.62643559
     -0.17070665
      0.21207233
      0.53304780
      0.82458438
      1.12122152
      1.45941600
      1.87363024
      2.36194341
      2.84809339
     -3.02671510
     -2.69744670
     -2.41288217
     -2.13626528
     -1.83053989
     -1.45512679
     -0.98662171
     -0.48021918
     -0.04214597
      0.29664604
      0.56695890
      0.80494429
      1.03956095
      1.29573383
      1.59673222
      1.96107074
      2.39089831
      2.85523775
     -2.98989150
     -2.61654158
     -2.30254603
     -2.01898175
     -1.73061374
     -1.40499576
     -1.02019379
     -0.57804526
     -0.11708448
      0.30858886
      0.67677370
      1.00060982
      1.30983063
      1.63729669
      2.01007492
      2.43733506
      2.89529324
     -2.94881750
     -2.56057467
     -2.21965342
     -1.90126913
     -1.57400634
     -1.20932523
     -0.79272835
     -0.33916116
      0.10642962
      0.50659621
      0.85785874
      1.18114440
      1.50665759
      1.86386017
      2.27104834
      2.72009273
     -3.11278205
     -2.70295520
     -2.34348098
     -2.01701839
     -1.69438633
     -1.34520192
     -0.94773555
     -0.50381680
     -0.04940689
      0.36976412
      0.73693402
      1.06547151
      1.38351774
      1.72255967
      2.10802774
      2.54496796
      3.00324063
     -2.85019591
     -2.47463446
     -2.14544882
     -1.83613767
     -1.51391432
     -1.14860668
     -0.72574134
     -0.26537508
      0.17903324
      0.56711367
      0.89532027
      1.18473100
      1.46745822
      1.77878314
      2.14833716
      2.58336487
      3.04793436
     -2.80236452
     -2.43425802
     -2.13017011
     -1.87208921
     -1.63685251
     -1.39964445
     -1.13182615
     -0.79759728
     -0.36489415
      0.14025261
      0.61304508
      0.99322049
      1.30166780
      1.57894894
      1.86227911
      2.18832215
      2.59203075
      3.07532670
     -2.71728737
     -2.29856407
     -1.95709389
     -1.65912901
     -1.36809254
     -1.04941756
     -0.67043634
     -0.21799465
      0.26550767
      0.70581367
      1.07596828
      1.39711068
      1.70239999
      2.02415491
      2.39185829
      2.82102635
     -2.99546108
     -2.54949616
     -2.15925583
     -1.81628342
     -1.49359969
     -1.16233924
     -0.79689174
     -0.38332096
      0.06427797
      0.50456784
      0.90546204
      1.26680073
      1.60793718
      1.95255192
      2.32130586
      2.72473422
     -3.12924614
     -2.70100562
     -2.29717368
     -1.92143968
     -1.56193447
     -1.20187687
     -0.82699171
     -0.43104680
     -0.01966606
      0.39261651
      0.79292796
      1.17814724
      1.55384979
      1.92860468
      2.30895543
      2.69678098
      3.08960236
     -2.79966825
     -2.40693248
     -2.01548332
     -1.62465140
     -1.23399731
     -0.84337755
     -0.45276294
     -0.06214907
      0.32846499
      0.71907962
      1.10969494
      1.50031093
      1.89092756
      2.28154480
      2.67216260
      3.06278093
     -2.82978556
     -2.43916628
     -2.04854656
     -1.65792645
     -1.26730595
     -0.87668508
     -0.48606388
     -0.09544234
      0.29517951
      0.68580166
      1.07642410
      1.46704682
      1.85766982
      2.24829308
      2.63891659
      3.02954035
     -2.86302098
     -2.47239678
     -2.08177239
     -1.69114782
     -1.30052308
     -0.90989821
     -0.51927322
     -0.12864813
      0.26197704
      0.65260227
      1.04322753
      1.43385281
      1.82447810
      2.21510338
      2.60572864
      2.99635388
     -2.89620622
     -2.50558104
     -2.11495589
     -1.72433077
     -1.33370569
     -0.94308063
     -0.55245559
     -0.16183056
      0.22879445
      0.61941944
      1.01004443
      1.40066942
      1.79129440
      2.18191938
      2.57254436
      2.96316934
     -2.92939099
     -2.53876601
     -2.14814103
     -1.75751604
     -1.36689106
     -0.97626607
     -0.58564109
     -0.19501610
      0.19560889
      0.58623388
      0.97685887
      1.36748386
      1.75810885
      2.14873384
      2.53935883
      2.92998382
     -2.96257649
     -2.57195150
     -2.18132651
     -1.79070152
     -1.40007652
     -1.00945153
     -0.61882654
     -0.22820154
      0.16242345
      0.55304844
      0.94367344
      1.33429843
      1.72492342
      2.11554841
      2.50617341
      2.89679840
     -2.99576191
     -2.60513692
     -2.21451193
     -1.82388693
     -1.43326194
     -1.04263695
     -0.65201195
     -0.26138696
      0.12923803
      0.51986303
      0.91048802
      1.30111301
      1.69173800
      2.08236300
      2.47298799
      2.86361298
     -3.02894733
     -2.63832234
     -2.24769734
     -1.85707235
     -1.46644736
     -1.07582236
     -0.68519737
     -0.29457238
      0.09605262
      0.48667761
      0.87730260
      1.26792760
      1.65855259
      2.04917758
      2.43980258
      2.83042757
     -3.06213274
     -2.67150775
     -2.28088276
     -1.89025776
     -1.49963277
     -1.10900778
     -0.71838278
     -0.32775779
      0.06286720
      0.45349220
      0.84411719
      1.23474219
      1.62536718
      2.01599217
      2.40661717
      2.79724216
     -3.09531815
     -2.70469316
     -2.31406817
     -1.92344317
     -1.53281818
     -1.14219318
     -0.75156819
     -0.36094320
      0.02968180
      0.42030680
      0.00000000
