      0.00000000
     -2.70122847
     -3.09185348
      2.80070683
      2.41008182
      2.01945682
      1.62883181
      1.23820680
      0.84758180
      0.45695679
      0.06633178
     -0.32429322
     -0.71491823
     -1.10554324
     -1.49616824
     -1.88679325
     -2.27741826
     -2.66804326
     -3.05866827
      2.83389203
      2.44326703
      2.05264202
      1.66201701
      1.27139201
      0.88076700
      0.49014199
      0.09951699
     -0.29110802
     -0.68173303
     -1.07235803
     -1.46298304
     -1.85360805
     -2.24423305
     -2.63485806
     -3.02548307
      2.86707723
      2.47645223
      2.08582722
      1.69520221
      1.30457721
      0.91395220
      0.52332719
      0.13270219
     -0.25792282
     -0.64854783
     -1.03917284
     -1.42979784
     -1.82042285
     -2.21104786
     -2.60167286
     -2.99229787
      2.90026243
      2.50963742
      2.11901242
      1.72838741
      1.33776240
      0.94713739
      0.55651239
      0.16588738
     -0.22473763
     -0.61536264
     -1.00598764
     -1.39661265
     -1.78723766
     -2.17786266
     -2.56848767
     -2.95911268
      2.93344762
      2.54282261
      2.15219761
      1.76157260
      1.37094759
      0.98032258
      0.58969758
      0.19907257
     -0.19155244
     -0.58217744
     -0.97280245
     -1.36342746
     -1.75405246
     -2.14467747
     -2.53530247
     -2.92592748
      2.96663283
      2.57600783
      2.18538282
      1.79475782
      1.40413282
      1.01350782
      0.62288283
      0.23225783
     -0.15836716
     -0.54899216
     -0.93961715
     -1.33024215
     -1.72086714
     -2.11149214
     -2.50211714
     -2.89274215
      2.99981814
      2.60919310
      2.21856805
      1.82794298
      1.43731788
      1.04669276
      0.65606760
      0.26544241
     -0.12518281
     -0.51580806
     -0.90643333
     -1.29705863
     -1.68768394
     -2.07830924
     -2.46893453
     -2.85955979
      3.03300032
      2.64237518
      2.25175014
      1.86112521
      1.47050042
      1.07987578
      0.68925131
      0.29862704
     -0.09199702
     -0.48262086
     -0.87324447
     -1.26386782
     -1.65449092
     -2.04511374
     -2.43573629
     -2.82635854
      3.06620482
      2.67558318
      2.28496187
      1.89434090
      1.50372029
      1.11310007
      0.72248025
      0.33186087
     -0.05875805
     -0.44937648
     -0.83999438
     -1.23061172
     -1.62122845
     -2.01184454
     -2.40245995
     -2.79307467
      3.09949647
      2.70888248
      2.31826770
      1.92764784
      1.53699450
      1.14616596
      0.75471974
      0.36195773
     -0.03208251
     -0.42519270
     -0.81342835
     -1.19413178
     -1.56895789
     -1.94431163
     -2.32881895
     -2.72838429
     -3.14040338
      2.73087848
      2.33389270
      1.95806296
      1.59766390
      1.23865331
      0.86418032
      0.46184812
      0.03432493
     -0.39565929
     -0.80083646
     -1.17117373
     -1.51646621
     -1.85710155
     -2.21678319
     -2.61541157
     -3.05429536
      2.78044887
      2.36446074
      1.99677438
      1.66443365
      1.34210556
      1.00096878
      0.61366323
      0.17006831
     -0.29715575
     -0.72931766
     -1.09998878
     -1.42334780
     -1.72861097
     -2.04802273
     -2.41484925
     -2.85163498
      2.94849661
      2.49276767
      2.10998869
      1.78901322
      1.49747664
      1.20083950
      0.86264502
      0.44843078
     -0.03988239
     -0.52603237
     -0.93440919
     -1.26367759
     -1.54824212
     -1.82485900
     -2.13058440
     -2.50599750
     -2.97450258
      2.80228020
      2.36420699
      2.02541498
      1.75510212
      1.51711673
      1.28250007
      1.02632719
      0.72532880
      0.36099028
     -0.06883729
     -0.53317672
     -0.97123279
     -1.34458271
     -1.65857826
     -1.94214253
     -2.23051055
     -2.55612853
     -2.94093049
      2.90010628
      2.43914550
      2.01347216
      1.64528732
      1.32145120
      1.01223039
      0.68476433
      0.31198610
     -0.11527404
     -0.57323222
     -1.01230679
     -1.40054962
     -1.74147087
     -2.05985515
     -2.38711795
     -2.75179905
      3.11478937
      2.66122218
      2.21563140
      1.81546481
      1.46420228
      1.14091662
      0.81540343
      0.45820085
      0.05101268
     -0.39803171
     -0.84834224
     -1.25816908
     -1.61764331
     -1.94410590
     -2.26673796
     -2.61592237
     -3.01338874
      2.82587782
      2.37146791
      1.95229690
      1.58512700
      1.25658951
      0.93854328
      0.59950135
      0.21403328
     -0.22290694
     -0.68117961
     -1.11092838
     -1.48648983
     -1.81567547
     -2.12498662
     -2.44720997
     -2.81251760
      3.04780236
      2.58743610
      2.14302778
      1.75494735
      1.42674075
      1.13733002
      0.85460280
      0.54327788
      0.17372386
     -0.26130385
     -0.72587334
     -1.15875976
     -1.52686627
     -1.83095417
     -2.08903507
     -2.32427177
     -2.56147984
     -2.82929813
      3.11965830
      2.68695517
      2.18180841
      1.70901594
      1.32884053
      1.02039322
      0.74311208
      0.45978191
      0.13373887
     -0.26996973
     -0.75326568
     -1.24383692
     -1.66256021
     -2.00403040
     -2.30199528
     -2.59303175
     -2.91170672
      2.99249736
      2.54005567
      2.05655335
      1.61624735
      1.24609274
      0.92495034
      0.61966103
      0.29790611
     -0.06979727
     -0.49896533
     -0.96566321
     -1.41162813
     -1.80186846
     -2.14484087
     -2.46752460
     -2.79878504
      3.11895276
      2.70538198
      2.25778305
      1.81749318
      1.41659898
      1.05526029
      0.71412384
      0.36950910
      0.00075516
     -0.40267320
     -0.83187814
     -1.26011866
     -1.66395061
     -2.03968460
     -2.39918982
     -2.75924742
     -3.13413257
      2.75310782
      2.34172708
      1.92944451
      1.52913306
      1.14391378
      0.76821123
      0.39345634
      0.01310559
     -0.37471996
     -0.76754134
     -1.16145604
     -1.55419181
     -1.94564097
     -2.33647289
     -2.72712698
     -3.11774673
      2.77482396
      2.38421009
      1.99359603
      1.60298140
      1.21236609
      0.82175009
      0.43113346
      0.04051622
     -0.35010158
     -0.74071991
     -1.13133873
     -1.52195801
     -1.91257772
     -2.30319784
     -2.69381834
     -3.08443920
      2.80812490
      2.41750336
      2.02688151
      1.63625936
      1.24563692
      0.85501420
      0.46439120
      0.07376794
     -0.31685557
     -0.70747933
     -1.09810331
     -1.48872750
     -1.87935190
     -2.26997647
     -2.66060120
     -3.05122608
      2.84133424
      2.45070915
      2.06008398
      1.66945875
      1.27883349
      0.88820821
      0.49758292
      0.10695764
     -0.28366762
     -0.67429286
     -1.06491807
     -1.45554325
     -1.84616840
     -2.23679351
     -2.62741860
     -3.01804366
      2.87451661
      2.48389158
      2.09326657
      1.70264158
      1.31201659
      0.92139160
      0.53076662
      0.14014164
     -0.25048334
     -0.64110832
     -1.03173330
     -1.42235828
     -1.81298326
     -2.20360824
     -2.59423323
     -2.98485821
      2.90770211
      2.51707712
      2.12645213
      1.73582714
      1.34520215
      0.95457716
      0.56395217
      0.17332718
     -0.21729781
     -0.60792280
     -0.99854779
     -1.38917279
     -1.77979778
     -2.17042277
     -2.56104776
     -2.95167276
      2.94088756
      2.55026256
      2.15963757
      1.76901258
      1.37838758
      0.98776259
      0.59713760
      0.20651261
     -0.18411239
     -0.57473738
     -0.96536237
     -1.35598737
     -1.74661236
     -2.13723735
     -2.52786235
     -2.91848734
      2.97407297
      2.58344798
      2.19282299
      1.80219799
      1.41157300
      1.02094801
      0.63032302
      0.23969802
     -0.15092697
     -0.54155196
     -0.93217696
     -1.32280195
     -1.71342694
     -2.10405194
     -2.49467693
     -2.88530192
      3.00725839
      2.61663340
      2.22600840
      1.83538341
      1.44475842
      1.05413342
      0.66350843
      0.27288344
     -0.11774156
     -0.50836655
     -0.89899154
     -1.28961654
     -1.68024153
     -2.07086652
     -2.46149152
     -2.85211651
      3.04044380
      2.64981881
      2.25919382
      1.86856882
      1.47794383
      1.08731883
      0.69669384
      0.30606885
     -0.08455615
     -0.47518114
     -0.86580613
     -1.25643113
     -1.64705612
     -2.03768112
     -2.42830611
     -2.81893110
      3.07362921
      2.68300422
      2.29237922
      1.90175422
      0.00000000
