      0.00000000
      0.00035176
      0.00092754
      0.00125861
      0.00137901
      0.00140924
      0.00141420
      0.00141721
      0.00142377
      0.00143363
      0.00144549
      0.00145833
      0.00147157
      0.00148492
      0.00149826
      0.00151156
      0.00152480
      0.00153799
      0.00155112
      0.00156419
      0.00157720
      0.00159016
      0.00160307
      0.00161592
      0.00162871
      0.00164145
      0.00165414
      0.00166677
      0.00167934
      0.00169186
      0.00170433
      0.00171674
      0.00172909
      0.00174139
      0.00175363
      0.00176582
      0.00177795
      0.00179003
      0.00180205
      0.00181402
      0.00182594
      0.00183779
      0.00184960
      0.00186134
      0.00187304
      0.00188467
      0.00189625
      0.00190778
      0.00191925
      0.00193067
      0.00194203
      0.00195334
      0.00196459
      0.00197578
      0.00198692
      0.00199801
      0.00200904
      0.00202002
      0.00203094
      0.00204180
      0.00205261
      0.00206337
      0.00207407
      0.00208471
      0.00209530
      0.00210584
      0.00211631
      0.00212674
      0.00213711
      0.00214742
      0.00215768
      0.00216788
      0.00217803
      0.00218813
      0.00219817
      0.00220815
      0.00221808
      0.00222795
      0.00223777
      0.00224753
      0.00225724
      0.00226689
      0.00227649
      0.00228603
      0.00229552
      0.00230495
      0.00231433
      0.00232365
      0.00233292
      0.00234213
      0.00235128
      0.00236039
      0.00236943
      0.00237842
      0.00238736
      0.00239624
      0.00240507
      0.00241384
      0.00242256
      0.00243122
      0.00243982
      0.00244837
      0.00245687
      0.00246531
      0.00247370
      0.00248203
      0.00249030
      0.00249852
      0.00250669
      0.00251480
      0.00252286
      0.00253086
      0.00253880
      0.00254669
      0.00255453
      0.00256231
      0.00257003
      0.00257770
      0.00258532
      0.00259288
      0.00260038
      0.00260783
      0.00261523
      0.00262257
      0.00262985
      0.00263708
      0.00264426
      0.00265138
      0.00265844
      0.00266545
      0.00267240
      0.00267930
      0.00268615
      0.00269294
      0.00269967
      0.00270635
      0.00271298
      0.00271955
      0.00272606
      0.00273252
      0.00273892
      0.00274527
      0.00275157
      0.00275781
      0.00276399
      0.00277012
      0.00277620
      0.00278221
      0.00278818
      0.00279409
      0.00279994
      0.00280574
      0.00281149
      0.00281718
      0.00282281
      0.00282839
      0.00283391
      0.00283938
      0.00284480
      0.00285016
      0.00285546
      0.00286071
      0.00286590
      0.00287104
      0.00287613
      0.00288116
      0.00288613
      0.00289105
      0.00289592
      0.00290072
      0.00290548
      0.00291018
      0.00291482
      0.00291941
      0.00292395
      0.00292843
      0.00293285
      0.00293722
      0.00294153
      0.00294579
      0.00295000
      0.00295415
      0.00295824
      0.00296228
      0.00296627
      0.00297020
      0.00297407
      0.00297789
      0.00298165
      0.00298536
      0.00298902
      0.00299262
      0.00299616
      0.00299965
      0.00300309
      0.00300647
      0.00300979
      0.00301306
      0.00301628
      0.00301943
      0.00302254
      0.00302559
      0.00302858
      0.00303152
      0.00303441
      0.00303724
      0.00304001
      0.00304273
      0.00304540
      0.00304801
      0.00305056
      0.00305306
      0.00305551
      0.00305790
      0.00306023
      0.00306251
      0.00306474
      0.00306691
      0.00306902
      0.00307108
      0.00307309
      0.00307504
      0.00307693
      0.00307878
      0.00308056
      0.00308229
      0.00308397
      0.00308559
      0.00308715
      0.00308866
      0.00309012
      0.00309152
      0.00309286
      0.00309415
      0.00309539
      0.00309657
      0.00309770
      0.00309877
      0.00309978
      0.00310074
      0.00310165
      0.00310250
      0.00310330
      0.00310404
      0.00310472
      0.00310535
      0.00310593
      0.00310645
      0.00310692
      0.00310733
      0.00310768
      0.00310799
      0.00310823
      0.00310842
      0.00310856
      0.00310864
      0.00310867
      0.00310864
      0.00310856
      0.00310842
      0.00310822
      0.00310798
      0.00310767
      0.00310731
      0.00310690
      0.00310643
      0.00310591
      0.00310533
      0.00310470
      0.00310401
      0.00310327
      0.00310247
      0.00310161
      0.00310071
      0.00309974
      0.00309873
      0.00309765
      0.00309653
      0.00309534
      0.00309410
      0.00309281
      0.00309146
      0.00309006
      0.00308860
      0.00308709
      0.00308552
      0.00308390
      0.00308222
      0.00308049
      0.00307870
      0.00307686
      0.00307496
      0.00307301
      0.00307101
      0.00306894
      0.00306683
      0.00306465
      0.00306243
      0.00306015
      0.00305781
      0.00305542
      0.00305297
      0.00305047
      0.00304791
      0.00304530
      0.00304263
      0.00303991
      0.00303713
      0.00303430
      0.00303142
      0.00302847
      0.00302548
      0.00302243
      0.00301932
      0.00301616
      0.00301294
      0.00300967
      0.00300634
      0.00300296
      0.00299953
      0.00299603
      0.00299249
      0.00298889
      0.00298523
      0.00298152
      0.00297775
      0.00297393
      0.00297006
      0.00296613
      0.00296214
      0.00295810
      0.00295400
      0.00294985
      0.00294565
      0.00294139
      0.00293707
      0.00293270
      0.00292827
      0.00292379
      0.00291926
      0.00291467
      0.00291002
      0.00290532
      0.00290056
      0.00289575
      0.00289089
      0.00288597
      0.00288099
      0.00287596
      0.00287088
      0.00286574
      0.00286054
      0.00285529
      0.00284998
      0.00284462
      0.00283921
      0.00283374
      0.00282821
      0.00282263
      0.00281700
      0.00281131
      0.00280556
      0.00279976
      0.00279391
      0.00278800
      0.00278203
      0.00277601
      0.00276994
      0.00276381
      0.00275762
      0.00275138
      0.00274508
      0.00273873
      0.00273233
      0.00272587
      0.00271935
      0.00271278
      0.00270616
      0.00269948
      0.00269274
      0.00268595
      0.00267911
      0.00267221
      0.00266525
      0.00265824
      0.00265118
      0.00264406
      0.00263688
      0.00262965
      0.00262237
      0.00261503
      0.00260763
      0.00260018
      0.00259268
      0.00258511
      0.00257750
      0.00256983
      0.00256210
      0.00255432
      0.00254649
      0.00253860
      0.00253065
      0.00252265
      0.00251460
      0.00250649
      0.00249832
      0.00249010
      0.00248182
      0.00247349
      0.00246511
      0.00245667
      0.00244817
      0.00243962
      0.00243101
      0.00242235
      0.00241364
      0.00240487
      0.00239604
      0.00238716
      0.00237822
      0.00236923
      0.00236018
      0.00235108
      0.00234193
      0.00233272
      0.00232345
      0.00231413
      0.00230475
      0.00229532
      0.00228583
      0.00227629
      0.00226669
      0.00225704
      0.00224734
      0.00223757
      0.00222776
      0.00221788
      0.00220796
      0.00219797
      0.00218794
      0.00217784
      0.00216770
      0.00215749
      0.00214724
      0.00213692
      0.00212656
      0.00211613
      0.00210566
      0.00209512
      0.00208453
      0.00207389
      0.00206319
      0.00205244
      0.00204163
      0.00203077
      0.00201985
      0.00200887
      0.00199785
      0.00198676
      0.00197562
      0.00196443
      0.00195318
      0.00194188
      0.00193052
      0.00191910
      0.00190763
      0.00189611
      0.00188453
      0.00187289
      0.00186120
      0.00184946
      0.00183766
      0.00182580
      0.00181389
      0.00180193
      0.00178991
      0.00177783
      0.00176570
      0.00175352
      0.00174127
      0.00172898
      0.00171663
      0.00170422
      0.00169176
      0.00167924
      0.00166667
      0.00165405
      0.00164136
      0.00162863
      0.00161584
      0.00160299
      0.00159009
      0.00157713
      0.00156412
      0.00155105
      0.00153793
      0.00152475
      0.00151151
      0.00149821
      0.00148487
      0.00147153
      0.00145829
      0.00144546
      0.00143360
      0.00142374
      0.00141719
      0.00141418
      0.00140923
      0.00137900
      0.00125860
      0.00092753
      0.00035176
      0.00000000
