      0.00000000
      0.00035176
      0.00092752
      0.00125858
      0.00137897
      0.00140918
      0.00141412
      0.00141711
      0.00142365
      0.00143348
      0.00144533
      0.00145815
      0.00147136
      0.00148469
      0.00149802
      0.00151130
      0.00152453
      0.00153769
      0.00155080
      0.00156386
      0.00157686
      0.00158980
      0.00160269
      0.00161552
      0.00162830
      0.00164103
      0.00165370
      0.00166631
      0.00167887
      0.00169138
      0.00170383
      0.00171622
      0.00172856
      0.00174085
      0.00175308
      0.00176526
      0.00177738
      0.00178944
      0.00180145
      0.00181341
      0.00182531
      0.00183716
      0.00184895
      0.00186069
      0.00187237
      0.00188400
      0.00189557
      0.00190709
      0.00191855
      0.00192996
      0.00194131
      0.00195261
      0.00196385
      0.00197504
      0.00198617
      0.00199725
      0.00200828
      0.00201925
      0.00203016
      0.00204102
      0.00205182
      0.00206257
      0.00207327
      0.00208391
      0.00209449
      0.00210502
      0.00211550
      0.00212592
      0.00213628
      0.00214659
      0.00215685
      0.00216705
      0.00217720
      0.00218729
      0.00219732
      0.00220730
      0.00221723
      0.00222710
      0.00223692
      0.00224668
      0.00225639
      0.00226604
      0.00227564
      0.00228518
      0.00229467
      0.00230410
      0.00231348
      0.00232280
      0.00233207
      0.00234128
      0.00235044
      0.00235954
      0.00236859
      0.00237758
      0.00238652
      0.00239540
      0.00240423
      0.00241300
      0.00242172
      0.00243038
      0.00243899
      0.00244755
      0.00245605
      0.00246449
      0.00247288
      0.00248121
      0.00248949
      0.00249771
      0.00250588
      0.00251400
      0.00252206
      0.00253006
      0.00253801
      0.00254590
      0.00255374
      0.00256153
      0.00256926
      0.00257693
      0.00258455
      0.00259212
      0.00259963
      0.00260708
      0.00261448
      0.00262183
      0.00262912
      0.00263635
      0.00264353
      0.00265065
      0.00265772
      0.00266474
      0.00267170
      0.00267860
      0.00268545
      0.00269225
      0.00269899
      0.00270568
      0.00271231
      0.00271888
      0.00272540
      0.00273187
      0.00273828
      0.00274463
      0.00275093
      0.00275718
      0.00276337
      0.00276950
      0.00277558
      0.00278161
      0.00278758
      0.00279349
      0.00279935
      0.00280516
      0.00281091
      0.00281661
      0.00282225
      0.00282783
      0.00283336
      0.00283884
      0.00284426
      0.00284962
      0.00285493
      0.00286019
      0.00286539
      0.00287053
      0.00287563
      0.00288066
      0.00288564
      0.00289057
      0.00289544
      0.00290025
      0.00290501
      0.00290972
      0.00291437
      0.00291896
      0.00292350
      0.00292799
      0.00293242
      0.00293680
      0.00294112
      0.00294538
      0.00294959
      0.00295375
      0.00295785
      0.00296189
      0.00296588
      0.00296982
      0.00297370
      0.00297752
      0.00298129
      0.00298501
      0.00298867
      0.00299227
      0.00299582
      0.00299932
      0.00300276
      0.00300615
      0.00300948
      0.00301275
      0.00301597
      0.00301914
      0.00302225
      0.00302530
      0.00302830
      0.00303125
      0.00303414
      0.00303697
      0.00303975
      0.00304248
      0.00304515
      0.00304776
      0.00305032
      0.00305283
      0.00305528
      0.00305767
      0.00306001
      0.00306229
      0.00306452
      0.00306670
      0.00306882
      0.00307088
      0.00307289
      0.00307485
      0.00307675
      0.00307859
      0.00308038
      0.00308212
      0.00308380
      0.00308542
      0.00308699
      0.00308850
      0.00308996
      0.00309137
      0.00309272
      0.00309401
      0.00309525
      0.00309644
      0.00309756
      0.00309864
      0.00309966
      0.00310062
      0.00310153
      0.00310239
      0.00310318
      0.00310393
      0.00310462
      0.00310525
      0.00310583
      0.00310635
      0.00310682
      0.00310724
      0.00310760
      0.00310790
      0.00310815
      0.00310834
      0.00310848
      0.00310856
      0.00310859
      0.00310857
      0.00310849
      0.00310835
      0.00310816
      0.00310791
      0.00310761
      0.00310725
      0.00310684
      0.00310637
      0.00310585
      0.00310528
      0.00310464
      0.00310396
      0.00310322
      0.00310242
      0.00310157
      0.00310066
      0.00309970
      0.00309868
      0.00309761
      0.00309648
      0.00309530
      0.00309406
      0.00309277
      0.00309142
      0.00309002
      0.00308856
      0.00308705
      0.00308548
      0.00308386
      0.00308218
      0.00308045
      0.00307866
      0.00307682
      0.00307492
      0.00307297
      0.00307096
      0.00306890
      0.00306678
      0.00306461
      0.00306238
      0.00306010
      0.00305776
      0.00305537
      0.00305292
      0.00305042
      0.00304786
      0.00304525
      0.00304258
      0.00303985
      0.00303708
      0.00303424
      0.00303135
      0.00302841
      0.00302541
      0.00302236
      0.00301925
      0.00301609
      0.00301287
      0.00300960
      0.00300627
      0.00300288
      0.00299945
      0.00299595
      0.00299240
      0.00298880
      0.00298514
      0.00298143
      0.00297766
      0.00297383
      0.00296996
      0.00296602
      0.00296203
      0.00295799
      0.00295389
      0.00294974
      0.00294553
      0.00294126
      0.00293694
      0.00293257
      0.00292814
      0.00292366
      0.00291912
      0.00291452
      0.00290988
      0.00290517
      0.00290041
      0.00289560
      0.00289073
      0.00288580
      0.00288083
      0.00287579
      0.00287070
      0.00286556
      0.00286036
      0.00285510
      0.00284979
      0.00284443
      0.00283901
      0.00283354
      0.00282801
      0.00282242
      0.00281678
      0.00281109
      0.00280534
      0.00279954
      0.00279368
      0.00278776
      0.00278179
      0.00277577
      0.00276969
      0.00276355
      0.00275736
      0.00275112
      0.00274482
      0.00273847
      0.00273206
      0.00272559
      0.00271907
      0.00271250
      0.00270587
      0.00269918
      0.00269244
      0.00268565
      0.00267880
      0.00267190
      0.00266494
      0.00265792
      0.00265085
      0.00264373
      0.00263655
      0.00262931
      0.00262203
      0.00261468
      0.00260728
      0.00259983
      0.00259232
      0.00258475
      0.00257713
      0.00256946
      0.00256173
      0.00255395
      0.00254611
      0.00253821
      0.00253026
      0.00252226
      0.00251420
      0.00250609
      0.00249792
      0.00248969
      0.00248142
      0.00247308
      0.00246469
      0.00245625
      0.00244775
      0.00243920
      0.00243059
      0.00242192
      0.00241321
      0.00240443
      0.00239560
      0.00238672
      0.00237778
      0.00236879
      0.00235974
      0.00235064
      0.00234148
      0.00233227
      0.00232300
      0.00231368
      0.00230430
      0.00229486
      0.00228538
      0.00227583
      0.00226624
      0.00225658
      0.00224688
      0.00223711
      0.00222730
      0.00221742
      0.00220750
      0.00219751
      0.00218748
      0.00217739
      0.00216724
      0.00215704
      0.00214678
      0.00213647
      0.00212610
      0.00211568
      0.00210520
      0.00209467
      0.00208409
      0.00207344
      0.00206275
      0.00205200
      0.00204119
      0.00203033
      0.00201941
      0.00200844
      0.00199742
      0.00198634
      0.00197520
      0.00196401
      0.00195277
      0.00194147
      0.00193011
      0.00191870
      0.00190724
      0.00189572
      0.00188414
      0.00187251
      0.00186083
      0.00184909
      0.00183729
      0.00182544
      0.00181354
      0.00180158
      0.00178957
      0.00177750
      0.00176538
      0.00175320
      0.00174096
      0.00172867
      0.00171633
      0.00170393
      0.00169148
      0.00167897
      0.00166641
      0.00165379
      0.00164112
      0.00162839
      0.00161561
      0.00160277
      0.00158988
      0.00157693
      0.00156393
      0.00155087
      0.00153775
      0.00152458
      0.00151135
      0.00149807
      0.00148474
      0.00147141
      0.00145819
      0.00144536
      0.00143351
      0.00142367
      0.00141713
      0.00141414
      0.00140920
      0.00137898
      0.00125859
      0.00092753
      0.00035176
      0.00000000
