             NaN
      3.01802983
     -3.04674446
     -2.90738857
     -2.82539836
     -2.78167666
     -2.76072395
     -2.75176672
     -2.74839538
     -2.74730755
     -2.74701661
     -2.74694054
     -2.74688846
     -2.74681518
     -2.74671979
     -2.74660983
     -2.74649154
     -2.74636850
     -2.74624246
     -2.74611418
     -2.74598394
     -2.74585189
     -2.74571807
     -2.74558254
     -2.74544533
     -2.74530649
     -2.74516606
     -2.74502409
     -2.74488063
     -2.74473572
     -2.74458941
     -2.74444175
     -2.74429277
     -2.74414254
     -2.74399108
     -2.74383846
     -2.74368471
     -2.74352987
     -2.74337401
     -2.74321715
     -2.74305934
     -2.74290064
     -2.74274107
     -2.74258069
     -2.74241953
     -2.74225765
     -2.74209508
     -2.74193186
     -2.74176804
     -2.74160366
     -2.74143875
     -2.74127336
     -2.74110753
     -2.74094129
     -2.74077470
     -2.74060777
     -2.74044056
     -2.74027309
     -2.74010541
     -2.73993755
     -2.73976955
     -2.73960145
     -2.73943327
     -2.73926505
     -2.73909683
     -2.73892863
     -2.73876050
     -2.73859246
     -2.73842454
     -2.73825678
     -2.73808921
     -2.73792185
     -2.73775474
     -2.73758789
     -2.73742135
     -2.73725514
     -2.73708929
     -2.73692381
     -2.73675874
     -2.73659411
     -2.73642993
     -2.73626624
     -2.73610305
     -2.73594039
     -2.73577828
     -2.73561674
     -2.73545579
     -2.73529546
     -2.73513577
     -2.73497672
     -2.73481836
     -2.73466068
     -2.73450371
     -2.73434747
     -2.73419198
     -2.73403725
     -2.73388329
     -2.73373013
     -2.73357777
     -2.73342624
     -2.73327554
     -2.73312569
     -2.73297671
     -2.73282860
     -2.73268137
     -2.73253505
     -2.73238963
     -2.73224514
     -2.73210158
     -2.73195896
     -2.73181729
     -2.73167658
     -2.73153683
     -2.73139807
     -2.73126028
     -2.73112349
     -2.73098770
     -2.73085291
     -2.73071914
     -2.73058638
     -2.73045464
     -2.73032393
     -2.73019426
     -2.73006562
     -2.72993802
     -2.72981147
     -2.72968597
     -2.72956152
     -2.72943812
     -2.72931578
     -2.72919450
     -2.72907429
     -2.72895513
     -2.72883705
     -2.72872003
     -2.72860407
     -2.72848919
     -2.72837537
     -2.72826262
     -2.72815094
     -2.72804033
     -2.72793079
     -2.72782232
     -2.72771491
     -2.72760857
     -2.72750329
     -2.72739907
     -2.72729592
     -2.72719383
     -2.72709279
     -2.72699281
     -2.72689388
     -2.72679601
     -2.72669918
     -2.72660339
     -2.72650865
     -2.72641495
     -2.72632228
     -2.72623064
     -2.72614004
     -2.72605046
     -2.72596190
     -2.72587435
     -2.72578782
     -2.72570231
     -2.72561779
     -2.72553428
     -2.72545176
     -2.72537024
     -2.72528970
     -2.72521014
     -2.72513157
     -2.72505396
     -2.72497732
     -2.72490165
     -2.72482693
     -2.72475316
     -2.72468034
     -2.72460846
     -2.72453752
     -2.72446751
     -2.72439842
     -2.72433025
     -2.72426299
     -2.72419664
     -2.72413119
     -2.72406663
     -2.72400297
     -2.72394018
     -2.72387827
     -2.72381723
     -2.72375706
     -2.72369774
     -2.72363927
     -2.72358164
     -2.72352485
     -2.72346889
     -2.72341375
     -2.72335944
     -2.72330592
     -2.72325322
     -2.72320131
     -2.72315018
     -2.72309984
     -2.72305027
     -2.72300147
     -2.72295342
     -2.72290613
     -2.72285958
     -2.72281377
     -2.72276869
     -2.72272433
     -2.72268068
     -2.72263774
     -2.72259550
     -2.72255394
     -2.72251307
     -2.72247287
     -2.72243334
     -2.72239446
     -2.72235624
     -2.72231865
     -2.72228170
     -2.72224537
     -2.72220965
     -2.72217454
     -2.72214003
     -2.72210611
     -2.72207278
     -2.72204001
     -2.72200780
     -2.72197615
     -2.72194505
     -2.72191448
     -2.72188444
     -2.72185491
     -2.72182590
     -2.72179738
     -2.72176935
     -2.72174180
     -2.72171473
     -2.72168811
     -2.72166195
     -2.72163623
     -2.72161094
     -2.72158607
     -2.72156162
     -2.72153757
     -2.72151391
     -2.72149064
     -2.72146774
     -2.72144520
     -2.72142302
     -2.72140117
     -2.72137967
     -2.72135848
     -2.72133761
     -2.72131703
     -2.72129675
     -2.72127676
     -2.72125703
     -2.72123756
     -2.72121834
     -2.72119936
     -2.72118061
     -2.72116208
     -2.72114376
     -2.72112563
     -2.72110769
     -2.72108993
     -2.72107233
     -2.72105489
     -2.72103758
     -2.72102042
     -2.72100337
     -2.72098643
     -2.72096960
     -2.72095285
     -2.72093618
     -2.72091959
     -2.72090304
     -2.72088655
     -2.72087008
     -2.72085365
     -2.72083722
     -2.72082080
     -2.72080437
     -2.72078793
     -2.72077145
     -2.72075493
     -2.72073835
     -2.72072172
     -2.72070501
     -2.72068822
     -2.72067133
     -2.72065434
     -2.72063723
     -2.72061999
     -2.72060261
     -2.72058508
     -2.72056740
     -2.72054954
     -2.72053150
     -2.72051327
     -2.72049484
     -2.72047619
     -2.72045732
     -2.72043822
     -2.72041887
     -2.72039926
     -2.72037939
     -2.72035924
     -2.72033881
     -2.72031808
     -2.72029704
     -2.72027569
     -2.72025400
     -2.72023198
     -2.72020961
     -2.72018689
     -2.72016379
     -2.72014032
     -2.72011646
     -2.72009220
     -2.72006753
     -2.72004245
     -2.72001694
     -2.71999099
     -2.71996460
     -2.71993775
     -2.71991044
     -2.71988265
     -2.71985438
     -2.71982561
     -2.71979635
     -2.71976657
     -2.71973627
     -2.71970544
     -2.71967408
     -2.71964217
     -2.71960970
     -2.71957667
     -2.71954307
     -2.71950889
     -2.71947412
     -2.71943875
     -2.71940278
     -2.71936619
     -2.71932898
     -2.71929114
     -2.71925267
     -2.71921355
     -2.71917379
     -2.71913336
     -2.71909227
     -2.71905050
     -2.71900805
     -2.71896492
     -2.71892109
     -2.71887657
     -2.71883133
     -2.71878539
     -2.71873872
     -2.71869133
     -2.71864321
     -2.71859435
     -2.71854476
     -2.71849441
     -2.71844331
     -2.71839145
     -2.71833883
     -2.71828545
     -2.71823129
     -2.71817636
     -2.71812064
     -2.71806414
     -2.71800686
     -2.71794878
     -2.71788991
     -2.71783024
     -2.71776976
     -2.71770849
     -2.71764641
     -2.71758352
     -2.71751982
     -2.71745530
     -2.71738997
     -2.71732383
     -2.71725687
     -2.71718909
     -2.71712049
     -2.71705108
     -2.71698084
     -2.71690979
     -2.71683792
     -2.71676523
     -2.71669172
     -2.71661739
     -2.71654226
     -2.71646630
     -2.71638954
     -2.71631197
     -2.71623359
     -2.71615441
     -2.71607443
     -2.71599366
     -2.71591209
     -2.71582973
     -2.71574658
     -2.71566266
     -2.71557796
     -2.71549250
     -2.71540627
     -2.71531928
     -2.71523154
     -2.71514305
     -2.71505383
     -2.71496388
     -2.71487320
     -2.71478181
     -2.71468971
     -2.71459692
     -2.71450343
     -2.71440927
     -2.71431443
     -2.71421893
     -2.71412279
     -2.71402600
     -2.71392859
     -2.71383056
     -2.71373193
     -2.71363270
     -2.71353289
     -2.71343251
     -2.71333158
     -2.71323011
     -2.71312811
     -2.71302560
     -2.71292259
     -2.71281909
     -2.71271512
     -2.71261070
     -2.71250584
     -2.71240056
     -2.71229488
     -2.71218880
     -2.71208235
     -2.71197555
     -2.71186841
     -2.71176095
     -2.71165319
     -2.71154514
     -2.71143683
     -2.71132827
     -2.71121949
     -2.71111050
     -2.71100132
     -2.71089198
     -2.71078249
     -2.71067287
     -2.71056314
     -2.71045332
     -2.71034344
     -2.71023352
     -2.71012357
     -2.71001361
     -2.70990368
     -2.70979378
     -2.70968395
     -2.70957420
     -2.70946455
     -2.70935503
     -2.70924566
     -2.70913645
     -2.70902744
     -2.70891863
     -2.70881006
     -2.70870175
     -2.70859371
     -2.70848596
     -2.70837854
     -2.70827145
     -2.70816472
     -2.70805836
     -2.70795241
     -2.70784687
     -2.70774177
     -2.70763712
     -2.70753295
     -2.70742926
     -2.70732607
     -2.70722340
     -2.70712126
     -2.70701967
     -2.70691874
     -2.70681872
     -2.70672034
     -2.70662531
     -2.70653718
     -2.70646214
     -2.70640771
     -2.70637290
     -2.70631248
     -2.70603547
     -2.70495977
     -2.70159865
     -2.69264962
     -2.67170307
     -2.62798564
     -2.54599814
     -2.40664382
     -2.18823363
      0.00000000
