      0.00000000
      1.23028700
      1.62091200
      2.01153700
      2.40216201
      2.79278701
     -3.09977330
     -2.70914829
     -2.31852329
     -1.92789828
     -1.53727328
     -1.14664828
     -0.75602327
     -0.36539827
      0.02522674
      0.41585174
      0.80647674
      1.19710175
      1.58772675
      1.97835175
      2.36897676
      2.75960176
     -3.13295854
     -2.74233354
     -2.35170853
     -1.96108353
     -1.57045852
     -1.17983352
     -0.78920852
     -0.39858351
     -0.00795851
      0.38266650
      0.77329150
      1.16391650
      1.55454151
      1.94516651
      2.33579152
      2.72641652
      3.11704153
     -2.77551878
     -2.38489377
     -1.99426877
     -1.60364376
     -1.21301876
     -0.82239376
     -0.43176875
     -0.04114375
      0.34948126
      0.74010626
      1.13073127
      1.52135627
      1.91198127
      2.30260628
      2.69323128
      3.08385629
     -2.80870401
     -2.41807901
     -2.02745400
     -1.63682900
     -1.24620400
     -0.85557899
     -0.46495399
     -0.07432898
      0.31629602
      0.70692103
      1.09754603
      1.48817104
      1.87879604
      2.26942105
      2.66004605
      3.05067106
     -2.84188925
     -2.45126424
     -2.06063924
     -1.67001423
     -1.27938923
     -0.88876422
     -0.49813922
     -0.10751421
      0.28311079
      0.67373580
      1.06436081
      1.45498581
      1.84561082
      2.23623582
      2.62686083
      3.01748583
     -2.87507447
     -2.48444947
     -2.09382446
     -1.70319945
     -1.31257445
     -0.92194944
     -0.53132444
     -0.14069943
      0.24992557
      0.64055058
      1.03117558
      1.42180059
      1.81242560
      2.20305060
      2.59367561
      2.98430061
     -2.90825969
     -2.51763468
     -2.12700968
     -1.73638467
     -1.34575967
     -0.95513466
     -0.56450965
     -0.17388465
      0.21674036
      0.60736536
      0.99799037
      1.38861538
      1.77924038
      2.16986539
      2.56049040
      2.95111540
     -2.94144490
     -2.55081989
     -2.16019489
     -1.76956988
     -1.37894487
     -0.98831987
     -0.59769486
     -0.20706985
      0.18355515
      0.57418015
      0.96480516
      1.35543016
      1.74605515
      2.13668015
      2.52730514
      2.91793014
     -2.97463016
     -2.58400514
     -2.19338009
     -1.80275499
     -1.41212982
     -1.02150456
     -0.63087918
     -0.24025366
      0.15037203
      0.54099790
      0.93162397
      1.32225025
      1.71287696
      2.10350466
      2.49413194
      2.88473837
     -3.00795517
     -2.61774246
     -2.22737658
     -1.83389947
     -1.43094428
     -1.01371224
     -0.58869760
     -0.17556521
      0.20739657
      0.55801330
      0.89030239
      1.22804237
      1.59928226
      2.02484392
      2.49103654
      2.94083683
     -2.95441114
     -2.62641793
     -2.33100808
     -2.03452502
     -1.69903703
     -1.28565580
     -0.79102373
     -0.29705964
      0.10989701
      0.42827501
      0.69556221
      0.95002350
      1.23009821
      1.58303032
      2.05320565
      2.59732200
      3.06922972
     -2.86710600
     -2.60420805
     -2.37909191
     -2.15505554
     -1.89346031
     -1.53994128
     -1.03962481
     -0.46490579
     -0.00401305
      0.31237454
      0.54410671
      0.73912592
      0.93085663
      1.15279249
      1.45517340
      1.91222714
      2.51362604
      3.03329059
     -2.90786454
     -2.67645823
     -2.49699248
     -2.33485629
     -2.16353025
     -1.94999585
     -1.63580992
     -1.13307441
     -0.49960587
     -0.01665361
      0.27738998
      0.46923161
      0.61229259
      0.73370764
      0.85005464
      0.97523440
      1.12482489
      1.31903007
      1.58410119
      1.94821433
      2.42016036
      2.94783527
     -2.86062795
     -2.49424016
     -2.21968422
     -1.99135430
     -1.75778897
     -1.47005796
     -1.08927614
     -0.60862317
     -0.08968410
      0.36674500
      0.72136055
      0.99664590
      1.23903617
      1.50007730
      1.82795218
      2.25420260
      2.76168687
     -3.02072121
     -2.60746065
     -2.28989827
     -2.03219836
     -1.78472479
     -1.49641701
     -1.12393805
     -0.65306382
     -0.13549658
      0.32956111
      0.69550685
      0.97982951
      1.22706056
      1.48844187
      1.81292557
      2.23407135
      2.73862777
     -3.04135899
     -2.62282828
     -2.30051029
     -2.04018039
     -1.79273298
     -1.50695974
     -1.13864293
     -0.67139126
     -0.15373003
      0.31502627
      0.68504261
      0.97165967
      1.21854653
      1.47682534
      1.79603769
      2.21150187
      2.71360741
     -3.06306668
     -2.63904988
     -2.31325244
     -2.05358991
     -1.81176056
     -1.53619759
     -1.18055961
     -0.72286848
     -0.20355060
      0.27610112
      0.65532326
      0.94140614
      1.17323133
      1.39963257
      1.67207224
      2.03631254
      2.50941091
      3.03701632
     -2.77281537
     -2.40675856
     -2.13969375
     -1.94340803
     -1.79145040
     -1.66337842
     -1.54326486
     -1.41655720
     -1.26532264
     -1.05949098
     -0.74032986
     -0.22518769
      0.40167705
      0.87110371
      1.16700324
      1.37463256
      1.54692398
      1.71542226
      1.90815342
      2.16458884
      2.54964887
      3.10803827
     -2.59990001
     -2.18870703
     -1.91026204
     -1.69569155
     -1.50076920
     -1.29274076
     -1.03443910
     -0.67203094
     -0.16091773
      0.40432638
      0.85124260
      1.16894321
      1.41722898
      1.64351072
      1.88456770
      2.18002164
      2.57727624
      3.08987005
     -2.67000407
     -2.25086423
     -1.93051041
     -1.66037983
     -1.39819354
     -1.10675010
     -0.74799481
     -0.29769489
      0.20390017
      0.66188935
      1.03729573
      1.35536634
      1.65438017
      1.96888599
      2.32855809
      2.74869929
     -3.07539180
     -2.63083728
     -2.23431596
     -1.87930914
     -1.54204321
     -1.19934387
     -0.83565587
     -0.44739818
     -0.04368096
      0.36170599
      0.76116872
      1.15515398
      1.54664924
      1.93745097
      2.32811438
      2.71875026
      3.10937848
     -2.78318106
     -2.39255592
     -2.00193082
     -1.61130565
     -1.22068043
     -0.83005520
     -0.43942997
     -0.04880477
      0.34182041
      0.73244554
      1.12307065
      1.51369573
      1.90432078
      2.29494583
      2.68557086
      3.07619589
     -2.81636440
     -2.42573938
     -2.03511435
     -1.64448933
     -1.25386431
     -0.86323929
     -0.47261426
     -0.08198924
      0.30863579
      0.69926081
      1.08988583
      1.48051086
      1.87113588
      2.26176091
      2.65238593
      3.04301095
     -2.84954933
     -2.45892431
     -2.06829929
     -1.67767426
     -1.28704924
     -0.89642422
     -0.50579919
     -0.11517417
      0.27545085
      0.66607587
      1.05670089
      1.44732592
      1.83795094
      2.22857596
      2.61920098
      3.00982600
     -2.88273428
     -2.49210926
     -2.10148424
     -1.71085922
     -1.32023420
     -0.92960918
     -0.53898416
     -0.14835914
      0.24226588
      0.63289090
      1.02351592
      1.41414094
      1.80476596
      2.19539098
      2.58601600
      2.97664102
     -2.91591926
     -2.52529424
     -2.13466922
     -1.74404421
     -1.35341919
     -0.96279417
     -0.57216915
     -0.18154413
      0.20908089
      0.59970591
      0.99033093
      1.38095595
      1.77158097
      2.16220598
      2.55283100
      2.94345602
     -2.94910427
     -2.55847925
     -2.16785423
     -1.77722921
     -1.38660420
     -0.99597918
     -0.60535416
     -0.21472914
      0.17589587
      0.56652089
      0.95714591
      1.34777093
      1.73839594
      2.12902096
      2.51964598
      2.91027099
     -2.98228930
     -2.59166428
     -2.20103926
     -1.81041425
     -1.41978923
     -1.02916421
     -0.63853920
     -0.24791418
      0.14271084
      0.53333585
      0.92396087
      1.31458589
      1.70521090
      2.09583592
      2.48646093
      2.87708595
     -3.01547434
     -2.62484933
     -2.23422431
     -1.84359929
     -1.45297428
     -1.06234926
     -0.67172425
     -0.28109923
      0.10952578
      0.50015080
      0.89077581
      1.28140083
      1.67202584
      2.06265086
      2.45327587
      2.84390089
     -3.04865940
     -2.65803439
     -2.26740938
     -1.87678436
     -1.48615935
     -1.09553433
     -0.70490932
     -0.31428430
      0.07634071
      0.46696573
      0.85759074
      1.24821575
      1.63884077
      2.02946578
      2.42009079
      2.81071580
     -3.08184449
     -2.69121949
      0.00000000
