      0.00000000
      0.00001881
      0.00007853
      0.00016860
      0.00025721
      0.00031145
      0.00031074
      0.00025676
      0.00019536
      0.00020561
      0.00030992
      0.00044452
      0.00054980
      0.00060985
      0.00062207
      0.00057432
      0.00046510
      0.00036313
      0.00038979
      0.00054365
      0.00070467
      0.00080956
      0.00086453
      0.00088020
      0.00084078
      0.00072210
      0.00057174
      0.00055240
      0.00071716
      0.00091038
      0.00103192
      0.00109298
      0.00112231
      0.00111691
      0.00103948
      0.00087108
      0.00073170
      0.00081453
      0.00103988
      0.00121317
      0.00129821
      0.00133843
      0.00136112
      0.00135094
      0.00125701
      0.00106188
      0.00092716
      0.00105695
      0.00130356
      0.00146492
      0.00153341
      0.00156497
      0.00158882
      0.00158925
      0.00150980
      0.00131063
      0.00113393
      0.00123728
      0.00150134
      0.00167993
      0.00175075
      0.00177808
      0.00180235
      0.00182019
      0.00178342
      0.00162331
      0.00138700
      0.00136330
      0.00161717
      0.00184977
      0.00195141
      0.00198167
      0.00200057
      0.00202691
      0.00203676
      0.00196349
      0.00174873
      0.00153669
      0.00164066
      0.00193046
      0.00211533
      0.00217673
      0.00219191
      0.00220998
      0.00223880
      0.00224561
      0.00215577
      0.00191740
      0.00172129
      0.00187540
      0.00217111
      0.00233541
      0.00238104
      0.00238921
      0.00240548
      0.00243615
      0.00244981
      0.00237182
      0.00213664
      0.00191194
      0.00204183
      0.00234840
      0.00252483
      0.00257211
      0.00257600
      0.00258692
      0.00261654
      0.00264272
      0.00260072
      0.00240397
      0.00212814
      0.00214828
      0.00245646
      0.00267982
      0.00274999
      0.00275424
      0.00275634
      0.00277887
      0.00281351
      0.00281572
      0.00269763
      0.00241878
      0.00225082
      0.00247810
      0.00277465
      0.00290513
      0.00292504
      0.00291899
      0.00292759
      0.00295816
      0.00299000
      0.00296155
      0.00277802
      0.00247978
      0.00245143
      0.00276066
      0.00300383
      0.00307996
      0.00307929
      0.00307207
      0.00308565
      0.00312000
      0.00314763
      0.00309722
      0.00287603
      0.00258639
      0.00264232
      0.00297057
      0.00317872
      0.00322973
      0.00322064
      0.00321300
      0.00322822
      0.00326367
      0.00328980
      0.00323208
      0.00299796
      0.00271017
      0.00279074
      0.00312324
      0.00332030
      0.00336281
      0.00334973
      0.00334012
      0.00335395
      0.00338878
      0.00341706
      0.00336678
      0.00314078
      0.00283955
      0.00289332
      0.00322745
      0.00343492
      0.00348098
      0.00346631
      0.00345300
      0.00346267
      0.00349504
      0.00352761
      0.00349635
      0.00329924
      0.00298001
      0.00295768
      0.00328300
      0.00352093
      0.00358341
      0.00357025
      0.00355186
      0.00355462
      0.00358189
      0.00361828
      0.00361319
      0.00346748
      0.00314977
      0.00300306
      0.00328015
      0.00356752
      0.00366662
      0.00366210
      0.00363860
      0.00363187
      0.00365044
      0.00368656
      0.00370602
      0.00362588
      0.00335644
      0.00307884
      0.00322084
      0.00355512
      0.00372069
      0.00374068
      0.00371600
      0.00369904
      0.00370619
      0.00373623
      0.00376848
      0.00374197
      0.00355207
      0.00322096
      0.00316505
      0.00348554
      0.00373321
      0.00379774
      0.00378012
      0.00375439
      0.00374859
      0.00376799
      0.00380288
      0.00381531
      0.00371678
      0.00342609
      0.00317010
      0.00335350
      0.00367916
      0.00382263
      0.00383057
      0.00380142
      0.00378272
      0.00378852
      0.00381687
      0.00384673
      0.00381624
      0.00361992
      0.00328464
      0.00323408
      0.00355619
      0.00379834
      0.00385733
      0.00383577
      0.00380690
      0.00379809
      0.00381450
      0.00384687
      0.00385855
      0.00376238
      0.00347337
      0.00320543
      0.00337473
      0.00370130
      0.00384765
      0.00385495
      0.00382301
      0.00380076
      0.00380288
      0.00382786
      0.00385562
      0.00382619
      0.00363438
      0.00329610
      0.00322589
      0.00354033
      0.00378682
      0.00384796
      0.00382496
      0.00379304
      0.00378079
      0.00379379
      0.00382304
      0.00383229
      0.00373520
      0.00344604
      0.00317302
      0.00333413
      0.00365839
      0.00380441
      0.00381033
      0.00377614
      0.00375143
      0.00375114
      0.00377342
      0.00379688
      0.00375911
      0.00355534
      0.00321681
      0.00316682
      0.00348325
      0.00371727
      0.00376995
      0.00374336
      0.00371012
      0.00369743
      0.00370981
      0.00373556
      0.00373213
      0.00360652
      0.00329370
      0.00306687
      0.00328098
      0.00358402
      0.00370004
      0.00369310
      0.00365659
      0.00363346
      0.00363544
      0.00365720
      0.00366926
      0.00359590
      0.00333974
      0.00302605
      0.00309566
      0.00342063
      0.00360022
      0.00362158
      0.00358757
      0.00355737
      0.00355069
      0.00356674
      0.00358315
      0.00353630
      0.00332415
      0.00298899
      0.00294888
      0.00325800
      0.00348100
      0.00352816
      0.00349924
      0.00346510
      0.00345232
      0.00346342
      0.00347989
      0.00344512
      0.00325914
      0.00292464
      0.00282025
      0.00310414
      0.00335072
      0.00341617
      0.00339209
      0.00335612
      0.00333965
      0.00334725
      0.00336169
      0.00332865
      0.00315033
      0.00281955
      0.00269550
      0.00296515
      0.00321676
      0.00328845
      0.00326644
      0.00323011
      0.00321254
      0.00321848
      0.00322911
      0.00318720
      0.00299584
      0.00266661
      0.00257102
      0.00284715
      0.00308431
      0.00314666
      0.00312234
      0.00308699
      0.00307127
      0.00307725
      0.00308047
      0.00301474
      0.00278698
      0.00246892
      0.00245928
      0.00275274
      0.00295198
      0.00298995
      0.00296012
      0.00292814
      0.00291754
      0.00292335
      0.00290853
      0.00279181
      0.00250672
      0.00225479
      0.00239117
      0.00267717
      0.00281031
      0.00281471
      0.00278054
      0.00275621
      0.00275272
      0.00275040
      0.00268929
      0.00248050
      0.00216753
      0.00211190
      0.00237869
      0.00258963
      0.00264167
      0.00261807
      0.00258736
      0.00257484
      0.00257167
      0.00253109
      0.00236845
      0.00206572
      0.00190551
      0.00211059
      0.00235666
      0.00244662
      0.00243726
      0.00240627
      0.00238853
      0.00238077
      0.00234091
      0.00218910
      0.00189845
      0.00171809
      0.00189318
      0.00214013
      0.00224164
      0.00223949
      0.00221073
      0.00219156
      0.00217725
      0.00212191
      0.00194830
      0.00165955
      0.00152985
      0.00172713
      0.00195083
      0.00203374
      0.00202744
      0.00200102
      0.00198166
      0.00195357
      0.00185926
      0.00163539
      0.00137339
      0.00137343
      0.00160599
      0.00177555
      0.00181884
      0.00180277
      0.00177834
      0.00175188
      0.00168562
      0.00151501
      0.00125127
      0.00112956
      0.00129456
      0.00149930
      0.00158601
      0.00158868
      0.00156538
      0.00153457
      0.00146953
      0.00131452
      0.00106932
      0.00092585
      0.00104883
      0.00124696
      0.00134716
      0.00136058
      0.00133891
      0.00129986
      0.00121811
      0.00104960
      0.00082330
      0.00072870
      0.00086052
      0.00103186
      0.00111401
      0.00112195
      0.00109385
      0.00103458
      0.00091626
      0.00072517
      0.00055553
      0.00056606
      0.00071446
      0.00083636
      0.00087881
      0.00086492
      0.00081146
      0.00070864
      0.00054915
      0.00039300
      0.00036063
      0.00045986
      0.00057049
      0.00062055
      0.00061007
      0.00055137
      0.00044727
      0.00031294
      0.00020681
      0.00019379
      0.00025407
      0.00030876
      0.00031064
      0.00025723
      0.00016894
      0.00007882
      0.00001890
      0.00000000
