      0.00000000
      2.88143237
      2.58294235
      2.34533914
      2.14168725
      1.94129959
      1.70471998
      1.36895111
      0.83837426
      0.14791077
     -0.39703128
     -0.73186691
     -0.95099741
     -1.12275611
     -1.29645849
     -1.52160664
     -1.86572677
     -2.41398020
     -3.08731049
      2.68548317
      2.37230277
      2.17050172
      2.01742230
      1.86530574
      1.66698727
      1.36264853
      0.87096319
      0.20784832
     -0.35477851
     -0.70805863
     -0.92659000
     -1.07723099
     -1.20880565
     -1.36579392
     -1.59789224
     -1.97328092
     -2.55624118
      3.07613707
      2.60992893
      2.32607595
      2.14830000
      2.02091575
      1.89957131
      1.74123263
      1.49561712
      1.09325123
      0.48649774
     -0.14570940
     -0.58154397
     -0.84530628
     -1.00914720
     -1.12516675
     -1.23553057
     -1.38123522
     -1.60976773
     -1.98637589
     -2.56776442
      3.07077128
      2.60662846
      2.32478333
      2.15347618
      2.03924258
      1.94061011
      1.81898092
      1.63187771
      1.32311229
      0.82276384
      0.16942390
     -0.37786218
     -0.72262654
     -0.92873290
     -1.05669178
     -1.15028349
     -1.24665387
     -1.38325143
     -1.60517680
     -1.97506319
     -2.54784256
      3.09120773
      2.61975985
      2.33316330
      2.16234094
      2.05454879
      1.97045620
      1.87535058
      1.73264866
      1.49618502
      1.10157741
      0.50634340
     -0.12409133
     -0.56807675
     -0.83560578
     -0.99428294
     -1.09401464
     -1.17207777
     -1.26134316
     -1.39672277
     -1.62264407
     -2.00152028
     -2.58184273
      3.06357169
      2.60245590
      2.32326982
      2.15874266
      2.05784902
      1.98343331
      1.90396742
      1.78701583
      1.59228524
      1.26300471
      0.73672756
      0.08647638
     -0.43249207
     -0.75511932
     -0.94482763
     -1.05769722
     -1.13323484
     -1.20268555
     -1.29585874
     -1.44764272
     -1.70583477
     -2.13573476
     -2.75522487
      2.92347638
      2.51551456
      2.27261668
      2.13067484
      2.04382211
      1.97866421
      1.90682798
      1.79851506
      1.61570404
      1.30414820
      0.80007705
      0.15252295
     -0.38744978
     -0.72824985
     -0.92820426
     -1.04501660
     -1.11875517
     -1.17941577
     -1.25379637
     -1.37188293
     -1.57379661
     -1.91727575
     -2.45956189
     -3.10618503
      2.67575399
      2.36684155
      2.18671316
      2.08148099
      2.01387085
      1.95567266
      1.88108080
      1.76031800
      1.55269166
      1.19956031
      0.64688461
      0.00286285
     -0.48704536
     -0.78727516
     -0.96187974
     -1.06360761
     -1.12881441
     -1.18486038
     -1.25670295
     -1.37325133
     -1.57419702
     -1.91702748
     -2.45830945
     -3.10420104
      2.67713242
      2.36759310
      2.18755893
      2.08322377
      2.01767713
      1.96367771
      1.89705587
      1.79039342
      1.60637017
      1.29058423
      0.78130471
      0.13487032
     -0.39911012
     -0.73532270
     -0.93157364
     -1.04464023
     -1.11345891
     -1.16592490
     -1.22554599
     -1.31771469
     -1.47614647
     -1.75001803
     -2.20372648
     -2.83405242
      2.86530085
      2.47994009
      2.25263440
      2.12202381
      2.04508219
      1.99196573
      1.93921349
      1.86350039
      1.73538809
      1.51253906
      1.13428659
      0.55715584
     -0.07649057
     -0.53799152
     -0.81721768
     -0.97843192
     -1.07151700
     -1.13040973
     -1.18009078
     -1.24295608
     -1.34501651
     -1.52237045
     -1.82812288
     -2.32475544
     -2.96880971
      2.76871522
      2.42175159
      2.21907670
      2.10294772
      2.03380418
      1.98400635
      1.93126407
      1.85247128
      1.71748519
      1.48234498
      1.08500273
      0.49142732
     -0.13206756
     -0.57312350
     -0.83782254
     -0.99019938
     -1.07820442
     -1.13440516
     -1.18287746
     -1.24549639
     -1.34809163
     -1.52688005
     -1.83526689
     -2.33528576
     -2.97974137
      2.76108657
      2.41703352
      2.21622732
      2.10127206
      2.03292045
      1.98382247
      1.93198967
      1.85465390
      1.72207925
      1.49083905
      1.09930572
      0.51058886
     -0.11606799
     -0.56325391
     -0.83229758
     -0.98727157
     -1.07667866
     -1.13342491
     -1.18171389
     -1.24335331
     -1.34390999
     -1.51911889
     -1.82171296
     -2.31437877
     -2.95750467
      2.77641127
      2.42595289
      2.22105875
      2.10368520
      2.03401382
      1.98432774
      1.93243122
      1.85548676
      1.72381733
      1.49417860
      1.10507661
      0.51834401
     -0.10968297
     -0.55945133
     -0.83038767
     -0.98663099
     -1.07694068
     -1.13447599
     -1.18374757
     -1.24696627
     -1.35023546
     -1.53001698
     -1.83997631
     -2.34210655
     -2.98708489
      2.75561751
      2.41324885
      2.21326730
      2.09842076
      2.02948735
      1.97882917
      1.92377397
      1.84039579
      1.69722099
      1.44832287
      1.03029810
      0.42084725
     -0.18978731
     -0.60965316
     -0.85999842
     -1.00427890
     -1.08858017
     -1.14459803
     -1.19662099
     -1.26787488
     -1.38678035
     -1.59364595
     -1.94698836
     -2.49970817
      3.14052450
      2.65115230
      2.35097858
      2.17664585
      2.07563084
      2.01198883
      1.95919511
      1.89357881
      1.78801482
      1.60532691
      1.29120156
      0.78366659
      0.13734983
     -0.39836378
     -0.73634342
     -0.93408264
     -1.04851336
     -1.11883383
     -1.17344091
     -1.23670137
     -1.33529919
     -1.50478298
     -1.79685189
     -2.27587224
     -2.91665115
      2.80411212
      2.44146034
      2.22805516
      2.10438165
      2.02907095
      1.97233336
      1.90901340
      1.81220992
      1.64673317
      1.36170900
      0.89222171
      0.25428788
     -0.31674548
     -0.68787764
     -0.90688244
     -1.03416384
     -1.11192723
     -1.17073236
     -1.23655113
     -1.33716737
     -1.50877941
     -1.80355969
     -2.28630030
     -2.92895093
      2.79474273
      2.43532511
      2.22345592
      2.09973303
      2.02274189
      1.96187776
      1.89029189
      1.77849537
      1.58757113
      1.26146928
      0.73869949
      0.08992028
     -0.43169827
     -0.75734632
     -0.94871332
     -1.06169981
     -1.13537574
     -1.19994317
     -1.28362280
     -1.41907574
     -1.65071262
     -2.04133292
     -2.63169947
      3.02161947
      2.57360673
      2.30305208
      2.14403084
      2.04717400
      1.97678083
      1.90283513
      1.79443454
      1.61305760
      1.30427856
      0.80284288
      0.15416364
     -0.38913828
     -0.73294372
     -0.93652675
     -1.05830698
     -1.13961983
     -1.21327199
     -1.31062401
     -1.46807278
     -1.73511187
     -2.17864020
     -2.80785636
      2.88044560
      2.48541286
      2.24927262
      2.10815042
      2.01637811
      1.93854778
      1.84183595
      1.68957705
      1.43325863
      1.00606772
      0.38566188
     -0.22259715
     -0.63323285
     -0.87993059
     -1.02839354
     -1.12603112
     -1.20991497
     -1.31472914
     -1.47922841
     -1.75479609
     -2.21031416
     -2.84781623
      2.84876158
      2.46469981
      2.23403504
      2.09266455
      1.99447802
      1.90169527
      1.77729731
      1.57821344
      1.24534285
      0.71222670
      0.05708772
     -0.45786853
     -0.77762772
     -0.97110773
     -1.09587629
     -1.19501958
     -1.30722707
     -1.47361349
     -1.74655542
     -2.19735837
     -2.83582969
      2.85446997
      2.46595064
      2.23023468
      2.08076060
      1.96923884
      1.85447271
      1.69450445
      1.43809871
      1.01398945
      0.38943633
     -0.22651162
     -0.64013447
     -0.89258983
     -1.05449972
     -1.17695955
     -1.30320461
     -1.47738280
     -1.75431159
     -2.20976157
     -2.85572898
      2.83493770
      2.45018182
      2.21269811
      2.05309412
      1.92105517
      1.77201206
      1.55751085
      1.21173525
      0.65824905
     -0.00711299
     -0.50834697
     -0.81903685
     -1.02064889
     -1.17397396
     -1.32646792
     -1.52572089
     -1.83358108
     -2.33590520
     -3.00807704
      2.71888985
      2.36880894
      2.14060524
      1.96569582
      1.79420223
      1.57695223
      1.24637724
      0.70772018
      0.01666279
     -0.52047177
     -0.86046540
     -1.09918749
     -1.30065058
     -1.50477678
     -1.74246598
     -2.04079570
      0.00000000
