      0.00000000
      0.00000000
      0.00000000
      0.00000000
      0.00000000
      0.00000000
      0.00000000
      0.00000000
      0.00000000
      0.00000000
      0.00000000
      0.00000000
      0.00000000
      0.00000000
      0.00000000
      0.00000000
      0.00000000
      0.00000000
      0.00000000
      0.00000000
      0.00000000
      0.00000000
      0.00000000
      0.00000000
      0.00000000
      0.00000000
      0.00000000
      0.00000000
      0.00000000
      0.00000000
      0.00000000
      0.00000000
      0.00000000
      0.00000000
      0.00000000
      0.00000000
      0.00000000
      0.00000000
      0.00000000
      0.00000000
      0.00000000
      0.00000000
      0.00000000
      0.00000000
      0.00000000
      0.00000000
      0.00000000
      0.00000000
      0.00000000
      0.00000000
      0.00000000
      0.00000000
      0.00000000
      0.00000000
      0.00000000
      0.00000000
      0.00000000
      0.00000000
      0.00000000
      0.00000000
      0.00000000
      0.00000000
      0.00000000
      0.00000000
      0.00000000
      0.00000000
      0.00000000
      0.00000000
      0.00000000
      0.00000000
      0.00000000
      0.00000000
      0.00000000
      0.00000000
      0.00000000
      0.00000000
      0.00000000
      0.00000000
      0.00000000
      0.00000000
      0.00000000
      0.00000000
      0.00000000
      0.00000000
      0.00000000
      0.00000000
      0.00000000
      0.00000000
      0.00000000
      0.00000000
      0.00000000
      0.00000000
      0.00000000
      0.00000000
      0.00000000
      0.00000000
      0.00000000
      0.00000000
      0.00000000
      0.00000000
      0.00000000
      0.00000000
      0.00000000
      0.00000000
      0.00000000
      0.00000000
      0.00000000
      0.00000000
      0.00000000
      0.00000000
      0.00000000
      0.00000000
      0.00000000
      0.00000000
      0.00000000
      0.00000000
      0.00000000
      0.00000000
      0.00000000
      0.00000000
      0.00000000
      0.00000000
      0.00000000
      0.00000000
      0.00000000
      0.00000000
      0.00000000
      0.00000000
      0.00000000
      0.00000000
      0.00000000
      0.00000000
      0.00000000
      0.00000000
      0.00000000
      0.00000000
      0.00000000
      0.00000000
      0.00000000
      0.00000000
      0.00000000
      0.00000000
      0.00000000
      0.00000000
      0.00000000
      0.00000003
      0.00000015
      0.00000068
      0.00000233
      0.00000603
      0.00001241
      0.00002377
      0.00005406
      0.00013910
      0.00030353
      0.00049896
      0.00063813
      0.00067653
      0.00062649
      0.00053456
      0.00045665
      0.00043145
      0.00046456
      0.00053578
      0.00061927
      0.00069739
      0.00076341
      0.00081808
      0.00086546
      0.00090997
      0.00095493
      0.00100202
      0.00105159
      0.00110315
      0.00115588
      0.00120904
      0.00126214
      0.00131497
      0.00136750
      0.00141982
      0.00147205
      0.00152426
      0.00157652
      0.00162881
      0.00168112
      0.00173341
      0.00178565
      0.00183780
      0.00188983
      0.00194172
      0.00199345
      0.00204501
      0.00209638
      0.00214754
      0.00219848
      0.00224917
      0.00229959
      0.00234973
      0.00239956
      0.00244907
      0.00249823
      0.00254702
      0.00259542
      0.00264341
      0.00269097
      0.00273808
      0.00278472
      0.00283087
      0.00287651
      0.00292161
      0.00296615
      0.00301012
      0.00305350
      0.00309625
      0.00313837
      0.00317983
      0.00322061
      0.00326069
      0.00330005
      0.00333868
      0.00337654
      0.00341363
      0.00344991
      0.00348539
      0.00352002
      0.00355380
      0.00358671
      0.00361873
      0.00364984
      0.00368003
      0.00370927
      0.00373756
      0.00376487
      0.00379120
      0.00381652
      0.00384082
      0.00386409
      0.00388631
      0.00390748
      0.00392757
      0.00394658
      0.00396450
      0.00398131
      0.00399700
      0.00401157
      0.00402501
      0.00403731
      0.00404846
      0.00405845
      0.00406728
      0.00407495
      0.00408144
      0.00408676
      0.00409090
      0.00409386
      0.00409564
      0.00409623
      0.00409564
      0.00409386
      0.00409090
      0.00408676
      0.00408144
      0.00407495
      0.00406728
      0.00405845
      0.00404846
      0.00403731
      0.00402501
      0.00401157
      0.00399700
      0.00398131
      0.00396450
      0.00394658
      0.00392757
      0.00390748
      0.00388631
      0.00386409
      0.00384082
      0.00381652
      0.00379120
      0.00376487
      0.00373756
      0.00370927
      0.00368003
      0.00364984
      0.00361873
      0.00358671
      0.00355380
      0.00352002
      0.00348539
      0.00344991
      0.00341363
      0.00337654
      0.00333868
      0.00330005
      0.00326069
      0.00322061
      0.00317983
      0.00313837
      0.00309625
      0.00305350
      0.00301012
      0.00296615
      0.00292161
      0.00287651
      0.00283087
      0.00278472
      0.00273808
      0.00269097
      0.00264341
      0.00259542
      0.00254702
      0.00249823
      0.00244907
      0.00239956
      0.00234973
      0.00229959
      0.00224917
      0.00219848
      0.00214754
      0.00209638
      0.00204501
      0.00199345
      0.00194172
      0.00188983
      0.00183780
      0.00178565
      0.00173341
      0.00168112
      0.00162881
      0.00157652
      0.00152426
      0.00147205
      0.00141982
      0.00136750
      0.00131497
      0.00126214
      0.00120904
      0.00115588
      0.00110315
      0.00105159
      0.00100202
      0.00095493
      0.00090997
      0.00086546
      0.00081808
      0.00076341
      0.00069739
      0.00061927
      0.00053578
      0.00046456
      0.00043145
      0.00045665
      0.00053456
      0.00062649
      0.00067653
      0.00063813
      0.00049896
      0.00030353
      0.00013910
      0.00005406
      0.00002377
      0.00001241
      0.00000603
      0.00000233
      0.00000068
      0.00000015
      0.00000003
      0.00000000
      0.00000000
      0.00000000
      0.00000000
      0.00000000
      0.00000000
      0.00000000
      0.00000000
      0.00000000
      0.00000000
      0.00000000
      0.00000000
      0.00000000
      0.00000000
      0.00000000
      0.00000000
      0.00000000
      0.00000000
      0.00000000
      0.00000000
      0.00000000
      0.00000000
      0.00000000
      0.00000000
      0.00000000
      0.00000000
      0.00000000
      0.00000000
      0.00000000
      0.00000000
      0.00000000
      0.00000000
      0.00000000
      0.00000000
      0.00000000
      0.00000000
      0.00000000
      0.00000000
      0.00000000
      0.00000000
      0.00000000
      0.00000000
      0.00000000
      0.00000000
      0.00000000
      0.00000000
      0.00000000
      0.00000000
      0.00000000
      0.00000000
      0.00000000
      0.00000000
      0.00000000
      0.00000000
      0.00000000
      0.00000000
      0.00000000
      0.00000000
      0.00000000
      0.00000000
      0.00000000
      0.00000000
      0.00000000
      0.00000000
      0.00000000
      0.00000000
      0.00000000
      0.00000000
      0.00000000
      0.00000000
      0.00000000
      0.00000000
      0.00000000
      0.00000000
      0.00000000
      0.00000000
      0.00000000
      0.00000000
      0.00000000
      0.00000000
      0.00000000
      0.00000000
      0.00000000
      0.00000000
      0.00000000
      0.00000000
      0.00000000
      0.00000000
      0.00000000
      0.00000000
      0.00000000
      0.00000000
      0.00000000
      0.00000000
      0.00000000
      0.00000000
      0.00000000
      0.00000000
      0.00000000
      0.00000000
      0.00000000
      0.00000000
      0.00000000
      0.00000000
      0.00000000
      0.00000000
      0.00000000
      0.00000000
      0.00000000
      0.00000000
      0.00000000
      0.00000000
      0.00000000
      0.00000000
      0.00000000
      0.00000000
      0.00000000
      0.00000000
      0.00000000
      0.00000000
      0.00000000
      0.00000000
      0.00000000
      0.00000000
      0.00000000
      0.00000000
      0.00000000
      0.00000000
      0.00000000
      0.00000000
      0.00000000
      0.00000000
      0.00000000
      0.00000000
      0.00000000
      0.00000000
      0.00000000
      0.00000000
      0.00000000
      0.00000000
      0.00000000
      0.00000000
      0.00000000
      0.00000000
      0.00000000
