      0.00000000
      0.00007820
      0.00025881
      0.00041326
      0.00047862
      0.00046878
      0.00041733
      0.00035268
      0.00029494
      0.00025635
      0.00024080
      0.00024462
      0.00025988
      0.00027855
      0.00029533
      0.00030811
      0.00031713
      0.00032371
      0.00032928
      0.00033492
      0.00034113
      0.00034801
      0.00035539
      0.00036303
      0.00037071
      0.00037830
      0.00038577
      0.00039313
      0.00040041
      0.00040764
      0.00041487
      0.00042208
      0.00042930
      0.00043652
      0.00044372
      0.00045090
      0.00045807
      0.00046521
      0.00047234
      0.00047944
      0.00048653
      0.00049359
      0.00050064
      0.00050767
      0.00051468
      0.00052167
      0.00052864
      0.00053559
      0.00054251
      0.00054942
      0.00055631
      0.00056318
      0.00057003
      0.00057685
      0.00058366
      0.00059044
      0.00059720
      0.00060394
      0.00061066
      0.00061735
      0.00062403
      0.00063068
      0.00063731
      0.00064392
      0.00065050
      0.00065706
      0.00066360
      0.00067011
      0.00067661
      0.00068307
      0.00068952
      0.00069594
      0.00070233
      0.00070871
      0.00071505
      0.00072138
      0.00072768
      0.00073395
      0.00074020
      0.00074642
      0.00075262
      0.00075880
      0.00076494
      0.00077107
      0.00077716
      0.00078323
      0.00078928
      0.00079530
      0.00080129
      0.00080725
      0.00081319
      0.00081910
      0.00082499
      0.00083085
      0.00083668
      0.00084248
      0.00084826
      0.00085400
      0.00085972
      0.00086542
      0.00087108
      0.00087671
      0.00088232
      0.00088790
      0.00089345
      0.00089897
      0.00090446
      0.00090993
      0.00091536
      0.00092076
      0.00092614
      0.00093149
      0.00093680
      0.00094209
      0.00094734
      0.00095257
      0.00095776
      0.00096293
      0.00096806
      0.00097317
      0.00097824
      0.00098328
      0.00098829
      0.00099327
      0.00099822
      0.00100313
      0.00100802
      0.00101287
      0.00101769
      0.00102248
      0.00102724
      0.00103197
      0.00103666
      0.00104132
      0.00104595
      0.00105054
      0.00105511
      0.00105964
      0.00106413
      0.00106860
      0.00107303
      0.00107742
      0.00108179
      0.00108612
      0.00109041
      0.00109467
      0.00109890
      0.00110310
      0.00110726
      0.00111138
      0.00111547
      0.00111953
      0.00112355
      0.00112754
      0.00113149
      0.00113541
      0.00113929
      0.00114314
      0.00114695
      0.00115073
      0.00115447
      0.00115818
      0.00116185
      0.00116548
      0.00116908
      0.00117265
      0.00117617
      0.00117966
      0.00118312
      0.00118654
      0.00118992
      0.00119327
      0.00119657
      0.00119985
      0.00120308
      0.00120628
      0.00120944
      0.00121257
      0.00121566
      0.00121871
      0.00122172
      0.00122470
      0.00122764
      0.00123054
      0.00123340
      0.00123623
      0.00123902
      0.00124177
      0.00124448
      0.00124715
      0.00124979
      0.00125239
      0.00125495
      0.00125747
      0.00125996
      0.00126240
      0.00126481
      0.00126718
      0.00126951
      0.00127180
      0.00127405
      0.00127627
      0.00127844
      0.00128058
      0.00128268
      0.00128474
      0.00128676
      0.00128874
      0.00129068
      0.00129258
      0.00129445
      0.00129627
      0.00129805
      0.00129980
      0.00130150
      0.00130317
      0.00130480
      0.00130638
      0.00130793
      0.00130944
      0.00131091
      0.00131234
      0.00131372
      0.00131507
      0.00131638
      0.00131765
      0.00131888
      0.00132007
      0.00132122
      0.00132233
      0.00132340
      0.00132443
      0.00132541
      0.00132636
      0.00132727
      0.00132814
      0.00132897
      0.00132976
      0.00133050
      0.00133121
      0.00133188
      0.00133250
      0.00133309
      0.00133364
      0.00133414
      0.00133461
      0.00133503
      0.00133541
      0.00133576
      0.00133606
      0.00133633
      0.00133655
      0.00133673
      0.00133687
      0.00133697
      0.00133703
      0.00133705
      0.00133703
      0.00133697
      0.00133687
      0.00133673
      0.00133655
      0.00133633
      0.00133606
      0.00133576
      0.00133541
      0.00133503
      0.00133461
      0.00133414
      0.00133364
      0.00133309
      0.00133250
      0.00133188
      0.00133121
      0.00133050
      0.00132976
      0.00132897
      0.00132814
      0.00132727
      0.00132636
      0.00132541
      0.00132443
      0.00132340
      0.00132233
      0.00132122
      0.00132007
      0.00131888
      0.00131765
      0.00131638
      0.00131507
      0.00131372
      0.00131234
      0.00131091
      0.00130944
      0.00130793
      0.00130638
      0.00130480
      0.00130317
      0.00130150
      0.00129980
      0.00129805
      0.00129627
      0.00129445
      0.00129258
      0.00129068
      0.00128874
      0.00128676
      0.00128474
      0.00128268
      0.00128058
      0.00127844
      0.00127627
      0.00127405
      0.00127180
      0.00126951
      0.00126718
      0.00126481
      0.00126240
      0.00125996
      0.00125747
      0.00125495
      0.00125239
      0.00124979
      0.00124715
      0.00124448
      0.00124177
      0.00123902
      0.00123623
      0.00123340
      0.00123054
      0.00122764
      0.00122470
      0.00122172
      0.00121871
      0.00121566
      0.00121257
      0.00120944
      0.00120628
      0.00120308
      0.00119985
      0.00119657
      0.00119327
      0.00118992
      0.00118654
      0.00118312
      0.00117966
      0.00117617
      0.00117265
      0.00116908
      0.00116548
      0.00116185
      0.00115818
      0.00115447
      0.00115073
      0.00114695
      0.00114314
      0.00113929
      0.00113541
      0.00113149
      0.00112754
      0.00112355
      0.00111953
      0.00111547
      0.00111138
      0.00110726
      0.00110310
      0.00109890
      0.00109467
      0.00109041
      0.00108612
      0.00108179
      0.00107742
      0.00107303
      0.00106860
      0.00106413
      0.00105964
      0.00105511
      0.00105054
      0.00104595
      0.00104132
      0.00103666
      0.00103197
      0.00102724
      0.00102248
      0.00101769
      0.00101287
      0.00100802
      0.00100313
      0.00099822
      0.00099327
      0.00098829
      0.00098328
      0.00097824
      0.00097317
      0.00096806
      0.00096293
      0.00095776
      0.00095257
      0.00094734
      0.00094209
      0.00093680
      0.00093149
      0.00092614
      0.00092076
      0.00091536
      0.00090993
      0.00090446
      0.00089897
      0.00089345
      0.00088790
      0.00088232
      0.00087671
      0.00087108
      0.00086542
      0.00085972
      0.00085400
      0.00084826
      0.00084248
      0.00083668
      0.00083085
      0.00082499
      0.00081910
      0.00081319
      0.00080725
      0.00080129
      0.00079530
      0.00078928
      0.00078323
      0.00077716
      0.00077107
      0.00076494
      0.00075880
      0.00075262
      0.00074642
      0.00074020
      0.00073395
      0.00072768
      0.00072138
      0.00071505
      0.00070871
      0.00070233
      0.00069594
      0.00068952
      0.00068307
      0.00067661
      0.00067011
      0.00066360
      0.00065706
      0.00065050
      0.00064392
      0.00063731
      0.00063068
      0.00062403
      0.00061735
      0.00061066
      0.00060394
      0.00059720
      0.00059044
      0.00058366
      0.00057685
      0.00057003
      0.00056318
      0.00055631
      0.00054942
      0.00054251
      0.00053559
      0.00052864
      0.00052167
      0.00051468
      0.00050767
      0.00050064
      0.00049359
      0.00048653
      0.00047944
      0.00047234
      0.00046521
      0.00045807
      0.00045090
      0.00044372
      0.00043652
      0.00042930
      0.00042208
      0.00041487
      0.00040764
      0.00040041
      0.00039313
      0.00038577
      0.00037830
      0.00037071
      0.00036303
      0.00035539
      0.00034801
      0.00034113
      0.00033492
      0.00032928
      0.00032371
      0.00031713
      0.00030811
      0.00029533
      0.00027855
      0.00025988
      0.00024462
      0.00024080
      0.00025635
      0.00029494
      0.00035268
      0.00041733
      0.00046878
      0.00047862
      0.00041326
      0.00025881
      0.00007820
      0.00000000
