             NaN
     -1.65717061
     -1.36644748
     -1.13351868
     -0.93586710
     -0.75085416
     -0.55952481
     -0.34999308
     -0.11836316
      0.13289680
      0.39778845
      0.66961157
      0.94300386
      1.21482400
      1.48400324
      1.75083454
      2.01618585
      2.28092815
      2.54565387
      2.81062772
      3.07586702
     -2.94192528
     -2.67651965
     -2.41121306
     -2.14606782
     -1.88110249
     -1.61630828
     -1.35166580
     -1.08715648
     -0.82276797
     -0.55849483
     -0.29433672
     -0.03029590
      0.23362480
      0.49742315
      0.76109791
      1.02464874
      1.28807588
      1.55137979
      1.81456098
      2.07761984
      2.34055666
      2.60337165
      2.86606496
      3.12863676
     -2.89209808
     -2.62976875
     -2.36756031
     -2.10547251
     -1.84350507
     -1.58165771
     -1.31993015
     -1.05832208
     -0.79683320
     -0.53546321
     -0.27421178
     -0.01307859
      0.24793668
      0.50883438
      0.76961485
      1.03027845
      1.29082552
      1.55125644
      1.81157156
      2.07177127
      2.33185593
      2.59182595
      2.85168169
      3.11142355
     -2.91213336
     -2.65261805
     -2.39321541
     -2.13392503
     -1.87474649
     -1.61567939
     -1.35672329
     -1.09787776
     -0.83914239
     -0.58051674
     -0.32200036
     -0.06359282
      0.19470632
      0.45289751
      0.71098121
      0.96895786
      1.22682793
      1.48459187
      1.74225015
      1.99980324
      2.25725159
      2.51459570
      2.77183602
      3.02897304
     -2.99717806
     -2.74024619
     -2.48341617
     -2.22668750
     -1.97005971
     -1.71353229
     -1.45710474
     -1.20077656
     -0.94454726
     -0.68841632
     -0.43238324
     -0.17644751
      0.07939138
      0.33513396
      0.59078073
      0.84633222
      1.10178896
      1.35715145
      1.61242024
      1.86759586
      2.12267883
      2.37766968
      2.63256897
      2.88737721
     -3.14109034
     -2.88646254
     -2.63192415
     -2.37747461
     -2.12311338
     -1.86883991
     -1.61465365
     -1.36055403
     -1.10654049
     -0.85261249
     -0.59876945
     -0.34501082
     -0.09133601
      0.16225552
      0.41576436
      0.66919107
      0.92253624
      1.17580043
      1.42898423
      1.68208821
      1.93511296
      2.18805906
      2.44092710
      2.69371766
      2.94643134
     -3.08411658
     -2.83155490
     -2.57906832
     -2.32665626
     -2.07431810
     -1.82205325
     -1.56986112
     -1.31774109
     -1.06569255
     -0.81371491
     -0.56180756
     -0.30996987
     -0.05820125
      0.19349893
      0.44513127
      0.69669640
      0.94819493
      1.19962749
      1.45099469
      1.70229717
      1.95353553
      2.20471042
      2.45582245
      2.70687227
      2.95786049
     -3.07439756
     -2.82353062
     -2.57272338
     -2.32197519
     -2.07128541
     -1.82065341
     -1.57007855
     -1.31956018
     -1.06909766
     -0.81869035
     -0.56833759
     -0.31803875
     -0.06779317
      0.18239980
      0.43254080
      0.68263049
      0.93266953
      1.18265857
      1.43259826
      1.68248927
      1.93233224
      2.18212785
      2.43187674
      2.68157959
      2.93123705
     -3.10233551
     -2.85276682
     -2.60324152
     -2.35375894
     -2.10431842
     -1.85491928
     -1.60556086
     -1.35624248
     -1.10696347
     -0.85772315
     -0.60852087
     -0.35935593
     -0.11022766
      0.13886460
      0.38792155
      0.63694386
      0.88593221
      1.13488727
      1.38380974
      1.63270028
      1.88155959
      2.13038835
      2.37918723
      2.62795694
      2.87669814
      3.12541152
     -2.90908752
     -2.66042770
     -2.41179363
     -2.16318462
     -1.91459999
     -1.66603904
     -1.41750108
     -1.16898543
     -0.92049139
     -0.67201827
     -0.42356537
     -0.17513201
      0.07328251
      0.32167889
      0.57005781
      0.81841998
      1.06676608
      1.31509682
      1.56341289
      1.81171498
      2.06000379
      2.30828003
      2.55654438
      2.80479754
      3.05304021
     -2.98191221
     -2.73368841
     -2.48547301
     -2.23726531
     -1.98906460
     -1.74087018
     -1.49268137
     -1.24449745
     -0.99631773
     -0.74814151
     -0.49996809
     -0.25179677
     -0.00362684
      0.24454238
      0.49271160
      0.74088152
      0.98905285
      1.23722627
      1.48540249
      1.73358221
      1.98176613
      2.22995494
      2.47814936
      2.72635007
      2.97455777
     -3.06041213
     -2.81218834
     -2.56395546
     -2.31571278
     -2.06745962
     -1.81919527
     -1.57091903
     -1.32263022
     -1.07432813
     -0.82601206
     -0.57768132
     -0.32933522
     -0.08097305
      0.16740587
      0.41580225
      0.66421677
      0.91265013
      1.16110302
      1.40957615
      1.65807019
      1.90658584
      2.15512380
      2.40368475
      2.65226938
      2.90087839
     -3.13367285
     -2.88501303
     -2.63632677
     -2.38761338
     -2.13887218
     -1.89010247
     -1.64130359
     -1.39247483
     -1.14361552
     -0.89472498
     -0.64580251
     -0.39684745
     -0.14785910
      0.10116321
      0.35022016
      0.59931242
      0.84844069
      1.09760563
      1.34680791
      1.59604823
      1.84532724
      2.09464562
      2.34400404
      2.59340318
      2.84284370
      3.09232628
     -2.94133373
     -2.69176504
     -2.44215230
     -2.19249483
     -1.94279198
     -1.69304309
     -1.44324748
     -1.19340451
     -0.94351350
     -0.69357381
     -0.44358477
     -0.19354573
      0.05654396
      0.30668496
      0.55687793
      0.80712351
      1.05742235
      1.30777511
      1.55818242
      1.80864494
      2.05916331
      2.30973817
      2.56037017
      2.81105995
      3.06180814
     -2.97056993
     -2.71970299
     -2.46877573
     -2.21778751
     -1.96673770
     -1.71562566
     -1.46445077
     -1.21321241
     -0.96190993
     -0.71054273
     -0.45911017
     -0.20761164
      0.04395349
      0.29558583
      0.54728601
      0.79905463
      1.05089232
      1.30279967
      1.55477731
      1.80682585
      2.05894588
      2.31113801
      2.56340286
      2.81574102
      3.06815308
     -2.96254565
     -2.70998397
     -2.45734658
     -2.20463290
     -1.95184234
     -1.69897430
     -1.44602820
     -1.19300345
     -0.93989947
     -0.68671567
     -0.43345148
     -0.18010631
      0.07332040
      0.32682924
      0.58042077
      0.83409557
      1.08785421
      1.34169725
      1.59562525
      1.84963878
      2.10373840
      2.35792467
      2.61219814
      2.86655937
      3.12100891
     -2.90763801
     -2.65301021
     -2.39829245
     -2.14348421
     -1.88858493
     -1.63359407
     -1.37851110
     -1.12333549
     -0.86806669
     -0.61270420
     -0.35724746
     -0.10169597
      0.15395080
      0.40969338
      0.66553227
      0.92146800
      1.17750108
      1.43363202
      1.68986132
      1.94618950
      2.20261704
      2.45914447
      2.71577226
      2.97250093
     -3.05385436
     -2.79692249
     -2.53988829
     -2.28275126
     -2.02551094
     -1.76816683
     -1.51071848
     -1.25316539
     -0.99550711
     -0.73774317
     -0.47987310
     -0.22189645
      0.03618725
      0.29437844
      0.55267758
      0.81108512
      1.06960150
      1.32822715
      1.58696252
      1.84580805
      2.10476415
      2.36383125
      2.62300979
      2.88230017
     -3.14148250
     -2.88196718
     -2.62233880
     -2.36259693
     -2.10274119
     -1.84277118
     -1.58268651
     -1.32248680
     -1.06217168
     -0.80174076
     -0.54119369
     -0.28053009
     -0.01974962
      0.24114808
      0.50216335
      0.76329654
      1.02454797
      1.28591796
      1.54740684
      1.80901491
      2.07074247
      2.33258983
      2.59455727
      2.85664507
      3.11885351
     -2.90200246
     -2.63955200
     -2.37698020
     -2.11428689
     -1.85147191
     -1.58853508
     -1.32547622
     -1.06229503
     -0.79899112
     -0.53556398
     -0.27201315
     -0.00833839
      0.25545996
      0.51938066
      0.78342148
      1.04757959
      1.31185272
      1.57624124
      1.84075056
      2.10539304
      2.37018725
      2.63515258
      2.90029782
     -3.11758090
     -2.85217527
     -2.58678226
     -2.32154297
     -2.05656911
     -1.79184339
     -1.52710109
     -1.26174978
     -0.99491848
     -0.72573924
     -0.45391910
     -0.18052681
      0.09129631
      0.35618796
      0.60744792
      0.83907784
      1.04860957
      1.23993892
      1.42495186
      1.62260344
      1.85553224
      2.14625537
      0.00000000
