      0.00000000
      2.96406844
      2.72260913
      2.57313744
      2.50136778
      2.50065756
      2.56981504
      2.71081264
      2.92431048
     -3.08214708
     -2.76819975
     -2.45057023
     -2.15054828
     -1.87136040
     -1.60663551
     -1.34862366
     -1.09165219
     -0.83270712
     -0.57092155
     -0.30675544
     -0.04120621
      0.22476412
      0.49051492
      0.75576890
      1.02051521
      1.28487618
      1.54899999
      1.81300059
      2.07693927
      2.34083225
      2.60466841
      2.86842648
      3.13208659
     -2.88754982
     -2.62411827
     -2.36080507
     -2.09760854
     -1.83452637
     -1.57155679
     -1.30869892
     -1.04595267
     -0.78331846
     -0.52079685
     -0.25838841
      0.00390648
      0.26608756
      0.52815473
      0.79010795
      1.05194722
      1.31367257
      1.57528405
      1.83678170
      2.09816557
      2.35943575
      2.62059233
      2.88163541
     -3.14062017
     -2.87980367
     -2.61910021
     -2.35850961
     -2.09803169
     -1.83766623
     -1.57741302
     -1.31727182
     -1.05724239
     -0.79732448
     -0.53751781
     -0.27782213
     -0.01823713
      0.24123747
      0.50060197
      0.75985669
      1.01900194
      1.27803805
      1.53696536
      1.79578420
      2.05449493
      2.31309790
      2.57159348
      2.82998202
      3.08826391
     -2.93674578
     -2.67867605
     -2.42071182
     -2.16285268
     -1.90509824
     -1.64744809
     -1.38990182
     -1.13245900
     -0.87511922
     -0.61788205
     -0.36074705
     -0.10371380
      0.15321815
      0.41004925
      0.66677993
      0.92341066
      1.17994189
      1.43637408
      1.69270769
      1.94894320
      2.20508107
      2.46112178
      2.71706580
      2.97291362
     -3.05451958
     -2.79886270
     -2.54330056
     -2.28783266
     -2.03245851
     -1.77717759
     -1.52198942
     -1.26689347
     -1.01188925
     -0.75697623
     -0.50215390
     -0.24742175
      0.00722075
      0.26177413
      0.51623891
      0.77061561
      1.02490478
      1.27910695
      1.53322265
      1.78725243
      2.04119682
      2.29505638
      2.54883165
      2.80252318
      3.05613152
     -2.97352807
     -2.72008444
     -2.46672232
     -2.21344115
     -1.96024037
     -1.70711942
     -1.45407773
     -1.20111471
     -0.94822981
     -0.69542245
     -0.44269205
     -0.19003803
      0.06254019
      0.31504320
      0.56747157
      0.81982590
      1.07210678
      1.32431479
      1.57645053
      1.82851459
      2.08050757
      2.33243008
      2.58428271
      2.83606606
      3.08778073
     -2.94375796
     -2.69217881
     -2.44066650
     -2.18922044
     -1.93783999
     -1.68652456
     -1.43527352
     -1.18408625
     -0.93296214
     -0.68190055
     -0.43090088
     -0.17996250
      0.07091523
      0.32173293
      0.57249122
      0.82319075
      1.07383213
      1.32441602
      1.57494303
      1.82541381
      2.07582900
      2.32618924
      2.57649516
      2.82674741
      3.07694664
     -2.95609182
     -2.70599671
     -2.45595269
     -2.20595910
     -1.95601530
     -1.70612064
     -1.45627445
     -1.20647610
     -0.95672492
     -0.70702025
     -0.45736144
     -0.20774783
      0.04182124
      0.29134643
      0.54082840
      0.79026783
      1.03966536
      1.28902168
      1.53833744
      1.78761331
      2.03684996
      2.28604807
      2.53520829
      2.78433131
      3.03341779
     -3.00071690
     -2.75170146
     -2.50272054
     -2.25377346
     -2.00485953
     -1.75597808
     -1.50712844
     -1.25830992
     -1.00952184
     -0.76076352
     -0.51203428
     -0.26333344
     -0.01466032
      0.23398578
      0.48260553
      0.73119961
      0.97976873
      1.22831355
      1.47683477
      1.72533308
      1.97380917
      2.22226371
      2.47069741
      2.71911096
      2.96750503
     -3.06730497
     -2.81894776
     -2.57060793
     -2.32228481
     -2.07397770
     -1.82568590
     -1.57740872
     -1.32914547
     -1.08089545
     -0.83265797
     -0.58443233
     -0.33621785
     -0.08801381
      0.16018046
      0.40836568
      0.65654253
      0.90471171
      1.15287392
      1.40102985
      1.64918020
      1.89732567
      2.14546696
      2.39360476
      2.64173977
      2.88987269
      3.13800421
     -2.89705027
     -2.64891945
     -2.40078793
     -2.15265501
     -1.90452000
     -1.65638220
     -1.40824091
     -1.16009544
     -0.91194509
     -0.66378916
     -0.41562695
     -0.16745777
      0.08071908
      0.32890430
      0.57709857
      0.82530261
      1.07351709
      1.32174273
      1.56998021
      1.81823023
      2.06649348
      2.31477066
      2.56306246
      2.81136957
      3.05969269
     -2.97515279
     -2.72679557
     -2.47842027
     -2.23002620
     -1.98161266
     -1.73317896
     -1.48472441
     -1.23624832
     -0.98775001
     -0.73922879
     -0.49068397
     -0.24211485
      0.00647923
      0.25509898
      0.50374508
      0.75241820
      1.00111904
      1.24984828
      1.49860660
      1.74739467
      1.99621320
      2.24506284
      2.49394429
      2.74285821
      2.99180530
     -3.04239908
     -2.79338365
     -2.54433303
     -2.29524655
     -2.04612353
     -1.79696331
     -1.54776520
     -1.29852855
     -1.04925268
     -0.79993692
     -0.55058061
     -0.30118307
     -0.05174364
      0.19773833
      0.44726352
      0.69683259
      0.94644620
      1.19610501
      1.44580968
      1.69556086
      1.94535921
      2.19520540
      2.44510006
      2.69504386
      2.94503745
     -3.08810384
     -2.83800872
     -2.58786188
     -2.33766265
     -2.08741040
     -1.83710448
     -1.58674424
     -1.33632905
     -1.08585827
     -0.83533126
     -0.58474737
     -0.33410599
     -0.08340646
      0.16735183
      0.41816953
      0.66904726
      0.91998564
      1.17098531
      1.42204689
      1.67317101
      1.92435828
      2.17560932
      2.42692475
      2.67830520
      2.92975126
     -3.10192174
     -2.85034259
     -2.59869597
     -2.34698130
     -2.09519795
     -1.84334532
     -1.59142282
     -1.33942983
     -1.08736577
     -0.83523003
     -0.58302202
     -0.33074114
     -0.07838681
      0.17404156
      0.42654456
      0.67912279
      0.93177681
      1.18450721
      1.43731457
      1.69019947
      1.94316248
      2.19620418
      2.44932513
      2.70252591
      2.95580708
     -3.07401611
     -2.82057248
     -2.56704677
     -2.31343842
     -2.05974689
     -1.80597162
     -1.55211207
     -1.29816767
     -1.04413789
     -0.79002219
     -0.53582002
     -0.28153085
     -0.02715415
      0.22731063
      0.48186400
      0.73650651
      0.99123866
      1.24606099
      1.50097400
      1.75597823
      2.01107418
      2.26626235
      2.52154327
      2.77691742
      3.03238532
     -2.99523784
     -2.73958097
     -2.48382886
     -2.22798104
     -1.97203702
     -1.71599631
     -1.45985844
     -1.20362293
     -0.94728932
     -0.69085713
     -0.43432590
     -0.17769517
      0.07903551
      0.33586661
      0.59279856
      0.84983181
      1.10696681
      1.36420398
      1.62154376
      1.87898658
      2.13653285
      2.39418300
      2.65193744
      2.90979658
     -3.11542450
     -2.85735477
     -2.59917915
     -2.34089726
     -2.08250872
     -1.82401314
     -1.56541017
     -1.30669944
     -1.04788060
     -0.78895329
     -0.52991718
     -0.27077193
     -0.01151721
      0.24784729
      0.50732189
      0.76690689
      1.02660257
      1.28640924
      1.54632715
      1.80635658
      2.06649778
      2.32675099
      2.58711645
      2.84759437
      3.10818496
     -2.91429688
     -2.65348037
     -2.39255065
     -2.13150757
     -1.87035100
     -1.60908082
     -1.34769694
     -1.08619929
     -0.82458781
     -0.56286246
     -0.30102319
     -0.03906997
      0.22299720
      0.48517828
      0.74747317
      1.00988161
      1.27240321
      1.53503743
      1.79778367
      2.06064155
      2.32361113
      2.58669330
      2.84988983
      3.11320303
     -2.90655073
     -2.64300183
     -2.37934172
     -2.11558365
     -1.85174749
     -1.58785451
     -1.32391583
     -1.05991523
     -0.79579142
     -0.53143045
     -0.26668414
     -0.00143016
      0.26432064
      0.53029097
      0.79584020
      1.06000631
      1.32179188
      1.58073695
      1.83770842
      2.09572027
      2.36044516
      2.63963304
      2.93965499
     -3.02590080
     -2.71195346
     -2.43522572
     -2.22172788
     -2.08073028
     -2.01157280
     -2.01228302
     -2.08405268
     -2.23352437
     -2.47498369
      0.00000000
