      0.00000000
      0.00000000
      0.00000000
      0.00000000
      0.00000000
      0.00000000
      0.00000000
      0.00000000
      0.00000000
      0.00000000
      0.00000000
      0.00000000
      0.00000000
      0.00000000
      0.00000000
      0.00000000
      0.00000000
      0.00000000
      0.00000000
      0.00000000
      0.00000000
      0.00000000
      0.00000000
      0.00000000
      0.00000000
      0.00000000
      0.00000000
      0.00000000
      0.00000000
      0.00000000
      0.00000000
      0.00000000
      0.00000000
      0.00000000
      0.00000000
      0.00000000
      0.00000000
      0.00000000
      0.00000000
      0.00000000
      0.00000000
      0.00000000
      0.00000000
      0.00000000
      0.00000000
      0.00000000
      0.00000000
      0.00000000
      0.00000000
      0.00000000
      0.00000000
      0.00000000
      0.00000000
      0.00000000
      0.00000000
      0.00000000
      0.00000000
      0.00000000
      0.00000000
      0.00000000
      0.00000000
      0.00000000
      0.00000000
      0.00000000
      0.00000000
      0.00000000
      0.00000000
      0.00000000
      0.00000000
      0.00000000
      0.00000000
      0.00000000
      0.00000000
      0.00000000
      0.00000000
      0.00000000
      0.00000000
      0.00000000
      0.00000000
      0.00000000
      0.00000000
      0.00000000
      0.00000000
      0.00000000
      0.00000000
      0.00000000
      0.00000000
      0.00000000
      0.00000000
      0.00000000
      0.00000000
      0.00000000
      0.00000000
      0.00000000
      0.00000000
      0.00000000
      0.00000000
      0.00000000
      0.00000000
      0.00000000
      0.00000000
      0.00000000
      0.00000000
      0.00000000
      0.00000000
      0.00000000
      0.00000000
      0.00000000
      0.00000000
      0.00000000
      0.00000000
      0.00000000
      0.00000000
      0.00000000
      0.00000000
      0.00000000
      0.00000000
      0.00000000
      0.00000000
      0.00000000
      0.00000000
      0.00000000
      0.00000000
      0.00000000
      0.00000000
      0.00000000
      0.00000000
      0.00000000
      0.00000000
      0.00000000
      0.00000000
      0.00000000
      0.00000000
      0.00000000
      0.00000000
      0.00000000
      0.00000000
      0.00000000
      0.00000000
      0.00000000
      0.00000000
      0.00000000
      0.00000000
      0.00000000
      0.00000001
      0.00000004
      0.00000020
      0.00000084
      0.00000300
      0.00000942
      0.00002612
      0.00006457
      0.00014071
      0.00026548
      0.00043142
      0.00061386
      0.00078743
      0.00093973
      0.00107657
      0.00121959
      0.00138905
      0.00158246
      0.00177841
      0.00195759
      0.00211109
      0.00223828
      0.00234955
      0.00247010
      0.00262391
      0.00280704
      0.00299305
      0.00316037
      0.00330077
      0.00341383
      0.00350904
      0.00361202
      0.00374983
      0.00392030
      0.00409523
      0.00425119
      0.00437974
      0.00448034
      0.00456129
      0.00464762
      0.00476873
      0.00492521
      0.00508835
      0.00523299
      0.00535007
      0.00543880
      0.00550630
      0.00557653
      0.00568059
      0.00582226
      0.00597317
      0.00610647
      0.00621224
      0.00628939
      0.00634395
      0.00639851
      0.00648535
      0.00661164
      0.00674996
      0.00687190
      0.00696643
      0.00703217
      0.00707416
      0.00711343
      0.00718298
      0.00729344
      0.00741886
      0.00752938
      0.00761273
      0.00766717
      0.00769686
      0.00772119
      0.00777348
      0.00786774
      0.00797995
      0.00807898
      0.00815117
      0.00819437
      0.00821199
      0.00822173
      0.00825685
      0.00833458
      0.00843327
      0.00852072
      0.00858177
      0.00861379
      0.00861952
      0.00861500
      0.00863306
      0.00869401
      0.00877888
      0.00885465
      0.00890455
      0.00892542
      0.00891941
      0.00890094
      0.00890213
      0.00894607
      0.00901680
      0.00908076
      0.00911952
      0.00912925
      0.00911163
      0.00907951
      0.00906404
      0.00909080
      0.00914708
      0.00919908
      0.00922667
      0.00922529
      0.00919615
      0.00915067
      0.00911878
      0.00912824
      0.00916974
      0.00920963
      0.00922602
      0.00921352
      0.00917296
      0.00911438
      0.00906634
      0.00905840
      0.00908482
      0.00911241
      0.00911757
      0.00909395
      0.00904202
      0.00897059
      0.00890670
      0.00888133
      0.00889236
      0.00890744
      0.00890131
      0.00886656
      0.00880333
      0.00871927
      0.00863984
      0.00859706
      0.00859240
      0.00859474
      0.00857725
      0.00853136
      0.00845684
      0.00836038
      0.00826574
      0.00820560
      0.00818499
      0.00817433
      0.00814539
      0.00808833
      0.00800255
      0.00789387
      0.00778436
      0.00770699
      0.00767016
      0.00764622
      0.00760572
      0.00753746
      0.00744042
      0.00731968
      0.00719567
      0.00710125
      0.00704797
      0.00701044
      0.00695824
      0.00687872
      0.00677041
      0.00663777
      0.00649965
      0.00638843
      0.00631850
      0.00626703
      0.00620292
      0.00611205
      0.00599243
      0.00584805
      0.00569623
      0.00556857
      0.00548185
      0.00541601
      0.00533972
      0.00523737
      0.00510637
      0.00495037
      0.00478537
      0.00464176
      0.00453814
      0.00445742
      0.00436852
      0.00425444
      0.00411193
      0.00394448
      0.00376696
      0.00360816
      0.00348760
      0.00339125
      0.00328896
      0.00316261
      0.00300828
      0.00282961
      0.00264070
      0.00246803
      0.00233054
      0.00221701
      0.00209937
      0.00195906
      0.00179171
      0.00160187
      0.00140350
      0.00121885
      0.00106205
      0.00092297
      0.00077833
      0.00061491
      0.00043926
      0.00027436
      0.00014644
      0.00006674
      0.00002650
      0.00000936
      0.00000295
      0.00000082
      0.00000020
      0.00000004
      0.00000001
      0.00000000
      0.00000000
      0.00000000
      0.00000000
      0.00000000
      0.00000000
      0.00000000
      0.00000000
      0.00000000
      0.00000000
      0.00000000
      0.00000000
      0.00000000
      0.00000000
      0.00000000
      0.00000000
      0.00000000
      0.00000000
      0.00000000
      0.00000000
      0.00000000
      0.00000000
      0.00000000
      0.00000000
      0.00000000
      0.00000000
      0.00000000
      0.00000000
      0.00000000
      0.00000000
      0.00000000
      0.00000000
      0.00000000
      0.00000000
      0.00000000
      0.00000000
      0.00000000
      0.00000000
      0.00000000
      0.00000000
      0.00000000
      0.00000000
      0.00000000
      0.00000000
      0.00000000
      0.00000000
      0.00000000
      0.00000000
      0.00000000
      0.00000000
      0.00000000
      0.00000000
      0.00000000
      0.00000000
      0.00000000
      0.00000000
      0.00000000
      0.00000000
      0.00000000
      0.00000000
      0.00000000
      0.00000000
      0.00000000
      0.00000000
      0.00000000
      0.00000000
      0.00000000
      0.00000000
      0.00000000
      0.00000000
      0.00000000
      0.00000000
      0.00000000
      0.00000000
      0.00000000
      0.00000000
      0.00000000
      0.00000000
      0.00000000
      0.00000000
      0.00000000
      0.00000000
      0.00000000
      0.00000000
      0.00000000
      0.00000000
      0.00000000
      0.00000000
      0.00000000
      0.00000000
      0.00000000
      0.00000000
      0.00000000
      0.00000000
      0.00000000
      0.00000000
      0.00000000
      0.00000000
      0.00000000
      0.00000000
      0.00000000
      0.00000000
      0.00000000
      0.00000000
      0.00000000
      0.00000000
      0.00000000
      0.00000000
      0.00000000
      0.00000000
      0.00000000
      0.00000000
      0.00000000
      0.00000000
      0.00000000
      0.00000000
      0.00000000
      0.00000000
      0.00000000
      0.00000000
      0.00000000
      0.00000000
      0.00000000
      0.00000000
      0.00000000
      0.00000000
      0.00000000
      0.00000000
      0.00000000
      0.00000000
      0.00000000
      0.00000000
      0.00000000
      0.00000000
      0.00000000
      0.00000000
      0.00000000
      0.00000000
      0.00000000
      0.00000000
      0.00000000
      0.00000000
      0.00000000
      0.00000000
