             NaN
     -0.84365101
     -0.44359878
     -0.05208003
      0.33035005
      0.70825321
      1.08860478
      1.47727949
      1.87574862
      2.27958383
      2.68074529
      3.07282160
     -2.82821385
     -2.45127305
     -2.07207494
     -1.68412605
     -1.28549694
     -0.88066550
     -0.47830059
     -0.08557901
      0.29628685
      0.67217396
      1.05008123
      1.43718591
      1.83594661
      2.24186360
      2.64558005
      3.03905080
     -2.86255451
     -2.48782499
     -2.11136808
     -1.72524912
     -1.32639660
     -0.91929453
     -0.51405341
     -0.11970903
      0.26158631
      0.63503922
      1.00985882
      1.39482094
      1.79370967
      2.20210776
      2.60907815
      3.00444742
     -2.89772113
     -2.52568215
     -2.15272132
     -1.76912572
     -1.37027880
     -0.96046121
     -0.55151680
     -0.15493585
      0.22581610
      0.59628158
      0.96711815
      1.34908653
      1.74778135
      2.15915517
      2.57037020
      2.96839774
     -2.93427438
     -2.56556934
     -2.19717945
     -1.81716770
     -1.41878243
     -1.00570288
     -0.59185259
     -0.19207716
      0.18824270
      0.55496660
      0.92051274
      1.29814437
      1.69599222
      2.11093651
      2.52787704
      2.92979537
     -2.97318685
     -2.60870647
     -2.24650057
     -1.87180401
     -1.47482891
     -1.05786076
     -0.63725349
     -0.23266161
      0.14755217
      0.50947543
      0.86770996
      1.23872863
      1.63432685
      2.05345512
      2.47847093
      2.88646978
     -3.01627767
     -2.65728672
     -2.30384038
     -1.93751843
     -1.54407538
     -1.12272684
     -0.69233417
     -0.27987943
      0.10114727
      0.45676065
      0.80434024
      1.16452793
      1.55457377
      1.97800307
      2.41504952
      2.83352529
     -3.06739774
     -2.71567427
     -2.37541776
     -2.02346201
     -1.63887839
     -1.21400361
     -0.76862714
     -0.34166616
      0.04304352
      0.39034204
      0.72126104
      1.06179844
      1.43730801
      1.86174232
      2.31752492
      2.75712596
     -3.13644106
     -2.79393558
     -2.47520547
     -2.15116587
     -1.79145566
     -1.37270514
     -0.90470735
     -0.44483745
     -0.04466550
      0.29359775
      0.59606869
      0.89503441
      1.22543048
      1.62326813
      2.10004188
      2.59532773
      3.02187074
     -2.92228626
     -2.64138728
     -2.38294405
     -2.11147771
     -1.78334112
     -1.34513150
     -0.79630955
     -0.27903114
      0.09829294
      0.35933083
      0.54892446
      0.69389038
      0.80733895
      0.89551627
      0.96209025
      1.01042494
      1.04431354
      1.06765506
      1.08383553
      1.09537753
      1.10395451
      1.11059863
      1.11592895
      1.12032176
      1.12401576
      1.12717076
      1.12989927
      1.13228369
      1.13438614
      1.13625449
      1.13792631
      1.13943151
      1.14079419
      1.14203401
      1.14316715
      1.14420708
      1.14516509
      1.14605070
      1.14687203
      1.14763602
      1.14834864
      1.14901507
      1.14963982
      1.15022683
      1.15077956
      1.15130106
      1.15179404
      1.15226089
      1.15270377
      1.15312458
      1.15352505
      1.15390672
      1.15427099
      1.15461914
      1.15495230
      1.15527151
      1.15557774
      1.15587184
      1.15615462
      1.15642680
      1.15668905
      1.15694199
      1.15718619
      1.15742218
      1.15765044
      1.15787142
      1.15808555
      1.15829321
      1.15849476
      1.15869055
      1.15888086
      1.15906599
      1.15924618
      1.15942158
      1.15959223
      1.15975779
      1.15991711
      1.16006706
      1.16019990
      1.16029785
      1.16032216
      1.16019366
      1.15976212
      1.15876952
      1.15683522
      1.15354605
      1.14882907
      1.14387224
      1.14274218
      1.15425676
      1.19299210
      1.27940011
      1.44281499
      1.73338703
      2.23316688
      2.93899248
     -2.74746353
     -2.37715552
     -2.13964326
     -1.95293561
     -1.75599874
     -1.48613130
     -1.06050526
     -0.42418522
      0.21930936
      0.65403243
      0.92997276
      1.13185296
      1.32382036
      1.56632167
      1.93590579
      2.51262267
     -3.09423118
     -2.59561612
     -2.28213767
     -2.06689984
     -1.88169128
     -1.66759579
     -1.35323381
     -0.84309061
     -0.14231413
      0.44047989
      0.79472412
      0.99773526
      1.10969996
      1.16463149
      1.18502008
      1.18742093
      1.18288555
      1.17729590
      1.17289248
      1.17003351
      1.16839558
      1.16755337
      1.16717536
      1.16704872
      1.16705106
      1.16711708
      1.16721386
      1.16732554
      1.16744480
      1.16756837
      1.16769489
      1.16782384
      1.16795506
      1.16808856
      1.16822440
      1.16836270
      1.16850358
      1.16864718
      1.16879364
      1.16894312
      1.16909577
      1.16925178
      1.16941131
      1.16957457
      1.16974176
      1.16991308
      1.17008878
      1.17026910
      1.17045429
      1.17064464
      1.17084043
      1.17104199
      1.17124965
      1.17146378
      1.17168476
      1.17191303
      1.17214901
      1.17239322
      1.17264616
      1.17290841
      1.17318059
      1.17346336
      1.17375747
      1.17406369
      1.17438291
      1.17471607
      1.17506421
      1.17542849
      1.17581016
      1.17621063
      1.17663144
      1.17707431
      1.17754117
      1.17803414
      1.17855565
      1.17910837
      1.17969538
      1.18032014
      1.18098657
      1.18169919
      1.18246317
      1.18328450
      1.18417011
      1.18512812
      1.18616805
      1.18730120
      1.18854101
      1.18990369
      1.19140889
      1.19308072
      1.19494907
      1.19705151
      1.19943593
      1.20216445
      1.20531945
      1.20901344
      1.21340625
      1.21873657
      1.22538069
      1.23395768
      1.24549968
      1.26168014
      1.28502166
      1.31891027
      1.36724496
      1.43381893
      1.52199626
      1.63544482
      1.78041075
      1.97000437
      2.23104227
      2.60836634
      3.12564476
     -2.60871860
     -2.17050898
     -1.84237239
     -1.57090605
     -1.31246282
     -1.03156385
     -0.69253553
     -0.26599252
      0.22929332
      0.70606707
      1.10390472
      1.43430079
      1.73326651
      2.03573745
      2.37400070
      2.77417266
     -3.04914275
     -2.58114496
     -2.16239444
     -1.80268423
     -1.47864463
     -1.15991452
     -0.81740905
     -0.42779076
      0.01181029
      0.46759288
      0.89202720
      1.26753677
      1.60807416
      1.93899317
      2.28629169
      2.67100137
      3.09796234
     -2.73984649
     -2.31497171
     -1.93038809
     -1.57843234
     -1.23817583
     -0.88645236
     -0.50419008
     -0.08571432
      0.35133213
      0.77476144
      1.16480728
      1.52499497
      1.87257456
      2.22818794
      2.60921463
      3.02166937
     -2.83112326
     -2.40977472
     -2.01633167
     -1.65000972
     -1.29656338
     -0.93757244
     -0.55713458
     -0.14913572
      0.27588008
      0.69500835
      1.09060658
      1.46162524
      1.81985977
      2.18178304
      2.56199682
      2.96658870
     -2.89598934
     -2.47902119
     -2.08204609
     -1.70734953
     -1.34514364
     -0.98066326
     -0.60046017
     -0.19854184
      0.21839869
      0.63334298
      1.03119083
      1.40882246
      1.77436861
      2.14109251
      2.52141237
      2.92118780
     -2.94814722
     -2.53506767
     -2.13668240
     -1.75667065
     -1.38828076
     -1.01957572
     -0.63906253
     -0.24103500
      0.17018003
      0.58155385
      0.98024868
      1.36221706
      1.73305362
      2.10351910
      2.48427106
      2.88085201
     -2.99338889
     -2.58357131
     -2.18472439
     -1.80112878
     -1.42816796
     -1.05612897
     -0.67511222
     -0.27974295
      0.12722744
      0.53562553
      0.93451427
      1.31947639
      1.69429599
      2.06774889
      2.44904423
      2.84338862
     -3.03455558
     -2.62745350
     -2.22860099
     -1.84248202
     -1.46602511
     -1.09129559
     -0.70971559
     -0.31624485
      0.08747160
      0.49338859
      0.89214929
      1.27925398
      1.65716124
      2.03304836
      2.41491421
      2.80763579
     -3.07318460
     -2.66835317
     -2.26972405
     -1.88177516
     -1.50257705
     -1.12563625
     -0.74348640
     -0.35141009
      0.04975137
      0.45358658
      0.85205571
      1.24073043
      1.62108200
      1.99898515
      2.38141524
      2.77293399
     -3.11019910
      0.00000000
