      0.00000000
     -1.37718363
     -1.76780863
     -2.15843362
     -2.54905862
     -2.93968362
      2.95287670
      2.56225170
      2.17162671
      1.78100171
      1.39037672
      0.99975172
      0.60912673
      0.21850174
     -0.17212326
     -0.56274825
     -0.95337325
     -1.34399824
     -1.73462324
     -2.12524823
     -2.51587322
     -2.90649822
      2.98606209
      2.59543710
      2.20481211
      1.81418711
      1.42356212
      1.03293712
      0.64231213
      0.25168714
     -0.13893786
     -0.52956285
     -0.92018785
     -1.31081284
     -1.70143783
     -2.09206283
     -2.48268782
     -2.87331281
      3.01924750
      2.62862251
      2.23799751
      1.84737252
      1.45674752
      1.06612253
      0.67549754
      0.28487254
     -0.10575245
     -0.49637744
     -0.88700244
     -1.27762743
     -1.66825242
     -2.05887742
     -2.44950241
     -2.84012740
      3.05243291
      2.66180792
      2.27118293
      1.88055793
      1.48993294
      1.09930795
      0.70868295
      0.31805796
     -0.07256703
     -0.46319202
     -0.85381702
     -1.24444201
     -1.63506700
     -2.02569200
     -2.41631699
     -2.80694198
      3.08561833
      2.69499334
      2.30436835
      1.91374336
      1.52311836
      1.13249337
      0.74186838
      0.35124339
     -0.03938161
     -0.43000660
     -0.82063159
     -1.21125658
     -1.60188157
     -1.99250657
     -2.38313156
     -2.77375655
      3.11880377
      2.72817877
      2.33755378
      1.94692879
      1.55630380
      1.16567881
      0.77505382
      0.38442882
     -0.00619617
     -0.39682116
     -0.78744615
     -1.17807114
     -1.56869613
     -1.95932112
     -2.34994611
     -2.74057111
     -3.13119610
      2.76136422
      2.37073923
      1.98011424
      1.58948925
      1.19886426
      0.80823927
      0.41761428
      0.02698928
     -0.36363571
     -0.75426070
     -1.14488569
     -1.53551068
     -1.92613567
     -2.31676066
     -2.70738565
     -3.09801064
      2.79454968
      2.40392469
      2.01329970
      1.62267471
      1.23204972
      0.84142473
      0.45079974
      0.06017475
     -0.33045024
     -0.72107522
     -1.11170021
     -1.50232520
     -1.89295019
     -2.28357518
     -2.67420016
     -3.06482515
      2.82773517
      2.43711017
      2.04648518
      1.65586018
      1.26523517
      0.87461015
      0.48398512
      0.09336008
     -0.29726498
     -0.68789003
     -1.07851508
     -1.46914007
     -1.85976479
     -2.25038874
     -2.64101019
     -3.03161413
      2.86112538
      2.47160166
      2.08521620
      1.70476963
      1.32891001
      0.94732600
      0.54306411
      0.10633785
     -0.34500180
     -0.76937092
     -1.14016401
     -1.46347211
     -1.76431043
     -2.07568630
     -2.43695869
     -2.88246724
      2.89324208
      2.42370072
      2.05249832
      1.76093325
      1.50954158
      1.26099735
      0.97441663
      0.59581004
      0.08498592
     -0.46816333
     -0.90508560
     -1.21247791
     -1.44444393
     -1.64494423
     -1.84752518
     -2.08957093
     -2.42947104
     -2.93831922
      2.74147547
      2.27490576
      1.97357335
      1.76455072
      1.59770979
      1.44302211
      1.27536220
      1.06042593
      0.73421903
      0.20389910
     -0.43747313
     -0.89744637
     -1.17197569
     -1.35198358
     -1.48820788
     -1.60654441
     -1.72414347
     -1.85872424
     -2.03890331
     -2.32512172
     -2.83072558
      2.76994831
      2.27626638
      2.00201237
      1.83537171
      1.71858951
      1.62576234
      1.54329275
      1.46180187
      1.37186880
      1.25961372
      1.09772714
      0.82191895
      0.29956263
     -0.41483813
     -0.89530877
     -1.14533243
     -1.29041863
     -1.38730103
     -1.45976298
     -1.51924814
     -1.57238556
     -1.62411198
     -1.67939261
     -1.74455746
     -1.82855089
     -1.94410469
     -2.10900746
     -2.34786951
     -2.69195557
      3.12071108
      2.56650939
      2.05782489
      1.66740751
      1.37569035
      1.13080619
      0.87647455
      0.55808112
      0.13215512
     -0.39608831
     -0.92703981
     -1.35775051
     -1.68022145
     -1.93785145
     -2.18584749
     -2.48021554
     -2.87079319
      2.90923253
      2.36451897
      1.89865113
      1.54725090
      1.27715601
      1.03549025
      0.76615732
      0.41460978
     -0.05533776
     -0.60866827
     -1.11708274
     -1.50275939
     -1.77229111
     -1.95660330
     -2.08249340
     -2.16945713
     -2.23145563
     -2.27825248
     -2.31638561
     -2.35011914
     -2.38231567
     -2.41513646
     -2.45059501
     -2.49108235
     -2.54007402
     -2.60344623
     -2.69250402
     -2.83208045
     -3.08412658
      2.69312282
      1.95532287
      1.45810360
      1.20796633
      1.06555664
      0.97048080
      0.89816961
      0.83697344
      0.78020199
      0.72295914
      0.66041827
      0.58617755
      0.48946278
      0.34850035
      0.11257267
     -0.33296376
     -1.03171324
     -1.58956420
     -1.89060054
     -2.06617264
     -2.18734788
     -2.28456749
     -2.37334619
     -2.46446981
     -2.56924110
     -2.70504668
     -2.90656514
      3.03300596
      2.44545630
      1.79838450
      1.38583588
      1.14433077
      0.98003939
      0.84763620
      0.72324787
      0.58860256
      0.42099578
      0.18003588
     -0.21133130
     -0.80926480
     -1.39919824
     -1.78539811
     -2.03311349
     -2.21842239
     -2.38300862
     -2.55474317
     -2.76342920
     -3.05560657
      2.78334458
      2.19480601
      1.67016234
      1.30958108
      1.05239713
      0.83843702
      0.62814745
      0.38677824
      0.07077614
     -0.36914721
     -0.91329817
     -1.41469611
     -1.79369706
     -2.08708750
     -2.34606765
     -2.61096915
     -2.91866018
      2.97864236
      2.50735682
      2.01505646
      1.58327566
      1.22350373
      0.90376460
      0.58893039
      0.25085336
     -0.12770962
     -0.54463330
     -0.97636344
     -1.39733139
     -1.80012741
     -2.19188959
     -2.58088272
     -2.97047300
      2.92241320
      2.53185636
      2.14124308
      1.75062038
      1.35999613
      0.96937154
      0.57874680
      0.18812198
     -0.20250291
     -0.59312784
     -0.98375281
     -1.37437780
     -1.76500281
     -2.15562782
     -2.54625284
     -2.93687785
      2.95568244
      2.56505743
      2.17443242
      1.78380741
      1.39318240
      1.00255740
      0.61193239
      0.22130738
     -0.16931763
     -0.55994264
     -0.95056764
     -1.34119265
     -1.73181766
     -2.12244267
     -2.51306767
     -2.90369268
      2.98886762
      2.59824261
      2.20761760
      1.81699259
      1.42636759
      1.03574258
      0.64511757
      0.25449257
     -0.13613244
     -0.52675745
     -0.91738246
     -1.30800746
     -1.69863247
     -2.08925748
     -2.47988248
     -2.87050749
      3.02205281
      2.63142780
      2.24080280
      1.85017779
      1.45955278
      1.06892778
      0.67830277
      0.28767776
     -0.10294724
     -0.49357225
     -0.88419725
     -1.27482226
     -1.66544727
     -2.05607227
     -2.44669728
     -2.83732229
      3.05523802
      2.66461301
      2.27398800
      1.88336300
      1.49273799
      1.10211299
      0.71148798
      0.32086297
     -0.06976203
     -0.46038704
     -0.85101204
     -1.24163705
     -1.63226205
     -2.02288706
     -2.41351207
     -2.80413707
      3.08842323
      2.69779822
      2.30717322
      1.91654821
      1.52592321
      1.13529820
      0.74467320
      0.35404819
     -0.03657681
     -0.42720182
     -0.81782682
     -1.20845183
     -1.59907683
     -1.98970184
     -2.38032684
     -2.77095185
      3.12160845
      2.73098345
      2.34035844
      1.94973344
      1.55910843
      1.16848343
      0.77785842
      0.38723342
     -0.00339159
     -0.39401659
     -0.78464160
     -1.17526660
     -1.56589161
     -1.95651661
     -2.34714162
     -2.73776662
     -3.12839163
      2.76416868
      2.37354367
      1.98291867
      1.59229366
      1.20166866
      0.81104365
      0.42041865
      0.02979364
     -0.36083136
     -0.75145636
     -1.14208137
     -1.53270637
     -1.92333138
     -2.31395638
     -2.70458139
     -3.09520639
      2.79735391
      2.40672891
      2.01610390
      1.62547890
      1.23485389
      0.84422889
      0.45360389
      0.06297888
     -0.32764612
     -0.71827113
     -1.10889613
     -1.49952113
     -1.89014614
     -2.28077114
     -2.67139615
     -3.06202115
      2.83053915
      2.43991415
      2.04928915
      1.65866414
      1.26803914
      0.00000000
