      0.00000000
     -2.58404988
     -2.19342488
     -1.80279989
     -1.41217489
     -1.02154990
     -0.63092490
     -0.24029991
      0.15032509
      0.54095008
      0.93157508
      1.32220007
      1.71282506
      2.10345006
      2.49407505
      2.88470005
     -3.00786027
     -2.61723527
     -2.22661028
     -1.83598528
     -1.44536029
     -1.05473529
     -0.66411030
     -0.27348531
      0.11713969
      0.50776468
      0.89838968
      1.28901467
      1.67963966
      2.07026466
      2.46088965
      2.85151465
     -3.04104567
     -2.65042067
     -2.25979568
     -1.86917069
     -1.47854569
     -1.08792070
     -0.69729570
     -0.30667071
      0.08395428
      0.47457928
      0.86520427
      1.25582926
      1.64645426
      2.03707925
      2.42770424
      2.81832924
     -3.07423108
     -2.68360608
     -2.29298109
     -1.90235610
     -1.51173110
     -1.12110611
     -0.73048112
     -0.33985612
      0.05076887
      0.44139386
      0.83201885
      1.22264385
      1.61326884
      2.00389383
      2.39451883
      2.78514382
     -3.10741650
     -2.71679150
     -2.32616651
     -1.93554152
     -1.54491652
     -1.15429153
     -0.76366654
     -0.37304155
      0.01758345
      0.40820844
      0.79883343
      1.18945842
      1.58008342
      1.97070841
      2.36133340
      2.75195839
     -3.14060192
     -2.74997693
     -2.35935194
     -1.96872695
     -1.57810195
     -1.18747696
     -0.79685197
     -0.40622698
     -0.01560199
      0.37502300
      0.76564800
      1.15627299
      1.54689798
      1.93752297
      2.32814796
      2.71877295
      3.10939794
     -2.78316237
     -2.39253738
     -2.00191239
     -1.61128740
     -1.22066241
     -0.83003742
     -0.43941243
     -0.04878743
      0.34183756
      0.73246255
      1.12308754
      1.51371253
      1.90433752
      2.29496251
      2.68558750
      3.07621249
     -2.81634783
     -2.42572284
     -2.03509785
     -1.64447286
     -1.25384787
     -0.86322288
     -0.47259789
     -0.08197290
      0.30865209
      0.69927708
      1.08990207
      1.48052706
      1.87115205
      2.26177704
      2.65240203
      3.04302702
     -2.84953330
     -2.45890831
     -2.06828332
     -1.67765834
     -1.28703335
     -0.89640836
     -0.50578337
     -0.11515838
      0.27546662
      0.66609162
      1.05671662
      1.44734164
      1.83796667
      2.22859172
      2.61921677
      3.00984183
     -2.88271843
     -2.49209345
     -2.10146872
     -1.71084477
     -1.32022332
     -0.92961939
     -0.53917358
     -0.14964987
      0.23673560
      0.61718216
      0.99304178
      1.37462580
      1.77888769
      2.21561395
      2.66695360
      3.09132271
     -2.82106950
     -2.49776140
     -2.19692308
     -1.88554722
     -1.52427482
     -1.07876627
     -0.57129029
     -0.10174893
      0.26945347
      0.56101854
      0.81241022
      1.06095444
      1.34753516
      1.72614176
      2.23696588
      2.79011512
     -3.05614791
     -2.74875560
     -2.51678958
     -2.31628929
     -2.11370833
     -1.87166258
     -1.53176248
     -1.02291429
     -0.41952368
      0.04704603
      0.34837844
      0.55740107
      0.72424200
      0.87892968
      1.04658959
      1.26152586
      1.58773277
      2.11805269
      2.75942492
     -3.06378714
     -2.78925783
     -2.60924993
     -2.47302564
     -2.35468911
     -2.23709005
     -2.10250927
     -1.92233020
     -1.63611179
     -1.13050793
     -0.44799652
      0.04568541
      0.31993943
      0.48658009
      0.60336229
      0.69618945
      0.77865905
      0.86014993
      0.95008300
      1.06233807
      1.22422465
      1.50003285
      2.02238916
      2.73678993
     -3.06592474
     -2.81590108
     -2.67081488
     -2.57393248
     -2.50147053
     -2.44198538
     -2.38884795
     -2.33712154
     -2.28184091
     -2.21667606
     -2.13268263
     -2.01712882
     -1.85222605
     -1.61336400
     -1.26927794
     -0.79875929
     -0.24455760
      0.26412690
      0.65454429
      0.94626145
      1.19114560
      1.44547725
      1.76387067
      2.18979667
      2.71804011
     -3.03419370
     -2.60348300
     -2.28101206
     -2.02338206
     -1.77538602
     -1.48101797
     -1.09044032
     -0.58728074
     -0.04256718
      0.42330066
      0.77470089
      1.04479579
      1.28646155
      1.55579448
      1.90734201
      2.37728955
      2.93062007
     -2.84415078
     -2.45847412
     -2.18894241
     -2.00463021
     -1.87874012
     -1.79177638
     -1.72977788
     -1.68298104
     -1.64484790
     -1.61111437
     -1.57891784
     -1.54609706
     -1.51063850
     -1.47015116
     -1.42115950
     -1.35778729
     -1.26872949
     -1.12915306
     -0.87710694
     -0.37117103
      0.36662892
      0.86384820
      1.11398547
      1.25639515
      1.35147100
      1.42378219
      1.48497835
      1.54174981
      1.59899266
      1.66153353
      1.73577424
      1.83248901
      1.97345144
      2.20937913
      2.65491556
     -2.92952028
     -2.37166931
     -2.07063297
     -1.89506087
     -1.77388563
     -1.67666602
     -1.58788732
     -1.49676371
     -1.39199242
     -1.25618684
     -1.05466837
     -0.71105416
     -0.12350450
      0.52356730
      0.93611592
      1.17762103
      1.34191241
      1.47431560
      1.59870393
      1.73334924
      1.90095602
      2.14191592
      2.53328309
      3.13121660
     -2.56203528
     -2.17583541
     -1.92812002
     -1.74281112
     -1.57822489
     -1.40649034
     -1.19780431
     -0.90562695
     -0.46139279
      0.12714579
      0.65178945
      1.01237071
      1.26955467
      1.48351477
      1.69380435
      1.93517356
      2.25117565
      2.69109901
     -3.04793534
     -2.54653741
     -2.16753645
     -1.87414602
     -1.61516586
     -1.35026436
     -1.04257333
     -0.65669057
     -0.18540503
      0.30689534
      0.73867613
      1.09844807
      1.41818719
      1.73302141
      2.07109843
      2.44966142
      2.86658510
     -2.98487007
     -2.56390213
     -2.16110610
     -1.76934392
     -1.38035080
     -0.99076052
     -0.60046140
     -0.20990457
      0.18070871
      0.57133142
      0.96195566
      1.35258026
      1.74320499
      2.13382981
      2.52445470
      2.91507964
     -2.97748070
     -2.58685571
     -2.19623070
     -1.80560569
     -1.41498068
     -1.02435566
     -0.63373065
     -0.24310564
      0.14751937
      0.53814438
      0.92876939
      1.31939440
      1.71001941
      2.10064441
      2.49126942
      2.88189443
     -3.01066587
     -2.62004086
     -2.22941585
     -1.83879085
     -1.44816584
     -1.05754083
     -0.66691582
     -0.27629082
      0.11433419
      0.50495920
      0.89558421
      1.28620921
      1.67683422
      2.06745923
      2.45808424
      2.84870924
     -3.04385106
     -2.65322605
     -2.26260104
     -1.87197604
     -1.48135103
     -1.09072602
     -0.70010102
     -0.30947601
      0.08114900
      0.47177400
      0.86239901
      1.25302402
      1.64364902
      2.03427403
      2.42489904
      2.81552404
     -3.07703626
     -2.68641125
     -2.29578625
     -1.90516124
     -1.51453623
     -1.12391123
     -0.73328622
     -0.34266122
      0.04796379
      0.43858880
      0.82921380
      1.21983881
      1.61046381
      2.00108882
      2.39171383
      2.78233883
     -3.11022147
     -2.71959646
     -2.32897146
     -1.93834645
     -1.54772145
     -1.15709644
     -0.76647144
     -0.37584643
      0.01477858
      0.40540358
      0.79602859
      1.18665359
      1.57727860
      1.96790360
      2.35852861
      2.74915361
      3.13977862
     -2.75278168
     -2.36215668
     -1.97153167
     -1.58090667
     -1.19028166
     -0.79965666
     -0.40903165
     -0.01840665
      0.37221836
      0.76284336
      1.15346837
      1.54409337
      1.93471838
      2.32534338
      2.71596839
      3.10659339
     -2.78596691
     -2.39534191
     -2.00471690
     -1.61409190
     -1.22346689
     -0.83284189
     -0.44221688
     -0.05159188
      0.33903313
      0.72965813
      1.12028314
      1.51090814
      1.90153315
      2.29215815
      2.68278315
      3.07340816
     -2.81915214
     -2.42852714
     -2.03790214
     -1.64727713
     -1.25665213
     -0.86602712
     -0.47540212
     -0.08477711
      0.30584789
      0.69647290
      1.08709790
      1.47772290
      1.86834791
      2.25897291
      2.64959792
      3.04022292
     -2.85233738
     -2.46171238
     -2.07108737
     -1.68046237
     -1.28983737
     -0.89921236
     -0.50858736
     -0.11796235
      0.27266265
      0.66328765
      1.05391265
      0.00000000
