             NaN
      1.30120320
      1.69058277
      2.08048290
      2.47134141
      2.86304175
     -3.02821654
     -2.63682439
     -2.24642668
     -1.85690808
     -1.46764050
     -1.07783861
     -0.68701021
     -0.29525194
      0.09678904
      0.48828466
      0.87871376
      1.26817156
      1.65731942
      2.04701090
      2.43780332
      2.82962371
     -3.06139450
     -2.66978241
     -2.27931588
     -1.88992358
     -1.50090850
     -1.11134153
     -0.72059201
     -0.32870475
      0.06360250
      0.45534622
      0.84585729
      1.23517871
      1.62404585
      2.01347177
      2.40417016
      2.79612970
     -3.09459179
     -2.70269862
     -2.31213450
     -1.92289017
     -1.53418881
     -1.14492352
     -0.75428617
     -0.36224812
      0.03039164
      0.42245551
      0.81308295
      1.20224293
      1.59075730
      1.97983846
      2.37040266
      2.76252644
     -3.12781994
     -2.73555968
     -2.34485634
     -1.95578925
     -1.56748747
     -1.17861907
     -0.78814304
     -0.39592507
     -0.00285878
      0.38962941
      0.78042435
      1.16938831
      1.55744613
      1.94606631
      2.33643519
      2.72875742
      3.12208591
     -2.76834386
     -2.37743739
     -1.98858901
     -1.60081430
     -1.21248705
     -0.82224975
     -0.42981116
     -0.03617662
      0.35689644
      0.74794025
      1.13665765
      1.52409942
      1.91207619
      2.30214977
      2.69471952
      3.08871645
     -2.80101291
     -2.40979762
     -2.02123069
     -1.63418670
     -1.24663631
     -0.85676982
     -0.46405054
     -0.06961703
      0.32430915
      0.71574241
      1.10413367
      1.49069311
      1.87771413
      2.26731307
      2.66020501
      3.05517570
     -2.83349264
     -2.44177584
     -2.05359369
     -1.66763880
     -1.28129211
     -0.89204862
     -0.49895473
     -0.10330533
      0.29197597
      0.68407329
      1.07200082
      1.45717795
      1.84263609
      2.23138874
      2.62472137
      3.02125837
     -2.86561689
     -2.47298551
     -2.08537619
     -1.70124167
     -1.31701071
     -0.92897536
     -0.53536092
     -0.13760697
      0.26016911
      0.65360299
      1.04080423
      1.42345636
      1.80586839
      2.19275733
      2.58668631
      2.98622927
     -2.89689275
     -2.50210565
     -2.11543042
     -1.73509073
     -1.35571618
     -0.97097632
     -0.57682778
     -0.17433838
      0.22994183
      0.62759467
      1.01372230
      1.38978778
      1.76267496
      2.14168495
      2.53459864
      2.94299493
     -2.92424278
     -2.51542773
     -2.12621255
     -1.75960939
     -1.40855993
     -1.05903337
     -0.69404983
     -0.29964761
      0.12578432
      0.56444231
      0.98783263
      1.37809838
      1.73798896
      2.08488097
      2.44114774
      2.82543944
     -3.04000654
     -2.60392687
     -2.17826832
     -1.78408509
     -1.42173640
     -1.07512334
     -0.72164339
     -0.34151275
      0.07253299
      0.50738839
      0.93479509
      1.33203438
      1.69660873
      2.04344204
      2.39502994
      2.77189714
     -3.10034586
     -2.66658321
     -2.23760307
     -1.83745542
     -1.47057689
     -1.12323025
     -0.77315231
     -0.39922592
      0.00875287
      0.44134822
      0.87174799
      1.27475396
      1.64405174
      1.99214383
      2.34097012
      2.71213868
      3.11717164
     -2.73474277
     -2.30311033
     -1.89728501
     -1.52540653
     -1.17625754
     -0.82832848
     -0.45968334
     -0.05767163
      0.37183175
      0.80416502
      1.21266101
      1.58765097
      1.93904544
      2.28756042
      2.65476669
      3.05364249
     -2.80340366
     -2.37253656
     -1.96247368
     -1.58342972
     -1.22702442
     -0.87446481
     -0.50605867
     -0.10977069
      0.31120864
      0.73772205
      1.14724264
      1.52986567
      1.89201252
      2.24972344
      2.62030184
      3.01476834
     -2.85199948
     -2.42960355
     -2.02105880
     -1.63606915
     -1.26994429
     -0.90881099
     -0.53698448
     -0.14391646
      0.26950777
      0.68943671
      1.09761219
      1.48422734
      1.85273726
      2.21566911
      2.58784444
      2.97973859
     -2.89187443
     -2.47314882
     -2.06477115
     -1.67689470
     -1.30698462
     -0.94331730
     -0.57142605
     -0.18061239
      0.22984662
      0.64826774
      1.05733486
      1.44630192
      1.81693464
      2.18051900
      2.55156644
      2.94128933
     -2.93198690
     -2.51306831
     -2.10278200
     -1.71278203
     -1.34202646
     -0.97936185
     -0.60982275
     -0.22131494
      0.18859419
      0.60894971
      1.02118120
      1.41224599
      1.78241059
      2.14302726
      2.51005782
      2.89704181
     -2.97555469
     -2.55240866
     -2.13709136
     -1.74483106
     -1.37628799
     -1.01944461
     -0.65653768
     -0.27175291
      0.14022239
      0.56784648
      0.98774834
      1.38153004
      1.74751559
      2.09896510
      2.45613858
      2.83756371
     -3.03285107
     -2.60081874
     -2.17595687
     -1.77981901
     -1.41505958
     -1.06743665
     -0.71494288
     -0.33730405
      0.07399471
      0.50741215
      0.93547226
      1.33463724
      1.70085849
      2.04801130
      2.39839151
      2.77303694
     -3.10138501
     -2.66850938
     -2.23858278
     -1.83641614
     -1.46777102
     -1.11983891
     -0.77060206
     -0.39853754
      0.00754523
      0.43943475
      0.87087849
      1.27600955
      1.64729579
      1.99632287
      2.34469570
      2.71432752
      3.11769814
     -2.73474477
     -2.30190832
     -1.89377331
     -1.51965408
     -1.16926953
     -0.82152357
     -0.45420017
     -0.05357185
      0.37590844
      0.81011452
      1.22143832
      1.59874652
      1.95089670
      2.29832787
      2.66343760
      3.06121246
     -2.79383779
     -2.35798031
     -1.94270419
     -1.56113999
     -1.20619152
     -0.85851862
     -0.49590226
     -0.10187929
      0.32470578
      0.76465527
      1.18992976
      1.58460122
      1.95163259
      2.30496542
      2.66056594
      3.03109472
     -2.86079644
     -2.45233665
     -2.03868497
     -1.63312253
     -1.24221063
     -0.86372701
     -0.48995044
     -0.11209988
      0.27588483
      0.67456705
      1.07854341
      1.47968203
      1.87230318
      2.25616239
      2.63566414
      3.01699139
     -2.87820820
     -2.48249467
     -2.08239789
     -1.68368107
     -1.29089204
     -0.90479972
     -0.52245307
     -0.13915162
      0.24904277
      0.64326110
      1.04117046
      1.43835849
      1.83108178
      2.21842534
      2.60252260
      2.98711980
     -2.90766778
     -2.51436711
     -2.11788826
     -1.72176267
     -1.32915071
     -0.94100009
     -0.55570273
     -0.17018104
      0.21839173
      0.61106794
      1.00653026
      1.40187004
      1.79436696
      2.18308203
      2.56925778
      2.95547609
     -2.93898763
     -2.54676390
     -2.15206360
     -1.75733084
     -1.36494219
     -0.97581117
     -0.58896335
     -0.20219936
      0.18664995
      0.57853176
      0.97263896
      1.36688738
      1.75917672
      2.14862560
      2.53600449
      2.92320864
     -2.97101617
     -2.57940061
     -2.18576822
     -1.79191611
     -1.39971742
     -1.01001902
     -0.62220998
     -0.23464246
      0.15441619
      0.54581965
      0.93906347
      1.33258468
      1.72470047
      2.11459882
      2.50276324
      2.89063639
     -3.00340256
     -2.61217107
     -2.21925098
     -1.82601071
     -1.43397104
     -1.04390979
     -0.65544700
     -0.26731276
      0.12191282
      0.51300282
      0.90564921
      1.29864764
      1.69061709
      2.08081284
      2.46952952
      2.85788969
     -3.03599785
     -2.64502561
     -2.25261350
     -1.85982572
     -1.46792133
     -1.07761331
     -0.68867812
     -0.30012031
      0.08924371
      0.48011699
      0.87232648
      1.26492900
      1.65677285
      2.04717541
      2.43630041
      2.82503271
     -3.06872738
     -2.67793790
     -2.28590515
     -1.89346693
     -1.50167964
     -1.11119692
     -0.72190573
     -0.33301819
      0.05646386
      0.44718198
      0.83905946
      1.23135094
      1.62308522
      2.01363625
      2.40307390
      2.79210043
     -3.10154979
     -2.71089268
     -2.31915242
     -1.92699275
     -1.53530833
     -1.14469889
     -0.75513151
     -0.36597981
      0.02360497
      0.41420978
      0.80582821
      1.19786887
      1.58950626
      1.98016573
      2.36984856
      2.75911347
     -3.13444032
     -2.74388036
     -2.35237055
     -1.96043779
     -1.56884489
     -1.17814252
     -0.78835340
      0.00000000
