      0.00000000
     -2.71400851
     -2.32338350
     -1.93275849
     -1.54213347
     -1.15150846
     -0.76088344
     -0.37025843
      0.02036659
      0.41099161
      0.80161662
      1.19224164
      1.58286666
      1.97349167
      2.36411669
      2.75474170
     -3.13781859
     -2.74719357
     -2.35656855
     -1.96594354
     -1.57531852
     -1.18469350
     -0.79406849
     -0.40344347
     -0.01281845
      0.37780656
      0.76843158
      1.15905660
      1.54968161
      1.94030663
      2.33093165
      2.72155667
      3.11218168
     -2.78037861
     -2.38975359
     -1.99912857
     -1.60850356
     -1.21787854
     -0.82725352
     -0.43662850
     -0.04600349
      0.34462153
      0.73524655
      1.12587157
      1.51649658
      1.90712160
      2.29774662
      2.68837164
      3.07899665
     -2.81356364
     -2.42293862
     -2.03231360
     -1.64168858
     -1.25106357
     -0.86043855
     -0.46981353
     -0.07918851
      0.31143651
      0.70206152
      1.09268654
      1.48331156
      1.87393658
      2.26456160
      2.65518662
      3.04581163
     -2.84674865
     -2.45612364
     -2.06549862
     -1.67487360
     -1.28424858
     -0.89362356
     -0.50299854
     -0.11237353
      0.27825149
      0.66887651
      1.05950153
      1.45012655
      1.84075157
      2.23137659
      2.62200161
      3.01262662
     -2.87993366
     -2.48930865
     -2.09868363
     -1.70805861
     -1.31743359
     -0.92680857
     -0.53618355
     -0.14555853
      0.24506649
      0.63569151
      1.02631653
      1.41694155
      1.80756657
      2.19819159
      2.58881661
      2.97944163
     -2.91311866
     -2.52249364
     -2.13186862
     -1.74124360
     -1.35061858
     -0.95999356
     -0.56936854
     -0.17874352
      0.21188150
      0.60250652
      0.99313154
      1.38375656
      1.77438158
      2.16500660
      2.55563163
      2.94625665
     -2.94630362
     -2.55567859
     -2.16505355
     -1.77442850
     -1.38380346
     -0.99317841
     -0.60255336
     -0.21192831
      0.17869673
      0.56932176
      0.95994678
      1.35057179
      1.74119677
      2.13182172
      2.52244665
      2.91307154
     -2.97948892
     -2.58886411
     -2.19823934
     -1.80761463
     -1.41698996
     -1.02636534
     -0.63574076
     -0.24511624
      0.14550824
      0.53613268
      0.92675709
      1.31738145
      1.70800580
      2.09863011
      2.48925442
      2.87987870
     -3.01268232
     -2.62205806
     -2.23143384
     -1.84080972
     -1.45018577
     -1.05956281
     -0.66894834
     -0.27837583
      0.11206946
      0.50228379
      0.89231688
      1.28255610
      1.67359868
      2.06575851
      2.45859361
      2.85090349
     -3.04183675
     -2.65379656
     -2.26731566
     -1.88043263
     -1.49109724
     -1.09841299
     -0.70341516
     -0.30880840
      0.08247237
      0.46915197
      0.85257968
      1.23607708
      1.62318060
      2.01569751
      2.41246390
      2.80960075
     -3.08062534
     -2.69421246
     -2.31296771
     -1.93254751
     -1.54798275
     -1.15630052
     -0.75834190
     -0.35874811
      0.03644266
      0.42352376
      0.80345856
      1.18122615
      1.56307575
      1.95329221
      2.35174791
      2.75348036
     -3.13199594
     -2.74348446
     -2.36400892
     -1.98836303
     -1.60925110
     -1.22103462
     -0.82281299
     -0.41942569
     -0.01912007
      0.37144735
      0.75131973
      1.12551335
      1.50205790
      1.88787314
      2.28511174
      2.68950709
      3.09230922
     -2.79763562
     -2.41622894
     -2.04227680
     -1.66751705
     -1.28410891
     -0.88867556
     -0.48449025
     -0.08006124
      0.31599055
      0.70025083
      1.07606283
      1.45114351
      1.83342145
      2.22697628
      2.62962607
      3.03384041
     -2.85189568
     -2.46518599
     -2.08690617
     -1.71030261
     -1.32792450
     -0.93547824
     -0.53431581
     -0.13095617
      0.26683589
      0.65488663
      1.03478054
      1.41249832
      1.79505426
      2.18682493
      2.58700595
      2.98976845
     -2.89545436
     -2.50660527
     -2.12577204
     -1.74747236
     -1.36494332
     -0.97370382
     -0.57416053
     -0.17169569
      0.22649998
      0.61593900
      0.99734504
      1.37587722
      1.75819525
      2.14894306
      2.54805450
      2.95044983
     -2.93420271
     -2.54425735
     -2.16250748
     -1.78400676
     -1.40207743
     -1.01183519
     -0.61301190
     -0.21047957
      0.18852673
      0.57895317
      0.96085792
      1.33905618
      1.72036841
      2.11003081
      2.50868458
      2.91159420
     -2.97190423
     -2.58097025
     -2.19911837
     -1.82159753
     -1.44128527
     -1.05240948
     -0.65384275
     -0.25023068
      0.15049456
      0.54207225
      0.92363667
      1.29990577
      1.67850208
      2.06601897
      2.46431289
      2.86888638
     -3.01201400
     -2.61932664
     -2.23792230
     -1.86326331
     -1.48721713
     -1.10220833
     -0.70534306
     -0.30056334
      0.10327341
      0.49789427
      0.88052792
      1.25498867
      1.62928219
      2.01149810
      2.40556672
      2.80871669
     -3.07041115
     -2.67394809
     -2.28885195
     -1.91255110
     -1.53797532
     -1.15726314
     -0.76582322
     -0.36509067
      0.03806169
      0.43559683
      0.82313722
      1.20199459
      1.57797311
      1.95823319
      2.34759887
      2.74578345
     -3.13579954
     -2.73791675
     -2.34830143
     -1.96669174
     -1.58863129
     -1.20797783
     -0.82008949
     -0.42440799
     -0.02485803
      0.37264986
      0.76383806
      1.14821888
      1.52892612
      1.91083705
      2.29799851
      2.69143660
      3.08859530
     -2.79814793
     -2.40598623
     -2.01896325
     -1.63513938
     -1.25107172
     -0.86370412
     -0.47198016
     -0.07730980
      0.31748841
      0.70998395
      1.09938910
      1.48668325
      1.87379906
      2.26244914
      2.65324692
      3.04558746
     -2.84491402
     -2.45285233
     -2.06168875
     -1.67111925
     -1.28070627
     -0.89022035
     -0.49964621
     -0.10903233
      0.28159134
      0.67221603
      1.06284058
      1.45346510
      1.84408963
      2.23471418
      2.62533875
      3.01596335
     -2.87659733
     -2.48597267
     -2.09534797
     -1.70472323
     -1.31409845
     -0.92347362
     -0.53284875
     -0.14222383
      0.24840113
      0.63902614
      1.02965119
      1.42027628
      1.81090141
      2.20152656
      2.59215174
      2.98277693
     -2.90978316
     -2.51915795
     -2.12853273
     -1.73790752
     -1.34728231
     -0.95665712
     -0.56603194
     -0.17540678
      0.21521835
      0.60584347
      0.99646857
      1.38709364
      1.77771870
      2.16834374
      2.55896876
      2.94959377
     -2.94296653
     -2.55234154
     -2.16171655
     -1.77109156
     -1.38046658
     -0.98984159
     -0.59921661
     -0.20859162
      0.18203337
      0.57265836
      0.96328335
      1.35390835
      1.74453335
      2.13515835
      2.52578335
      2.91640835
     -2.97615195
     -2.58552695
     -2.19490194
     -1.80427694
     -1.41365193
     -1.02302693
     -0.63240192
     -0.24177692
      0.14884809
      0.53947309
      0.93009810
      1.32072311
      1.71134811
      2.10197312
      2.49259812
      2.88322313
     -3.00933717
     -2.61871217
     -2.22808716
     -1.83746216
     -1.44683715
     -1.05621215
     -0.66558714
     -0.27496214
      0.11566287
      0.50628787
      0.89691288
      1.28753788
      1.67816289
      2.06878789
      2.45941290
      2.85003790
     -3.04252240
     -2.65189739
     -2.26127239
     -1.87064738
     -1.48002238
     -1.08939737
     -0.69877237
     -0.30814736
      0.08247764
      0.47310265
      0.86372765
      1.25435265
      1.64497766
      2.03560266
      2.42622767
      2.81685267
     -3.07570763
     -2.68508262
     -2.29445762
     -1.90383261
     -1.51320761
     -1.12258260
     -0.73195760
     -0.34133260
      0.04929241
      0.43991741
      0.83054242
      1.22116742
      1.61179243
      2.00241743
      2.39304244
      2.78366744
     -3.10889286
     -2.71826786
     -2.32764285
     -1.93701785
     -1.54639284
     -1.15576784
     -0.76514283
     -0.37451783
      0.01610718
      0.40673218
      0.79735718
      1.18798219
      1.57860719
      1.96923220
      2.35985720
      2.75048221
      3.14110721
     -2.75145309
     -2.36082809
     -1.97020308
     -1.57957808
     -1.18895307
     -0.79832807
     -0.40770306
     -0.01707806
      0.37354694
      0.76417195
      1.15479695
      1.54542195
      0.00000000
