      0.00000000
     -1.24712762
     -1.63775263
     -2.02837764
     -2.41900265
     -2.80962767
      3.08293262
      2.69230761
      2.30168259
      1.91105757
      1.52043256
      1.12980754
      0.73918253
      0.34855751
     -0.04206751
     -0.43269252
     -0.82331754
     -1.21394256
     -1.60456757
     -1.99519259
     -2.38581761
     -2.77644262
      3.11611767
      2.72549265
      2.33486763
      1.94424262
      1.55361760
      1.16299258
      0.77236757
      0.38174255
     -0.00888247
     -0.39950748
     -0.79013250
     -1.18075752
     -1.57138254
     -1.96200755
     -2.35263257
     -2.74325759
     -3.13388260
      2.75867769
      2.36805267
      1.97742765
      1.58680263
      1.19617762
      0.80555260
      0.41492758
      0.02430256
     -0.36632245
     -0.75694747
     -1.14757249
     -1.53819751
     -1.92882253
     -2.31944754
     -2.71007256
     -3.10069758
      2.79186271
      2.40123769
      2.01061267
      1.61998766
      1.22936264
      0.83873762
      0.44811260
      0.05748758
     -0.33313744
     -0.72376245
     -1.11438747
     -1.50501249
     -1.89563751
     -2.28626253
     -2.67688755
     -3.06751256
      2.82504772
      2.43442271
      2.04379769
      1.65317267
      1.26254765
      0.87192263
      0.48129761
      0.09067259
     -0.29995242
     -0.69057744
     -1.08120246
     -1.47182748
     -1.86245250
     -2.25307752
     -2.64370254
     -3.03432756
      2.85823273
      2.46760771
      2.07698269
      1.68635767
      1.29573265
      0.90510764
      0.51448262
      0.12385760
     -0.26676742
     -0.65739244
     -1.04801747
     -1.43864249
     -1.82926751
     -2.21989253
     -2.61051755
     -3.00114257
      2.89141772
      2.50079270
      2.11016768
      1.71954266
      1.32891764
      0.93829262
      0.54766760
      0.15704258
     -0.23358244
     -0.62420747
     -1.01483250
     -1.40545754
     -1.79608258
     -2.18670762
     -2.57733267
     -2.96795772
      2.92460254
      2.53397749
      2.14335245
      1.75272742
      1.36210240
      0.97147739
      0.58085241
      0.19022746
     -0.20039747
     -0.59102236
     -0.98164721
     -1.37227202
     -1.76289678
     -2.15352150
     -2.54414617
     -2.93477079
      2.95778995
      2.56716542
      2.17654094
      1.78591650
      1.39529210
      1.00466773
      0.61404338
      0.22341907
     -0.16720524
     -0.55782952
     -0.94845380
     -1.33907807
     -1.72970229
     -2.12032641
     -2.51095036
     -2.90157331
      2.99099752
      2.60042501
      2.20997972
      1.81976539
      1.42973231
      1.03949308
      0.64845050
      0.25629067
     -0.13654443
     -0.52885431
     -0.91929938
     -1.30733957
     -1.69382047
     -2.08070349
     -2.47003889
     -2.86272313
      3.02546434
      2.63085758
      2.23957681
      1.85289721
      1.46946950
      1.08597210
      0.69886858
      0.30635167
     -0.09041472
     -0.48755157
     -0.88051078
     -1.26692367
     -1.64816841
     -2.02858862
     -2.41315337
     -2.80483560
      3.08039108
      2.68079729
      2.28560652
      1.89852542
      1.51859062
      1.14082303
      0.75897343
      0.36875697
     -0.02969873
     -0.43143118
     -0.82914019
     -1.21765167
     -1.59712721
     -1.97277310
     -2.35188503
     -2.74010151
     -3.13832313
      2.74147487
      2.34116925
      1.95060183
      1.57072946
      1.19653583
      0.81999128
      0.43417604
      0.03693744
     -0.36745791
     -0.77026004
     -1.16350051
     -1.54490718
     -1.91885933
     -2.29361907
     -2.67702721
     -3.07246056
      2.80653943
      2.40211042
      2.00605863
      1.62179835
      1.24598635
      0.87090567
      0.48862773
      0.09507290
     -0.30757689
     -0.71179123
     -1.10924044
     -1.49595013
     -1.87422996
     -2.25083352
     -2.63321163
     -3.02565788
      2.85636499
      2.45300535
      2.05521329
      1.66716255
      1.28726864
      0.90955086
      0.52699492
      0.13522426
     -0.26495676
     -0.66771927
     -1.06568176
     -1.45453086
     -1.83536408
     -2.21366376
     -2.59619280
     -2.98743231
      2.89620971
      2.49374487
      2.09554920
      1.70611018
      1.32470414
      0.94617196
      0.56385393
      0.17310612
     -0.22600532
     -0.62840065
     -1.02693342
     -1.41687878
     -1.79862865
     -2.17712936
     -2.55905870
     -2.94930094
      2.93506108
      2.53252875
      2.13352245
      1.74309601
      1.36119126
      0.98299301
      0.60168077
      0.21201837
     -0.18663540
     -0.58954502
     -0.98923190
     -1.38016588
     -1.76201776
     -2.13953860
     -2.51985086
     -2.90872665
      2.97589193
      2.57227986
      2.17155462
      1.77997693
      1.39841251
      1.02214341
      0.64354710
      0.25603021
     -0.14226371
     -0.54683719
     -0.94912213
     -1.34180948
     -1.72321383
     -2.09787281
     -2.47391900
     -2.85892780
      3.02739224
      2.62261252
      2.21877577
      1.82415491
      1.44152126
      1.06706051
      0.69276700
      0.31055108
     -0.08351754
     -0.48666751
     -0.89072497
     -1.28718804
     -1.67228417
     -2.04858502
     -2.42316081
     -2.80387299
      3.08787240
      2.68713985
      2.28398749
      1.88645235
      1.49891196
      1.12005459
      0.74407607
      0.36381599
     -0.02554969
     -0.42373427
     -0.82533659
     -1.22321938
     -1.61283470
     -1.99444438
     -2.37250484
     -2.75315829
     -3.14104663
      2.74645717
      2.34690721
      1.94939932
      1.55821112
      1.17383031
      0.79312307
      0.41121213
      0.02405067
     -0.36938742
     -0.76654612
     -1.16298819
     -1.55514989
     -1.94217288
     -2.32599675
     -2.71006441
     -3.09743201
      2.79402934
      2.39935898
      2.00456077
      1.61206523
      1.22266009
      0.83536593
      0.44825012
      0.05960004
     -0.33119774
     -0.72353828
     -1.11622211
     -1.50828380
     -1.89944738
     -2.29001688
     -2.68042985
     -3.07091578
      2.82169539
      2.43108151
      2.04045784
      1.64983315
      1.25920860
      0.86858408
      0.47795955
      0.08733500
     -0.30328957
     -0.69391417
     -1.08453880
     -1.47516346
     -1.86578815
     -2.25641289
     -2.64703767
     -3.03766250
      2.85489793
      2.46427301
      2.07364805
      1.68302304
      1.29239799
      0.90177290
      0.51114777
      0.12052262
     -0.27010256
     -0.66072775
     -1.05135296
     -1.44197818
     -1.83260340
     -2.22322861
     -2.61385382
     -3.00447901
      2.88808112
      2.49745596
      2.10683083
      1.71620571
      1.32558061
      0.93495554
      0.54433048
      0.15370544
     -0.23691958
     -0.62754459
     -1.01816960
     -1.40879459
     -1.79941958
     -2.19004457
     -2.58066955
     -2.97129453
      2.92126579
      2.53064080
      2.14001581
      1.74939082
      1.35876583
      0.96814083
      0.57751583
      0.18689083
     -0.20373417
     -0.59435917
     -0.98498417
     -1.37560918
     -1.76623418
     -2.15685919
     -2.54748419
     -2.93810920
      2.95445110
      2.56382610
      2.17320109
      1.78257609
      1.39195108
      1.00132607
      0.61070107
      0.22007606
     -0.17054894
     -0.56117395
     -0.95179895
     -1.34242396
     -1.73304896
     -2.12367397
     -2.51429897
     -2.90492398
      2.98763632
      2.59701132
      2.20638631
      1.81576131
      1.42513630
      1.03451130
      0.64388629
      0.25326129
     -0.13736372
     -0.52798872
     -0.91861373
     -1.30923873
     -1.69986374
     -2.09048874
     -2.48111375
     -2.87173875
      3.02082155
      2.63019655
      2.23957154
      1.84894654
      1.45832153
      1.06769653
      0.67707152
      0.28644652
     -0.10417849
     -0.49480349
     -0.88542850
     -1.27605350
     -1.66667851
     -2.05730351
     -2.44792852
     -2.83855352
      3.05400678
      2.66338178
      2.27275677
      1.88213177
      1.49150676
      1.10088176
      0.71025675
      0.31963175
     -0.07099326
     -0.46161826
     -0.85224327
     -1.24286827
     -1.63349328
     -2.02411828
     -2.41474328
     -2.80536829
      3.08719201
      2.69656701
      2.30594200
      1.91531700
      1.52469200
      1.13406699
      0.74344199
      0.35281698
     -0.03780802
     -0.42843303
     -0.81905803
     -1.20968304
     -1.60030804
     -1.99093304
     -2.38155805
     -2.77218305
      3.12037725
      2.72975225
      2.33912724
      1.94850224
      1.55787723
      1.16725223
      0.77662723
      0.00000000
