      0.00000000
      0.00000078
      0.00000370
      0.00001024
      0.00002232
      0.00004156
      0.00006871
      0.00010329
      0.00014366
      0.00018743
      0.00023214
      0.00027588
      0.00031775
      0.00035796
      0.00039762
      0.00043826
      0.00048125
      0.00052732
      0.00057630
      0.00062723
      0.00067862
      0.00072895
      0.00077703
      0.00082226
      0.00086473
      0.00090505
      0.00094420
      0.00098316
      0.00102276
      0.00106340
      0.00110511
      0.00114753
      0.00119011
      0.00123228
      0.00127358
      0.00131381
      0.00135295
      0.00139121
      0.00142892
      0.00146638
      0.00150386
      0.00154151
      0.00157934
      0.00161726
      0.00165512
      0.00169274
      0.00173001
      0.00176683
      0.00180320
      0.00183916
      0.00187478
      0.00191014
      0.00194531
      0.00198033
      0.00201522
      0.00204995
      0.00208450
      0.00211883
      0.00215291
      0.00218671
      0.00222023
      0.00225348
      0.00228646
      0.00231919
      0.00235168
      0.00238395
      0.00241599
      0.00244782
      0.00247941
      0.00251078
      0.00254190
      0.00257277
      0.00260340
      0.00263378
      0.00266391
      0.00269380
      0.00272344
      0.00275284
      0.00278200
      0.00281092
      0.00283959
      0.00286802
      0.00289620
      0.00292414
      0.00295183
      0.00297927
      0.00300647
      0.00303342
      0.00306011
      0.00308656
      0.00311276
      0.00313871
      0.00316441
      0.00318985
      0.00321505
      0.00324000
      0.00326469
      0.00328913
      0.00331331
      0.00333725
      0.00336092
      0.00338435
      0.00340751
      0.00343043
      0.00345308
      0.00347548
      0.00349762
      0.00351950
      0.00354113
      0.00356249
      0.00358360
      0.00360444
      0.00362503
      0.00364535
      0.00366541
      0.00368521
      0.00370475
      0.00372402
      0.00374303
      0.00376177
      0.00378025
      0.00379847
      0.00381641
      0.00383410
      0.00385151
      0.00386865
      0.00388553
      0.00390214
      0.00391848
      0.00393455
      0.00395034
      0.00396587
      0.00398112
      0.00399610
      0.00401080
      0.00402523
      0.00403938
      0.00405325
      0.00406684
      0.00408015
      0.00409317
      0.00410590
      0.00411834
      0.00413046
      0.00414228
      0.00415376
      0.00416491
      0.00417568
      0.00418606
      0.00419601
      0.00420549
      0.00421445
      0.00422282
      0.00423052
      0.00423745
      0.00424349
      0.00424847
      0.00425217
      0.00425433
      0.00425460
      0.00425253
      0.00424762
      0.00423929
      0.00422699
      0.00421036
      0.00418951
      0.00416542
      0.00414052
      0.00411933
      0.00410893
      0.00411864
      0.00415799
      0.00423126
      0.00432685
      0.00440037
      0.00435611
      0.00404883
      0.00336267
      0.00242321
      0.00176687
      0.00194663
      0.00281605
      0.00374171
      0.00433895
      0.00460801
      0.00469052
      0.00468803
      0.00459709
      0.00430623
      0.00365809
      0.00264320
      0.00167974
      0.00148451
      0.00223750
      0.00332002
      0.00413496
      0.00455280
      0.00470742
      0.00474518
      0.00471881
      0.00456482
      0.00412752
      0.00327467
      0.00216720
      0.00145307
      0.00174272
      0.00277819
      0.00380832
      0.00444000
      0.00471092
      0.00479276
      0.00480538
      0.00475961
      0.00455288
      0.00401022
      0.00304030
      0.00193852
      0.00145304
      0.00202212
      0.00314408
      0.00408944
      0.00460395
      0.00479673
      0.00484430
      0.00484805
      0.00479827
      0.00457570
      0.00399781
      0.00298893
      0.00189277
      0.00148640
      0.00214219
      0.00328445
      0.00419821
      0.00467248
      0.00483699
      0.00487064
      0.00487283
      0.00483375
      0.00463588
      0.00409348
      0.00310913
      0.00198527
      0.00149355
      0.00208109
      0.00322246
      0.00417013
      0.00467253
      0.00484770
      0.00488047
      0.00488214
      0.00485746
      0.00470375
      0.00423882
      0.00332781
      0.00217720
      0.00150808
      0.00191210
      0.00301845
      0.00403710
      0.00461696
      0.00483517
      0.00488030
      0.00488158
      0.00486384
      0.00474342
      0.00434796
      0.00351750
      0.00237101
      0.00155154
      0.00175547
      0.00279244
      0.00386819
      0.00453056
      0.00480254
      0.00486879
      0.00487206
      0.00485218
      0.00473820
      0.00436599
      0.00357039
      0.00243745
      0.00156766
      0.00168245
      0.00267334
      0.00376341
      0.00446122
      0.00476141
      0.00484192
      0.00484681
      0.00481645
      0.00467804
      0.00426754
      0.00343413
      0.00230329
      0.00150675
      0.00171343
      0.00273045
      0.00378761
      0.00444587
      0.00472492
      0.00479955
      0.00479873
      0.00474295
      0.00453912
      0.00401831
      0.00307907
      0.00197669
      0.00142347
      0.00190164
      0.00298276
      0.00393926
      0.00448091
      0.00469329
      0.00474296
      0.00472271
      0.00461061
      0.00427992
      0.00357530
      0.00252543
      0.00160847
      0.00152730
      0.00235050
      0.00341331
      0.00417133
      0.00454346
      0.00467325
      0.00469442
      0.00464095
      0.00443647
      0.00393845
      0.00308373
      0.00213972
      0.00172821
      0.00219454
      0.00312306
      0.00390391
      0.00430546
      0.00440447
      0.00435081
      0.00425524
      0.00417415
      0.00412595
      0.00410931
      0.00411536
      0.00413445
      0.00415883
      0.00418335
      0.00420508
      0.00422272
      0.00423598
      0.00424515
      0.00425074
      0.00425334
      0.00425347
      0.00425161
      0.00424812
      0.00424330
      0.00423738
      0.00423054
      0.00422290
      0.00421458
      0.00420565
      0.00419620
      0.00418626
      0.00417589
      0.00416513
      0.00415399
      0.00414250
      0.00413069
      0.00411855
      0.00410612
      0.00409338
      0.00408035
      0.00406704
      0.00405344
      0.00403956
      0.00402541
      0.00401097
      0.00399627
      0.00398128
      0.00396602
      0.00395049
      0.00393469
      0.00391862
      0.00390228
      0.00388566
      0.00386878
      0.00385163
      0.00383422
      0.00381653
      0.00379858
      0.00378036
      0.00376188
      0.00374313
      0.00372412
      0.00370484
      0.00368530
      0.00366550
      0.00364543
      0.00362511
      0.00360452
      0.00358367
      0.00356256
      0.00354120
      0.00351957
      0.00349769
      0.00347554
      0.00345314
      0.00343049
      0.00340757
      0.00338440
      0.00336098
      0.00333730
      0.00331337
      0.00328918
      0.00326474
      0.00324004
      0.00321510
      0.00318990
      0.00316445
      0.00313875
      0.00311280
      0.00308660
      0.00306015
      0.00303345
      0.00300650
      0.00297931
      0.00295186
      0.00292417
      0.00289623
      0.00286805
      0.00283961
      0.00281094
      0.00278202
      0.00275287
      0.00272346
      0.00269382
      0.00266393
      0.00263380
      0.00260342
      0.00257279
      0.00254191
      0.00251079
      0.00247943
      0.00244783
      0.00241601
      0.00238396
      0.00235169
      0.00231920
      0.00228647
      0.00225349
      0.00222024
      0.00218672
      0.00215292
      0.00211884
      0.00208451
      0.00204996
      0.00201523
      0.00198034
      0.00194532
      0.00191014
      0.00187478
      0.00183916
      0.00180320
      0.00176683
      0.00173001
      0.00169275
      0.00165512
      0.00161727
      0.00157935
      0.00154151
      0.00150386
      0.00146638
      0.00142892
      0.00139122
      0.00135295
      0.00131381
      0.00127359
      0.00123228
      0.00119011
      0.00114753
      0.00110511
      0.00106341
      0.00102276
      0.00098317
      0.00094420
      0.00090505
      0.00086473
      0.00082226
      0.00077703
      0.00072895
      0.00067862
      0.00062723
      0.00057630
      0.00052732
      0.00048125
      0.00043826
      0.00039762
      0.00035796
      0.00031775
      0.00027588
      0.00023214
      0.00018743
      0.00014366
      0.00010329
      0.00006871
      0.00004156
      0.00002232
      0.00001024
      0.00000370
      0.00000078
      0.00000000
