      0.00000000
      0.00000016
      0.00000098
      0.00000335
      0.00000833
      0.00001665
      0.00002834
      0.00004255
      0.00005770
      0.00007190
      0.00008354
      0.00009178
      0.00009684
      0.00009999
      0.00010317
      0.00010846
      0.00011742
      0.00013068
      0.00014771
      0.00016706
      0.00018677
      0.00020497
      0.00022035
      0.00023245
      0.00024166
      0.00024906
      0.00025605
      0.00026399
      0.00027385
      0.00028602
      0.00030028
      0.00031593
      0.00033205
      0.00034774
      0.00036239
      0.00037571
      0.00038782
      0.00039913
      0.00041017
      0.00042149
      0.00043347
      0.00044630
      0.00045995
      0.00047420
      0.00048875
      0.00050330
      0.00051762
      0.00053160
      0.00054523
      0.00055862
      0.00057192
      0.00058529
      0.00059886
      0.00061269
      0.00062681
      0.00064115
      0.00065567
      0.00067027
      0.00068489
      0.00069949
      0.00071405
      0.00072860
      0.00074316
      0.00075777
      0.00077246
      0.00078725
      0.00080216
      0.00081717
      0.00083228
      0.00084747
      0.00086274
      0.00087805
      0.00089342
      0.00090884
      0.00092431
      0.00093984
      0.00095544
      0.00097111
      0.00098685
      0.00100267
      0.00101856
      0.00103452
      0.00105055
      0.00106665
      0.00108281
      0.00109904
      0.00111534
      0.00113170
      0.00114813
      0.00116462
      0.00118118
      0.00119781
      0.00121450
      0.00123126
      0.00124809
      0.00126499
      0.00128195
      0.00129898
      0.00131607
      0.00133323
      0.00135046
      0.00136774
      0.00138510
      0.00140252
      0.00142000
      0.00143755
      0.00145516
      0.00147284
      0.00149058
      0.00150839
      0.00152625
      0.00154419
      0.00156218
      0.00158024
      0.00159836
      0.00161654
      0.00163478
      0.00165309
      0.00167146
      0.00168989
      0.00170838
      0.00172693
      0.00174554
      0.00176421
      0.00178294
      0.00180173
      0.00182058
      0.00183949
      0.00185845
      0.00187748
      0.00189656
      0.00191571
      0.00193491
      0.00195416
      0.00197348
      0.00199285
      0.00201229
      0.00203178
      0.00205133
      0.00207094
      0.00209061
      0.00211034
      0.00213013
      0.00215000
      0.00216993
      0.00218995
      0.00221006
      0.00223029
      0.00225066
      0.00227120
      0.00229198
      0.00231305
      0.00233450
      0.00235643
      0.00237896
      0.00240221
      0.00242633
      0.00245147
      0.00247782
      0.00250555
      0.00253493
      0.00256631
      0.00260024
      0.00263762
      0.00267982
      0.00272895
      0.00278807
      0.00286135
      0.00295408
      0.00307223
      0.00322123
      0.00340322
      0.00361161
      0.00382111
      0.00397217
      0.00395344
      0.00360532
      0.00280730
      0.00171517
      0.00095440
      0.00116918
      0.00219389
      0.00329876
      0.00403815
      0.00440395
      0.00454899
      0.00458548
      0.00451569
      0.00423006
      0.00357180
      0.00253482
      0.00154948
      0.00135102
      0.00212479
      0.00323797
      0.00407952
      0.00451594
      0.00468251
      0.00472760
      0.00470519
      0.00455228
      0.00411317
      0.00325577
      0.00214237
      0.00142454
      0.00171601
      0.00275763
      0.00379444
      0.00443122
      0.00470546
      0.00478922
      0.00480268
      0.00475681
      0.00454899
      0.00400414
      0.00303102
      0.00192595
      0.00143908
      0.00200985
      0.00313526
      0.00408395
      0.00460086
      0.00479513
      0.00484342
      0.00484723
      0.00479685
      0.00457297
      0.00399291
      0.00298110
      0.00188211
      0.00147472
      0.00213216
      0.00327744
      0.00419402
      0.00467030
      0.00483603
      0.00487025
      0.00487242
      0.00483273
      0.00463359
      0.00408914
      0.00310200
      0.00197533
      0.00148244
      0.00207138
      0.00321562
      0.00416605
      0.00467044
      0.00484685
      0.00488022
      0.00488192
      0.00485671
      0.00470185
      0.00423503
      0.00332137
      0.00216789
      0.00149719
      0.00190215
      0.00301120
      0.00403266
      0.00461463
      0.00483417
      0.00488000
      0.00488140
      0.00486322
      0.00474175
      0.00434453
      0.00351153
      0.00236211
      0.00154069
      0.00174510
      0.00278458
      0.00386321
      0.00452782
      0.00480126
      0.00486828
      0.00487173
      0.00485145
      0.00473646
      0.00436250
      0.00356434
      0.00242838
      0.00155644
      0.00167151
      0.00266487
      0.00375790
      0.00445805
      0.00475975
      0.00484102
      0.00484602
      0.00481513
      0.00467549
      0.00426291
      0.00342648
      0.00229217
      0.00149333
      0.00170056
      0.00272049
      0.00378091
      0.00444158
      0.00472195
      0.00479691
      0.00479550
      0.00473812
      0.00453142
      0.00400606
      0.00306053
      0.00195158
      0.00139508
      0.00187562
      0.00296242
      0.00392396
      0.00446810
      0.00468009
      0.00472650
      0.00469980
      0.00457704
      0.00422956
      0.00350017
      0.00241946
      0.00147705
      0.00139218
      0.00223414
      0.00332083
      0.00409283
      0.00446380
      0.00457645
      0.00456323
      0.00445354
      0.00416149
      0.00353219
      0.00250250
      0.00138511
      0.00089819
      0.00143861
      0.00251993
      0.00343076
      0.00389371
      0.00398414
      0.00386523
      0.00366350
      0.00345092
      0.00326024
      0.00310194
      0.00297560
      0.00287635
      0.00279824
      0.00273572
      0.00268430
      0.00264061
      0.00260228
      0.00256773
      0.00253594
      0.00250627
      0.00247832
      0.00245180
      0.00242650
      0.00240225
      0.00237889
      0.00235628
      0.00233428
      0.00231278
      0.00229167
      0.00227087
      0.00225031
      0.00222994
      0.00220972
      0.00218961
      0.00216960
      0.00214967
      0.00212982
      0.00211003
      0.00209031
      0.00207064
      0.00205104
      0.00203150
      0.00201202
      0.00199260
      0.00197323
      0.00195392
      0.00193467
      0.00191548
      0.00189634
      0.00187726
      0.00185825
      0.00183928
      0.00182038
      0.00180154
      0.00178275
      0.00176403
      0.00174536
      0.00172676
      0.00170821
      0.00168973
      0.00167130
      0.00165294
      0.00163464
      0.00161640
      0.00159822
      0.00158011
      0.00156205
      0.00154406
      0.00152614
      0.00150827
      0.00149047
      0.00147273
      0.00145506
      0.00143745
      0.00141990
      0.00140242
      0.00138501
      0.00136766
      0.00135037
      0.00133315
      0.00131599
      0.00129890
      0.00128188
      0.00126492
      0.00124802
      0.00123120
      0.00121444
      0.00119774
      0.00118112
      0.00116456
      0.00114807
      0.00113165
      0.00111529
      0.00109899
      0.00108277
      0.00106660
      0.00105050
      0.00103447
      0.00101851
      0.00100263
      0.00098681
      0.00097107
      0.00095540
      0.00093981
      0.00092428
      0.00090881
      0.00089339
      0.00087802
      0.00086271
      0.00084745
      0.00083226
      0.00081715
      0.00080213
      0.00078723
      0.00077244
      0.00075775
      0.00074314
      0.00072858
      0.00071404
      0.00069947
      0.00068487
      0.00067025
      0.00065565
      0.00064114
      0.00062679
      0.00061268
      0.00059885
      0.00058528
      0.00057191
      0.00055861
      0.00054522
      0.00053159
      0.00051761
      0.00050329
      0.00048874
      0.00047419
      0.00045994
      0.00044630
      0.00043346
      0.00042148
      0.00041017
      0.00039912
      0.00038782
      0.00037570
      0.00036238
      0.00034774
      0.00033204
      0.00031592
      0.00030028
      0.00028602
      0.00027385
      0.00026399
      0.00025605
      0.00024906
      0.00024166
      0.00023245
      0.00022035
      0.00020497
      0.00018677
      0.00016706
      0.00014771
      0.00013068
      0.00011742
      0.00010846
      0.00010317
      0.00009999
      0.00009684
      0.00009178
      0.00008354
      0.00007190
      0.00005770
      0.00004255
      0.00002834
      0.00001665
      0.00000833
      0.00000335
      0.00000098
      0.00000016
      0.00000000
