      0.00000000
     -0.30815413
     -0.54022943
     -0.64409458
     -0.67273696
     -0.65679940
     -0.61127261
     -0.54308599
     -0.45491569
     -0.34696399
     -0.21785863
     -0.06528402
      0.11322230
      0.31894358
      0.55008452
      0.80018810
      1.05871575
      1.31456315
      1.56017698
      1.79318558
      2.01531100
      2.23037537
      2.44271400
      2.65622759
      2.87384767
      3.09720884
     -2.95670409
     -2.72273996
     -2.48628785
     -2.24985605
     -2.01554105
     -1.78455341
     -1.55711418
     -1.33265500
     -1.11016127
     -0.88851951
     -0.66679171
     -0.44438728
     -0.22112732
      0.00279189
      0.22691472
      0.45068422
      0.67359586
      0.89530676
      1.11568001
      1.33476741
      1.55275055
      1.76986560
      1.98633394
      2.20231288
      2.41787276
      2.63299940
      2.84761555
      3.06161225
     -3.00830487
     -2.79585023
     -2.58425742
     -2.37353699
     -2.16366992
     -1.95462051
     -1.74634987
     -1.53882676
     -1.33203376
     -1.12596885
     -0.92064289
     -0.71607493
     -0.51228673
     -0.30929821
     -0.10712441
      0.09422561
      0.29474817
      0.49444340
      0.69331323
      0.89135948
      1.08858257
      1.28498085
      1.48055065
      1.67528668
      1.86918277
      2.06223250
      2.25442978
      2.44576916
      2.63624590
      2.82585590
      3.01459545
     -3.08072426
     -2.89373614
     -2.70762919
     -2.52240732
     -2.33807466
     -2.15463552
     -1.97209429
     -1.79045543
     -1.60972336
     -1.42990247
     -1.25099709
     -1.07301149
     -0.89594994
     -0.71981667
     -0.54461594
     -0.37035202
     -0.19702920
     -0.02465183
      0.14677574
      0.31724912
      0.48676391
      0.65531568
      0.82290001
      0.98951244
      1.15514851
      1.31980375
      1.48347365
      1.64615371
      1.80783940
      1.96852616
      2.12820941
      2.28688457
      2.44454699
      2.60119205
      2.75681506
      2.91141134
      3.06497615
     -3.06568055
     -2.91419293
     -2.76375110
     -2.61435990
     -2.46602417
     -2.31874883
     -2.17253878
     -2.02739900
     -1.88333448
     -1.74035028
     -1.59845149
     -1.45764329
     -1.31793091
     -1.17931970
     -1.04181509
     -0.90542263
     -0.77014805
     -0.63599718
     -0.50297611
     -0.37109111
     -0.24034877
     -0.11075611
      0.01767928
      0.14494898
      0.27104330
      0.39595075
      0.51965721
      0.64214495
      0.76339120
      0.88336659
      1.00203320
      1.11934248
      1.23523305
      1.34962859
      1.46243596
      1.57354371
      1.68282091
      1.79011606
      1.89525528
      1.99803863
      2.09823227
      2.19555377
      2.28964704
      2.38004323
      2.46610529
      2.54695661
      2.62139884
      2.68782988
      2.74417430
      2.78782852
      2.81559343
      2.82350975
      2.80641221
      2.75678057
      2.66166282
      2.49332691
      2.17763727
      1.53286073
      0.68472882
      0.19361723
     -0.05122135
     -0.18915505
     -0.27300172
     -0.32910688
     -0.37740763
     -0.43689257
     -0.52779897
     -0.67710812
     -0.93625769
     -1.41827006
     -2.16573129
     -2.76586905
     -3.09221854
      3.00831295
      2.89898678
      2.82983967
      2.77900567
      2.72714982
      2.65485412
      2.53976383
      2.34706663
      2.00279669
      1.38466266
      0.65972438
      0.20226891
     -0.04675282
     -0.19129117
     -0.27916434
     -0.33620835
     -0.38220024
     -0.43583028
     -0.51647299
     -0.64810989
     -0.87229065
     -1.27994064
     -1.96850660
     -2.63713027
     -3.02404871
      3.04546872
      2.91982735
      2.84332551
      2.79307582
      2.75032954
      2.69693937
      2.61383071
      2.47659371
      2.24123644
      1.81132016
      1.10509388
      0.45884388
      0.09168662
     -0.11214391
     -0.23219715
     -0.30490722
     -0.35217413
     -0.39218345
     -0.44259678
     -0.52189929
     -0.65342232
     -0.87845619
     -1.28800263
     -1.97798311
     -2.64502862
     -3.03073875
      3.03939366
      2.91446329
      2.83928424
      2.79156653
      2.75327517
      2.70705912
      2.63501932
      2.51552438
      2.31246088
      1.94685647
      1.30259485
      0.59487030
      0.16278435
     -0.07360567
     -0.21104452
     -0.29346407
     -0.34483369
     -0.38355989
     -0.42701707
     -0.49288252
     -0.60162591
     -0.78525809
     -1.11187708
     -1.70334056
     -2.43757053
     -2.92046271
      3.09989978
      2.94852264
      2.85781571
      2.80150562
      2.76042268
      2.71684175
      2.65287185
      2.54821793
      2.37221938
      2.06092381
      1.49314470
      0.75278697
      0.24711069
     -0.02805754
     -0.18595521
     -0.28080827
     -0.34023610
     -0.38407092
     -0.43053189
     -0.49803281
     -0.60768597
     -0.79205268
     -1.11993214
     -1.71357831
     -2.44706795
     -2.92742606
      3.09428819
      2.94317952
      2.85157513
      2.79266431
      2.74643942
      2.69419346
      2.61669147
      2.49063112
      2.27674301
      1.88909677
      1.21842735
      0.52965294
      0.12325707
     -0.10013321
     -0.23164479
     -0.31295451
     -0.36834125
     -0.41758645
     -0.47988104
     -0.57595030
     -0.73437168
     -1.01153759
     -1.52781709
     -2.28432099
     -2.84897830
      3.12988073
      2.95808086
      2.85479025
      2.78906138
      2.73970311
      2.68764416
      2.61348896
      2.49366849
      2.28613886
      1.88254744
      1.10176153
      0.34844426
     -0.03277882
     -0.22952609
     -0.34020326
     -0.40015516
     -0.42485798
     -0.42281524
     -0.39963963
     -0.35953658
     -0.30588112
     -0.24143321
     -0.16841742
     -0.08857300
     -0.00321550
      0.08668587
      0.18042625
      0.27749031
      0.37749200
      0.48013050
      0.58516102
      0.69237696
      0.80160001
      0.91267524
      1.02546859
      1.13986563
      1.25577030
      1.37310352
      1.49180143
      1.61181332
      1.73309952
      1.85562926
      1.97937875
      2.10432950
      2.23046690
      2.35777916
      2.48625640
      2.61589009
      2.74667261
      2.87859693
      3.01165648
     -3.13734034
     -3.00202895
     -2.86560051
     -2.72806072
     -2.58941511
     -2.44966912
     -2.30882807
     -2.16689719
     -2.02388163
     -1.87978648
     -1.73461677
     -1.58837748
     -1.44107357
     -1.29270993
     -1.14329144
     -0.99282295
     -0.84130927
     -0.68875520
     -0.53516549
     -0.38054487
     -0.22489807
     -0.06822976
      0.08945541
      0.24815279
      0.40785778
      0.56856578
      0.73027224
      0.89297262
      1.05666238
      1.22133703
      1.38699209
      1.55362309
      1.72122557
      1.88979509
      2.05932723
      2.22981758
      2.40126174
      2.57365533
      2.74699401
      2.92127344
      3.09648933
     -3.01054789
     -2.83347185
     -2.65547209
     -2.47655286
     -2.29671843
     -2.11597313
     -1.93432134
     -1.75176747
     -1.56831597
     -1.38397124
     -1.19873758
     -1.01261910
     -0.82561972
     -0.63774313
     -0.44899283
     -0.25937234
     -0.06888534
      0.12246405
      0.31467111
      0.50773039
      0.70163580
      0.89638094
      1.09195962
      1.28836657
      1.48559811
      1.68365260
      1.88253047
      2.08223355
      2.28276375
      2.48412122
      2.68630230
      2.88929792
      3.09309304
     -2.98551755
     -2.78018502
     -2.57411371
     -2.36731449
     -2.15978534
     -1.95150884
     -1.74245374
     -1.53258114
     -1.32185534
     -1.11025728
     -0.89779752
     -0.68452434
     -0.47052275
     -0.25590185
     -0.04077061
      0.17479373
      0.39077693
      0.60724936
      0.82436832
      1.04235520
      1.26144621
      1.48182297
      1.70353734
      1.92645241
      2.15022531
      2.37435149
      2.59827395
      2.82153701
      3.04394433
     -3.01751052
     -2.79586636
     -2.57337045
     -2.34890925
     -2.12146808
     -1.89047846
     -1.65616139
     -1.41972736
     -1.18327292
     -0.94930645
     -0.72003187
     -0.49666875
     -0.27904708
     -0.06553227
      0.14680722
      0.36187216
      0.58399798
      0.81700701
      1.06262155
      1.31847015
      1.57699955
      1.82710519
      2.05824816
      2.26397113
      2.44247869
      2.59505410
      2.72415991
      2.83211177
      2.92028201
      2.98846839
      3.03399479
      3.04993185
      3.02128887
      2.91742310
      2.68534738
      0.00000000
