             NaN
      0.52061370
      0.87474911
      1.18198754
      1.44849297
      1.68558545
      1.90361131
      2.11063234
      2.31273111
      2.51453150
      2.71955467
      2.93036227
     -3.13465546
     -2.90864957
     -2.67549488
     -2.43693857
     -2.19541319
     -1.95346166
     -1.71315556
     -1.47571804
     -1.24144489
     -1.00987384
     -0.78008250
     -0.55100560
     -0.32170345
     -0.09154795
      0.13968872
      0.37184473
      0.60446562
      0.83695599
      1.06874151
      1.29939719
      1.52871404
      1.75669940
      1.98352564
      2.20945167
      2.43474196
      2.65960192
      2.88414059
      3.10836330
     -2.95099518
     -2.72769470
     -2.50506182
     -2.28321463
     -2.06222674
     -1.84212117
     -1.62287741
     -1.40444711
     -1.18677265
     -0.96980364
     -0.75350797
     -0.53787610
     -0.32291911
     -0.10866246
      0.10486221
      0.31762477
      0.52960219
      0.74078112
      0.95115770
      1.16073521
      1.36952069
      1.57752152
      1.78474279
      1.99118579
      2.19684785
      2.40172296
      2.60580313
      2.80907979
      3.01154491
     -3.06999349
     -2.86916987
     -2.66917321
     -2.47000618
     -2.27167100
     -2.07416994
     -1.87750565
     -1.68168135
     -1.48670085
     -1.29256837
     -1.09928843
     -0.90686560
     -0.71530439
     -0.52460916
     -0.33478406
     -0.14583309
      0.04223986
      0.22943097
      0.41573639
      0.60115223
      0.78567451
      0.96929919
      1.15202218
      1.33383931
      1.51474641
      1.69473930
      1.87381378
      2.05196567
      2.22919078
      2.40548493
      2.58084392
      2.75526355
      2.92873958
      3.10126776
     -3.01034148
     -2.83972183
     -2.67006291
     -2.50136906
     -2.33364463
     -2.16689400
     -2.00112157
     -1.83633175
     -1.67252898
     -1.50971772
     -1.34790243
     -1.18708764
     -1.02727784
     -0.86847761
     -0.71069150
     -0.55392412
     -0.39818009
     -0.24346406
     -0.08978071
      0.06286525
      0.21446909
      0.36502604
      0.51453131
      0.66298007
      0.81036746
      0.95668858
      1.10193849
      1.24611220
      1.38920468
      1.53121083
      1.67212550
      1.81194345
      1.95065935
      2.08826776
      2.22476313
      2.36013974
      2.49439169
      2.62751280
      2.75949658
      2.89033608
      3.02002369
     -3.13463439
     -3.00727730
     -2.88110182
     -2.75612180
     -2.63235420
     -2.50982016
     -2.38854607
     -2.26856496
     -2.14991802
     -2.03265625
     -1.91684229
     -1.80255246
     -1.68987921
     -1.57893418
     -1.46985257
     -1.36279936
     -1.25797869
     -1.15564721
     -1.05613251
     -0.95985654
     -0.86736165
     -0.77933283
     -0.69660236
     -0.62011191
     -0.55079303
     -0.48931475
     -0.43565132
     -0.38846718
     -0.34441467
     -0.29753395
     -0.23885793
     -0.15583865
     -0.03019336
      0.16908275
      0.50199737
      1.04853814
      1.69328494
      2.15242728
      2.42225015
      2.58433523
      2.68606557
      2.75500673
      2.81248509
      2.87868160
      2.97496411
      3.12925309
     -2.89063047
     -2.41424550
     -1.69808741
     -1.11309935
     -0.78446735
     -0.59789394
     -0.48555251
     -0.41426349
     -0.36192507
     -0.30899375
     -0.23585657
     -0.11997805
      0.07354015
      0.41806547
      1.03237750
      1.75099384
      2.20751312
      2.45720256
      2.60235006
      2.69062452
      2.74791130
      2.79405097
      2.84779699
      2.92858387
      3.06044106
     -2.99829254
     -2.59088371
     -1.90502892
     -1.23887677
     -0.85209604
     -0.63816764
     -0.51234604
     -0.43576793
     -0.38551228
     -0.34278759
     -0.28940155
     -0.20623849
     -0.06885977
      0.16668401
      0.59627365
      1.30005324
      1.94443846
      2.31152835
      2.51554767
      2.63571248
      2.70844527
      2.75567611
      2.79562971
      2.84600958
      2.92533864
      3.05697482
     -3.00100729
     -2.59168745
     -1.90386444
     -1.23876593
     -0.85319017
     -0.63996728
     -0.51493451
     -0.43974022
     -0.39206737
     -0.35384381
     -0.30767751
     -0.23563175
     -0.11604699
      0.08717965
      0.45271695
      1.09526591
      1.80071122
      2.23247706
      2.46902650
      2.60658011
      2.68902658
      2.74035865
      2.77901840
      2.82242078
      2.88828165
      2.99710116
     -3.10229214
     -2.77563270
     -2.18546865
     -1.45379354
     -0.97148019
     -0.70851221
     -0.55699924
     -0.46624423
     -0.40995393
     -0.36892354
     -0.32538720
     -0.26141410
     -0.15667646
      0.01949469
      0.33087566
      0.89748226
      1.63509945
      2.14003551
      2.41535155
      2.57341133
      2.66833961
      2.72777628
      2.77159156
      2.81804803
      2.88560220
      2.99540275
     -3.10316964
     -2.77520220
     -2.18317609
     -1.45286322
     -0.97318112
     -0.71147574
     -0.56012722
     -0.46836232
     -0.40933112
     -0.36296904
     -0.31050771
     -0.23264983
     -0.10603608
      0.10855593
      0.49608117
      1.16182955
      1.84520713
      2.25128738
      2.47547280
      2.60778779
      2.68992023
      2.74631996
      2.79696202
      2.86124097
      2.96011435
      3.12231792
     -2.88022768
     -2.37196041
     -1.64810467
     -1.09579032
     -0.78827168
     -0.61146381
     -0.50289076
     -0.43080785
     -0.37289895
     -0.30890746
     -0.21809688
     -0.07544657
      0.15911542
      0.55900347
      1.17188077
      1.77092514
      2.15458086
      2.38214791
      2.52380129
      2.61628882
      2.68030311
      2.72960709
      2.77404831
      2.82035908
      2.87253106
      2.93236110
      3.00014852
      3.07534904
     -3.12612554
     -3.03886875
     -2.94694117
     -2.85107372
     -2.75184920
     -2.64972165
     -2.54504256
     -2.43808556
     -2.32906658
     -2.21815880
     -2.10550315
     -1.99121553
     -1.87539162
     -1.75811039
     -1.63943665
     -1.51942324
     -1.39811289
     -1.27553989
     -1.15173164
     -1.02671006
     -0.90049270
     -0.77309383
     -0.64452523
     -0.51479683
     -0.38391725
     -0.25189417
     -0.11873457
      0.01555503
      0.15096847
      0.28749985
      0.42514346
      0.56389376
      0.70374534
      0.84469287
      0.98673113
      1.12985498
      1.27405935
      1.41933920
      1.56568959
      1.71310557
      1.86158228
      2.01111486
      2.16169850
      2.31332842
      2.46599988
      2.61970815
      2.77444854
      2.93021638
      3.08700704
     -3.03836940
     -2.87954691
     -2.71971537
     -2.55887930
     -2.39704322
     -2.23421162
     -2.07038897
     -1.90557972
     -1.73978828
     -1.57301907
     -1.40527647
     -1.23656485
     -1.06688856
     -0.89625192
     -0.72465925
     -0.55211482
     -0.37862292
     -0.20418777
     -0.02881360
      0.14749538
      0.32473500
      0.50290107
      0.68198942
      0.86199585
      1.04291620
      1.22474628
      1.40748192
      1.59111897
      1.77565334
      1.96108098
      2.14739794
      2.33460032
      2.52268429
      2.71164602
      2.90148163
      3.09218713
     -2.99942695
     -2.80699433
     -2.61370482
     -2.41956301
     -2.22457339
     -2.02874021
     -1.83206724
     -1.63455771
     -1.43621428
     -1.23703919
     -1.03703467
     -0.83620339
     -0.63454900
     -0.43207660
     -0.22879284
     -0.02470574
      0.18017612
      0.38584474
      0.59229415
      0.79952164
      1.00752852
      1.21631989
      1.42590312
      1.63628527
      1.84746961
      2.05945229
      2.27221998
      2.48574964
      2.70001114
      2.91497283
      3.13060927
     -2.93627595
     -2.71930267
     -2.50162409
     -2.28318981
     -2.06394221
     -1.84383292
     -1.62284143
     -1.40099073
     -1.17835445
     -0.95505065
     -0.73122062
     -0.50699482
     -0.28245318
     -0.05759040
      0.16770257
      0.39363113
      0.62045976
      0.84844741
      1.07776646
      1.30842428
      1.54021191
      1.77270434
      2.00532723
      2.23748519
      2.46872369
      2.69888089
      2.92818457
     -3.12592248
     -2.89612994
     -2.66455781
     -2.43028365
     -2.19284515
     -1.95253804
     -1.71058543
     -1.46905891
     -1.23050144
     -0.99734563
     -0.77133872
     -0.55317027
     -0.34236199
     -0.13733832
      0.06446237
      0.26656128
      0.47358231
      0.69160804
      0.92870029
      1.19520545
      1.50244362
      1.85657889
      0.00000000
