      0.00000000
      0.00000000
      0.00000000
      0.00000000
      0.00000000
      0.00000000
      0.00000000
      0.00000000
      0.00000000
      0.00000000
      0.00000000
      0.00000000
      0.00000000
      0.00000000
      0.00000000
      0.00000000
      0.00000000
      0.00000000
      0.00000000
      0.00000000
      0.00000000
      0.00000000
      0.00000000
      0.00000000
      0.00000000
      0.00000000
      0.00000000
      0.00000000
      0.00000000
      0.00000000
      0.00000000
      0.00000000
      0.00000000
      0.00000000
      0.00000000
      0.00000000
      0.00000000
      0.00000000
      0.00000000
      0.00000000
      0.00000000
      0.00000000
      0.00000000
      0.00000000
      0.00000000
      0.00000000
      0.00000000
      0.00000000
      0.00000000
      0.00000000
      0.00000000
      0.00000000
      0.00000000
      0.00000000
      0.00000000
      0.00000000
      0.00000000
      0.00000000
      0.00000000
      0.00000000
      0.00000000
      0.00000000
      0.00000000
      0.00000000
      0.00000000
      0.00000000
      0.00000000
      0.00000000
      0.00000000
      0.00000000
      0.00000000
      0.00000000
      0.00000000
      0.00000000
      0.00000000
      0.00000000
      0.00000000
      0.00000000
      0.00000000
      0.00000000
      0.00000000
      0.00000000
      0.00000000
      0.00000000
      0.00000000
      0.00000000
      0.00000000
      0.00000000
      0.00000000
      0.00000000
      0.00000000
      0.00000000
      0.00000000
      0.00000000
      0.00000000
      0.00000000
      0.00000000
      0.00000000
      0.00000000
      0.00000000
      0.00000000
      0.00000000
      0.00000000
      0.00000000
      0.00000000
      0.00000000
      0.00000000
      0.00000000
      0.00000000
      0.00000000
      0.00000000
      0.00000000
      0.00000000
      0.00000000
      0.00000000
      0.00000000
      0.00000000
      0.00000000
      0.00000000
      0.00000000
      0.00000000
      0.00000000
      0.00000000
      0.00000000
      0.00000000
      0.00000000
      0.00000000
      0.00000000
      0.00000000
      0.00000000
      0.00000000
      0.00000000
      0.00000000
      0.00000000
      0.00000000
      0.00000000
      0.00000000
      0.00000000
      0.00000000
      0.00000000
      0.00000000
      0.00000000
      0.00000000
      0.00000000
      0.00000000
      0.00000000
      0.00000000
      0.00000000
      0.00000000
      0.00000000
      0.00000000
      0.00000000
      0.00000000
      0.00000000
      0.00000000
      0.00000000
      0.00000000
      0.00000000
      0.00000000
      0.00000003
      0.00000015
      0.00000062
      0.00000212
      0.00000587
      0.00001384
      0.00003149
      0.00007700
      0.00018663
      0.00038891
      0.00066605
      0.00096847
      0.00125815
      0.00151352
      0.00170387
      0.00178065
      0.00174963
      0.00180427
      0.00213327
      0.00256939
      0.00291647
      0.00317069
      0.00338248
      0.00355670
      0.00363516
      0.00356237
      0.00349440
      0.00375258
      0.00421662
      0.00458231
      0.00481969
      0.00500531
      0.00516975
      0.00526753
      0.00521067
      0.00505614
      0.00516916
      0.00561245
      0.00601196
      0.00625273
      0.00641771
      0.00656524
      0.00667500
      0.00665692
      0.00647342
      0.00641659
      0.00677074
      0.00720576
      0.00747197
      0.00762668
      0.00775412
      0.00786319
      0.00788175
      0.00772046
      0.00753645
      0.00773904
      0.00818651
      0.00850526
      0.00867903
      0.00880206
      0.00890065
      0.00891489
      0.00875809
      0.00855425
      0.00870329
      0.00914362
      0.00949830
      0.00970395
      0.00982807
      0.00987967
      0.00979857
      0.00957153
      0.00946050
      0.00974169
      0.01016281
      0.01045543
      0.01061168
      0.01066642
      0.01059788
      0.01037502
      0.01014527
      0.01024095
      0.01061795
      0.01094959
      0.01113059
      0.01118776
      0.01112261
      0.01090520
      0.01061167
      0.01054942
      0.01083869
      0.01117976
      0.01138049
      0.01144270
      0.01138220
      0.01117529
      0.01084918
      0.01065476
      0.01083024
      0.01115785
      0.01137374
      0.01144173
      0.01138654
      0.01119463
      0.01085905
      0.01055669
      0.01059611
      0.01088587
      0.01111178
      0.01118487
      0.01113418
      0.01096121
      0.01063780
      0.01025515
      0.01013552
      0.01035462
      0.01058464
      0.01066168
      0.01061279
      0.01046296
      0.01017959
      0.00976160
      0.00946057
      0.00955170
      0.00978238
      0.00987312
      0.00982708
      0.00970667
      0.00950788
      0.00916359
      0.00871972
      0.00854317
      0.00873685
      0.00890402
      0.00889813
      0.00880212
      0.00868048
      0.00851239
      0.00820521
      0.00775815
      0.00752781
      0.00769813
      0.00786994
      0.00786071
      0.00775434
      0.00762729
      0.00747586
      0.00721930
      0.00679168
      0.00641905
      0.00645314
      0.00664129
      0.00667020
      0.00656508
      0.00641829
      0.00625498
      0.00602093
      0.00563063
      0.00517991
      0.00504254
      0.00519310
      0.00525991
      0.00516861
      0.00500593
      0.00482134
      0.00458823
      0.00423033
      0.00376585
      0.00348887
      0.00354635
      0.00362549
      0.00355421
      0.00338298
      0.00317238
      0.00292068
      0.00257842
      0.00214368
      0.00180435
      0.00173926
      0.00177178
      0.00170062
      0.00151398
      0.00126021
      0.00097112
      0.00066885
      0.00039133
      0.00018810
      0.00007750
      0.00003151
      0.00001376
      0.00000583
      0.00000211
      0.00000062
      0.00000015
      0.00000003
      0.00000000
      0.00000000
      0.00000000
      0.00000000
      0.00000000
      0.00000000
      0.00000000
      0.00000000
      0.00000000
      0.00000000
      0.00000000
      0.00000000
      0.00000000
      0.00000000
      0.00000000
      0.00000000
      0.00000000
      0.00000000
      0.00000000
      0.00000000
      0.00000000
      0.00000000
      0.00000000
      0.00000000
      0.00000000
      0.00000000
      0.00000000
      0.00000000
      0.00000000
      0.00000000
      0.00000000
      0.00000000
      0.00000000
      0.00000000
      0.00000000
      0.00000000
      0.00000000
      0.00000000
      0.00000000
      0.00000000
      0.00000000
      0.00000000
      0.00000000
      0.00000000
      0.00000000
      0.00000000
      0.00000000
      0.00000000
      0.00000000
      0.00000000
      0.00000000
      0.00000000
      0.00000000
      0.00000000
      0.00000000
      0.00000000
      0.00000000
      0.00000000
      0.00000000
      0.00000000
      0.00000000
      0.00000000
      0.00000000
      0.00000000
      0.00000000
      0.00000000
      0.00000000
      0.00000000
      0.00000000
      0.00000000
      0.00000000
      0.00000000
      0.00000000
      0.00000000
      0.00000000
      0.00000000
      0.00000000
      0.00000000
      0.00000000
      0.00000000
      0.00000000
      0.00000000
      0.00000000
      0.00000000
      0.00000000
      0.00000000
      0.00000000
      0.00000000
      0.00000000
      0.00000000
      0.00000000
      0.00000000
      0.00000000
      0.00000000
      0.00000000
      0.00000000
      0.00000000
      0.00000000
      0.00000000
      0.00000000
      0.00000000
      0.00000000
      0.00000000
      0.00000000
      0.00000000
      0.00000000
      0.00000000
      0.00000000
      0.00000000
      0.00000000
      0.00000000
      0.00000000
      0.00000000
      0.00000000
      0.00000000
      0.00000000
      0.00000000
      0.00000000
      0.00000000
      0.00000000
      0.00000000
      0.00000000
      0.00000000
      0.00000000
      0.00000000
      0.00000000
      0.00000000
      0.00000000
      0.00000000
      0.00000000
      0.00000000
      0.00000000
      0.00000000
      0.00000000
      0.00000000
      0.00000000
      0.00000000
      0.00000000
      0.00000000
      0.00000000
      0.00000000
      0.00000000
      0.00000000
      0.00000000
      0.00000000
      0.00000000
      0.00000000
      0.00000000
      0.00000000
      0.00000000
      0.00000000
      0.00000000
      0.00000000
      0.00000000
      0.00000000
      0.00000000
      0.00000000
      0.00000000
      0.00000000
