      0.00000000
      2.08451365
      1.69388865
      1.30326365
      0.91263864
      0.52201364
      0.13138863
     -0.25923637
     -0.64986138
     -1.04048638
     -1.43111139
     -1.82173640
     -2.21236140
     -2.60298641
     -2.99361141
      2.89894889
      2.50832388
      2.11769888
      1.72707387
      1.33644887
      0.94582386
      0.55519886
      0.16457385
     -0.22605116
     -0.61667616
     -1.00730117
     -1.39792617
     -1.78855118
     -2.17917618
     -2.56980119
     -2.96042620
      2.93213411
      2.54150910
      2.15088409
      1.76025909
      1.36963408
      0.97900908
      0.58838407
      0.19775906
     -0.19286594
     -0.58349095
     -0.97411595
     -1.36474096
     -1.75536596
     -2.14599097
     -2.53661598
     -2.92724098
      2.96531932
      2.57469431
      2.18406931
      1.79344430
      1.40281929
      1.01219429
      0.62156928
      0.23094428
     -0.15968073
     -0.55030574
     -0.94093074
     -1.33155575
     -1.72218076
     -2.11280576
     -2.50343077
     -2.89405577
      2.99850453
      2.60787952
      2.21725451
      1.82662951
      1.43600450
      1.04537950
      0.65475449
      0.26412948
     -0.12649552
     -0.51712053
     -0.90774554
     -1.29837054
     -1.68899555
     -2.07962056
     -2.47024556
     -2.86087057
      3.03168973
      2.64106473
      2.25043972
      1.85981471
      1.46918971
      1.07856470
      0.68793969
      0.29731469
     -0.09331032
     -0.48393533
     -0.87456034
     -1.26518534
     -1.65581035
     -2.04643536
     -2.43706037
     -2.82768537
      3.06487493
      2.67424992
      2.28362491
      1.89299990
      1.50237490
      1.11174989
      0.72112488
      0.33049988
     -0.06012512
     -0.45075012
     -0.84137512
     -1.23200012
     -1.62262511
     -2.01325010
     -2.40387509
     -2.79450007
      3.09806026
      2.70743529
      2.31681032
      1.92618536
      1.53556040
      1.14493544
      0.75431047
      0.36368550
     -0.02693949
     -0.41756450
     -0.80818956
     -1.19881466
     -1.58943984
     -1.98006510
     -2.37069048
     -2.76131598
      3.13124367
      2.74061785
      2.34999186
      1.95936570
      1.56873940
      1.17811299
      0.78748654
      0.39686013
      0.00623390
     -0.38439202
     -0.77501743
     -1.16564210
     -1.55626579
     -1.94688822
     -2.33750907
     -2.72812803
     -3.11874478
      2.77382632
      2.38321496
      1.99260672
      1.60200182
      1.21140047
      0.82080276
      0.43020876
      0.03961844
     -0.35096832
     -0.74155171
     -1.13213199
     -1.52270950
     -1.91328463
     -2.30385785
     -2.69442963
     -3.08500044
      2.80761488
      2.41704704
      2.02648834
      1.63596063
      1.24551412
      0.85525003
      0.46538669
      0.07644792
     -0.31028305
     -0.69230502
     -1.06684177
     -1.43353925
     -1.79623041
     -2.16162254
     -2.53541347
     -2.91762442
      2.98304594
      2.61287499
      2.26314846
      1.93258233
      1.61290443
      1.29219845
      0.95746925
      0.59837917
      0.21323309
     -0.18534271
     -0.57197846
     -0.92430967
     -1.23968145
     -1.53194600
     -1.82075679
     -2.12566151
     -2.46312733
     -2.84123950
      3.03191367
      2.61975620
      2.24296936
      1.91832441
      1.63500092
      1.36842635
      1.09229153
      0.78354359
      0.42619503
      0.01966805
     -0.41123642
     -0.82064334
     -1.17328220
     -1.46760310
     -1.72650764
     -1.98108468
     -2.26094604
     -2.58971293
     -2.97856516
      2.86892268
      2.43003007
      2.03765598
      1.71017197
      1.43293225
      1.17491015
      0.90199738
      0.58477501
      0.20571244
     -0.22889798
     -0.67987464
     -1.09539567
     -1.45142457
     -1.75856998
     -2.04609480
     -2.34787198
     -2.69299031
     -3.09559359
      2.74165117
      2.29644724
      1.89449557
      1.54614399
      1.23353511
      0.92619146
      0.59268394
      0.21049320
     -0.22108199
     -0.67127419
     -1.09473846
     -1.46774659
     -1.79775956
     -2.11058905
     -2.43735324
     -2.80449603
      3.06130906
      2.61313579
      2.17721494
      1.78635065
      1.44253007
      1.12487478
      0.80336838
      0.44928446
      0.04616957
     -0.39646028
     -0.84042747
     -1.24644678
     -1.60314642
     -1.92583138
     -2.24284363
     -2.58439241
     -2.97224765
      2.87703235
      2.42829008
      2.00823169
      1.63817423
      1.30968287
      0.99691800
      0.66876098
      0.29876351
     -0.12205223
     -0.57188529
     -1.00572543
     -1.39109449
     -1.72696538
     -2.03496457
     -2.34628965
     -2.69176845
     -3.09044535
      2.74915458
      2.30179611
      1.89586480
      1.54753523
      1.24398369
      0.95669279
      0.65182344
      0.29947551
     -0.11262635
     -0.56279575
     -0.99987808
     -1.38288111
     -1.70358453
     -1.97843124
     -2.23632650
     -2.51126415
     -2.83478877
      3.06008413
      2.62292140
      2.18548276
      1.79291780
      1.46041038
      1.17794243
      0.92244010
      0.66457075
      0.37315523
      0.02436864
     -0.38222783
     -0.81319354
     -1.22222151
     -1.58285630
     -1.89436626
     -2.17208797
     -2.43877422
     -2.72061207
     -3.04250014
      2.86670472
      2.45565010
      2.04450917
      1.66406661
      1.32422989
      1.01764072
      0.72813302
      0.43626248
      0.12230900
     -0.22810112
     -0.61341883
     -1.01209263
     -1.39846080
     -1.75912354
     -2.09514848
     -2.41658268
     -2.73638610
     -3.06657314
      2.86756248
      2.49799547
      2.11560842
      1.73299555
      1.35856188
      0.99261562
      0.62963452
      0.26290453
     -0.11153127
     -0.49345131
     -0.88013319
     -1.26906004
     -1.65892392
     -2.04919019
     -2.43963799
     -2.83016627
      3.06245998
      2.67189180
      2.28132145
      1.89075029
      1.50017816
      1.10960460
      0.71902914
      0.32845132
     -0.06212924
     -0.45271289
     -0.84329989
     -1.23389042
     -1.62448460
     -2.01508246
     -2.40568395
     -2.79628895
      3.09628804
      2.70567661
      2.31506237
      1.92444560
      1.53382663
      1.14320578
      0.75258337
      0.36195969
     -0.02866496
     -0.41929034
     -0.80991623
     -1.20054243
     -1.59116881
     -1.98179523
     -2.37242162
     -2.76304789
      3.12951128
      2.73888531
      2.34825951
      1.95763387
      1.56700838
      1.17638302
      0.78575777
      0.39513261
      0.00450752
     -0.38611752
     -0.77674252
     -1.16736750
     -1.55799245
     -1.94861740
     -2.33924235
     -2.72986730
     -3.12049225
      2.77206811
      2.38144315
      1.99081818
      1.60019322
      1.20956825
      0.81894327
      0.42831829
      0.03769331
     -0.35293168
     -0.74355667
     -1.13418166
     -1.52480665
     -1.91543164
     -2.30605663
     -2.69668162
     -3.08730662
      2.80525370
      2.41462870
      2.02400371
      1.63337871
      1.24275372
      0.85212872
      0.46150373
      0.07087874
     -0.31974626
     -0.71037125
     -1.10099625
     -1.49162124
     -1.88224623
     -2.27287123
     -2.66349622
     -3.05412121
      2.83843910
      2.44781411
      2.05718911
      1.66656412
      1.27593913
      0.88531413
      0.49468914
      0.10406415
     -0.28656085
     -0.67718584
     -1.06781084
     -1.45843583
     -1.84906082
     -2.23968582
     -2.63031081
     -3.02093580
      2.87162451
      2.48099952
      2.09037452
      1.69974953
      1.30912454
      0.91849954
      0.52787455
      0.13724955
     -0.25337544
     -0.64400043
     -1.03462543
     -1.42525042
     -1.81587542
     -2.20650041
     -2.59712540
     -2.98775040
      2.90480992
      2.51418492
      2.12355993
      1.73293493
      1.34230994
      0.95168495
      0.56105995
      0.17043496
     -0.22019004
     -0.61081503
     -1.00144002
     -1.39206502
     -1.78269001
     -2.17331501
     -2.56394000
     -2.95456499
      2.93799532
      2.54737032
      2.15674533
      1.76612034
      1.37549534
      0.98487035
      0.59424535
      0.20362036
     -0.18700463
     -0.57762963
     -0.96825462
     -1.35887962
     -1.74950461
     -2.14012961
     -2.53075460
     -2.92137960
      2.97118072
      2.58055572
      2.18993073
      1.79930573
      1.40868074
      1.01805575
      0.62743075
      0.23680576
     -0.15381924
     -0.54444423
     -0.93506923
     -1.32569422
     -1.71631922
     -2.10694421
     -2.49756921
     -2.88819420
      0.00000000
