      0.00000000
      1.91949910
      1.52807110
      1.13319834
      0.73733210
      0.34358441
     -0.04617577
     -0.43240865
     -0.81758295
     -1.20479737
     -1.59607813
     -1.99114997
     -2.38744867
     -2.78160160
      3.11168954
      2.72567413
      2.34095121
      1.95417451
      1.56306504
      1.16778416
      0.77101065
      0.37640403
     -0.01364856
     -0.39943257
     -0.78365895
     -1.16994498
     -1.56085177
     -1.95635220
     -2.35364857
     -2.74876454
     -3.13900402
      2.75864423
      2.37496593
      1.98923164
      1.59856453
      1.20283348
      0.80495935
      0.40926958
      0.01880987
     -0.36646276
     -0.74953366
     -1.13464522
     -1.52502869
     -1.92100191
     -2.31951705
     -2.71585582
     -3.10657519
      2.79162168
      2.40922700
      2.02482146
      1.63477441
      1.23854714
      0.83931756
      0.44224104
      0.05121486
     -0.33346690
     -0.71510466
     -1.09870539
     -1.48835183
     -1.88484509
     -2.28487526
     -2.68279544
     -3.07418561
      2.82465038
      2.44386516
      2.06118790
      1.67202124
      1.27525063
      0.87431771
      0.47542568
      0.08360109
     -0.30038611
     -0.68020401
     -1.06181331
     -1.45040090
     -1.84745869
     -2.24941698
     -2.64943835
     -3.04178561
      2.85780901
      2.47909809
      2.09873554
      1.71085375
      1.31350229
      0.91036945
      0.50902191
      0.11603932
     -0.26711480
     -0.64454605
     -1.02343679
     -1.41044771
     -1.80809292
     -2.21258438
     -2.61550878
     -3.00927363
      2.89124109
      2.51530681
      2.13817686
      1.75225675
      1.35432979
      0.94824899
      0.54342144
      0.14867791
     -0.23345391
     -0.60761219
     -0.98260166
     -1.36712982
     -1.76530391
     -2.17326806
     -2.58043456
     -2.97642716
      2.92522967
      2.55321434
      2.18087815
      1.79816821
      1.39982509
      0.98959618
      0.57949005
      0.18186161
     -0.19898988
     -0.56836563
     -0.93733145
     -1.31759363
     -1.71594066
     -2.12893802
     -2.54284610
     -2.94269229
      2.96039576
      2.59435651
      2.22981014
      1.85297910
      1.45497899
      1.03853828
      0.61952137
      0.21651843
     -0.16276670
     -0.52444395
     -0.88293816
     -1.25467888
     -1.65154598
     -2.07233058
     -2.49859347
     -2.90643050
      2.99823458
      2.64253052
      2.29286776
      1.92934932
      1.53557899
      1.10936692
      0.67194739
      0.25576502
     -0.12250140
     -0.46944832
     -0.80482893
     -1.15305316
     -1.53771528
     -1.96953037
     -2.42663214
     -2.86090489
      3.04122388
      2.70855216
      2.40129956
      2.09077425
      1.74358425
      1.32434277
      0.82638827
      0.32194104
     -0.09676144
     -0.41219644
     -0.65061815
     -0.84132340
     -1.01101243
     -1.18796715
     -1.40607834
     -1.70885800
     -2.14631898
     -2.71650990
      3.01245486
      2.60476889
      2.32970858
      2.13231410
      1.96126188
      1.76884921
      1.50580616
      1.11962955
      0.58682047
      0.01085260
     -0.44614080
     -0.75752061
     -0.97188076
     -1.14267724
     -1.31904129
     -1.55008291
     -1.88850900
     -2.37464927
     -2.95495743
      2.82212348
      2.46616320
      2.22612485
      2.04785866
      1.88106307
      1.67714488
      1.38437088
      0.95319796
      0.39130758
     -0.15816102
     -0.56756878
     -0.84335824
     -1.03788009
     -1.20322507
     -1.38812214
     -1.64290033
     -2.02003222
     -2.54286938
     -3.11623989
      2.70220200
      2.38047617
      2.15554720
      1.97192832
      1.77827793
      1.52422684
      1.15899774
      0.65622060
      0.09176859
     -0.38534367
     -0.73098543
     -0.98717169
     -1.20959005
     -1.44997366
     -1.75806230
     -2.17732585
     -2.70380412
      3.05131117
      2.62696207
      2.30795449
      2.04781141
      1.79618668
      1.50502110
      1.12867249
      0.64574713
      0.11515176
     -0.35008167
     -0.71073959
     -0.99810267
     -1.25943208
     -1.54145485
     -1.88994530
     -2.33793351
     -2.85905332
      2.93306470
      2.53972511
      2.23022720
      1.96104837
      1.68619887
      1.35994926
      0.94264817
      0.43645595
     -0.07303625
     -0.49634335
     -0.82700168
     -1.10359982
     -1.37183281
     -1.67766554
     -2.06514488
     -2.55141507
     -3.07401175
      2.75523677
      2.40153683
      2.11688475
      1.85566727
      1.57120544
      1.21609860
      0.75692391
      0.22718329
     -0.26127040
     -0.64378529
     -0.93870343
     -1.19123585
     -1.44938896
     -1.76338365
     -2.18066379
     -2.70465013
      3.04796305
      2.62133071
      2.30776879
      2.06490825
      1.84305349
      1.59067166
      1.25215465
      0.78316940
      0.22000990
     -0.29028626
     -0.66373704
     -0.92308237
     -1.11884149
     -1.30147314
     -1.52211633
     -1.83605482
     -2.29137759
     -2.86192571
      2.89070898
      2.50434914
      2.24335741
      2.05554013
      1.89030565
      1.69895582
      1.42967056
      1.02950477
      0.48638369
     -0.08011034
     -0.52065861
     -0.82064128
     -1.02852675
     -1.19632095
     -1.37272636
     -1.60784960
     -1.95582847
     -2.45387438
     -3.03473649
      2.75393810
      2.40774555
      2.17192551
      1.99362931
      1.82354760
      1.61263384
      1.30763316
      0.85870773
      0.28560015
     -0.25357450
     -0.64751729
     -0.91580903
     -1.11086152
     -1.28221422
     -1.47759665
     -1.74813633
     -2.14903700
     -2.69846079
      3.01087510
      2.56641520
      2.25842476
      2.03713699
      1.85848354
      1.68821027
      1.49786627
      1.26076106
      0.94772922
      0.53216775
      0.02950863
     -0.46970113
     -0.89130452
     -1.24016873
     -1.55139811
     -1.85849845
     -2.19026140
     -2.56988260
     -3.00292576
      2.82320383
      2.39031884
      2.00444191
      1.65549380
      1.32003760
      0.97362780
      0.59632321
      0.18104365
     -0.25617738
     -0.68301768
     -1.07769157
     -1.44184442
     -1.79164720
     -2.14698589
     -2.52478463
     -2.93191012
      2.92523537
      2.50403481
      2.10646377
      1.73417405
      1.37551932
      1.01410697
      0.63539330
      0.23297485
     -0.18582257
     -0.60255684
     -1.00112379
     -1.37843261
     -1.74314416
     -2.10898463
     -2.48861441
     -2.88796731
      2.98151845
      2.56830614
      2.16949176
      1.78881027
      1.41968114
      1.05045744
      0.66999673
      0.27279264
     -0.13711753
     -0.54750724
     -0.94624244
     -1.32932340
     -1.70181815
     -2.07371607
     -2.45491282
     -2.85053511
      3.02566731
      2.61758153
      2.21907415
      1.83421533
      1.45907325
      1.08500583
      0.70315888
      0.30874208
     -0.09591341
     -0.50208645
     -0.90029965
     -1.28651631
     -1.66379244
     -2.03965672
     -2.42208051
     -2.81555458
      3.06486780
      2.66030673
      2.26241372
      1.87513544
      1.49610499
      1.11872703
      0.73578817
      0.34306622
     -0.05812955
     -0.46131416
     -0.85888150
     -1.24700542
     -1.62750133
     -2.00617255
     -2.38957450
     -2.78168680
      3.10162005
      2.69962427
      2.30237749
      1.91356978
      1.53183324
      1.15204384
      0.76822282
      0.37661102
     -0.02214620
     -0.42310501
     -0.82004169
     -1.20940910
     -1.59220776
     -1.97297379
     -2.35717636
     -2.74837305
      3.13701945
      2.73697291
      2.34033330
      1.95050327
      1.56678673
      1.18516034
      0.80060844
      0.40975877
      0.01280277
     -0.38643528
     -0.78279180
     -1.17300714
     -1.55752319
     -1.93991308
     -2.32478643
     -2.71534434
     -3.11156893
      2.77309935
      2.37701185
      1.98647381
      1.60125677
      1.21818506
      0.83301453
      0.44270284
      0.04712139
     -0.35074912
     -0.74658131
     -1.13739062
     -1.52322562
     -1.90690947
     -2.29235592
     -2.68245942
     -3.07747256
      2.80842465
      2.41283469
      2.02179689
      1.63541468
      1.25117871
      0.86547509
      0.47554763
      0.08103874
     -0.31572261
     -0.71108272
     -1.10231306
     -1.48918162
     -1.87391756
     -2.25986169
     -2.64964052
     -3.04370052
      2.84320152
      2.44805961
      2.05666723
      1.66936505
      1.28417481
      0.89800508
      0.50835132
      0.11469207
     -0.28115600
     -0.67609066
     -1.06762157
      0.00000000
