      0.00000000
      0.23763537
      0.62826037
      1.01888538
      1.40951038
      1.80013539
      2.19076039
      2.58138540
      2.97201040
     -2.92054990
     -2.52992489
     -2.13929989
     -1.74867488
     -1.35804988
     -0.96742487
     -0.57679987
     -0.18617486
      0.20445014
      0.59507515
      0.98570016
      1.37632516
      1.76695017
      2.15757517
      2.54820018
      2.93882518
     -2.95373512
     -2.56311011
     -2.17248511
     -1.78186010
     -1.39123509
     -1.00061009
     -0.60998508
     -0.21936008
      0.17126493
      0.56188993
      0.95251494
      1.34313995
      1.73376495
      2.12438996
      2.51501496
      2.90563997
     -2.98692033
     -2.59629533
     -2.20567032
     -1.81504531
     -1.42442031
     -1.03379530
     -0.64317030
     -0.25254529
      0.13807972
      0.52870472
      0.91932973
      1.30995473
      1.70057974
      2.09120475
      2.48182975
      2.87245476
     -3.02010554
     -2.62948054
     -2.23885553
     -1.84823052
     -1.45760552
     -1.06698051
     -0.67635550
     -0.28573050
      0.10489451
      0.49551951
      0.88614452
      1.27676953
      1.66739453
      2.05801954
      2.44864455
      2.83926955
     -3.05329075
     -2.66266574
     -2.27204074
     -1.88141573
     -1.49079072
     -1.10016572
     -0.70954071
     -0.31891570
      0.07170930
      0.46233431
      0.85295932
      1.24358432
      1.63420933
      2.02483434
      2.41545934
      2.80608435
     -3.08647595
     -2.69585094
     -2.30522593
     -1.91460093
     -1.52397592
     -1.13335091
     -0.74272590
     -0.35210089
      0.03852411
      0.42914912
      0.81977413
      1.21039913
      1.60102414
      1.99164914
      2.38227415
      2.77289915
     -3.11966116
     -2.72903616
     -2.33841117
     -1.94778618
     -1.55716120
     -1.16653621
     -0.77591124
     -0.38528627
      0.00533870
      0.39596367
      0.78658863
      1.17721359
      1.56783855
      1.95846352
      2.34908851
      2.73971353
      3.13033858
     -2.76222162
     -2.37159645
     -1.98097118
     -1.59034581
     -1.19972030
     -0.80909464
     -0.41846882
     -0.02784283
      0.36278332
      0.75340962
      1.14403603
      1.53466248
      1.92528889
      2.31591513
      2.70654104
      3.09716645
     -2.79539418
     -2.40477049
     -2.01414807
     -1.62352721
     -1.23290825
     -0.84229151
     -0.45167730
     -0.06106594
      0.32954231
      0.72014720
      1.11074856
      1.50134626
      1.89194026
      2.28253059
      2.67311734
      3.06370073
     -2.82890430
     -2.43832679
     -2.04775165
     -1.65717843
     -1.26660665
     -0.87603585
     -0.48546586
     -0.09489802
      0.29566068
      0.68618839
      1.07663490
      1.46689899
      1.85676234
      2.24570110
      2.63243207
      3.01445404
     -2.89419452
     -2.52749704
     -2.16480588
     -1.79941374
     -1.42562281
     -1.04341186
     -0.66089692
     -0.29072597
      0.05900056
      0.38956669
      0.70924459
      1.02995058
      1.36467977
      1.72376985
      2.10891593
      2.50749174
      2.89412749
     -3.03672662
     -2.72135484
     -2.42909028
     -2.14027949
     -1.83537477
     -1.49790896
     -1.11979678
     -0.70976465
     -0.29760717
      0.07917966
      0.40382461
      0.68714810
      0.95372267
      1.22985749
      1.53860543
      1.89595399
      2.30248097
      2.73338545
     -3.14039294
     -2.78775409
     -2.49343318
     -2.23452865
     -1.97995160
     -1.70009024
     -1.37132336
     -0.98247112
     -0.54677366
     -0.10788105
      0.28449305
      0.61197706
      0.88921678
      1.14723887
      1.42015164
      1.73737402
      2.11643658
      2.55104701
      3.00202366
     -2.86564061
     -2.50961172
     -2.20246630
     -1.91494149
     -1.61316430
     -1.26804597
     -0.86544269
     -0.41950215
      0.02570178
      0.42765345
      0.77600503
      1.08861391
      1.39595756
      1.72946508
      2.11165582
      2.54323102
      2.99342321
     -2.86629783
     -2.49328969
     -2.16327672
     -1.85044723
     -1.52368305
     -1.15654025
     -0.73916004
     -0.29098676
      0.14493408
      0.53579837
      0.87961896
      1.19727424
      1.51878064
      1.87286456
      2.27597945
      2.71860931
     -3.12060881
     -2.71458951
     -2.35788987
     -2.03520490
     -1.71819265
     -1.37664388
     -0.98878864
     -0.55488333
     -0.10614106
      0.31391733
      0.68397479
      1.01246615
      1.32523102
      1.65338804
      2.02338551
      2.44420125
      2.89403432
     -2.95531085
     -2.56994180
     -2.23407091
     -1.92607172
     -1.61474663
     -1.26926784
     -0.87059093
     -0.42700555
      0.02035291
      0.42628422
      0.77461379
      1.07816533
      1.36545624
      1.67032558
      2.02267351
      2.43477537
      2.88494477
     -2.96115820
     -2.57815517
     -2.25745175
     -1.98260504
     -1.72470979
     -1.44977213
     -1.12624752
     -0.73793511
     -0.30077237
      0.13666626
      0.52923122
      0.86173865
      1.14420659
      1.39970892
      1.65757827
      1.94899379
      2.29778039
      2.70437685
      3.13534257
     -2.73881478
     -2.37817999
     -2.06667003
     -1.78894832
     -1.52226207
     -1.24042422
     -0.91853615
     -0.54455570
     -0.13350108
      0.27763985
      0.65808241
      0.99791914
      1.30450830
      1.59401601
      1.88588655
      2.19984002
      2.55025014
      2.93556785
     -2.94894365
     -2.56257548
     -2.20191275
     -1.86588781
     -1.54445361
     -1.22465019
     -0.89446315
     -0.54541345
     -0.17584644
      0.20654061
      0.58915348
      0.96358714
      1.32953341
      1.69251450
      2.05924450
      2.43368030
      2.81560034
     -3.08090309
     -2.69197624
     -2.30211236
     -1.91184609
     -1.52139829
     -1.13087001
     -0.74031096
     -0.34974277
      0.04082757
      0.43139873
      0.82197086
      1.21254443
      1.60311989
      1.99369770
      2.38427826
      2.77486191
     -3.11773640
     -2.72714586
     -2.33655168
     -1.94595382
     -1.55535234
     -1.16474734
     -0.77413902
     -0.38352759
      0.00708665
      0.39770342
      0.78832239
      1.17894324
      1.56956566
      1.96018933
      2.35081398
      2.74143936
      3.13206525
     -2.76049385
     -2.36986748
     -1.97924105
     -1.58861467
     -1.19798839
     -0.80736226
     -0.41673629
     -0.02611049
      0.36451515
      0.75514064
      1.14576600
      1.53639125
      1.92701641
      2.31764150
      2.70826654
      3.09889154
     -2.79366879
     -2.40304383
     -2.01241888
     -1.62179393
     -1.23116899
     -0.84054404
     -0.44991908
     -0.05929412
      0.33133084
      0.72195581
      1.11258078
      1.50320575
      1.89383073
      2.28445572
      2.67508070
      3.06570569
     -2.82685463
     -2.43622964
     -2.04560465
     -1.65497965
     -1.26435466
     -0.87372967
     -0.48310467
     -0.09247968
      0.29814532
      0.68877031
      1.07939530
      1.47002030
      1.86064529
      2.25127029
      2.64189528
      3.03252027
     -2.86004004
     -2.46941505
     -2.07879005
     -1.68816506
     -1.29754006
     -0.90691507
     -0.51629008
     -0.12566508
      0.26495991
      0.65558490
      1.04620990
      1.43683489
      1.82745988
      2.21808488
      2.60870987
      2.99933486
     -2.89322545
     -2.50260046
     -2.11197546
     -1.72135047
     -1.33072547
     -0.94010048
     -0.54947549
     -0.15885049
      0.23177450
      0.62239949
      1.01302449
      1.40364948
      1.79427447
      2.18489947
      2.57552446
      2.96614946
     -2.92641086
     -2.53578586
     -2.14516087
     -1.75453588
     -1.36391088
     -0.97328589
     -0.58266089
     -0.19203590
      0.19858909
      0.58921409
      0.97983908
      1.37046408
      1.76108907
      2.15171406
      2.54233906
      2.93296405
     -2.95959626
     -2.56897127
     -2.17834627
     -1.78772128
     -1.39709628
     -1.00647129
     -0.61584630
     -0.22522130
      0.16540369
      0.55602869
      0.94665368
      1.33727867
      1.72790367
      2.11852866
      2.50915366
      2.89977865
     -2.99278166
     -2.60215667
     -2.21153167
     -1.82090668
     -1.43028168
     -1.03965669
     -0.64903170
     -0.25840670
      0.13221829
      0.52284329
      0.91346828
      1.30409328
      1.69471827
      2.08534327
      2.47596826
      2.86659325
     -3.02596706
     -2.63534206
     -2.24471707
     -1.85409207
     -1.46346708
     -1.07284208
      0.00000000
