      0.00000000
      0.00104271
      0.00215799
      0.00257463
      0.00267746
      0.00261230
      0.00223301
      0.00150174
      0.00147054
      0.00220831
      0.00262322
      0.00273047
      0.00273270
      0.00262568
      0.00220075
      0.00146783
      0.00154960
      0.00228905
      0.00266522
      0.00275615
      0.00275428
      0.00264124
      0.00220027
      0.00146783
      0.00159453
      0.00233406
      0.00269551
      0.00278019
      0.00277697
      0.00266233
      0.00221573
      0.00148095
      0.00162220
      0.00236382
      0.00272084
      0.00280324
      0.00279972
      0.00268548
      0.00223800
      0.00149923
      0.00164153
      0.00238653
      0.00274361
      0.00282543
      0.00282202
      0.00270902
      0.00226271
      0.00151935
      0.00165690
      0.00240578
      0.00276484
      0.00284678
      0.00284365
      0.00273216
      0.00228781
      0.00153980
      0.00167038
      0.00242322
      0.00278497
      0.00286732
      0.00286449
      0.00275456
      0.00231240
      0.00155992
      0.00168288
      0.00243957
      0.00280420
      0.00288703
      0.00288451
      0.00277607
      0.00233610
      0.00157941
      0.00169478
      0.00245514
      0.00282260
      0.00290592
      0.00290368
      0.00279665
      0.00235878
      0.00159815
      0.00170622
      0.00247004
      0.00284021
      0.00292400
      0.00292201
      0.00281629
      0.00238041
      0.00161609
      0.00171721
      0.00248430
      0.00285703
      0.00294125
      0.00293950
      0.00283500
      0.00240098
      0.00163324
      0.00172777
      0.00249791
      0.00287307
      0.00295769
      0.00295613
      0.00285277
      0.00242052
      0.00164960
      0.00173786
      0.00251087
      0.00288831
      0.00297330
      0.00297193
      0.00286963
      0.00243905
      0.00166517
      0.00174745
      0.00252316
      0.00290276
      0.00298810
      0.00298689
      0.00288558
      0.00245660
      0.00167996
      0.00175654
      0.00253475
      0.00291641
      0.00300208
      0.00300101
      0.00290063
      0.00247318
      0.00169398
      0.00176508
      0.00254564
      0.00292925
      0.00301523
      0.00301429
      0.00291479
      0.00248880
      0.00170724
      0.00177307
      0.00255581
      0.00294129
      0.00302757
      0.00302674
      0.00292807
      0.00250350
      0.00171975
      0.00178049
      0.00256525
      0.00295252
      0.00303909
      0.00303836
      0.00294047
      0.00251727
      0.00173151
      0.00178731
      0.00257395
      0.00296293
      0.00304978
      0.00304915
      0.00295199
      0.00253015
      0.00174254
      0.00179352
      0.00258187
      0.00297252
      0.00305966
      0.00305911
      0.00296267
      0.00254217
      0.00175289
      0.00179906
      0.00258899
      0.00298127
      0.00306871
      0.00306824
      0.00297251
      0.00255343
      0.00176262
      0.00180385
      0.00259522
      0.00298916
      0.00307692
      0.00307655
      0.00298158
      0.00256415
      0.00177198
      0.00180763
      0.00260031
      0.00299610
      0.00308426
      0.00308404
      0.00299008
      0.00257499
      0.00178162
      0.00180972
      0.00260362
      0.00300186
      0.00309064
      0.00309071
      0.00299848
      0.00258771
      0.00179342
      0.00180823
      0.00260327
      0.00300577
      0.00309581
      0.00309656
      0.00300812
      0.00260727
      0.00181290
      0.00179797
      0.00259386
      0.00300589
      0.00309899
      0.00310148
      0.00302241
      0.00264730
      0.00185741
      0.00176524
      0.00255882
      0.00299613
      0.00309787
      0.00310438
      0.00304800
      0.00274148
      0.00198618
      0.00168436
      0.00244318
      0.00295579
      0.00308718
      0.00310055
      0.00308131
      0.00291610
      0.00233551
      0.00164189
      0.00210523
      0.00281279
      0.00306684
      0.00310844
      0.00309975
      0.00298870
      0.00252482
      0.00173833
      0.00190957
      0.00269185
      0.00304193
      0.00311267
      0.00310931
      0.00301396
      0.00259298
      0.00179613
      0.00184068
      0.00263620
      0.00302793
      0.00311298
      0.00311283
      0.00302650
      0.00263100
      0.00183492
      0.00180208
      0.00259925
      0.00301645
      0.00311048
      0.00311343
      0.00304046
      0.00268352
      0.00189819
      0.00174825
      0.00253765
      0.00299416
      0.00310239
      0.00311042
      0.00306512
      0.00279742
      0.00207526
      0.00165267
      0.00236755
      0.00292980
      0.00308498
      0.00310220
      0.00308808
      0.00295182
      0.00242821
      0.00167733
      0.00200700
      0.00275579
      0.00305338
      0.00310707
      0.00310014
      0.00299697
      0.00255536
      0.00176226
      0.00186727
      0.00265647
      0.00302750
      0.00310514
      0.00310243
      0.00300870
      0.00259446
      0.00179807
      0.00181982
      0.00261462
      0.00301335
      0.00310098
      0.00310012
      0.00300970
      0.00260565
      0.00180988
      0.00179985
      0.00259487
      0.00300422
      0.00309585
      0.00309572
      0.00300664
      0.00260705
      0.00181228
      0.00178830
      0.00258258
      0.00299648
      0.00308990
      0.00309007
      0.00300165
      0.00260456
      0.00181088
      0.00177917
      0.00257240
      0.00298870
      0.00308314
      0.00308345
      0.00299545
      0.00260019
      0.00180771
      0.00177040
      0.00256240
      0.00298037
      0.00307556
      0.00307596
      0.00298828
      0.00259466
      0.00180348
      0.00176129
      0.00255191
      0.00297128
      0.00306715
      0.00306763
      0.00298025
      0.00258821
      0.00179849
      0.00175159
      0.00254067
      0.00296136
      0.00305791
      0.00305847
      0.00297138
      0.00258095
      0.00179282
      0.00174120
      0.00252858
      0.00295060
      0.00304785
      0.00304849
      0.00296168
      0.00257292
      0.00178652
      0.00173009
      0.00251560
      0.00293897
      0.00303695
      0.00303769
      0.00295116
      0.00256413
      0.00177962
      0.00171824
      0.00250172
      0.00292646
      0.00302523
      0.00302607
      0.00293984
      0.00255459
      0.00177213
      0.00170565
      0.00248691
      0.00291308
      0.00301268
      0.00301363
      0.00292770
      0.00254433
      0.00176407
      0.00169229
      0.00247117
      0.00289881
      0.00299929
      0.00300038
      0.00291475
      0.00253335
      0.00175545
      0.00167818
      0.00245447
      0.00288364
      0.00298506
      0.00298630
      0.00290100
      0.00252166
      0.00174630
      0.00166330
      0.00243681
      0.00286758
      0.00297000
      0.00297140
      0.00288645
      0.00250929
      0.00173663
      0.00164764
      0.00241816
      0.00285061
      0.00295410
      0.00295568
      0.00287110
      0.00249622
      0.00172645
      0.00163121
      0.00239852
      0.00283273
      0.00293736
      0.00293914
      0.00285495
      0.00248247
      0.00171577
      0.00161402
      0.00237789
      0.00281394
      0.00291978
      0.00292178
      0.00283799
      0.00246798
      0.00170454
      0.00159611
      0.00235631
      0.00279424
      0.00290137
      0.00290360
      0.00282019
      0.00245264
      0.00169260
      0.00157763
      0.00233394
      0.00277371
      0.00288214
      0.00288461
      0.00280145
      0.00243611
      0.00167956
      0.00155888
      0.00231117
      0.00275248
      0.00286215
      0.00286479
      0.00278156
      0.00241758
      0.00166441
      0.00154065
      0.00228901
      0.00273093
      0.00284150
      0.00284413
      0.00276000
      0.00239514
      0.00164481
      0.00152471
      0.00226976
      0.00270995
      0.00282048
      0.00282260
      0.00273553
      0.00236436
      0.00161557
      0.00151533
      0.00225862
      0.00269149
      0.00279969
      0.00280002
      0.00270493
      0.00231453
      0.00156575
      0.00152329
      0.00226691
      0.00267976
      0.00278045
      0.00277538
      0.00265860
      0.00221753
      0.00147595
      0.00157911
      0.00231756
      0.00268248
      0.00276459
      0.00274251
      0.00256331
      0.00200124
      0.00135030
      0.00176046
      0.00243735
      0.00270242
      0.00274615
      0.00267693
      0.00235534
      0.00163582
      0.00137300
      0.00207454
      0.00256203
      0.00267606
      0.00258340
      0.00216643
      0.00104789
      0.00000000
