             NaN
      1.58037848
      1.78433942
      1.92053588
      2.03225963
      2.17875391
      2.45056749
      3.04156238
     -2.25234071
     -1.63628343
     -1.35502065
     -1.20646077
     -1.09396850
     -0.94235415
     -0.65303948
     -0.01893765
      0.96677866
      1.53967960
      1.80273969
      1.94357767
      2.05379047
      2.20735200
      2.50416712
     -3.12739567
     -2.14594329
     -1.58918892
     -1.33283250
     -1.19492803
     -1.08568677
     -0.93159488
     -0.63234852
      0.02472602
      1.00428036
      1.55618533
      1.81055800
      1.94749934
      2.05626347
      2.21019273
      2.50953164
     -3.11654009
     -2.13740466
     -1.58547677
     -1.33105742
     -1.19422465
     -1.08571798
     -0.93224041
     -0.63379670
      0.02109087
      1.00045596
      1.55443811
      1.80975406
      1.94684262
      2.05519786
      2.20812943
      2.50532271
     -3.12601494
     -2.14620931
     -1.58942642
     -1.33289811
     -1.19541243
     -1.08715575
     -0.93477984
     -0.63891424
      0.00971669
      0.98998454
      1.54974814
      1.80756796
      1.94549242
      2.05367756
      2.20552081
      2.50009334
     -3.13759636
     -2.15691329
     -1.59422317
     -1.33513129
     -1.19676861
     -1.08864048
     -0.93729696
     -0.64394465
     -0.00141328
      0.97962045
      1.54509801
      1.80540614
      1.94419037
      2.05227004
      2.20314757
      2.49536008
      3.13511728
     -2.16674642
     -1.59864164
     -1.33718275
     -1.19799841
     -1.08996151
     -0.93951867
     -0.64836954
     -0.01120460
      0.97034986
      1.54092572
      1.80347093
      1.94303379
      2.05103219
      2.20106834
      2.49122283
      3.12596055
     -2.17548375
     -1.60258022
     -1.33900833
     -1.19908705
     -1.09112365
     -0.94146947
     -0.65224902
     -0.01979183
      0.96209743
      1.53719987
      1.80174447
      1.94200603
      2.04993752
      2.19923146
      2.48757088
      3.11787702
     -2.18330225
     -1.60611554
     -1.34064665
     -1.20006098
     -1.09215867
     -0.94320584
     -0.65570120
     -0.02743207
      0.95466500
      1.53383419
      1.80018403
      1.94107943
      2.04895506
      2.19758358
      2.48429365
      3.11062602
     -2.19039218
     -1.60933064
     -1.34213855
     -1.20094618
     -1.09309498
     -0.94477615
     -0.65882596
     -0.03434293
      0.94787723
      1.53075199
      1.79875196
      1.94023007
      2.04805874
      2.19608027
      2.48129951
      3.10400749
     -2.19691814
     -1.61229779
     -1.34351966
     -1.20176555
     -1.09395811
     -0.94622450
     -0.66171460
     -0.04072429
      0.94156447
      1.52787805
      1.79741071
      1.93943287
      2.04721895
      2.19466867
      2.47847792
      3.09777844
     -2.20309621
     -1.61511446
     -1.34483983
     -1.20255474
     -1.09479386
     -0.94763638
     -0.66454822
     -0.04697599
      0.93535329
      1.52504075
      1.79607015
      1.93861905
      2.04634079
      2.19316562
      2.47543709
      3.09107166
     -2.20976342
     -1.61817008
     -1.34630687
     -1.20347823
     -1.09583758
     -0.94947324
     -0.66831825
     -0.05529568
      0.92708351
      1.52122925
      1.79418756
      1.93735313
      2.04479288
      2.19032615
      2.46949869
      3.07794219
     -2.22284906
     -1.62424677
     -1.34941548
     -1.20573692
     -1.09883340
     -0.95517913
     -0.68043210
     -0.08216264
      0.89993243
      1.50853264
      1.78753043
      1.93226679
      2.03772062
      2.17657680
      2.44011257
      3.01245316
     -2.29189983
     -1.65673867
     -1.36649259
     -1.21879545
     -1.11699746
     -0.99061846
     -0.75609162
     -0.25192067
      0.69877854
      1.41259317
      1.73894255
      1.89853962
      1.99545656
      2.09674465
      2.27160875
      2.63494169
     -2.86471701
     -1.95789619
     -1.50627055
     -1.29387142
     -1.17682446
     -1.07702818
     -0.92529290
     -0.62250113
      0.04085457
      1.01259658
      1.55925251
      1.81179575
      1.94591321
      2.04994604
      2.19576897
      2.47898764
      3.09747895
     -2.20467035
     -1.61628734
     -1.34591869
     -1.20449653
     -1.09910501
     -0.95704504
     -0.68500282
     -0.09271740
      0.88862466
      1.50311860
      1.78462137
      1.92988107
      2.03416408
      2.16950118
      2.42498987
      2.97857107
     -2.33061743
     -1.67504125
     -1.37574126
     -1.22516548
     -1.12490974
     -1.00546627
     -0.78734018
     -0.32211005
      0.59806984
      1.36290660
      1.71579090
      1.88621828
      1.98584643
      2.08300014
      2.24478942
      2.57677584
     -2.98131252
     -2.03661770
     -1.54133703
     -1.31055452
     -1.18576498
     -1.08434175
     -0.93603152
     -0.64381021
     -0.00415461
      0.97377263
      1.54192023
      1.80366833
      1.94177427
      2.04705486
      2.19210467
      2.47210067
      3.08300748
     -2.21824490
     -1.62225476
     -1.34848144
     -1.20522747
     -1.09839291
     -0.95447596
     -0.67894020
     -0.07872687
      0.90362649
      1.51045417
      1.78894148
      1.93419774
      2.04160692
      2.18499028
      2.45856477
      3.05410576
     -2.24671493
     -1.63509701
     -1.35453293
     -1.20840580
     -1.10078301
     -0.95774046
     -0.68528102
     -0.09234510
      0.88999890
      1.50427931
      1.78598457
      1.93258215
      2.04028951
      2.18305436
      2.45468434
      3.04572030
     -2.25513716
     -1.63892750
     -1.35640645
     -1.20947716
     -1.10173044
     -0.95922489
     -0.68833571
     -0.09897618
      0.88333772
      1.50124331
      1.78447420
      1.93169043
      2.03946138
      2.18170986
      2.45187578
      3.03960798
     -2.26127959
     -1.64172879
     -1.35781381
     -1.21032113
     -1.10253025
     -0.96054293
     -0.69110965
     -0.10502192
      0.87725403
      1.49846927
      1.78307334
      1.93084501
      2.03865547
      2.18037466
      2.44905453
      3.03345247
     -2.26748707
     -1.64455795
     -1.35924661
     -1.21118789
     -1.10335668
     -0.96191434
     -0.69401470
     -0.11136686
      0.87083761
      1.49554654
      1.78159052
      1.92994727
      2.03780100
      2.17895642
      2.44604466
      3.02687128
     -2.27416488
     -1.64759800
     -1.36079074
     -1.21212285
     -1.10424448
     -0.96338745
     -0.69714569
     -0.11822131
      0.86385508
      1.49236951
      1.77997568
      1.92896973
      2.03687510
      2.17742091
      2.44277707
      3.01970807
     -2.28149499
     -1.65093148
     -1.36248561
     -1.21314834
     -1.10521333
     -0.96499304
     -0.70056574
     -0.12572987
      0.85613221
      1.48885904
      1.77819094
      1.92789069
      2.03585835
      2.17573749
      2.43918866
      3.01181735
     -2.28965735
     -1.65464018
     -1.36437025
     -1.21428646
     -1.10628246
     -0.96676090
     -0.70433590
     -0.13403401
      0.84748843
      1.48493317
      1.77619772
      1.92668929
      2.03473456
      2.17388315
      2.43523327
      3.00309065
     -2.29880104
     -1.65879103
     -1.36647479
     -1.21555063
     -1.10745641
     -0.96869041
     -0.70845139
     -0.14312795
      0.83789832
      1.48058344
      1.77399687
      1.92537618
      2.03353303
      2.17192452
      2.43105679
      2.99385180
     -2.30859276
     -1.66322351
     -1.36871047
     -1.21686488
     -1.10861834
     -0.97054728
     -0.71240964
     -0.15188219
      0.82862326
      1.47640708
      1.77190211
      1.92419074
      2.03258367
      2.17049964
      2.42801847
      2.98716767
     -2.31551414
     -1.66627916
     -1.37021968
     -1.21759977
     -1.10893776
     -0.97075148
     -0.71285580
     -0.15271403
      0.82844257
      1.47653246
      1.77203588
      1.92466769
      2.03387445
      2.17336116
      2.43407619
      3.00103393
     -2.29892274
     -1.65827964
     -1.36601802
     -1.21413562
     -1.10371239
     -0.96042864
     -0.69094042
     -0.10306238
      0.88400455
      1.50271105
      1.78575689
      1.93533869
      2.04886675
      2.20236455
      2.49599173
      3.14004737
     -2.15795502
     -1.59264930
     -1.33093162
     -1.18605128
     -1.06355782
     -0.88236068
     -0.52192997
      0.26126979
      1.18312056
      1.64029246
      1.86087464
      1.99762367
      2.13997870
      2.38089965
      2.89102797
     -2.42577200
     -1.71310652
     -1.38710267
     -1.21665449
     -1.09404535
     -0.95342552
     -0.74803995
      0.00000000
