      0.00000000
      0.00109346
      0.00213000
      0.00248465
      0.00255531
      0.00246345
      0.00215003
      0.00179123
      0.00194284
      0.00234704
      0.00255878
      0.00261340
      0.00259032
      0.00244274
      0.00208159
      0.00178926
      0.00204942
      0.00242968
      0.00259818
      0.00263375
      0.00259484
      0.00241135
      0.00202120
      0.00181397
      0.00214845
      0.00249520
      0.00262959
      0.00265122
      0.00259751
      0.00238148
      0.00197727
      0.00185472
      0.00223211
      0.00254585
      0.00265531
      0.00266703
      0.00260034
      0.00235732
      0.00195032
      0.00190023
      0.00229923
      0.00258533
      0.00267735
      0.00268207
      0.00260453
      0.00234025
      0.00193678
      0.00194385
      0.00235251
      0.00261712
      0.00269703
      0.00269677
      0.00261046
      0.00232993
      0.00193260
      0.00198287
      0.00239519
      0.00264365
      0.00271512
      0.00271127
      0.00261815
      0.00232553
      0.00193464
      0.00201658
      0.00242980
      0.00266642
      0.00273199
      0.00272561
      0.00262748
      0.00232621
      0.00194078
      0.00204499
      0.00245807
      0.00268634
      0.00274785
      0.00273978
      0.00263831
      0.00233129
      0.00194967
      0.00206837
      0.00248113
      0.00270396
      0.00276283
      0.00275376
      0.00265048
      0.00234022
      0.00196045
      0.00208705
      0.00249976
      0.00271960
      0.00277698
      0.00276750
      0.00266383
      0.00235253
      0.00197263
      0.00210137
      0.00251448
      0.00273349
      0.00279034
      0.00278097
      0.00267816
      0.00236778
      0.00198593
      0.00211174
      0.00252568
      0.00274577
      0.00280293
      0.00279410
      0.00269324
      0.00238555
      0.00200025
      0.00211853
      0.00253365
      0.00275653
      0.00281475
      0.00280683
      0.00270887
      0.00240550
      0.00201559
      0.00212211
      0.00253856
      0.00276581
      0.00282578
      0.00281910
      0.00272487
      0.00242737
      0.00203209
      0.00212277
      0.00254047
      0.00277358
      0.00283601
      0.00283086
      0.00274112
      0.00245105
      0.00205002
      0.00212071
      0.00253926
      0.00277975
      0.00284539
      0.00284206
      0.00275755
      0.00247661
      0.00206985
      0.00211599
      0.00253460
      0.00278412
      0.00285384
      0.00285266
      0.00277418
      0.00250435
      0.00209235
      0.00210857
      0.00252583
      0.00278636
      0.00286125
      0.00286262
      0.00279105
      0.00253477
      0.00211870
      0.00209843
      0.00251190
      0.00278591
      0.00286748
      0.00287187
      0.00280822
      0.00256849
      0.00215061
      0.00208575
      0.00249128
      0.00278189
      0.00287227
      0.00288032
      0.00282562
      0.00260598
      0.00219024
      0.00207153
      0.00246207
      0.00277308
      0.00287530
      0.00288785
      0.00284291
      0.00264702
      0.00223961
      0.00205833
      0.00242263
      0.00275795
      0.00287618
      0.00289436
      0.00285940
      0.00268991
      0.00229899
      0.00205080
      0.00237298
      0.00273517
      0.00287448
      0.00289982
      0.00287420
      0.00273140
      0.00236502
      0.00205423
      0.00231665
      0.00270459
      0.00286988
      0.00290420
      0.00288671
      0.00276819
      0.00243140
      0.00207098
      0.00226012
      0.00266790
      0.00286232
      0.00290740
      0.00289680
      0.00279884
      0.00249306
      0.00209921
      0.00220883
      0.00262740
      0.00285191
      0.00290919
      0.00290467
      0.00282396
      0.00254889
      0.00213609
      0.00216453
      0.00258379
      0.00283847
      0.00290933
      0.00291059
      0.00284497
      0.00260070
      0.00218097
      0.00212667
      0.00253545
      0.00282101
      0.00290756
      0.00291475
      0.00286300
      0.00265060
      0.00223526
      0.00209555
      0.00247952
      0.00279771
      0.00290347
      0.00291731
      0.00287835
      0.00269884
      0.00229972
      0.00207461
      0.00241452
      0.00276658
      0.00289660
      0.00291845
      0.00289070
      0.00274293
      0.00237074
      0.00206921
      0.00234359
      0.00272705
      0.00288654
      0.00291835
      0.00289977
      0.00277962
      0.00244039
      0.00208127
      0.00227454
      0.00268125
      0.00287327
      0.00291695
      0.00290578
      0.00280783
      0.00250220
      0.00210687
      0.00221411
      0.00263254
      0.00285716
      0.00291406
      0.00290919
      0.00282890
      0.00255512
      0.00214092
      0.00216389
      0.00258241
      0.00283838
      0.00290952
      0.00291045
      0.00284490
      0.00260154
      0.00218128
      0.00212239
      0.00252972
      0.00281628
      0.00290316
      0.00290991
      0.00285736
      0.00264409
      0.00222834
      0.00208879
      0.00247217
      0.00278955
      0.00289475
      0.00290782
      0.00286695
      0.00268356
      0.00228213
      0.00206471
      0.00240874
      0.00275691
      0.00288404
      0.00290440
      0.00287366
      0.00271845
      0.00233951
      0.00205309
      0.00234207
      0.00271840
      0.00287091
      0.00289987
      0.00287739
      0.00274645
      0.00239416
      0.00205441
      0.00227820
      0.00267630
      0.00285567
      0.00289427
      0.00287833
      0.00276651
      0.00244038
      0.00206483
      0.00222267
      0.00263413
      0.00283907
      0.00288763
      0.00287685
      0.00277934
      0.00247609
      0.00207899
      0.00217736
      0.00259463
      0.00282196
      0.00288000
      0.00287337
      0.00278645
      0.00250210
      0.00209299
      0.00214109
      0.00255887
      0.00280491
      0.00287149
      0.00286826
      0.00278928
      0.00252028
      0.00210496
      0.00211169
      0.00252673
      0.00278813
      0.00286222
      0.00286182
      0.00278892
      0.00253243
      0.00211433
      0.00208710
      0.00249761
      0.00277160
      0.00285227
      0.00285426
      0.00278612
      0.00253991
      0.00212103
      0.00206584
      0.00247089
      0.00275527
      0.00284168
      0.00284570
      0.00278135
      0.00254364
      0.00212515
      0.00204688
      0.00244612
      0.00273909
      0.00283050
      0.00283626
      0.00277489
      0.00254416
      0.00212670
      0.00202958
      0.00242307
      0.00272305
      0.00281876
      0.00282598
      0.00276691
      0.00254171
      0.00212560
      0.00201354
      0.00240172
      0.00270723
      0.00280651
      0.00281491
      0.00275748
      0.00253637
      0.00212163
      0.00199855
      0.00238223
      0.00269177
      0.00279381
      0.00280307
      0.00274659
      0.00252804
      0.00211446
      0.00198451
      0.00236487
      0.00267686
      0.00278071
      0.00279046
      0.00273419
      0.00251651
      0.00210374
      0.00197142
      0.00235001
      0.00266270
      0.00276728
      0.00277709
      0.00272021
      0.00250151
      0.00208906
      0.00195940
      0.00233807
      0.00264952
      0.00275357
      0.00276293
      0.00270448
      0.00248262
      0.00207005
      0.00194875
      0.00232948
      0.00263751
      0.00273963
      0.00274794
      0.00268680
      0.00245932
      0.00204636
      0.00193997
      0.00232472
      0.00262683
      0.00272549
      0.00273207
      0.00266681
      0.00243085
      0.00201765
      0.00193391
      0.00232434
      0.00261765
      0.00271118
      0.00271519
      0.00264399
      0.00239607
      0.00198370
      0.00193195
      0.00232899
      0.00261008
      0.00269671
      0.00269710
      0.00261742
      0.00235325
      0.00194446
      0.00193618
      0.00233951
      0.00260425
      0.00268203
      0.00267741
      0.00258560
      0.00229987
      0.00190066
      0.00194977
      0.00235674
      0.00260014
      0.00266700
      0.00265538
      0.00254611
      0.00223266
      0.00185497
      0.00197677
      0.00238105
      0.00259737
      0.00265121
      0.00262966
      0.00249544
      0.00214890
      0.00181407
      0.00202077
      0.00241105
      0.00259475
      0.00263376
      0.00259825
      0.00242989
      0.00204974
      0.00178924
      0.00208128
      0.00244257
      0.00259028
      0.00261341
      0.00255883
      0.00234717
      0.00194299
      0.00179116
      0.00214987
      0.00246338
      0.00255531
      0.00248466
      0.00213001
      0.00109347
      0.00000000
