      0.00000000
      1.49145361
      1.73880923
      1.92774473
      2.10510136
      2.33802115
      2.72068518
     -2.91989693
     -2.17198457
     -1.66835775
     -1.37486070
     -1.17853811
     -0.99378654
     -0.73879272
     -0.30968577
      0.38502166
      1.09780029
      1.54694923
      1.81150359
      1.99782340
      2.18816881
      2.46605293
      2.94081761
     -2.61134558
     -1.94164608
     -1.53649892
     -1.29406294
     -1.11440366
     -0.91752295
     -0.61795407
     -0.10278047
      0.64813264
      1.27685598
      1.64879244
      1.87514780
      2.05071320
      2.25405774
      2.57255914
      3.12065792
     -2.40371332
     -1.80888727
     -1.46098313
     -1.24592995
     -1.07268273
     -0.86351166
     -0.52932743
      0.04428534
      0.80421783
      1.37281607
      1.70355491
      1.91072384
      2.08272609
      2.29681853
      2.64352431
     -3.04686574
     -2.28895013
     -1.74001745
     -1.42152824
     -1.21989120
     -1.04856010
     -0.83054853
     -0.47420771
      0.13260961
      0.88746363
      1.42201001
      1.73181119
      1.92955325
      2.10047455
      2.32138880
      2.68475855
     -2.98179905
     -2.22994079
     -1.70551549
     -1.40171432
     -1.20668138
     -1.03609033
     -0.81326429
     -0.44522804
      0.17770305
      0.92719357
      1.44503579
      1.74496775
      1.93819803
      2.10844063
      2.33223807
      2.70279611
     -2.95414141
     -2.20614163
     -1.69186684
     -1.39403835
     -1.20187894
     -1.03204720
     -0.80814802
     -0.43700269
      0.18997142
      0.93741282
      1.45074197
      1.74798084
      1.93968909
      2.10903681
      2.33225436
      2.70226330
     -2.95549963
     -2.20775576
     -1.69306388
     -1.39508389
     -1.20328159
     -1.03448262
     -0.81263684
     -0.44528224
      0.17655704
      0.92531056
      1.44342030
      1.74333741
      1.93572886
      2.10393124
      2.32380303
      2.68716879
     -2.97961122
     -2.22934302
     -1.70595146
     -1.40299079
     -1.20954526
     -1.04196986
     -0.82460553
     -0.46642551
      0.14279310
      0.89485247
      1.42527910
      1.73235530
      1.92731204
      2.09424362
      2.30860370
      2.66046768
     -3.02245053
     -2.26857341
     -1.72935876
     -1.41705365
     -1.22010489
     -1.05382457
     -0.84297083
     -0.49857984
      0.09081272
      0.84624196
      1.39614479
      1.71494119
      1.91443404
      2.08006606
      2.28685980
      2.62248608
     -3.08444596
     -2.32812343
     -1.76529916
     -1.43844858
     -1.23571567
     -1.07070409
     -0.86861565
     -0.54328772
      0.01701186
      0.77296208
      1.35148480
      1.68846153
      1.89538420
      2.05987056
      2.25650412
      2.56968814
      3.11048842
     -2.41938180
     -1.82166196
     -1.47170799
     -1.25923262
     -1.09501491
     -0.90463174
     -0.60570366
     -0.08869650
      0.65813376
      1.27924695
      1.64609760
      1.86610547
      2.03064410
      2.21413311
      2.49672256
      2.98531905
     -2.56353810
     -1.91473683
     -1.52587691
     -1.29557532
     -1.12956464
     -0.95308532
     -0.68823167
     -0.23182104
      0.48200034
      1.16125199
      1.57795808
      1.82197069
      1.99127120
      2.16153987
      2.40873949
      2.83165658
     -2.76627719
     -2.05764322
     -1.60797491
     -1.34688503
     -1.17214488
     -1.00643650
     -0.77516489
     -0.38392039
      0.26753023
      0.99982194
      1.48516975
      1.76568816
      1.94765748
      2.11063959
      2.32846247
      2.69164155
     -2.97546487
     -2.22787057
     -1.70662636
     -1.40551209
     -1.21521046
     -1.05355976
     -0.84708318
     -0.50865718
      0.07217885
      0.82657310
      1.38311129
      1.70573904
      1.90517839
      2.06640615
      2.26277865
      2.57831994
      3.12346865
     -2.40670923
     -1.81456578
     -1.46850510
     -1.25871433
     -1.09710114
     -0.91024109
     -0.61708446
     -0.10942105
      0.63320273
      1.26253368
      1.63576842
      1.85811983
      2.02135616
      2.19930650
      2.47021999
      2.93834356
     -2.62315219
     -1.95549443
     -1.54973653
     -1.31152561
     -1.14463731
     -0.97421041
     -0.72432437
     -0.29566628
      0.39482202
      1.09815658
      1.54153676
      1.79913521
      1.97218322
      2.13740540
      2.36918127
      2.76195700
     -2.86804671
     -2.13713045
     -1.65387693
     -1.37459715
     -1.19337681
     -1.03093876
     -0.81365918
     -0.45123951
      0.16383740
      0.91154071
      1.43362590
      1.73522866
      1.92563196
      2.08700039
      2.29271136
      2.62964066
     -3.07490823
     -2.32039965
     -1.76169592
     -1.43766966
     -1.23758841
     -1.07627917
     -0.88035399
     -0.56590967
     -0.02252439
      0.73028550
      1.32428519
      1.67166492
      1.88219624
      2.04422839
      2.23134182
      2.52470819
      3.03267549
     -2.50759131
     -1.87833541
     -1.50515095
     -1.28260385
     -1.11879174
     -0.93965466
     -0.66651027
     -0.19450012
      0.52992991
      1.19424984
      1.59685395
      1.83375200
      2.00093594
      2.17343987
      2.42790402
      2.86497131
     -2.71996743
     -2.02338477
     -1.58817988
     -1.33459432
     -1.16218525
     -0.99432213
     -0.75573297
     -0.34987954
      0.31810503
      1.04042200
      1.50893197
      1.78036646
      1.95938187
      2.12469753
      2.35090619
      2.73113528
     -2.91374031
     -2.17404076
     -1.67461517
     -1.38587357
     -1.19982260
     -1.03547898
     -0.81843677
     -0.45816310
      0.15404881
      0.90376878
      1.42984937
      1.73415295
      1.92687607
      2.09116225
      2.30149396
      2.64647964
     -3.04622563
     -2.29164308
     -1.74347987
     -1.42575663
     -1.22709349
     -1.06242583
     -0.85708538
     -0.52390936
      0.04877912
      0.80504266
      1.37127770
      1.70040316
      1.90421925
      2.06944834
      2.27097663
      2.59485154
     -3.13025286
     -2.37414896
     -1.79306901
     -1.45424702
     -1.24598174
     -1.08012930
     -0.88158411
     -0.56518015
     -0.01919995
      0.73572307
      1.32910476
      1.67622120
      1.88834142
      2.05483303
      2.25101393
      2.56134610
      3.09725532
     -2.43270834
     -1.82908424
     -1.47486030
     -1.25939538
     -1.09226467
     -0.89794499
     -0.59253063
     -0.06493555
      0.68640012
      1.29848952
      1.65873956
      1.87707923
      2.04484162
      2.23774982
      2.53928907
      3.06022665
     -2.47343048
     -1.85454136
     -1.48934550
     -1.26860660
     -1.10022907
     -0.90829514
     -0.60960457
     -0.09363363
      0.65440127
      1.27840271
      1.64737757
      1.86999462
      2.03895631
      2.23036769
      2.52728663
      3.04011530
     -2.49599321
     -1.86868798
     -1.49725244
     -1.27335347
     -1.10385704
     -0.91248248
     -0.61615891
     -0.10444324
      0.64240715
      1.27101297
      1.64339941
      1.86789247
      2.03785667
      2.22973221
      2.52677640
      3.03966834
     -2.49601385
     -1.86836483
     -1.49674569
     -1.27244069
     -1.10208422
     -0.90909459
     -0.60982882
     -0.09315632
      0.65594282
      1.28006264
      1.64898691
      1.87223641
      2.04292093
      2.23775005
      2.54099003
      3.06443954
     -2.46717074
     -1.84954822
     -1.48545239
     -1.26419424
     -1.09320065
     -0.89563215
     -0.58630150
     -0.05255940
      0.70211512
      1.30975429
      1.66667549
      1.88495874
      2.05634126
      2.25782835
      2.57592184
      3.12419641
     -2.40115847
     -1.80769069
     -1.46052970
     -1.24622815
     -1.07419399
     -0.86715806
     -0.53675672
      0.03130363
      0.79123433
      1.36539508
      1.69993173
      1.90926008
      2.08252180
      2.29745311
      2.64506258
     -3.04373614
     -2.28485015
     -1.73630569
     -1.41753388
     -1.21407359
     -1.03850819
     -0.81226700
     -0.44059255
      0.18777968
      0.93882828
      1.45435921
      1.75413203
      1.95109555
      2.13074481
      2.37307626
      2.77799555
     -2.83574509
     -2.10454576
     -1.62951087
     -1.35148091
     -1.16107913
     -0.97477250
     -0.71030337
     -0.26133079
      0.45130541
      1.14618480
      1.57546844
      1.83055408
      2.01534100
      2.21165573
      2.50510116
      3.00862740
     -2.52668611
     -1.88397259
     -1.50122235
     -1.26825659
     -1.09087691
     -0.90193133
     -0.65457257
      0.00000000
