      0.00000000
     -0.65442759
     -0.90178322
     -1.09071873
     -1.26807536
     -1.50099516
     -1.88365921
     -2.52626246
      3.00901040
      2.50538354
      2.21188646
      2.01556385
      1.83081225
      1.57581840
      1.14671140
      0.45200380
     -0.26077500
     -0.70992400
     -0.97447841
     -1.16079827
     -1.35114373
     -1.62902791
     -2.10379269
     -2.83481508
      2.77867050
      2.37352326
      2.13108721
      1.95142785
      1.75454707
      1.45497811
      0.93980436
      0.18889086
     -0.43983274
     -0.81176931
     -1.03812476
     -1.21369026
     -1.41703490
     -1.73553640
     -2.28363540
     -3.04244997
      2.64590901
      2.29800474
      2.08295145
      1.90970411
      1.70053292
      1.36634856
      0.79273549
      0.03280241
     -0.53579614
     -0.86653512
     -1.07370418
     -1.24570657
     -1.45979915
     -1.80650509
     -2.39930073
      3.12596830
      2.57703529
      2.25854593
      2.05690872
      1.88557746
      1.66756573
      1.31122473
      0.70440695
     -0.05044781
     -0.58499455
     -0.89479590
     -1.09253814
     -1.26345964
     -1.48437407
     -1.84774403
     -2.46437225
      3.06695398
      2.54252830
      2.23872694
      2.04369379
      1.87310253
      1.65027628
      1.28223980
      0.65930813
     -0.09018328
     -0.60802589
     -0.90795808
     -1.10118857
     -1.27143142
     -1.49522908
     -1.86578738
     -2.49203580
      3.04314877
      2.52887356
      2.23104483
      2.03888517
      1.86905316
      1.64515374
      1.27400814
      0.64703334
     -0.10040908
     -0.61373868
     -0.91097781
     -1.10268633
     -1.27203433
     -1.49525214
     -1.86526138
     -2.49068449
      3.04475587
      2.53006350
      2.23208324
      2.04028065
      1.87148138
      1.64963531
      1.28228040
      0.66044035
     -0.08831431
     -0.60642458
     -0.90634198
     -1.09873374
     -1.26693644
     -1.48680853
     -1.85017462
     -2.46658071
      3.06633519
      2.54294307
      2.23998208
      2.04653623
      1.87896049
      1.66159584
      1.30341547
      0.69419606
     -0.05786458
     -0.58829182
     -0.89536835
     -1.09032543
     -1.25725737
     -1.47161779
     -1.82348213
     -2.42375004
      3.10555682
      2.56634151
      2.25403606
      2.05708694
      1.89080624
      1.67995215
      1.33556079
      0.74616742
     -0.00926320
     -0.55916674
     -0.87796351
     -1.07745673
     -1.24308915
     -1.44988326
     -1.78550991
     -2.36176398
     -3.11808795
      2.60227232
      2.27542136
      2.07268806
      1.90767607
      1.70558725
      1.38025893
      0.81995857
      0.06400688
     -0.51451668
     -0.85149382
     -1.05841688
     -1.22290367
     -1.41953764
     -1.73272205
     -2.27352308
     -3.02683967
      2.65862488
      2.30867049
      2.09619472
      1.93197657
      1.74159297
      1.44266449
      0.92565663
      0.17882486
     -0.44228935
     -0.80914045
     -1.02914874
     -1.19368782
     -1.37717726
     -1.65976712
     -2.14836427
     -2.88269391
      2.75168899
      2.36282858
      2.13252657
      1.96651542
      1.79003565
      1.52518158
      1.06877035
      0.35494756
     -0.32430538
     -0.74101200
     -0.98502504
     -1.15432601
     -1.32459516
     -1.57179521
     -1.99471285
     -2.67996571
      2.89458421
      2.44491529
      2.18382498
      2.00908436
      1.84337550
      1.61210344
      1.22085843
      0.56940660
     -0.16288666
     -0.64823515
     -0.92875400
     -1.11072380
     -1.27370640
     -1.49152974
     -1.85470931
     -2.47078928
      3.06480009
      2.54355509
      2.24244037
      2.05213826
      1.89048706
      1.68401002
      1.34558355
      0.76474654
      0.01035061
     -0.54618849
     -0.86881670
     -1.06825652
     -1.22948480
     -1.42585777
     -1.74139953
     -2.28654911
     -3.03955822
      2.65148260
      2.30542144
      2.09563020
      1.93401649
      1.74715596
      1.45399887
      0.94633469
      0.20370926
     -0.42562286
     -0.79885812
     -1.02120999
     -1.18444683
     -1.36239768
     -1.63331162
     -2.10143587
     -2.82312699
      2.79239924
      2.38664078
      2.14842939
      1.98154058
      1.81111318
      1.56122667
      1.13256798
      0.44207826
     -0.26125777
     -0.70463858
     -0.96223750
     -1.13528601
     -1.30050871
     -1.53228504
     -1.92506131
     -2.57824418
      2.97402327
      2.49076903
      2.21148879
      2.03026796
      1.86782939
      1.65054933
      1.28812916
      0.67305114
     -0.07465385
     -0.59673985
     -0.89834308
     -1.08874687
     -1.25011582
     -1.45582726
     -1.79275704
     -2.37139444
     -3.12590473
      2.59857593
      2.27454920
      2.07446747
      1.91315772
      1.71723206
      1.40278728
      0.85940113
      0.10658955
     -0.48741117
     -0.83479138
     -1.04532316
     -1.20735582
     -1.39446974
     -1.68783656
     -2.19580462
     -2.93872475
      2.71520351
      2.34201855
      2.11947099
      1.95565839
      1.77652082
      1.50337599
      1.03136517
      0.30693361
     -0.35738758
     -0.75999222
     -0.99689072
     -1.16407515
     -1.33657956
     -1.59104415
     -2.02811203
     -2.72635998
      2.86024128
      2.42503581
      2.17144982
      1.99904027
      1.83117667
      1.59258709
      1.18673313
      0.51874730
     -0.20357114
     -0.67208174
     -0.94351666
     -1.12253253
     -1.28784866
     -1.51405774
     -1.89428732
     -2.53259815
      3.01088608
      2.51145979
      2.22271779
      2.03666637
      1.87232229
      1.65527966
      1.29500554
      0.68279262
     -0.06692889
     -0.59301022
     -0.89731421
     -1.09003776
     -1.25432439
     -1.46465651
     -1.80964262
     -2.40012357
      3.12847766
      2.58031366
      2.26259002
      2.06392647
      1.89925838
      1.69391752
      1.36074110
      0.78805178
      0.03178674
     -0.53444912
     -0.86357498
     -1.06739146
     -1.23262097
     -1.43414965
     -1.75802495
     -2.31610663
     -3.07221199
      2.62989254
      2.29107015
      2.08280450
      1.91695165
      1.71840608
      1.40200176
      0.85602084
      0.10109641
     -0.49228612
     -0.83940295
     -1.05152353
     -1.21801552
     -1.41419678
     -1.72452930
     -2.26043919
     -3.01366220
      2.66589816
      2.31167386
      2.09620860
      1.92907752
      1.73475748
      1.42934280
      0.90174709
      0.15041013
     -0.46168010
     -0.82193050
     -1.04027049
     -1.20803324
     -1.40094177
     -1.70248134
     -2.22341949
     -2.97294891
      2.69134647
      2.32615026
      2.10541105
      1.93703319
      1.74509895
      1.44640808
      0.93043660
      0.18240053
     -0.44160169
     -0.81057688
     -1.03319422
     -1.20215623
     -1.39356790
     -1.69048712
     -2.20331629
     -2.95039420
      2.70548513
      2.33404928
      2.11015005
      1.94065332
      1.74927848
      1.45295466
      0.94123851
      0.19438709
     -0.43421945
     -0.80660618
     -1.03109948
     -1.20106395
     -1.39293975
     -1.68998418
     -2.20287657
     -2.95038066
      2.70515497
      2.33353556
      2.10923033
      1.93887362
      1.74588375
      1.44661777
      0.92994485
      0.18084481
     -0.44327562
     -0.81220013
     -1.03544984
     -1.20613459
     -1.40096391
     -1.70420409
     -2.22765399
     -2.97922986
      2.68633240
      2.32223635
      2.10097802
      1.92998422
      1.73241553
      1.42308470
      0.88934224
      0.13466695
     -0.47297268
     -0.82989407
     -1.04817749
     -1.21956019
     -1.42104744
     -1.73914109
     -2.28741600
     -3.04524712
      2.64447001
      2.29730887
      2.08300717
      1.91097287
      1.70393679
      1.37353531
      0.80547464
      0.04554334
     -0.52861773
     -0.86315451
     -1.07248299
     -1.24574483
     -1.46067626
     -1.80828585
     -2.40267273
      3.12162608
      2.57308138
      2.25430946
      2.05084908
      1.87528357
      1.64904228
      1.27736773
      0.64899524
     -0.10205377
     -0.61758487
     -0.91735777
     -1.11432136
     -1.29397070
     -1.53630222
     -1.94122159
     -2.61066650
      2.94131919
      2.46628420
      2.18825419
      1.99785236
      1.81154567
      1.54707649
      1.09810384
      0.38546747
     -0.30941209
     -0.73869578
     -0.99378146
     -1.17856841
     -1.37488317
     -1.66832862
     -2.17185490
     -2.91972679
      2.72074494
      2.33799468
      2.10502891
      1.92764922
      1.73870365
      1.49134488
      0.00000000
