      0.00000000
      0.00001081
      0.00004681
      0.00011101
      0.00019306
      0.00027129
      0.00032465
      0.00033931
      0.00031376
      0.00027193
      0.00026513
      0.00032735
      0.00043275
      0.00053159
      0.00059654
      0.00061926
      0.00059397
      0.00052536
      0.00045952
      0.00047314
      0.00057946
      0.00070890
      0.00080454
      0.00085380
      0.00085538
      0.00080185
      0.00070608
      0.00064424
      0.00070166
      0.00084449
      0.00097647
      0.00105705
      0.00108860
      0.00106924
      0.00098849
      0.00087604
      0.00084005
      0.00094643
      0.00110772
      0.00122793
      0.00129060
      0.00130552
      0.00126499
      0.00115876
      0.00104308
      0.00104920
      0.00119687
      0.00135946
      0.00146168
      0.00150772
      0.00150712
      0.00144465
      0.00131661
      0.00121288
      0.00126893
      0.00144366
      0.00159565
      0.00167894
      0.00171059
      0.00169472
      0.00160957
      0.00146585
      0.00138873
      0.00149387
      0.00168052
      0.00181552
      0.00188147
      0.00190066
      0.00186893
      0.00176103
      0.00161012
      0.00157136
      0.00171815
      0.00190403
      0.00201978
      0.00207085
      0.00207873
      0.00203009
      0.00190052
      0.00175256
      0.00175939
      0.00193675
      0.00211285
      0.00220966
      0.00224826
      0.00224519
      0.00217841
      0.00202972
      0.00189550
      0.00195012
      0.00214602
      0.00230685
      0.00238638
      0.00241445
      0.00240016
      0.00231419
      0.00215047
      0.00204028
      0.00214027
      0.00234368
      0.00248655
      0.00255098
      0.00256989
      0.00254362
      0.00243786
      0.00226464
      0.00218721
      0.00232665
      0.00252847
      0.00265272
      0.00270425
      0.00271481
      0.00267553
      0.00255001
      0.00237406
      0.00233569
      0.00250649
      0.00269991
      0.00280616
      0.00284678
      0.00284930
      0.00279583
      0.00265140
      0.00248028
      0.00248441
      0.00267760
      0.00285800
      0.00294761
      0.00297899
      0.00297333
      0.00290450
      0.00274293
      0.00258448
      0.00263171
      0.00283844
      0.00300305
      0.00307773
      0.00310113
      0.00308682
      0.00300159
      0.00282561
      0.00268743
      0.00277573
      0.00298802
      0.00313549
      0.00319702
      0.00321335
      0.00318964
      0.00308720
      0.00290051
      0.00278947
      0.00291468
      0.00312573
      0.00325580
      0.00330591
      0.00331569
      0.00328166
      0.00316158
      0.00296879
      0.00289049
      0.00304691
      0.00325129
      0.00336445
      0.00340469
      0.00340814
      0.00336274
      0.00322508
      0.00303156
      0.00298998
      0.00317100
      0.00336464
      0.00346187
      0.00349359
      0.00349066
      0.00343278
      0.00327816
      0.00308981
      0.00308712
      0.00328582
      0.00346592
      0.00354848
      0.00357277
      0.00356314
      0.00349169
      0.00332135
      0.00314436
      0.00318091
      0.00339056
      0.00355532
      0.00362460
      0.00364232
      0.00362545
      0.00353940
      0.00335530
      0.00319586
      0.00327026
      0.00348461
      0.00363314
      0.00369054
      0.00370228
      0.00367744
      0.00357590
      0.00338074
      0.00324471
      0.00335404
      0.00356757
      0.00369965
      0.00374650
      0.00375263
      0.00371894
      0.00360126
      0.00339851
      0.00329109
      0.00343117
      0.00363921
      0.00375512
      0.00379266
      0.00379332
      0.00374978
      0.00361564
      0.00340951
      0.00333490
      0.00350060
      0.00369940
      0.00379982
      0.00382917
      0.00382427
      0.00376980
      0.00361929
      0.00341464
      0.00337581
      0.00356143
      0.00374812
      0.00383401
      0.00385610
      0.00384537
      0.00377886
      0.00361256
      0.00341474
      0.00341327
      0.00361292
      0.00378548
      0.00385792
      0.00387353
      0.00385648
      0.00377679
      0.00359588
      0.00341057
      0.00344660
      0.00365448
      0.00381160
      0.00387176
      0.00388146
      0.00385742
      0.00376349
      0.00356978
      0.00340279
      0.00347499
      0.00368568
      0.00382666
      0.00387570
      0.00387987
      0.00384800
      0.00373886
      0.00353495
      0.00339191
      0.00349761
      0.00370615
      0.00383083
      0.00386987
      0.00386868
      0.00382798
      0.00370290
      0.00349222
      0.00337827
      0.00351356
      0.00371565
      0.00382429
      0.00385438
      0.00384781
      0.00379715
      0.00365573
      0.00344250
      0.00336194
      0.00352193
      0.00371402
      0.00380722
      0.00382930
      0.00381712
      0.00375526
      0.00359754
      0.00338680
      0.00334277
      0.00352191
      0.00370119
      0.00377979
      0.00379468
      0.00377644
      0.00370209
      0.00352865
      0.00332611
      0.00332037
      0.00351275
      0.00367718
      0.00374219
      0.00375052
      0.00372556
      0.00363740
      0.00344954
      0.00326140
      0.00329418
      0.00349386
      0.00364206
      0.00369457
      0.00369677
      0.00366420
      0.00356098
      0.00336084
      0.00319357
      0.00326347
      0.00346473
      0.00359593
      0.00363705
      0.00363336
      0.00359206
      0.00347267
      0.00326341
      0.00312337
      0.00322735
      0.00342491
      0.00353892
      0.00356973
      0.00356014
      0.00350879
      0.00337246
      0.00315835
      0.00305135
      0.00318485
      0.00337408
      0.00347116
      0.00349266
      0.00347690
      0.00341401
      0.00326046
      0.00304698
      0.00297772
      0.00313494
      0.00331199
      0.00339280
      0.00340585
      0.00338339
      0.00330736
      0.00313700
      0.00293072
      0.00290236
      0.00307664
      0.00323853
      0.00330399
      0.00330929
      0.00327926
      0.00318841
      0.00300263
      0.00281108
      0.00282480
      0.00300904
      0.00315365
      0.00320487
      0.00320287
      0.00316409
      0.00305683
      0.00285824
      0.00268955
      0.00274425
      0.00293134
      0.00305739
      0.00309554
      0.00308639
      0.00303736
      0.00291234
      0.00270514
      0.00256744
      0.00265960
      0.00284284
      0.00294982
      0.00297607
      0.00295955
      0.00289845
      0.00275491
      0.00254508
      0.00244574
      0.00256951
      0.00274296
      0.00283103
      0.00284644
      0.00282195
      0.00274672
      0.00258484
      0.00238027
      0.00232489
      0.00247247
      0.00263128
      0.00270114
      0.00270656
      0.00267300
      0.00258150
      0.00240290
      0.00221323
      0.00220465
      0.00236696
      0.00250751
      0.00256027
      0.00255618
      0.00251195
      0.00240220
      0.00221054
      0.00204654
      0.00208409
      0.00225156
      0.00237153
      0.00240847
      0.00239488
      0.00233788
      0.00220850
      0.00201007
      0.00188259
      0.00196155
      0.00212498
      0.00222327
      0.00224566
      0.00222198
      0.00214971
      0.00200063
      0.00180483
      0.00172304
      0.00183478
      0.00198611
      0.00206273
      0.00207160
      0.00203651
      0.00194638
      0.00177982
      0.00159905
      0.00156830
      0.00170117
      0.00183411
      0.00188986
      0.00188573
      0.00183714
      0.00172710
      0.00154875
      0.00139734
      0.00141721
      0.00155800
      0.00166834
      0.00170444
      0.00168703
      0.00162228
      0.00149195
      0.00131211
      0.00120380
      0.00126693
      0.00140270
      0.00148830
      0.00150588
      0.00147394
      0.00139039
      0.00124287
      0.00107673
      0.00102064
      0.00111316
      0.00123293
      0.00129333
      0.00129294
      0.00124432
      0.00114086
      0.00098504
      0.00085066
      0.00084678
      0.00095070
      0.00104656
      0.00108222
      0.00106338
      0.00099602
      0.00087593
      0.00072811
      0.00064073
      0.00067715
      0.00077391
      0.00084113
      0.00085244
      0.00081403
      0.00072876
      0.00060389
      0.00048561
      0.00044871
      0.00050279
      0.00057634
      0.00061218
      0.00059888
      0.00054164
      0.00044787
      0.00034050
      0.00026727
      0.00026247
      0.00030148
      0.00033153
      0.00032290
      0.00027388
      0.00019747
      0.00011489
      0.00004889
      0.00001134
      0.00000000
