      0.00000000
     -2.47285762
     -2.11189535
     -1.80922458
     -1.55676182
     -1.33368496
     -1.11435894
     -0.86718858
     -0.54983551
     -0.11181759
      0.44497750
      0.98081799
      1.38369542
      1.67497117
      1.90890938
      2.13387133
      2.39628770
      2.74758091
     -3.05204870
     -2.48504345
     -1.99124179
     -1.63224420
     -1.36787006
     -1.14509732
     -0.91543167
     -0.62977589
     -0.23581209
      0.28919179
      0.84663429
      1.29369247
      1.61421105
      1.85723111
      2.07447728
      2.31495143
      2.62964929
      3.06755309
     -2.66338472
     -2.13183951
     -1.72905179
     -1.43978746
     -1.21202007
     -0.99486208
     -0.73854895
     -0.39106742
      0.08775755
      0.65076470
      1.14777832
      1.51161336
      1.77619610
      1.99408589
      2.21578155
      2.49188182
      2.87408815
     -2.89578930
     -2.33700157
     -1.87709037
     -1.54637936
     -1.30087928
     -1.08831668
     -0.85825900
     -0.55934836
     -0.14215001
      0.39684183
      0.93995592
      1.36381644
      1.66681705
      1.89792984
      2.10897577
      2.35053572
      2.67448282
      3.12533676
     -2.60309897
     -2.08313242
     -1.69251252
     -1.41247148
     -1.19180296
     -0.97907887
     -0.72343336
     -0.37294242
      0.10873250
      0.66939163
      1.16219939
      1.52303180
      1.78420823
      1.99776879
      2.21487234
      2.48674206
      2.86461151
     -2.91020879
     -2.35246116
     -1.88826596
     -1.55371116
     -1.30788531
     -1.09858662
     -0.87479524
     -0.58492667
     -0.17950509
      0.35040916
      0.89801120
      1.33381418
      1.64539451
      1.87889297
      2.08637832
      2.31884919
      2.62817046
      3.06063795
     -2.67688864
     -2.14488223
     -1.73625074
     -1.44463174
     -1.22083777
     -1.01303643
     -0.77015134
     -0.44022422
      0.01808756
      0.57341305
      1.08608919
      1.46931112
      1.74368621
      1.96007600
      2.17006974
      2.42489867
      2.77629847
     -3.02460806
     -2.46557623
     -1.97449137
     -1.61468024
     -1.35511179
     -1.14408972
     -0.93022676
     -0.66208610
     -0.28862453
      0.21512163
      0.77233848
      1.24072492
      1.57916923
      1.82611077
      2.03358236
      2.25283198
      2.53551862
      2.93134288
     -2.82968074
     -2.27914163
     -1.83371442
     -1.51464962
     -1.27838119
     -1.07282452
     -0.84680135
     -0.54845851
     -0.13029178
      0.40676896
      0.94655334
      1.36936064
      1.67093735
      1.89829816
      2.10342757
      2.33750239
      2.65248579
      3.09261350
     -2.64247187
     -2.11668146
     -1.71574022
     -1.42986508
     -1.20979951
     -1.00372757
     -0.76041155
     -0.42793108
      0.03338801
      0.58848062
      1.09785699
      1.47795444
      1.74980698
      1.96406346
      2.17235574
      2.42603529
      2.77674384
     -3.02509569
     -2.46707566
     -1.97579567
     -1.61536933
     -1.35597091
     -1.14614437
     -0.93442433
     -0.66930664
     -0.29976473
      0.20005061
      0.75706326
      1.22918480
      1.57117635
      1.81957980
      2.02626434
      2.24256603
      2.52016068
      2.90900104
     -2.85784731
     -2.30552736
     -1.85312461
     -1.52831932
     -1.28955108
     -1.08479614
     -0.86280046
     -0.57172505
     -0.16329484
      0.36722966
      0.91151592
      1.34404338
      1.65290175
      1.88331237
      2.08729047
      2.31605940
      2.62157681
      3.04966929
     -2.69149940
     -2.15816754
     -1.74534543
     -1.45120953
     -1.22794248
     -1.02363270
     -0.78703607
     -0.46616657
     -0.01860136
      0.53190850
      1.05183526
      1.44537962
      1.72599895
      1.94328768
      2.14900779
      2.39447272
      2.73154958
     -3.08508121
     -2.52929319
     -2.02474010
     -1.64985631
     -1.38157374
     -1.16913716
     -0.96094467
     -0.70557080
     -0.35148674
      0.13325624
      0.69098972
      1.17865714
      1.53562332
      1.79271445
      2.00139307
      2.21311553
      2.47945174
      2.85128117
     -2.93011692
     -2.37379374
     -1.90411491
     -1.56424685
     -1.31723943
     -1.11124894
     -0.89493338
     -0.61656217
     -0.22633313
      0.29097685
      0.84259921
      1.29354685
      1.61718465
      1.85518405
      2.05954159
      2.28152624
      2.57302183
      2.98217889
     -2.77010629
     -2.22632190
     -1.79452637
     -1.48621232
     -1.25616508
     -1.05238870
     -0.82364028
     -0.51792329
     -0.08949128
      0.45263998
      0.98569130
      1.39820352
      1.69213761
      1.91528248
      2.11953813
      2.35617066
      2.67720443
      3.12501865
     -2.60757070
     -2.08782830
     -1.69447663
     -1.41394452
     -1.19664736
     -0.99083098
     -0.74515719
     -0.40771795
      0.05929198
      0.61523270
      1.11945873
      1.49398146
      1.76211558
      1.97463180
      2.18312425
      2.43904825
      2.79397151
     -3.00354264
     -2.44565400
     -1.95876824
     -1.60258256
     -1.34582588
     -1.13700560
     -0.92467495
     -0.65722518
     -0.28376223
      0.21962224
      0.77587279
      1.24397001
      1.58243127
      1.82884413
      2.03507974
      2.25246962
      2.53279587
      2.92579672
     -2.83773371
     -2.28679719
     -1.83857416
     -1.51712545
     -1.28000335
     -1.07520325
     -0.85146352
     -0.55683554
     -0.14341891
      0.39048317
      0.93245750
      1.36007464
      1.66531689
      1.89423505
      2.09880171
      2.33026254
      2.64068494
      3.07518822
     -2.66251345
     -2.13298841
     -1.72636504
     -1.43642773
     -1.21457621
     -1.00897027
     -0.76832124
     -0.44055152
      0.01540074
      0.56914336
      1.08302146
      1.46858333
      1.74421020
      1.96019762
      2.16820643
      2.41962858
      2.76635311
     -3.03949227
     -2.48143051
     -1.98600916
     -1.62129631
     -1.35889966
     -1.14749572
     -0.93560707
     -0.67168248
     -0.30435589
      0.19374536
      0.75165648
      1.22626018
      1.57057333
      1.82090152
      2.02909549
      2.24647830
      2.52480282
      2.91437289
     -2.85132242
     -2.29842713
     -1.84651487
     -1.52194396
     -1.28243296
     -1.07596165
     -0.85130776
     -0.55650348
     -0.14315195
      0.39139789
      0.93420988
      1.36207507
      1.66776204
      1.89781903
      2.10419794
      2.33809172
      2.65164284
      3.09005154
     -2.64500181
     -2.11729173
     -1.71429114
     -1.42642411
     -1.20431490
     -0.99621745
     -0.75088371
     -0.41613094
      0.04812524
      0.60509907
      1.11301123
      1.49086028
      1.76218126
      1.97802573
      2.18987929
      2.44913718
      2.80772301
     -2.98535844
     -2.42553556
     -1.94154896
     -1.58864288
     -1.33238036
     -1.12090386
     -0.90297648
     -0.62696568
     -0.24179710
      0.27294402
      0.82853545
      1.28523368
      1.61386434
      1.85678800
      2.06605447
      2.29271568
      2.58870876
      3.00316237
     -2.74360439
     -2.20005285
     -1.77308587
     -1.46761487
     -1.23603272
     -1.02649066
     -0.78801589
     -0.46836528
     -0.02231048
      0.53051395
      1.05405852
      1.44988001
      1.73377071
      1.95635772
      2.16907845
      2.42297115
      2.77042595
     -3.03376190
     -2.47250684
     -1.97639108
     -1.61205984
     -1.34767729
     -1.13130131
     -0.91196892
     -0.63839336
     -0.25856794
      0.25278571
      0.81180871
      1.27432314
      1.60787880
      1.85537103
      2.06886659
      2.29890935
      2.59724602
      3.01414261
     -2.72924044
     -2.18512548
     -1.76053267
     -1.45597715
     -1.22210728
     -1.00747309
     -0.76178428
     -0.43265156
      0.02535488
      0.58477091
      1.10077063
      1.48540482
      1.76384934
      1.98817561
      2.20883145
      2.47615981
      2.84312381
     -2.93930280
     -2.37507991
     -1.89882876
     -1.55367970
     -1.29722789
     -1.07736753
     -0.84476490
     -0.54850525
     -0.13607472
      0.40356085
      0.95262721
      1.38129073
      1.69007097
      1.93007976
      2.15170845
      2.40332654
      2.73719860
     -3.08157073
     -2.51642021
     -2.00363227
     -1.62472160
     -1.34627382
     -1.11549124
     -0.88489663
     -0.60667501
     -0.22652191
      0.29059217
      0.85881215
      1.32322932
      1.66007116
      1.91843824
      2.14336122
      2.36819868
      2.61954247
      2.91899514
     -3.00695481
      0.00000000
