      0.00000000
     -2.97259512
      2.94962792
      2.64695714
      2.39449439
      2.17141752
      1.95209151
      1.70492114
      1.38756808
      0.94955015
      0.39275506
     -0.14308542
     -0.54596286
     -0.83723861
     -1.07117682
     -1.29613876
     -1.55855514
     -1.90984834
     -2.39340404
     -2.96040930
      2.82897436
      2.46997677
      2.20560263
      1.98282988
      1.75316424
      1.46750846
      1.07354465
      0.54854077
     -0.00890173
     -0.45595990
     -0.77647848
     -1.01949855
     -1.23674472
     -1.47721887
     -1.79191672
     -2.22982053
     -2.78206802
      2.96957208
      2.56678435
      2.27752002
      2.04975263
      1.83259464
      1.57628151
      1.22879999
      0.74997502
      0.18696787
     -0.31004575
     -0.67388079
     -0.93846353
     -1.15635332
     -1.37804899
     -1.65414925
     -2.03635559
     -2.54966344
     -3.10845118
      2.71482294
      2.38411193
      2.13861184
      1.92604925
      1.69599157
      1.39708092
      0.97988257
      0.44089074
     -0.10222335
     -0.52608388
     -0.82908448
     -1.06019728
     -1.27124321
     -1.51280315
     -1.83675025
     -2.28760419
     -2.84235378
      2.92086499
      2.53024508
      2.25020404
      2.02953553
      1.81681143
      1.56116592
      1.21067498
      0.72900006
      0.16834093
     -0.32446682
     -0.68529924
     -0.94647566
     -1.16003623
     -1.37713977
     -1.64900949
     -2.02687894
     -2.53524395
     -3.09299158
      2.72599852
      2.39144373
      2.14561788
      1.93631919
      1.71252780
      1.42265924
      1.01723765
      0.48732340
     -0.06027864
     -0.49608162
     -0.80766194
     -1.04116041
     -1.24864575
     -1.48111663
     -1.79043790
     -2.22290539
     -2.76856410
      2.98261479
      2.57398330
      2.28236431
      2.05857033
      1.85076899
      1.60788390
      1.27795678
      0.81964500
      0.26431951
     -0.24835662
     -0.63157855
     -0.90595365
     -1.12234343
     -1.33233717
     -1.58716610
     -1.93856590
     -2.42084468
     -2.97987651
      2.81222394
      2.45241280
      2.19284436
      1.98182229
      1.76795933
      1.49981866
      1.12635709
      0.62261093
      0.06539408
     -0.40299235
     -0.74143667
     -0.98837820
     -1.19584980
     -1.41509942
     -1.69778606
     -2.09361031
     -2.61577200
      3.11687419
      2.67144698
      2.35238219
      2.11611376
      1.91055708
      1.68453391
      1.38619108
      0.96802434
      0.43096360
     -0.10882077
     -0.53162807
     -0.83320479
     -1.06056560
     -1.26569501
     -1.49976982
     -1.81475323
     -2.25488094
     -2.80298087
      2.95441403
      2.55347278
      2.26759764
      2.04753208
      1.84146014
      1.59814412
      1.26566364
      0.80434456
      0.24925194
     -0.26012442
     -0.64022187
     -0.91207442
     -1.12633089
     -1.33462318
     -1.58830272
     -1.93901127
     -2.42035705
     -2.97837708
      2.81352824
      2.45310189
      2.19370347
      1.98387694
      1.77215690
      1.50703921
      1.13749730
      0.63768195
      0.08066930
     -0.39145224
     -0.73344379
     -0.98184723
     -1.18853178
     -1.40483347
     -1.68242812
     -2.07126848
     -2.58760544
     -3.13992538
      2.69085718
      2.36605188
      2.12728364
      1.92252870
      1.70053303
      1.40945761
      1.00102740
      0.47050290
     -0.07378336
     -0.50631081
     -0.81516918
     -1.04557981
     -1.24955790
     -1.47832684
     -1.78384424
     -2.21193673
     -2.75395334
      2.99590011
      2.58307800
      2.28894210
      2.06567504
      1.86136526
      1.62476864
      1.30389913
      0.85633393
      0.30582406
     -0.21410269
     -0.60764706
     -0.88826639
     -1.10555512
     -1.31127522
     -1.55674016
     -1.89381701
     -2.36037153
     -2.91615955
      2.86247267
      2.48758887
      2.21930630
      2.00686972
      1.79867723
      1.54330337
      1.18921931
      0.70447633
      0.14674285
     -0.34092457
     -0.69789076
     -0.95498189
     -1.16366050
     -1.37538297
     -1.64171917
     -2.01354860
     -2.51533582
     -3.07165900
      2.74184747
      2.40197942
      2.15497200
      1.94898150
      1.73266595
      1.45429474
      1.06406569
      0.54675572
     -0.00486664
     -0.45581428
     -0.77945208
     -1.01745148
     -1.22180903
     -1.44379368
     -1.73528927
     -2.14444633
     -2.67534645
      3.06405447
      2.63225894
      2.32394488
      2.09389764
      1.89012126
      1.66137285
      1.35565586
      0.92722385
      0.38509259
     -0.14795874
     -0.56047096
     -0.85440504
     -1.07754992
     -1.28180557
     -1.51843809
     -1.83947186
     -2.28728608
     -2.83788204
      2.92556086
      2.53220920
      2.25167708
      2.03437993
      1.82856355
      1.58288976
      1.24545051
      0.77844058
      0.22249986
     -0.28172617
     -0.65624890
     -0.92438302
     -1.13689924
     -1.34539168
     -1.60131569
     -1.95623895
     -2.44191010
     -2.99979874
      2.79650080
      2.44031512
      2.18355845
      1.97473817
      1.76240751
      1.49495774
      1.12149480
      0.61811032
      0.06185978
     -0.40623745
     -0.74469870
     -0.99111156
     -1.19734717
     -1.41473705
     -1.69506331
     -2.08806415
     -2.60771903
      3.12452975
      2.67630672
      2.35485801
      2.11773591
      1.91293581
      1.68919609
      1.39456810
      0.98115147
      0.44724939
     -0.09472493
     -0.52234207
     -0.82758432
     -1.05650249
     -1.26106914
     -1.49252997
     -1.80295237
     -2.23745565
     -2.78293930
      2.97072098
      2.56409760
      2.27416029
      2.05230877
      1.84670284
      1.60605381
      1.27828408
      0.82233182
      0.26858921
     -0.24528889
     -0.63085077
     -0.90647764
     -1.12246505
     -1.33047387
     -1.58189602
     -1.92862054
     -2.40596047
     -2.96402223
      2.82374173
      2.45902888
      2.19663223
      1.98522828
      1.77333963
      1.50941504
      1.14208845
      0.64398721
      0.08607608
     -0.38852761
     -0.73284077
     -0.98316895
     -1.19136292
     -1.40874574
     -1.68707026
     -2.07664032
     -2.59413032
      3.13615970
      2.68424744
      2.35967653
      2.12016552
      1.91369421
      1.68904032
      1.39423604
      0.98088451
      0.44633467
     -0.09647731
     -0.52434251
     -0.83002947
     -1.06008646
     -1.26646538
     -1.50035916
     -1.81391028
     -2.25231898
     -2.80045093
      2.95502429
      2.55202371
      2.26415668
      2.04204747
      1.83395001
      1.58861627
      1.25386351
      0.78960733
      0.23263349
     -0.27527866
     -0.65312771
     -0.92444869
     -1.14029317
     -1.35214672
     -1.61140462
     -1.96999044
     -2.46009430
     -3.01991718
      2.77928153
      2.42637544
      2.17011293
      1.95863643
      1.74070904
      1.46469825
      1.07952967
      0.56478855
      0.00919712
     -0.44750111
     -0.77613178
     -1.01905544
     -1.22832191
     -1.45498312
     -1.75097620
     -2.16542981
     -2.70184836
      3.03778541
      2.61081844
      2.30534744
      2.07376529
      1.86422322
      1.62574846
      1.30609785
      0.86004305
      0.30721861
     -0.21632595
     -0.61214745
     -0.89603814
     -1.11862515
     -1.33134588
     -1.58523859
     -1.93269338
     -2.41169084
     -2.97294591
      2.81412365
      2.44979240
      2.18540986
      1.96903388
      1.74970148
      1.47612593
      1.09630050
      0.58494685
      0.02592386
     -0.43659057
     -0.77014623
     -1.01763846
     -1.23113402
     -1.46117678
     -1.75951345
     -2.17641005
     -2.71621230
      3.02285804
      2.59826524
      2.29370971
      2.05983984
      1.84520566
      1.59951685
      1.27038413
      0.81237769
      0.25296165
     -0.26303806
     -0.64767226
     -0.92611677
     -1.15044305
     -1.37109888
     -1.63842724
     -2.00539125
     -2.50614994
     -3.07037283
      2.73656132
      2.39141226
      2.13496046
      1.91510010
      1.68249746
      1.38623781
      0.97380729
      0.43417172
     -0.11489464
     -0.54355816
     -0.85233841
     -1.09234719
     -1.31397589
     -1.56559398
     -1.89946604
     -2.36388202
     -2.92903254
      2.84136484
      2.46245416
      2.18400639
      1.95322381
      1.72262919
      1.44440758
      1.06425448
      0.54714040
     -0.02107958
     -0.48549675
     -0.82233860
     -1.08070568
     -1.30562865
     -1.53046612
     -1.78180991
     -2.08126258
     -2.43849793
      0.00000000
