      0.00000000
      0.00000000
      0.00000000
      0.00000000
      0.00000000
      0.00000000
      0.00000000
      0.00000000
      0.00000000
      0.00000000
      0.00000000
      0.00000000
      0.00000000
      0.00000000
      0.00000000
      0.00000000
      0.00000000
      0.00000000
      0.00000000
      0.00000000
      0.00000000
      0.00000000
      0.00000000
      0.00000000
      0.00000000
      0.00000000
      0.00000000
      0.00000000
      0.00000000
      0.00000000
      0.00000000
      0.00000000
      0.00000000
      0.00000000
      0.00000000
      0.00000000
      0.00000000
      0.00000000
      0.00000000
      0.00000000
      0.00000000
      0.00000000
      0.00000000
      0.00000000
      0.00000000
      0.00000000
      0.00000000
      0.00000000
      0.00000000
      0.00000000
      0.00000000
      0.00000000
      0.00000000
      0.00000000
      0.00000000
      0.00000000
      0.00000000
      0.00000000
      0.00000000
      0.00000000
      0.00000000
      0.00000000
      0.00000000
      0.00000000
      0.00000000
      0.00000000
      0.00000000
      0.00000000
      0.00000000
      0.00000000
      0.00000000
      0.00000000
      0.00000000
      0.00000000
      0.00000000
      0.00000000
      0.00000000
      0.00000000
      0.00000000
      0.00000000
      0.00000000
      0.00000000
      0.00000000
      0.00000000
      0.00000000
      0.00000000
      0.00000000
      0.00000000
      0.00000000
      0.00000000
      0.00000000
      0.00000000
      0.00000000
      0.00000000
      0.00000000
      0.00000000
      0.00000000
      0.00000000
      0.00000000
      0.00000000
      0.00000000
      0.00000000
      0.00000000
      0.00000000
      0.00000000
      0.00000000
      0.00000000
      0.00000000
      0.00000000
      0.00000000
      0.00000000
      0.00000000
      0.00000000
      0.00000000
      0.00000000
      0.00000000
      0.00000000
      0.00000000
      0.00000000
      0.00000000
      0.00000000
      0.00000000
      0.00000000
      0.00000000
      0.00000000
      0.00000000
      0.00000000
      0.00000000
      0.00000000
      0.00000000
      0.00000000
      0.00000000
      0.00000000
      0.00000000
      0.00000000
      0.00000000
      0.00000000
      0.00000000
      0.00000000
      0.00000000
      0.00000000
      0.00000000
      0.00000000
      0.00000000
      0.00000000
      0.00000000
      0.00000002
      0.00000008
      0.00000031
      0.00000099
      0.00000285
      0.00000949
      0.00003534
      0.00011003
      0.00024461
      0.00039284
      0.00049552
      0.00053501
      0.00052875
      0.00050436
      0.00048584
      0.00048819
      0.00051583
      0.00056428
      0.00062459
      0.00068811
      0.00074920
      0.00080570
      0.00085797
      0.00090756
      0.00095620
      0.00100516
      0.00105508
      0.00110607
      0.00115792
      0.00121029
      0.00126289
      0.00131551
      0.00136806
      0.00142052
      0.00147292
      0.00152528
      0.00157763
      0.00162997
      0.00168230
      0.00173460
      0.00178683
      0.00183898
      0.00189103
      0.00194293
      0.00199469
      0.00204627
      0.00209767
      0.00214885
      0.00219981
      0.00225053
      0.00230097
      0.00235113
      0.00240099
      0.00245051
      0.00249969
      0.00254850
      0.00259693
      0.00264494
      0.00269252
      0.00273966
      0.00278632
      0.00283249
      0.00287814
      0.00292326
      0.00296783
      0.00301182
      0.00305521
      0.00309799
      0.00314012
      0.00318160
      0.00322240
      0.00326250
      0.00330188
      0.00334052
      0.00337840
      0.00341551
      0.00345181
      0.00348730
      0.00352195
      0.00355575
      0.00358867
      0.00362071
      0.00365183
      0.00368203
      0.00371129
      0.00373959
      0.00376692
      0.00379326
      0.00381859
      0.00384290
      0.00386618
      0.00388842
      0.00390959
      0.00392969
      0.00394871
      0.00396664
      0.00398346
      0.00399916
      0.00401374
      0.00402718
      0.00403948
      0.00405064
      0.00406064
      0.00406947
      0.00407714
      0.00408364
      0.00408896
      0.00409310
      0.00409606
      0.00409784
      0.00409843
      0.00409784
      0.00409606
      0.00409310
      0.00408896
      0.00408364
      0.00407714
      0.00406947
      0.00406064
      0.00405064
      0.00403948
      0.00402718
      0.00401374
      0.00399916
      0.00398346
      0.00396664
      0.00394871
      0.00392969
      0.00390959
      0.00388842
      0.00386618
      0.00384290
      0.00381859
      0.00379326
      0.00376692
      0.00373959
      0.00371129
      0.00368203
      0.00365183
      0.00362071
      0.00358867
      0.00355575
      0.00352195
      0.00348730
      0.00345181
      0.00341551
      0.00337840
      0.00334052
      0.00330188
      0.00326250
      0.00322240
      0.00318160
      0.00314012
      0.00309799
      0.00305521
      0.00301182
      0.00296783
      0.00292326
      0.00287814
      0.00283249
      0.00278632
      0.00273966
      0.00269252
      0.00264494
      0.00259693
      0.00254850
      0.00249969
      0.00245051
      0.00240099
      0.00235113
      0.00230097
      0.00225053
      0.00219981
      0.00214885
      0.00209767
      0.00204627
      0.00199469
      0.00194293
      0.00189103
      0.00183898
      0.00178683
      0.00173460
      0.00168230
      0.00162997
      0.00157763
      0.00152528
      0.00147292
      0.00142052
      0.00136806
      0.00131551
      0.00126289
      0.00121029
      0.00115792
      0.00110607
      0.00105508
      0.00100516
      0.00095620
      0.00090756
      0.00085797
      0.00080570
      0.00074920
      0.00068811
      0.00062459
      0.00056428
      0.00051583
      0.00048819
      0.00048584
      0.00050436
      0.00052875
      0.00053501
      0.00049552
      0.00039284
      0.00024461
      0.00011003
      0.00003534
      0.00000949
      0.00000285
      0.00000099
      0.00000031
      0.00000008
      0.00000002
      0.00000000
      0.00000000
      0.00000000
      0.00000000
      0.00000000
      0.00000000
      0.00000000
      0.00000000
      0.00000000
      0.00000000
      0.00000000
      0.00000000
      0.00000000
      0.00000000
      0.00000000
      0.00000000
      0.00000000
      0.00000000
      0.00000000
      0.00000000
      0.00000000
      0.00000000
      0.00000000
      0.00000000
      0.00000000
      0.00000000
      0.00000000
      0.00000000
      0.00000000
      0.00000000
      0.00000000
      0.00000000
      0.00000000
      0.00000000
      0.00000000
      0.00000000
      0.00000000
      0.00000000
      0.00000000
      0.00000000
      0.00000000
      0.00000000
      0.00000000
      0.00000000
      0.00000000
      0.00000000
      0.00000000
      0.00000000
      0.00000000
      0.00000000
      0.00000000
      0.00000000
      0.00000000
      0.00000000
      0.00000000
      0.00000000
      0.00000000
      0.00000000
      0.00000000
      0.00000000
      0.00000000
      0.00000000
      0.00000000
      0.00000000
      0.00000000
      0.00000000
      0.00000000
      0.00000000
      0.00000000
      0.00000000
      0.00000000
      0.00000000
      0.00000000
      0.00000000
      0.00000000
      0.00000000
      0.00000000
      0.00000000
      0.00000000
      0.00000000
      0.00000000
      0.00000000
      0.00000000
      0.00000000
      0.00000000
      0.00000000
      0.00000000
      0.00000000
      0.00000000
      0.00000000
      0.00000000
      0.00000000
      0.00000000
      0.00000000
      0.00000000
      0.00000000
      0.00000000
      0.00000000
      0.00000000
      0.00000000
      0.00000000
      0.00000000
      0.00000000
      0.00000000
      0.00000000
      0.00000000
      0.00000000
      0.00000000
      0.00000000
      0.00000000
      0.00000000
      0.00000000
      0.00000000
      0.00000000
      0.00000000
      0.00000000
      0.00000000
      0.00000000
      0.00000000
      0.00000000
      0.00000000
      0.00000000
      0.00000000
      0.00000000
      0.00000000
      0.00000000
      0.00000000
      0.00000000
      0.00000000
      0.00000000
      0.00000000
      0.00000000
      0.00000000
      0.00000000
      0.00000000
      0.00000000
      0.00000000
      0.00000000
      0.00000000
      0.00000000
      0.00000000
      0.00000000
      0.00000000
      0.00000000
      0.00000000
      0.00000000
