      0.00000000
      0.00000000
      0.00000000
      0.00000000
      0.00000000
      0.00000000
      0.00000000
      0.00000000
      0.00000000
      0.00000000
      0.00000000
      0.00000000
      0.00000000
      0.00000000
      0.00000000
      0.00000000
      0.00000000
      0.00000000
      0.00000000
      0.00000000
      0.00000000
      0.00000000
      0.00000000
      0.00000000
      0.00000000
      0.00000000
      0.00000000
      0.00000000
      0.00000000
      0.00000000
      0.00000000
      0.00000000
      0.00000000
      0.00000000
      0.00000000
      0.00000000
      0.00000000
      0.00000000
      0.00000000
      0.00000000
      0.00000000
      0.00000000
      0.00000000
      0.00000000
      0.00000000
      0.00000000
      0.00000000
      0.00000000
      0.00000000
      0.00000000
      0.00000000
      0.00000000
      0.00000000
      0.00000000
      0.00000001
      0.00000001
      0.00000002
      0.00000003
      0.00000004
      0.00000006
      0.00000009
      0.00000013
      0.00000019
      0.00000027
      0.00000040
      0.00000057
      0.00000081
      0.00000116
      0.00000164
      0.00000230
      0.00000321
      0.00000446
      0.00000615
      0.00000842
      0.00001146
      0.00001550
      0.00002082
      0.00002777
      0.00003680
      0.00004843
      0.00006328
      0.00008210
      0.00010575
      0.00013522
      0.00017163
      0.00021622
      0.00027036
      0.00033548
      0.00041311
      0.00050480
      0.00061208
      0.00073645
      0.00087927
      0.00104173
      0.00122483
      0.00142928
      0.00165549
      0.00190354
      0.00217319
      0.00246382
      0.00277453
      0.00310411
      0.00345113
      0.00381394
      0.00419078
      0.00457981
      0.00497917
      0.00538701
      0.00580159
      0.00622124
      0.00664445
      0.00706984
      0.00749621
      0.00792250
      0.00834780
      0.00877138
      0.00919259
      0.00961096
      0.01002606
      0.01043759
      0.01084530
      0.01124899
      0.01164851
      0.01204371
      0.01243448
      0.01282064
      0.01320203
      0.01357841
      0.01394948
      0.01431481
      0.01467384
      0.01502580
      0.01536966
      0.01570405
      0.01602713
      0.01633645
      0.01662875
      0.01689973
      0.01714367
      0.01735306
      0.01751800
      0.01762561
      0.01765921
      0.01759749
      0.01741368
      0.01707498
      0.01654267
      0.01577369
      0.01472464
      0.01336004
      0.01166601
      0.00967073
      0.00747381
      0.00527754
      0.00335627
      0.00191160
      0.00097085
      0.00043679
      0.00017376
      0.00006198
      0.00002066
      0.00000686
      0.00000238
      0.00000084
      0.00000028
      0.00000009
      0.00000002
      0.00000001
      0.00000000
      0.00000000
      0.00000000
      0.00000000
      0.00000000
      0.00000000
      0.00000000
      0.00000000
      0.00000000
      0.00000000
      0.00000000
      0.00000000
      0.00000000
      0.00000000
      0.00000000
      0.00000000
      0.00000000
      0.00000000
      0.00000000
      0.00000000
      0.00000000
      0.00000000
      0.00000000
      0.00000000
      0.00000000
      0.00000000
      0.00000000
      0.00000000
      0.00000000
      0.00000000
      0.00000000
      0.00000000
      0.00000000
      0.00000000
      0.00000000
      0.00000000
      0.00000000
      0.00000000
      0.00000000
      0.00000000
      0.00000000
      0.00000000
      0.00000000
      0.00000000
      0.00000000
      0.00000000
      0.00000000
      0.00000000
      0.00000000
      0.00000000
      0.00000000
      0.00000000
      0.00000000
      0.00000000
      0.00000000
      0.00000000
      0.00000000
      0.00000000
      0.00000000
      0.00000000
      0.00000000
      0.00000000
      0.00000000
      0.00000000
      0.00000000
      0.00000000
      0.00000000
      0.00000000
      0.00000000
      0.00000000
      0.00000000
      0.00000000
      0.00000000
      0.00000000
      0.00000000
      0.00000000
      0.00000000
      0.00000000
      0.00000000
      0.00000000
      0.00000000
      0.00000000
      0.00000000
      0.00000000
      0.00000000
      0.00000000
      0.00000000
      0.00000000
      0.00000000
      0.00000000
      0.00000000
      0.00000000
      0.00000000
      0.00000000
      0.00000000
      0.00000000
      0.00000000
      0.00000000
      0.00000000
      0.00000000
      0.00000000
      0.00000000
      0.00000000
      0.00000000
      0.00000000
      0.00000000
      0.00000000
      0.00000000
      0.00000000
      0.00000000
      0.00000000
      0.00000000
      0.00000000
      0.00000000
      0.00000000
      0.00000000
      0.00000000
      0.00000000
      0.00000000
      0.00000000
      0.00000000
      0.00000000
      0.00000000
      0.00000000
      0.00000000
      0.00000000
      0.00000000
      0.00000000
      0.00000000
      0.00000000
      0.00000000
      0.00000000
      0.00000000
      0.00000000
      0.00000000
      0.00000000
      0.00000000
      0.00000000
      0.00000000
      0.00000000
      0.00000000
      0.00000000
      0.00000000
      0.00000000
      0.00000000
      0.00000000
      0.00000000
      0.00000000
      0.00000000
      0.00000000
      0.00000000
      0.00000000
      0.00000000
      0.00000000
      0.00000000
      0.00000000
      0.00000000
      0.00000000
      0.00000000
      0.00000000
      0.00000000
      0.00000000
      0.00000000
      0.00000000
      0.00000000
      0.00000000
      0.00000000
      0.00000000
      0.00000000
      0.00000000
      0.00000000
      0.00000000
      0.00000000
      0.00000000
      0.00000000
      0.00000000
      0.00000000
      0.00000001
      0.00000002
      0.00000009
      0.00000028
      0.00000084
      0.00000238
      0.00000686
      0.00002066
      0.00006198
      0.00017376
      0.00043679
      0.00097085
      0.00191160
      0.00335627
      0.00527754
      0.00747381
      0.00967073
      0.01166601
      0.01336004
      0.01472464
      0.01577369
      0.01654267
      0.01707498
      0.01741368
      0.01759749
      0.01765921
      0.01762561
      0.01751800
      0.01735306
      0.01714367
      0.01689973
      0.01662875
      0.01633645
      0.01602713
      0.01570405
      0.01536966
      0.01502580
      0.01467384
      0.01431481
      0.01394948
      0.01357841
      0.01320203
      0.01282064
      0.01243448
      0.01204371
      0.01164851
      0.01124899
      0.01084530
      0.01043759
      0.01002606
      0.00961096
      0.00919259
      0.00877138
      0.00834780
      0.00792250
      0.00749621
      0.00706984
      0.00664445
      0.00622124
      0.00580159
      0.00538701
      0.00497917
      0.00457981
      0.00419078
      0.00381394
      0.00345113
      0.00310411
      0.00277453
      0.00246382
      0.00217319
      0.00190354
      0.00165549
      0.00142928
      0.00122483
      0.00104173
      0.00087927
      0.00073645
      0.00061208
      0.00050480
      0.00041311
      0.00033548
      0.00027036
      0.00021622
      0.00017163
      0.00013522
      0.00010575
      0.00008210
      0.00006328
      0.00004843
      0.00003680
      0.00002777
      0.00002082
      0.00001550
      0.00001146
      0.00000842
      0.00000615
      0.00000446
      0.00000321
      0.00000230
      0.00000164
      0.00000116
      0.00000081
      0.00000057
      0.00000040
      0.00000027
      0.00000019
      0.00000013
      0.00000009
      0.00000006
      0.00000004
      0.00000003
      0.00000002
      0.00000001
      0.00000001
      0.00000000
      0.00000000
      0.00000000
      0.00000000
      0.00000000
      0.00000000
      0.00000000
      0.00000000
      0.00000000
      0.00000000
      0.00000000
      0.00000000
      0.00000000
      0.00000000
      0.00000000
      0.00000000
      0.00000000
      0.00000000
      0.00000000
      0.00000000
      0.00000000
      0.00000000
      0.00000000
      0.00000000
      0.00000000
      0.00000000
      0.00000000
      0.00000000
      0.00000000
      0.00000000
      0.00000000
      0.00000000
      0.00000000
      0.00000000
      0.00000000
      0.00000000
      0.00000000
      0.00000000
      0.00000000
      0.00000000
      0.00000000
      0.00000000
      0.00000000
      0.00000000
      0.00000000
      0.00000000
      0.00000000
      0.00000000
      0.00000000
      0.00000000
      0.00000000
      0.00000000
      0.00000000
      0.00000000
