             NaN
     -2.95769976
     -2.58191253
     -2.19958460
     -1.80578950
     -1.40209395
     -0.99632072
     -0.59765435
     -0.21057612
      0.16732057
      0.54322346
      0.92525367
      1.31844650
      1.72159526
      2.12723051
      2.52623422
      2.91387136
     -2.99098728
     -2.61502303
     -2.23334014
     -1.84071991
     -1.43802199
     -1.03242037
     -0.63303117
     -0.24487018
      0.13378861
      0.50970356
      0.89097239
      1.28303649
      1.68537887
      2.09106485
      2.49090648
      2.87956734
     -3.02472811
     -2.64898882
     -2.26822160
     -1.87671242
     -1.47462990
     -1.06872410
     -0.66834022
     -0.27919078
      0.09982406
      0.47524123
      0.85539337
      1.24633035
      1.64824993
      2.05453329
      2.45557767
      2.84521960
     -3.05893895
     -2.68401605
     -2.30462517
     -1.91430095
     -1.51244569
     -1.10559873
     -0.70373965
     -0.31358233
      0.06533411
      0.43955792
      0.81799957
      1.20764017
      1.60953107
      2.01716356
      2.42003768
      2.81075781
     -3.09375501
     -2.72047665
     -2.34322616
     -1.95438058
     -1.55235442
     -1.14366894
     -0.73951899
     -0.34815553
      0.03012638
      0.40216079
      0.77790847
      1.16579265
      1.56805017
      1.97811540
      2.38388527
      2.77602334
     -3.12942502
     -2.75899170
     -2.38514336
     -1.99845828
     -1.59587965
     -1.18402404
     -0.77616003
     -0.38301533
     -0.00594527
      0.36249566
      0.73396815
      1.11913377
      1.52211178
      1.93628637
      2.34693060
      2.74151946
      3.11793121
     -2.79916260
     -2.43060045
     -2.04738335
     -1.64398357
     -1.22685462
     -0.81249454
     -0.41577050
     -0.03985871
      0.32353758
      0.68853446
      1.06917747
      1.47288164
      1.89365791
      2.31288112
      2.71259639
      3.08816787
     -2.83481984
     -2.47431640
     -2.09718393
     -1.69347471
     -1.26822972
     -0.84264775
     -0.43883689
     -0.06345106
      0.29282016
      0.64751442
      1.01973757
      1.42287665
      1.85369143
      2.28788346
      2.69755337
      3.07316218
     -2.85853178
     -2.51142214
     -2.14621163
     -1.74473277
     -1.30677727
     -0.86023085
     -0.44150108
     -0.06447554
      0.28160269
      0.61908185
      0.97448082
      1.37275182
      1.82070970
      2.28647204
      2.72004249
      3.10076967
     -2.84219389
     -2.51680608
     -2.17496164
     -1.78183237
     -1.31849424
     -0.82400243
     -0.37655831
     -0.01098311
      0.28394699
      0.53096190
      0.75276429
      0.96969074
      1.19633947
      1.43935400
      1.69860671
      1.97016214
      2.24898465
      2.53067615
      2.81226425
      3.09226410
     -2.91287391
     -2.63652225
     -2.36141069
     -2.08714332
     -1.81348526
     -1.54035933
     -1.26779474
     -0.99586887
     -0.72466360
     -0.45424198
     -0.18464179
      0.08412062
      0.35204253
      0.61912743
      0.88537980
      1.15080256
      1.41539646
      1.67916061
      1.94209339
      2.20419325
      2.46545929
      2.72589144
      2.98549051
     -3.03892727
     -2.78098912
     -2.52387771
     -2.26759003
     -2.01212270
     -1.75747202
     -1.50363397
     -1.25060417
     -0.99837793
     -0.74695017
     -0.49631551
     -0.24646818
      0.00259790
      0.25088915
      0.49841235
      0.74517457
      0.99118322
      1.23644605
      1.48097112
      1.72476680
      1.96784180
      2.21020513
      2.45186614
      2.69283447
      2.93312009
     -3.11045204
     -2.87150071
     -2.63320035
     -2.39553974
     -2.15850741
     -1.92209154
     -1.68628004
     -1.45106054
     -1.21642034
     -0.98234650
     -0.74882576
     -0.51584461
     -0.28338926
     -0.05144563
      0.18000059
      0.41096398
      0.64145938
      0.87150188
      1.10110678
      1.33028965
      1.55906625
      1.78745261
      2.01546491
      2.24311959
      2.47043326
      2.69742271
      2.92410494
     -3.13268822
     -2.90656883
     -2.68070472
     -2.45507828
     -2.22967175
     -2.00446727
     -1.77944683
     -1.55459233
     -1.32988559
     -1.10530831
     -0.88084215
     -0.65646869
     -0.43216944
     -0.20792590
      0.01628048
      0.24046829
      0.46465609
      0.68886248
      0.91310602
      1.13740527
      1.36177873
      1.58624489
      1.81082216
      2.03552891
      2.26038340
      2.48540385
      2.71060833
      2.93601486
     -3.12154401
     -2.89567990
     -2.66956051
     -2.44316836
     -2.21648613
     -1.98949668
     -1.76218302
     -1.53452834
     -1.30651603
     -1.07812968
     -0.84935307
     -0.62017020
     -0.39056530
     -0.16052281
      0.06997260
      0.30093599
      0.53238221
      0.76432583
      0.99678119
      1.22976234
      1.46328308
      1.69735692
      1.93199712
      2.16721662
      2.40302812
      2.63944398
      2.87647632
      3.11413692
     -2.93074802
     -2.69179669
     -2.45218351
     -2.21189789
     -1.97092956
     -1.72926855
     -1.48690522
     -1.24383022
     -1.00003454
     -0.75550947
     -0.51024664
     -0.26423799
     -0.01747577
      0.23004743
      0.47833868
      0.72740476
      0.97725209
      1.22788675
      1.47931451
      1.73154075
      1.98457055
      2.23840860
      2.49305928
      2.74852661
      3.00481429
     -3.02125961
     -2.76332146
     -2.50455393
     -2.24495486
     -1.98452271
     -1.72325667
     -1.46115681
     -1.19822403
     -0.93445988
     -0.66986598
     -0.40444322
     -0.13819085
      0.12889405
      0.39681596
      0.66557837
      0.93517856
      1.20560018
      1.47680545
      1.74873132
      2.02129591
      2.29442184
      2.56807990
      2.84234727
      3.11745883
     -2.88937482
     -2.61132752
     -2.33132767
     -2.04973957
     -1.76804807
     -1.48922556
     -1.21767013
     -0.95841742
     -0.71540289
     -0.48875416
     -0.27182771
     -0.05002532
      0.19698959
      0.49191969
      0.85749489
      1.30493901
      1.79943082
      2.26276895
      2.65589822
      2.99774266
     -2.96005483
     -2.61983309
     -2.23910591
     -1.80553546
     -1.33977313
     -0.89181524
     -0.49354424
     -0.13814527
      0.19933389
      0.54541212
      0.92243766
      1.34116743
      1.78771385
      2.22566935
      2.62714821
      2.99235872
     -2.94371695
     -2.59222560
     -2.21661679
     -1.80694688
     -1.37275485
     -0.94194007
     -0.53880099
     -0.16657784
      0.18811642
      0.54438764
      0.91977347
      1.32358433
      1.74916630
      2.17441129
      2.57812051
      2.95525298
     -2.96742889
     -2.60723129
     -2.23165981
     -1.83194454
     -1.41272133
     -0.99194506
     -0.58824089
     -0.20759788
      0.15739900
      0.52079529
      0.89670708
      1.29343112
      1.70779120
      2.12492015
      2.52831993
      2.91153703
     -3.00308613
     -2.63699463
     -2.26058288
     -1.86599402
     -1.45534979
     -1.04117520
     -0.63819719
     -0.25303158
      0.11844092
      0.48688185
      0.86395191
      1.25709661
      1.66496062
      2.07681623
      2.47939486
      2.86607993
     -3.04325703
     -2.67282371
     -2.29508676
     -1.90294869
     -1.49717882
     -1.08711359
     -0.68485607
     -0.29697189
      0.07877579
      0.45081020
      0.82909211
      1.22045557
      1.62460552
      2.03329100
      2.43531716
      2.82416274
     -3.08177207
     -2.70849372
     -2.32982123
     -1.93910111
     -1.53622698
     -1.12859449
     -0.72670359
     -0.33706299
      0.04137866
      0.41560247
      0.79451890
      1.18467622
      1.58653531
      1.99338226
      2.39523753
      2.78556175
     -3.11823268
     -2.74330977
     -2.36428302
     -1.97464109
     -1.57359671
     -1.16731335
     -0.76539377
     -0.37445679
      0.00569534
      0.38111252
      0.76012736
      1.14927680
      1.54966068
      1.95556648
      2.35764900
      2.74915818
      3.12992539
     -2.77752062
     -2.39863077
     -2.00996990
     -1.61012827
     -1.20444229
     -0.80209991
     -0.41003581
     -0.02876698
      0.34714797
      0.72580676
      1.11396775
      1.51335695
      1.91895857
      2.32165649
      2.71427672
      3.09595961
     -2.81126145
     -2.43293478
     -2.04529764
     -1.64629393
     -1.24065869
     -0.83750993
     -0.44431709
     -0.06228688
      0.31361601
      0.69151270
      1.07859092
      1.47725730
      1.88303053
      2.28672608
      2.68052118
      3.06284911
     -2.84454897
      0.00000000
