      0.00000000
      0.00000000
      0.00000000
      0.00000000
      0.00000000
      0.00000000
      0.00000000
      0.00000000
      0.00000000
      0.00000000
      0.00000000
      0.00000000
      0.00000000
      0.00000000
      0.00000000
      0.00000000
      0.00000000
      0.00000000
      0.00000000
      0.00000000
      0.00000000
      0.00000000
      0.00000000
      0.00000000
      0.00000000
      0.00000000
      0.00000000
      0.00000000
      0.00000000
      0.00000000
      0.00000000
      0.00000000
      0.00000000
      0.00000000
      0.00000000
      0.00000000
      0.00000000
      0.00000000
      0.00000000
      0.00000000
      0.00000000
      0.00000000
      0.00000000
      0.00000000
      0.00000000
      0.00000000
      0.00000000
      0.00000000
      0.00000000
      0.00000000
      0.00000000
      0.00000000
      0.00000000
      0.00000000
      0.00000000
      0.00000000
      0.00000000
      0.00000000
      0.00000000
      0.00000000
      0.00000000
      0.00000000
      0.00000000
      0.00000000
      0.00000000
      0.00000000
      0.00000000
      0.00000000
      0.00000000
      0.00000000
      0.00000000
      0.00000000
      0.00000000
      0.00000000
      0.00000000
      0.00000000
      0.00000000
      0.00000000
      0.00000000
      0.00000000
      0.00000000
      0.00000000
      0.00000000
      0.00000000
      0.00000000
      0.00000000
      0.00000000
      0.00000000
      0.00000000
      0.00000000
      0.00000000
      0.00000000
      0.00000000
      0.00000000
      0.00000000
      0.00000000
      0.00000000
      0.00000000
      0.00000000
      0.00000000
      0.00000000
      0.00000000
      0.00000000
      0.00000000
      0.00000000
      0.00000000
      0.00000000
      0.00000000
      0.00000000
      0.00000000
      0.00000000
      0.00000000
      0.00000000
      0.00000000
      0.00000000
      0.00000000
      0.00000000
      0.00000000
      0.00000000
      0.00000000
      0.00000000
      0.00000000
      0.00000000
      0.00000000
      0.00000000
      0.00000000
      0.00000000
      0.00000000
      0.00000000
      0.00000000
      0.00000000
      0.00000000
      0.00000000
      0.00000000
      0.00000000
      0.00000000
      0.00000000
      0.00000000
      0.00000000
      0.00000000
      0.00000000
      0.00000000
      0.00000000
      0.00000000
      0.00000000
      0.00000000
      0.00000000
      0.00000000
      0.00000000
      0.00000000
      0.00000000
      0.00000000
      0.00000000
      0.00000000
      0.00000000
      0.00000000
      0.00000000
      0.00000000
      0.00000000
      0.00000000
      0.00000000
      0.00000000
      0.00000000
      0.00000000
      0.00000000
      0.00000000
      0.00000000
      0.00000000
      0.00000000
      0.00000000
      0.00000000
      0.00000000
      0.00000000
      0.00000000
      0.00000000
      0.00000000
      0.00000000
      0.00000000
      0.00000000
      0.00000000
      0.00000000
      0.00000000
      0.00000000
      0.00000000
      0.00000000
      0.00000000
      0.00000000
      0.00000000
      0.00000000
      0.00000000
      0.00000000
      0.00000000
      0.00000000
      0.00000000
      0.00000000
      0.00000000
      0.00000000
      0.00000000
      0.00000000
      0.00000000
      0.00000000
      0.00000000
      0.00000000
      0.00000000
      0.00000000
      0.00000000
      0.00000000
      0.00000000
      0.00000000
      0.00000000
      0.00000000
      0.00000000
      0.00000000
      0.00000000
      0.00000001
      0.00000001
      0.00000002
      0.00000002
      0.00000003
      0.00000007
      0.00000033
      0.00000147
      0.00000557
      0.00001849
      0.00005529
      0.00015135
      0.00038284
      0.00089745
      0.00194511
      0.00387173
      0.00701115
      0.01143986
      0.01670380
      0.02181483
      0.02585910
      0.02901309
      0.03202884
      0.03488521
      0.03742687
      0.03915862
      0.04028281
      0.04101054
      0.04111868
      0.04074476
      0.04077453
      0.04138213
      0.04246083
      0.04318807
      0.04344290
      0.04349904
      0.04318598
      0.04235244
      0.04172220
      0.04171317
      0.04228713
      0.04265441
      0.04235123
      0.04162172
      0.04040385
      0.03832982
      0.03566654
      0.03287310
      0.02988446
      0.02616332
      0.02106543
      0.01527226
      0.00995425
      0.00587244
      0.00316981
      0.00158490
      0.00074234
      0.00032848
      0.00013801
      0.00005516
      0.00002094
      0.00000752
      0.00000253
      0.00000079
      0.00000022
      0.00000006
      0.00000001
      0.00000000
      0.00000000
      0.00000000
      0.00000000
      0.00000000
      0.00000000
      0.00000000
      0.00000000
      0.00000000
      0.00000000
      0.00000000
      0.00000000
      0.00000000
      0.00000000
      0.00000000
      0.00000000
      0.00000000
      0.00000000
      0.00000000
      0.00000000
      0.00000000
      0.00000000
      0.00000000
      0.00000000
      0.00000000
      0.00000000
      0.00000000
      0.00000000
      0.00000000
      0.00000000
      0.00000000
      0.00000000
      0.00000000
      0.00000000
      0.00000000
      0.00000000
      0.00000000
      0.00000000
      0.00000000
      0.00000000
      0.00000000
      0.00000000
      0.00000000
      0.00000000
      0.00000000
      0.00000000
      0.00000000
      0.00000000
      0.00000000
      0.00000000
      0.00000000
      0.00000000
      0.00000000
      0.00000000
      0.00000000
      0.00000000
      0.00000000
      0.00000000
      0.00000000
      0.00000000
      0.00000000
      0.00000000
      0.00000000
      0.00000000
      0.00000000
      0.00000000
      0.00000000
      0.00000000
      0.00000000
      0.00000000
      0.00000000
      0.00000000
      0.00000000
      0.00000000
      0.00000000
      0.00000000
      0.00000000
      0.00000000
      0.00000000
      0.00000000
      0.00000000
      0.00000000
      0.00000000
      0.00000000
      0.00000000
      0.00000000
      0.00000000
      0.00000000
      0.00000000
      0.00000000
      0.00000000
      0.00000000
      0.00000000
      0.00000000
      0.00000000
      0.00000000
      0.00000000
      0.00000000
      0.00000000
      0.00000000
      0.00000000
      0.00000000
      0.00000000
      0.00000000
      0.00000000
      0.00000000
      0.00000000
      0.00000000
      0.00000000
      0.00000000
      0.00000000
      0.00000000
      0.00000000
      0.00000000
      0.00000000
      0.00000000
      0.00000000
      0.00000000
      0.00000000
      0.00000000
      0.00000000
      0.00000000
      0.00000000
      0.00000000
      0.00000000
      0.00000000
      0.00000000
      0.00000000
      0.00000000
      0.00000000
      0.00000000
      0.00000000
      0.00000000
      0.00000000
      0.00000000
      0.00000000
      0.00000000
      0.00000000
      0.00000000
      0.00000000
      0.00000000
      0.00000000
      0.00000000
      0.00000000
      0.00000000
      0.00000000
      0.00000000
      0.00000000
      0.00000000
      0.00000000
      0.00000000
      0.00000000
      0.00000000
      0.00000000
      0.00000000
      0.00000000
      0.00000000
      0.00000000
      0.00000000
      0.00000000
      0.00000000
      0.00000000
      0.00000000
      0.00000000
      0.00000000
      0.00000000
      0.00000000
      0.00000000
      0.00000000
      0.00000000
      0.00000000
      0.00000000
      0.00000000
      0.00000000
      0.00000000
      0.00000000
      0.00000000
      0.00000000
      0.00000000
      0.00000000
      0.00000000
      0.00000000
      0.00000000
      0.00000000
      0.00000000
      0.00000000
      0.00000000
      0.00000000
      0.00000000
      0.00000000
      0.00000000
      0.00000000
      0.00000000
      0.00000000
      0.00000000
      0.00000000
      0.00000000
      0.00000000
      0.00000000
      0.00000000
      0.00000000
      0.00000000
      0.00000000
      0.00000000
      0.00000000
      0.00000000
      0.00000000
      0.00000000
      0.00000000
      0.00000000
      0.00000000
      0.00000000
      0.00000000
      0.00000000
      0.00000000
      0.00000000
      0.00000000
      0.00000000
      0.00000000
      0.00000000
      0.00000000
      0.00000000
      0.00000000
      0.00000000
      0.00000000
      0.00000000
      0.00000000
      0.00000000
      0.00000000
      0.00000000
      0.00000000
      0.00000000
