      0.00000000
      0.03139356
     -0.36865867
     -0.76017742
     -1.14260750
     -1.52051066
     -1.90086223
     -2.28953694
     -2.68800607
     -3.09184128
      2.79018257
      2.39810626
      2.01595640
      1.63901560
      1.25981750
      0.87186860
      0.47323949
      0.06840806
     -0.33395686
     -0.72667844
     -1.10854430
     -1.48443141
     -1.86233868
     -2.24944336
     -2.64820406
     -3.05412105
      2.82534781
      2.43187706
      2.05029706
      1.67556754
      1.29911063
      0.91299167
      0.51413915
      0.10703708
     -0.29820404
     -0.69254842
     -1.07384376
     -1.44729666
     -1.82211627
     -2.20707839
     -2.60596712
     -3.01436521
      2.86184970
      2.46648043
      2.08546369
      1.71342470
      1.34046387
      0.95686827
      0.55802135
      0.14820376
     -0.26074065
     -0.65732160
     -1.03807355
     -1.40853903
     -1.77937560
     -2.16134397
     -2.56003880
     -2.97141262
      2.90055765
      2.50253012
      2.12201693
      1.75331189
      1.38492200
      1.00491025
      0.60652498
      0.19344543
     -0.22040486
     -0.62018029
     -1.00050015
     -1.36722405
     -1.73277019
     -2.11040182
     -2.50824967
     -2.92319396
      2.94305082
      2.54113249
      2.16092940
      1.79644902
      1.43424313
      1.05954656
      0.66257146
      0.24560331
     -0.17500395
     -0.57959584
     -0.95980962
     -1.32173288
     -1.67996741
     -2.05098608
     -2.44658430
     -2.86571257
      2.99245693
      2.58445808
      2.20402022
      1.84502927
      1.49158293
      1.12526098
      0.73181793
      0.31046939
     -0.11992328
     -0.53237802
     -0.91340472
     -1.26901810
     -1.61659769
     -1.97678538
     -2.36683121
     -2.79026052
      3.05587833
      2.63740257
      2.25514030
      1.90341682
      1.56316031
      1.21120456
      0.82662094
      0.40174616
     -0.04363031
     -0.47059129
     -0.85530096
     -1.20259949
     -1.53351849
     -1.87405589
     -2.24956546
     -2.67399977
     -3.12978237
      2.71380190
      2.32418361
      1.98167813
      1.66294802
      1.33890842
      0.97919821
      0.56044769
      0.09244990
     -0.36741999
     -0.76759195
     -1.10585520
     -1.40832614
     -1.70729186
     -2.03768793
     -2.43552558
     -2.91229933
      2.87560013
      2.44905712
      2.11002881
      1.82912983
      1.57068660
      1.29922026
      0.97108367
      0.53287405
     -0.01594790
     -0.53322631
     -0.91055039
     -1.17158828
     -1.36118191
     -1.50614783
     -1.61959640
     -1.70777372
     -1.77434770
     -1.82268239
     -1.85657099
     -1.87991251
     -1.89609297
     -1.90763498
     -1.91621196
     -1.92285608
     -1.92818640
     -1.93257921
     -1.93627321
     -1.93942821
     -1.94215672
     -1.94454114
     -1.94664358
     -1.94851194
     -1.95018376
     -1.95168896
     -1.95305164
     -1.95429146
     -1.95542460
     -1.95646453
     -1.95742254
     -1.95830815
     -1.95912948
     -1.95989347
     -1.96060609
     -1.96127252
     -1.96189727
     -1.96248428
     -1.96303701
     -1.96355851
     -1.96405149
     -1.96451834
     -1.96496121
     -1.96538203
     -1.96578249
     -1.96616417
     -1.96652844
     -1.96687659
     -1.96720974
     -1.96752896
     -1.96783519
     -1.96812929
     -1.96841207
     -1.96868424
     -1.96894650
     -1.96919944
     -1.96944364
     -1.96967963
     -1.96990789
     -1.97012887
     -1.97034300
     -1.97055066
     -1.97075221
     -1.97094799
     -1.97113831
     -1.97132344
     -1.97150363
     -1.97167903
     -1.97184968
     -1.97201524
     -1.97217456
     -1.97232451
     -1.97245735
     -1.97255529
     -1.97257961
     -1.97245111
     -1.97201957
     -1.97102697
     -1.96909267
     -1.96580349
     -1.96108652
     -1.95612969
     -1.95499963
     -1.96651421
     -2.00524955
     -2.09165756
     -2.25507244
     -2.54564447
     -3.04542433
      2.53193537
      1.93520608
      1.56489807
      1.32738581
      1.14067816
      0.94374129
      0.67387385
      0.24824782
     -0.38807223
     -1.03156681
     -1.46628988
     -1.74223021
     -1.94411041
     -2.13607781
     -2.37857912
     -2.74816324
      2.95830519
      2.28197373
      1.78335867
      1.46988022
      1.25464239
      1.06943383
      0.85533834
      0.54097636
      0.03083317
     -0.66994332
     -1.25273734
     -1.60698157
     -1.80999271
     -1.92195741
     -1.97688894
     -1.99727753
     -1.99967838
     -1.99514300
     -1.98955335
     -1.98514993
     -1.98229096
     -1.98065302
     -1.97981082
     -1.97943281
     -1.97930617
     -1.97930850
     -1.97937453
     -1.97947131
     -1.97958299
     -1.97970225
     -1.97982582
     -1.97995234
     -1.98008129
     -1.98021251
     -1.98034601
     -1.98048185
     -1.98062015
     -1.98076103
     -1.98090463
     -1.98105109
     -1.98120057
     -1.98135322
     -1.98150923
     -1.98166876
     -1.98183202
     -1.98199921
     -1.98217053
     -1.98234623
     -1.98252655
     -1.98271174
     -1.98290209
     -1.98309788
     -1.98329944
     -1.98350710
     -1.98372123
     -1.98394221
     -1.98417047
     -1.98440646
     -1.98465066
     -1.98490361
     -1.98516586
     -1.98543804
     -1.98572081
     -1.98601492
     -1.98632114
     -1.98664036
     -1.98697352
     -1.98732166
     -1.98768594
     -1.98806761
     -1.98846808
     -1.98888889
     -1.98933176
     -1.98979862
     -1.99029159
     -1.99081309
     -1.99136582
     -1.99195283
     -1.99257758
     -1.99324402
     -1.99395664
     -1.99472062
     -1.99554195
     -1.99642756
     -1.99738557
     -1.99842550
     -1.99955865
     -2.00079846
     -2.00216114
     -2.00366634
     -2.00533817
     -2.00720652
     -2.00930896
     -2.01169338
     -2.01442190
     -2.01757690
     -2.02127089
     -2.02566370
     -2.03099402
     -2.03763814
     -2.04621513
     -2.05775713
     -2.07393759
     -2.09727911
     -2.13116772
     -2.17950241
     -2.24607638
     -2.33425371
     -2.44770227
     -2.59266820
     -2.78226182
     -3.04329972
      2.86256152
      2.34528310
      1.79646115
      1.35825153
      1.03011494
      0.75864860
      0.50020537
      0.21930640
     -0.11972192
     -0.54626493
     -1.04155077
     -1.51832452
     -1.91616217
     -2.24655824
     -2.54552396
     -2.84799490
      3.09692715
      2.69675520
      2.23688530
      1.76888752
      1.35013700
      0.99042678
      0.66638718
      0.34765707
      0.00515160
     -0.38446669
     -0.82406773
     -1.27985033
     -1.70428464
     -2.07979422
     -2.42033161
     -2.75125061
     -3.09854914
      2.79992649
      2.37296552
      1.92758904
      1.50271426
      1.11813065
      0.76617489
      0.42591838
      0.07419491
     -0.30806737
     -0.72654313
     -1.16358958
     -1.58701889
     -1.97706473
     -2.33725241
     -2.68483200
     -3.04044538
      2.86171323
      2.44925849
      2.01886581
      1.59751727
      1.20407423
      0.83775228
      0.48430593
      0.12531499
     -0.25512287
     -0.66312173
     -1.08813753
     -1.50726580
     -1.90286402
     -2.27388269
     -2.63211722
     -2.99404048
      2.90893104
      2.50433916
      2.08373189
      1.66676374
      1.26978864
      0.89509208
      0.53288619
      0.16840581
     -0.21179728
     -0.61371561
     -1.03065614
     -1.44560043
     -1.84344828
     -2.22107991
     -2.58662606
     -2.95334996
      2.94951549
      2.54974006
      2.13588977
      1.72281022
      1.32442495
      0.94441320
      0.57602331
      0.20731827
     -0.17319492
     -0.57122245
     -0.98243748
     -1.39381130
     -1.79250613
     -2.17447450
     -2.54531107
     -2.91577655
      2.98665680
      2.59007585
      2.18113145
      1.77131386
      1.37246694
      0.98887133
      0.61591051
      0.24387152
     -0.13714523
     -0.53251450
     -0.93948489
     -1.34788298
     -1.74677171
     -2.13173384
     -2.50655344
     -2.88000634
      3.02188363
      2.62753924
      2.22229813
      1.81519605
      1.41634354
      1.03022457
      0.65376766
      0.27903814
     -0.10254186
     -0.49601260
     -0.89972905
     -1.30564604
     -1.70440674
     -2.09151143
     -2.46941869
     -2.84530580
      3.05601364
      2.66329207
      2.26092715
      1.85609572
      1.45746660
      1.06951771
      0.69031960
      0.31337881
     -0.06877105
     -0.46084736
     -0.86200882
     -1.26584403
     -1.66431316
     -2.05298787
     -2.43333945
     -2.81124260
      3.08951262
      2.69799387
      2.29794165
      0.00000000
