      0.00000000
      0.00115744
      0.00220426
      0.00258378
      0.00274326
      0.00287566
      0.00302454
      0.00318369
      0.00333577
      0.00346554
      0.00356378
      0.00362802
      0.00366186
      0.00367293
      0.00367018
      0.00366148
      0.00365235
      0.00364573
      0.00364260
      0.00364265
      0.00364499
      0.00364864
      0.00365277
      0.00365684
      0.00366059
      0.00366394
      0.00366697
      0.00366977
      0.00367246
      0.00367509
      0.00367766
      0.00368008
      0.00368225
      0.00368405
      0.00368544
      0.00368650
      0.00368756
      0.00368923
      0.00369244
      0.00369825
      0.00370761
      0.00372080
      0.00373670
      0.00375191
      0.00376019
      0.00375259
      0.00371871
      0.00364916
      0.00353807
      0.00338436
      0.00319147
      0.00296597
      0.00271625
      0.00245178
      0.00218276
      0.00191989
      0.00167412
      0.00145590
      0.00127406
      0.00113432
      0.00103826
      0.00098399
      0.00096845
      0.00099016
      0.00105040
      0.00115205
      0.00129682
      0.00148306
      0.00170512
      0.00195433
      0.00222042
      0.00249271
      0.00276082
      0.00301507
      0.00324686
      0.00344894
      0.00361584
      0.00374413
      0.00383243
      0.00388089
      0.00389013
      0.00386040
      0.00379132
      0.00368254
      0.00353470
      0.00335027
      0.00313378
      0.00289167
      0.00263191
      0.00236368
      0.00209698
      0.00184238
      0.00161043
      0.00141081
      0.00125100
      0.00113487
      0.00106223
      0.00102995
      0.00103446
      0.00107392
      0.00114868
      0.00125971
      0.00140615
      0.00158346
      0.00178301
      0.00199264
      0.00219731
      0.00237746
      0.00250007
      0.00250230
      0.00232134
      0.00211411
      0.00225427
      0.00256974
      0.00276179
      0.00286021
      0.00295541
      0.00308390
      0.00324205
      0.00341174
      0.00357452
      0.00371627
      0.00382745
      0.00390209
      0.00393683
      0.00393030
      0.00388288
      0.00379667
      0.00367592
      0.00352767
      0.00336289
      0.00319727
      0.00304995
      0.00293615
      0.00284882
      0.00273128
      0.00248729
      0.00217826
      0.00217742
      0.00242739
      0.00255245
      0.00250468
      0.00236049
      0.00217175
      0.00196517
      0.00175806
      0.00156436
      0.00139550
      0.00125996
      0.00116308
      0.00110743
      0.00109380
      0.00112226
      0.00119246
      0.00130313
      0.00145096
      0.00162978
      0.00183033
      0.00204057
      0.00224599
      0.00242786
      0.00255476
      0.00256556
      0.00239215
      0.00217002
      0.00228670
      0.00260660
      0.00280814
      0.00290873
      0.00300210
      0.00312870
      0.00328674
      0.00345837
      0.00362439
      0.00376913
      0.00388071
      0.00395052
      0.00397309
      0.00394672
      0.00387361
      0.00375961
      0.00361367
      0.00344795
      0.00327849
      0.00312464
      0.00300357
      0.00291438
      0.00281132
      0.00259832
      0.00228074
      0.00220374
      0.00243936
      0.00259624
      0.00257198
      0.00243926
      0.00225577
      0.00205087
      0.00184248
      0.00164473
      0.00146938
      0.00132544
      0.00121896
      0.00115318
      0.00112935
      0.00114772
      0.00120803
      0.00130915
      0.00144817
      0.00161957
      0.00181482
      0.00202260
      0.00222910
      0.00241714
      0.00255963
      0.00260335
      0.00247059
      0.00221658
      0.00222866
      0.00254641
      0.00279057
      0.00290768
      0.00299596
      0.00311150
      0.00326092
      0.00342897
      0.00359655
      0.00374773
      0.00387094
      0.00395818
      0.00400427
      0.00400657
      0.00396499
      0.00388195
      0.00376243
      0.00361414
      0.00344827
      0.00328033
      0.00312933
      0.00301153
      0.00292368
      0.00281576
      0.00258999
      0.00226975
      0.00221820
      0.00246418
      0.00261304
      0.00258175
      0.00244595
      0.00226180
      0.00205780
      0.00185162
      0.00165728
      0.00148618
      0.00134647
      0.00124256
      0.00117547
      0.00114426
      0.00114789
      0.00118654
      0.00126136
      0.00137307
      0.00152000
      0.00169697
      0.00189508
      0.00210240
      0.00230440
      0.00248225
      0.00260369
      0.00260587
      0.00242296
      0.00220754
      0.00234221
      0.00265902
      0.00285061
      0.00294612
      0.00303805
      0.00316418
      0.00332141
      0.00349165
      0.00365584
      0.00379849
      0.00390787
      0.00397542
      0.00399576
      0.00396720
      0.00389200
      0.00377607
      0.00362844
      0.00346139
      0.00329105
      0.00313679
      0.00301551
      0.00292555
      0.00281971
      0.00260095
      0.00227951
      0.00220818
      0.00244812
      0.00260394
      0.00257789
      0.00244391
      0.00225956
      0.00205409
      0.00184534
      0.00164739
      0.00147192
      0.00132781
      0.00122092
      0.00115433
      0.00112921
      0.00114583
      0.00120408
      0.00130305
      0.00144007
      0.00160977
      0.00180370
      0.00201059
      0.00221665
      0.00240478
      0.00254833
      0.00259510
      0.00246766
      0.00221440
      0.00221611
      0.00252869
      0.00277403
      0.00289148
      0.00297853
      0.00309228
      0.00323998
      0.00340655
      0.00357287
      0.00372305
      0.00384567
      0.00393298
      0.00398007
      0.00398437
      0.00394557
      0.00386567
      0.00374902
      0.00360270
      0.00343729
      0.00326775
      0.00311291
      0.00298989
      0.00289846
      0.00279433
      0.00258193
      0.00225958
      0.00216799
      0.00240130
      0.00256572
      0.00254691
      0.00241648
      0.00223378
      0.00202930
      0.00182160
      0.00162525
      0.00145209
      0.00131050
      0.00120474
      0.00113521
      0.00110004
      0.00109743
      0.00112735
      0.00119167
      0.00129243
      0.00142950
      0.00159895
      0.00179263
      0.00199884
      0.00220320
      0.00238766
      0.00252345
      0.00255475
      0.00240848
      0.00217196
      0.00222964
      0.00254195
      0.00275957
      0.00286438
      0.00295178
      0.00306956
      0.00321977
      0.00338571
      0.00354841
      0.00369284
      0.00380870
      0.00388947
      0.00393133
      0.00393246
      0.00389270
      0.00381355
      0.00369853
      0.00355387
      0.00338950
      0.00322004
      0.00306423
      0.00293945
      0.00284619
      0.00274155
      0.00253165
      0.00221207
      0.00211473
      0.00234119
      0.00250444
      0.00248584
      0.00235485
      0.00217084
      0.00196471
      0.00175532
      0.00155737
      0.00138265
      0.00123944
      0.00113204
      0.00106146
      0.00102728
      0.00102986
      0.00107144
      0.00115532
      0.00128358
      0.00145505
      0.00166461
      0.00190402
      0.00216327
      0.00243178
      0.00269911
      0.00295546
      0.00319196
      0.00340101
      0.00357662
      0.00371465
      0.00381290
      0.00387074
      0.00388827
      0.00386555
      0.00380228
      0.00369825
      0.00355415
      0.00337239
      0.00315732
      0.00291518
      0.00265374
      0.00238204
      0.00211013
      0.00184897
      0.00161018
      0.00140535
      0.00124440
      0.00113279
      0.00106916
      0.00104505
      0.00104766
      0.00106395
      0.00108385
      0.00110133
      0.00111384
      0.00112098
      0.00112314
      0.00112062
      0.00111320
      0.00110031
      0.00108174
      0.00105887
      0.00103614
      0.00102215
      0.00102942
      0.00107189
      0.00116066
      0.00130020
      0.00148724
      0.00171277
      0.00196504
      0.00223189
      0.00250168
      0.00276356
      0.00300745
      0.00322407
      0.00340542
      0.00354565
      0.00364261
      0.00369901
      0.00372228
      0.00372266
      0.00371047
      0.00369394
      0.00367826
      0.00366582
      0.00365703
      0.00365118
      0.00364724
      0.00364440
      0.00364238
      0.00364148
      0.00364246
      0.00364617
      0.00365299
      0.00366210
      0.00367063
      0.00367319
      0.00366195
      0.00362800
      0.00356369
      0.00346543
      0.00333567
      0.00318361
      0.00302448
      0.00287562
      0.00274323
      0.00258376
      0.00220425
      0.00115744
      0.00000000
