      0.00000000
      0.00101211
      0.00190129
      0.00212700
      0.00206936
      0.00191075
      0.00171751
      0.00151992
      0.00133795
      0.00118686
      0.00107666
      0.00101013
      0.00098224
      0.00098224
      0.00099771
      0.00101813
      0.00103674
      0.00105044
      0.00105878
      0.00106277
      0.00106392
      0.00106367
      0.00106308
      0.00106279
      0.00106307
      0.00106390
      0.00106516
      0.00106664
      0.00106819
      0.00106974
      0.00107128
      0.00107294
      0.00107487
      0.00107727
      0.00108027
      0.00108386
      0.00108769
      0.00109105
      0.00109273
      0.00109119
      0.00108481
      0.00107256
      0.00105504
      0.00103578
      0.00102239
      0.00102657
      0.00106221
      0.00114145
      0.00127064
      0.00144845
      0.00166724
      0.00191594
      0.00218258
      0.00245556
      0.00272408
      0.00297823
      0.00320922
      0.00340971
      0.00357440
      0.00370058
      0.00378830
      0.00383961
      0.00385689
      0.00384123
      0.00379165
      0.00370584
      0.00358185
      0.00341969
      0.00322207
      0.00299430
      0.00274367
      0.00247895
      0.00220985
      0.00194669
      0.00169996
      0.00147968
      0.00129457
      0.00115101
      0.00105248
      0.00099989
      0.00099285
      0.00103107
      0.00111470
      0.00124337
      0.00141480
      0.00162396
      0.00186319
      0.00212314
      0.00239359
      0.00266425
      0.00292519
      0.00316724
      0.00338236
      0.00356413
      0.00370837
      0.00381361
      0.00388100
      0.00391329
      0.00391325
      0.00388233
      0.00382048
      0.00372735
      0.00360425
      0.00345610
      0.00329305
      0.00313087
      0.00298853
      0.00287892
      0.00278787
      0.00264744
      0.00236595
      0.00207008
      0.00214085
      0.00240186
      0.00250503
      0.00244216
      0.00229094
      0.00209909
      0.00189159
      0.00168526
      0.00149389
      0.00132907
      0.00120015
      0.00111408
      0.00107535
      0.00108592
      0.00114522
      0.00125020
      0.00139545
      0.00157323
      0.00177354
      0.00198420
      0.00219080
      0.00237504
      0.00250678
      0.00252724
      0.00236262
      0.00211668
      0.00219260
      0.00252397
      0.00275165
      0.00286398
      0.00295812
      0.00308153
      0.00323599
      0.00340483
      0.00356940
      0.00371528
      0.00383316
      0.00391795
      0.00396743
      0.00398095
      0.00395847
      0.00390021
      0.00380720
      0.00368237
      0.00353183
      0.00336624
      0.00320140
      0.00305628
      0.00294453
      0.00285438
      0.00272121
      0.00244935
      0.00214151
      0.00218707
      0.00245058
      0.00256500
      0.00250850
      0.00235969
      0.00216791
      0.00195851
      0.00174827
      0.00155137
      0.00138088
      0.00124900
      0.00116641
      0.00114068
      0.00117436
      0.00126415
      0.00140198
      0.00157698
      0.00177694
      0.00198880
      0.00219831
      0.00238831
      0.00253204
      0.00257676
      0.00244349
      0.00217914
      0.00217467
      0.00249841
      0.00275816
      0.00288451
      0.00297616
      0.00309238
      0.00324151
      0.00340889
      0.00357566
      0.00372646
      0.00385103
      0.00394343
      0.00400083
      0.00402222
      0.00400741
      0.00395660
      0.00387067
      0.00375213
      0.00360632
      0.00344276
      0.00327603
      0.00312478
      0.00300545
      0.00291547
      0.00280587
      0.00257862
      0.00225142
      0.00218900
      0.00243869
      0.00259798
      0.00257372
      0.00244126
      0.00225802
      0.00205291
      0.00184355
      0.00164400
      0.00146656
      0.00132192
      0.00121903
      0.00116461
      0.00116243
      0.00121261
      0.00131167
      0.00145310
      0.00162814
      0.00182627
      0.00203538
      0.00224156
      0.00242768
      0.00256628
      0.00260285
      0.00245926
      0.00219944
      0.00222139
      0.00254708
      0.00279255
      0.00291046
      0.00299982
      0.00311570
      0.00326401
      0.00342934
      0.00359294
      0.00373999
      0.00386110
      0.00395165
      0.00401039
      0.00403782
      0.00403460
      0.00400063
      0.00393516
      0.00383790
      0.00371066
      0.00355896
      0.00339328
      0.00322947
      0.00308642
      0.00297691
      0.00288693
      0.00274833
      0.00246665
      0.00216436
      0.00223131
      0.00249571
      0.00260108
      0.00253841
      0.00238672
      0.00219383
      0.00198422
      0.00177430
      0.00157804
      0.00140836
      0.00127731
      0.00119546
      0.00117028
      0.00120424
      0.00129405
      0.00143162
      0.00160608
      0.00180520
      0.00201591
      0.00222398
      0.00241237
      0.00255432
      0.00259690
      0.00246151
      0.00219898
      0.00220090
      0.00252297
      0.00277642
      0.00289857
      0.00298820
      0.00310322
      0.00325123
      0.00341728
      0.00358252
      0.00373170
      0.00385467
      0.00394566
      0.00400195
      0.00402258
      0.00400736
      0.00395639
      0.00387040
      0.00375172
      0.00360553
      0.00344119
      0.00327316
      0.00312004
      0.00299841
      0.00290638
      0.00279621
      0.00257014
      0.00223984
      0.00216627
      0.00241370
      0.00257774
      0.00255675
      0.00242530
      0.00224188
      0.00203609
      0.00182584
      0.00162532
      0.00144675
      0.00130060
      0.00119542
      0.00113759
      0.00113078
      0.00117544
      0.00126873
      0.00140486
      0.00157568
      0.00177106
      0.00197904
      0.00218578
      0.00237436
      0.00251859
      0.00256718
      0.00244175
      0.00218004
      0.00216135
      0.00247564
      0.00273522
      0.00286089
      0.00294972
      0.00306213
      0.00320725
      0.00337055
      0.00353303
      0.00367942
      0.00380005
      0.00389037
      0.00394958
      0.00397879
      0.00397917
      0.00395074
      0.00389229
      0.00380258
      0.00368215
      0.00353520
      0.00337097
      0.00320435
      0.00305417
      0.00293570
      0.00284228
      0.00271759
      0.00246316
      0.00213401
      0.00211773
      0.00238005
      0.00252311
      0.00248557
      0.00234555
      0.00215778
      0.00195032
      0.00174089
      0.00154362
      0.00137039
      0.00123082
      0.00113219
      0.00107948
      0.00107530
      0.00111993
      0.00121121
      0.00134451
      0.00151272
      0.00170634
      0.00191355
      0.00212033
      0.00230938
      0.00245421
      0.00250368
      0.00238004
      0.00211887
      0.00209494
      0.00240701
      0.00266978
      0.00279854
      0.00288901
      0.00300217
      0.00314760
      0.00331090
      0.00347315
      0.00361915
      0.00373930
      0.00382896
      0.00388680
      0.00391283
      0.00390660
      0.00386636
      0.00378948
      0.00367379
      0.00351903
      0.00332755
      0.00310424
      0.00285599
      0.00259118
      0.00231917
      0.00205002
      0.00179400
      0.00156116
      0.00136051
      0.00119923
      0.00108196
      0.00101090
      0.00098668
      0.00100948
      0.00107949
      0.00119625
      0.00135743
      0.00155804
      0.00179052
      0.00204552
      0.00231276
      0.00258174
      0.00284216
      0.00308427
      0.00329906
      0.00347880
      0.00361799
      0.00371473
      0.00377176
      0.00379623
      0.00379789
      0.00378660
      0.00377027
      0.00375411
      0.00374083
      0.00373143
      0.00372609
      0.00372478
      0.00372760
      0.00373461
      0.00374533
      0.00375792
      0.00376826
      0.00376938
      0.00375179
      0.00370508
      0.00362053
      0.00349341
      0.00332397
      0.00311669
      0.00287881
      0.00261915
      0.00234743
      0.00207417
      0.00181063
      0.00156880
      0.00136082
      0.00119728
      0.00108432
      0.00102080
      0.00099788
      0.00100195
      0.00101914
      0.00103885
      0.00105498
      0.00106537
      0.00107039
      0.00107159
      0.00107071
      0.00106899
      0.00106683
      0.00106376
      0.00105853
      0.00104958
      0.00103575
      0.00101728
      0.00099713
      0.00098195
      0.00098217
      0.00101021
      0.00107680
      0.00118701
      0.00133808
      0.00152001
      0.00171757
      0.00191079
      0.00206939
      0.00212701
      0.00190130
      0.00101212
      0.00000000
