      0.00000000
     -0.65236082
     -0.91310551
     -1.10036756
     -1.23983881
     -1.36122320
     -1.48727522
     -1.63079959
     -1.79642325
     -1.98349407
     -2.18842976
     -2.40635685
     -2.63228370
     -2.86192972
     -3.09219671
      2.96191387
      2.73475067
      2.50946870
      2.28564600
      2.06275063
      1.84031449
      1.61800961
      1.39565586
      1.17319111
      0.95062847
      0.72801641
      0.50540951
      0.28285208
      0.06037311
     -0.16201030
     -0.38428466
     -0.60643034
     -0.82841400
     -1.05018653
     -1.27169014
     -1.49287741
     -1.71374341
     -1.93436807
     -2.15496018
     -2.37588589
     -2.59765570
     -2.82083738
     -3.04586478
      3.01045252
      2.78257300
      2.55570639
      2.33329044
      2.12011402
      1.92194282
      1.74493659
      1.59504782
      1.47756869
      1.39689182
      1.35645276
      1.35877399
      1.40551418
      1.49740546
      1.63393412
      1.81267996
      2.02853376
      2.27348016
      2.53757254
      2.81058606
      3.08287341
     -2.93826482
     -2.69630843
     -2.48387908
     -2.30851661
     -2.17500877
     -2.08561310
     -2.04078300
     -2.03978173
     -2.08099220
     -2.16200329
     -2.27960367
     -2.42977637
     -2.60774678
     -2.80810447
     -3.02498613
      3.03091060
      2.79942712
      2.56996677
      2.34871099
      2.14174902
      1.95496289
      1.79385567
      1.66336773
      1.56773280
      1.51040109
      1.49402446
      1.52046753
      1.59077206
      1.70495609
      1.86151808
      2.05666917
      2.28372628
      2.53343565
      2.79547360
      3.06010023
     -2.96452752
     -2.72018099
     -2.49804862
     -2.30548479
     -2.14837501
     -2.03094801
     -1.95660281
     -1.92973381
     -1.95871291
     -2.06055594
     -2.26814854
     -2.63877150
      3.05978243
      2.40591109
      1.93320475
      1.64607355
      1.46942944
      1.34567971
      1.23674038
      1.11989777
      0.98395409
      0.82527703
      0.64470149
      0.44560368
      0.23282785
      0.01206824
     -0.21054897
     -0.42880919
     -0.63673568
     -0.82894157
     -1.00108548
     -1.15059785
     -1.27798787
     -1.38914150
     -1.49877693
     -1.63444079
     -1.84032560
     -2.18168725
     -2.72862175
      2.88786258
      2.37427693
      2.06714081
      1.90092121
      1.82678311
      1.81804046
      1.86114552
      1.94946612
      2.07933632
      2.24756639
      2.44986464
      2.67993752
      2.92929766
     -3.09542404
     -2.83882536
     -2.59483999
     -2.37304731
     -2.18111736
     -2.02455860
     -1.90713348
     -1.83192848
     -1.80312753
     -1.82883002
     -1.92552686
     -2.12509398
     -2.48348664
     -3.05596740
      2.56807664
      2.08172912
      1.78559912
      1.60471979
      1.48013540
      1.37267551
      1.25872552
      1.12640239
      0.97164871
      0.79515189
      0.60043873
      0.39281171
      0.17867693
     -0.03502656
     -0.24140023
     -0.43415521
     -0.60817776
     -0.76021473
     -0.88999055
     -1.00221011
     -1.10973861
     -1.23752209
     -1.42638402
     -1.73728727
     -2.24404734
     -2.90756392
      2.82309434
      2.48271998
      2.29474080
      2.20562178
      2.18521496
      2.21795898
      2.29618499
      2.41583359
      2.57376572
      2.76607898
      2.98710757
     -3.05411717
     -2.80081781
     -2.54678961
     -2.30267746
     -2.07819290
     -1.88132511
     -1.71798128
     -1.59224561
     -1.50727037
     -1.46682621
     -1.47779316
     -1.55415176
     -1.72328257
     -2.03502313
     -2.55496923
      3.05984529
      2.51810060
      2.18177826
      1.97958827
      1.84687583
      1.74003976
      1.63196811
      1.50818069
      1.36286772
      1.19551605
      1.00868917
      0.80677348
      0.59526981
      0.38031265
      0.16825434
     -0.03474086
     -0.22310877
     -0.39235282
     -0.53971802
     -0.66537442
     -0.77452877
     -0.88069645
     -1.00964411
     -1.20322035
     -1.52379403
     -2.04455705
     -2.71129933
      3.03193043
      2.70316755
      2.52287680
      2.43886521
      2.42201473
      2.45731227
      2.53728620
      2.65779209
      2.81535779
      3.00559706
     -3.06066888
     -2.82448416
     -2.57709841
     -2.32656341
     -2.08084654
     -1.84803776
     -1.63614673
     -1.45235178
     -1.30229929
     -1.19009430
     -1.11918092
     -1.09412597
     -1.12354541
     -1.22471896
     -1.43070928
     -1.79871383
     -2.38043962
     -3.03506026
      2.77264541
      2.48398295
      2.30745029
      2.18530963
      2.07930169
      1.96647033
      1.83533699
      1.68203948
      1.50732679
      1.31471324
      1.10944847
      0.89786366
      0.68681293
      0.48310939
      0.29296213
      0.12141086
     -0.02836640
     -0.15618356
     -0.26686587
     -0.37344004
     -0.50105242
     -0.69078392
     -1.00401688
     -1.51470556
     -2.17998284
     -2.72963576
     -3.06689217
      3.03048644
      2.94283497
      2.92344405
      2.95690244
      3.03561392
     -3.12764392
     -2.96964407
     -2.77747869
     -2.55678052
     -2.31522527
     -2.06222184
     -1.80817946
     -1.56362056
     -1.33826865
     -1.14023356
     -0.97557539
     -0.84849766
     -0.76220809
     -0.72045744
     -0.73001265
     -0.80460923
     -0.97118029
     -1.27885114
     -1.79332006
     -2.46055924
     -3.00702774
      2.93560303
      2.73073455
      2.59641301
      2.48857498
      2.37974346
      2.25518611
      2.10894554
      1.94042668
      1.75213627
      1.54840305
      1.33466172
      1.11698245
      0.90167781
      0.69492247
      0.50236145
      0.32865839
      0.17684591
      0.04719401
     -0.06481714
     -0.17169457
     -0.29788206
     -0.48359718
     -0.78919461
     -1.28948568
     -1.95325431
     -2.51330952
     -2.85956291
     -3.05109835
      3.14076872
      3.11897927
     -3.13229849
     -3.05452858
     -2.93515540
     -2.77768729
     -2.58660441
     -2.36810037
     -2.12978121
     -1.87965427
     -1.62532671
     -1.37411359
     -1.13368565
     -0.91221987
     -0.71759786
     -0.55631378
     -0.43306914
     -0.35144171
     -0.31555266
     -0.33280650
     -0.41816342
     -0.60074090
     -0.93267710
     -1.47517596
     -2.13936169
     -2.65573844
     -2.97423499
      3.11541625
      2.98492014
      2.87583414
      2.76260254
      2.63195465
      2.47892243
      2.30352601
      2.10862977
      1.89873546
      1.67930681
      1.45633853
      1.23601838
      1.02441017
      0.82711243
      0.64882917
      0.49271571
      0.35922882
      0.24407655
      0.13498846
      0.00772695
     -0.17774416
     -0.48154103
     -0.97865100
     -1.64125228
     -2.20399897
     -2.55292844
     -2.74623139
     -2.83849783
     -2.86039894
     -2.82767296
     -2.74803581
     -2.62561380
     -2.46375789
     -2.26674596
     -2.04053100
     -1.79256436
     -1.53111600
     -1.26492996
     -1.00353637
     -0.75739517
     -0.53691809
     -0.35076173
     -0.20472159
     -0.10181461
     -0.04302424
     -0.02800811
     -0.05549279
     -0.12340853
     -0.22889844
     -0.36830531
     -0.53719416
     -0.73043673
     -0.94235563
     -1.16689825
     -1.39779572
     -1.62867660
     -1.85314504
     -2.06486662
     -2.25770069
     -2.42587929
     -2.56419376
     -2.66814024
     -2.73399365
     -2.75880860
     -2.74037627
     -2.67721693
     -2.56878343
     -2.41615710
     -2.22339219
     -1.99889346
     -1.75509226
     -1.50524292
     -1.25921091
     -1.02155040
     -0.79253123
     -0.57028015
     -0.35246614
     -0.13714240
      0.07705249
      0.29106507
      0.50577427
      0.72237407
      0.94265660
      1.16902074
      1.40394132
      1.64857956
      1.90053007
      2.15181745
      2.38942494
      2.59923023
      2.77046562
      2.89730989
      2.97777707
      3.01204292
      3.00142355
      2.94803255
      2.85478688
      2.72550838
      2.56497750
      2.37884134
      2.17330535
      1.95460432
      1.72836079
      1.49902934
      1.26961117
      1.04170276
      0.81580152
      0.59171803
      0.36895677
      0.14698563
     -0.07462512
     -0.29617530
     -0.51788225
     -0.73996299
     -0.96271131
     -1.18653091
     -1.41188748
     -1.63915028
     -1.86831568
     -2.09864790
     -2.32833028
     -2.55426906
     -2.77219145
     -2.97711363
      3.11901713
      2.95340876
      2.80989690
      2.68385409
      2.56247580
      2.42300813
      2.23574791
      1.97500399
      0.00000000
