      0.00000000
      1.26500999
      1.50594787
      1.65454203
      1.72432118
      1.72977904
      1.68066434
      1.58227515
      1.43789861
      1.25164155
      1.03094682
      0.78744492
      0.53467329
      0.28376989
      0.04065744
     -0.19359984
     -0.42072176
     -0.64329025
     -0.86364543
     -1.08346113
     -1.30370402
     -1.52476548
     -1.74664852
     -1.96914822
     -2.19199459
     -2.41494618
     -2.63783664
     -2.86058468
     -3.08318015
      2.97752772
      2.75512102
      2.53275809
      2.31046335
      2.08833720
      1.86656605
      1.64540649
      1.42513120
      1.20592729
      0.98774676
      0.77012210
      0.55197907
      0.33150979
      0.10622914
     -0.12655977
     -0.36857454
     -0.61850340
     -0.86986403
     -1.11081835
     -1.32737235
     -1.50794533
     -1.64569663
     -1.73791069
     -1.78435154
     -1.78607955
     -1.74496432
     -1.66360137
     -1.54535786
     -1.39439830
     -1.21562073
     -1.01448053
     -0.79672848
     -0.56814422
     -0.33437074
     -0.10091048
      0.12675556
      0.34304748
      0.54228579
      0.71884831
      0.86742541
      0.98327308
      1.06238841
      1.10158612
      1.09850093
      1.05157143
      0.96009034
      0.82443709
      0.64659312
      0.43088265
      0.18456895
     -0.08223121
     -0.35746354
     -0.62841063
     -0.88287753
     -1.11028351
     -1.30256531
     -1.45450278
     -1.56336037
     -1.62821166
     -1.64936236
     -1.62803216
     -1.56624892
     -1.46684843
     -1.33348852
     -1.17061325
     -0.98332584
     -0.77716200
     -0.55780458
     -0.33082630
     -0.10154995
      0.12494709
      0.34375183
      0.55008978
      0.73948657
      0.90822292
      1.05421699
      1.17859178
      1.28827924
      1.39971220
      1.54286865
      1.76526177
      2.13676855
      2.72176437
     -2.89738290
     -2.41946105
     -2.14112222
     -1.99404599
     -1.93337170
     -1.93526066
     -1.98785181
     -2.08546952
     -2.22502257
     -2.40370280
     -2.61731013
     -2.85889364
     -3.11800916
      2.90186240
      2.64842168
      2.41706813
      2.21666742
      2.05282208
      1.92893259
      1.84763007
      1.81256673
      1.83105395
      1.91828203
      2.10407801
      2.44233384
      2.99591314
     -2.61725911
     -2.10628862
     -1.79433793
     -1.60534026
     -1.47756914
     -1.37002731
     -1.25777319
     -1.12801436
     -0.97608833
     -0.80215075
     -0.60902407
     -0.40096542
     -0.18297774
      0.03958337
      0.26123952
      0.47654488
      0.68025164
      0.86757027
      1.03462195
      1.17924124
      1.30241801
      1.41075757
      1.52005923
      1.65934235
      1.87481822
      2.23471632
      2.80647589
     -2.80924195
     -2.31742416
     -2.02858257
     -1.87454044
     -1.80870701
     -1.80609471
     -1.85425715
     -1.94740237
     -2.08274404
     -2.25807960
     -2.46966576
     -2.70994294
     -2.96602435
      3.06218351
      2.82487590
      2.61738378
      2.44661026
      2.31594158
      2.22750072
      2.18423404
      2.19238985
      2.26532930
      2.42968739
      2.73466114
     -3.03509549
     -2.36293255
     -1.81101761
     -1.46834043
     -1.26294730
     -1.12878238
     -1.02150177
     -0.91353899
     -0.79014082
     -0.64534288
     -0.47849354
     -0.29191394
     -0.08953992
      0.12383443
      0.34298770
      0.56252584
      0.77705082
      0.98132168
      1.17048696
      1.34047641
      1.48868903
      1.61523105
      1.72507719
      1.83137948
      1.95945993
      2.15070949
      2.46720251
      2.98367159
     -2.63050982
     -2.08375500
     -1.75038954
     -1.56735853
     -1.48150670
     -1.46326649
     -1.49749965
     -1.57689225
     -1.69780959
     -1.85769528
     -2.05324388
     -2.27880922
     -2.52514324
     -2.77936245
     -3.02692059
      3.02847481
      2.83000573
      2.66674921
      2.54213809
      2.45871769
      2.41992636
      2.43258799
      2.51087823
      2.68267358
      2.99878100
     -2.75778792
     -2.08644358
     -1.54877985
     -1.21676030
     -1.01728156
     -0.88602438
     -0.77991994
     -0.67235880
     -0.54925699
     -0.40504423
     -0.23924172
     -0.05415918
      0.14646469
      0.35823479
      0.57652190
      0.79665318
      1.01395594
      1.22375673
      1.42144847
      1.60272274
      1.76405243
      1.90356073
      2.02254400
      2.12800655
      2.23627532
      2.37701942
      2.59729222
      2.96634721
     -2.73463140
     -2.07029384
     -1.58963091
     -1.30894934
     -1.16002295
     -1.09739870
     -1.09674653
     -1.14594843
     -1.23934471
     -1.37416055
     -1.54813314
     -1.75744549
     -1.99455760
     -2.24682116
     -2.49778035
     -2.73132508
     -2.93556060
     -3.10362075
      3.05113477
      2.96455504
      2.92288482
      2.93253016
      3.00709586
     -3.10960870
     -2.80163298
     -2.28503923
     -1.61386257
     -1.06606608
     -0.72610521
     -0.52208843
     -0.38852506
     -0.28141464
     -0.17342639
     -0.04995838
      0.09487695
      0.26170727
      0.44822091
      0.65051325
      0.86383572
      1.08301910
      1.30271856
      1.51757176
      1.72235120
      1.91219155
      2.08297886
      2.23203469
      2.35934280
      2.46969071
      2.57596164
      2.70313210
      2.89218167
     -3.07844705
     -2.56692426
     -1.89778734
     -1.34551036
     -1.00781130
     -0.82213329
     -0.73465045
     -0.71541649
     -0.74911070
     -0.82833651
     -0.94942528
     -1.10981420
     -1.30623719
     -1.53318996
     -1.78170352
     -2.03921163
     -2.29129057
     -2.52461412
     -2.72917675
     -2.89863353
     -3.02925759
     -3.11842465
      3.12031708
      3.12691045
     -3.08548361
     -2.92438884
     -2.62478025
     -2.11908518
     -1.44954795
     -0.89158349
     -0.54307386
     -0.33398646
     -0.19771993
     -0.08935994
      0.01910920
      0.14273756
      0.28763871
      0.45453201
      0.64118121
      0.84385882
      1.05819081
      1.27961996
      1.50360084
      1.72560933
      1.94108053
      2.14541047
      2.33413775
      2.50338832
      2.65068902
      2.77637644
      2.88595663
      2.99358806
      3.12612927
     -2.95609583
     -2.62155471
     -2.07921860
     -1.40492488
     -0.88070053
     -0.56785536
     -0.39869438
     -0.32279581
     -0.31283944
     -0.35505466
     -0.44283873
     -0.57279535
     -0.74225159
     -0.94754595
     -1.18266087
     -1.43829193
     -1.70196898
     -1.95970219
     -2.19852872
     -2.40845941
     -2.58290535
     -2.71787084
     -2.81058484
     -2.85778890
     -2.85332619
     -2.78434381
     -2.62519377
     -2.32813897
     -1.82510652
     -1.15490103
     -0.59357054
     -0.24262567
     -0.03178747
      0.10616263
      0.21655050
      0.32766876
      0.45469934
      0.60376851
      0.77553775
      0.96767161
      1.17629830
      1.39681946
      1.62431715
      1.85369301
      2.07965205
      2.29666132
      2.49899777
      2.68092724
      2.83697061
      2.96216884
      3.05227505
      3.10384863
      3.11426936
      3.08171611
      3.00517707
      2.88458553
      2.72118646
      2.51816712
      2.28137213
      2.01968154
      1.74466931
      1.46954608
      1.20767284
      0.97095208
      0.76854358
      0.60640930
      0.48772405
      0.41366632
      0.38409217
      0.39790419
      0.45316501
      0.54707275
      0.67590161
      0.83499209
      1.01887060
      1.22156009
      1.43708124
      1.66004332
      1.88614846
      2.11244991
      2.33731324
      2.56015246
      2.78107722
      3.00057430
     -3.06389475
     -2.84526110
     -2.62599748
     -2.40540126
     -2.18285525
     -1.95800518
     -1.73105560
     -1.50314347
     -1.27668124
     -1.05551985
     -0.84481281
     -0.65057578
     -0.47907419
     -0.33623855
     -0.22725945
     -0.15640614
     -0.12702440
     -0.14163108
     -0.20199095
     -0.30897599
     -0.46187480
     -0.65690083
     -0.88548751
     -1.13439136
     -1.38922168
     -1.63933994
     -1.88011090
     -2.11167706
     -2.33648557
     -2.55738775
     -2.77667884
     -2.99579272
      3.06783986
      2.84783507
      2.62766870
      2.40760208
      2.18754304
      1.96677362
      1.74378643
      1.51633025
      1.28185574
      1.03864094
      0.78772753
      0.53500318
      0.29156754
      0.07092979
     -0.11529002
     -0.25964635
     -0.35802579
     -0.40713602
     -0.40167610
     -0.33189591
     -0.18330108
      0.05763730
      0.00000000
