      0.00000000
      0.00000009
      0.00000042
      0.00000115
      0.00000246
      0.00000455
      0.00000760
      0.00001175
      0.00001716
      0.00002400
      0.00003254
      0.00004312
      0.00005623
      0.00007241
      0.00009221
      0.00011607
      0.00014416
      0.00017637
      0.00021225
      0.00025107
      0.00029196
      0.00033408
      0.00037674
      0.00041952
      0.00046229
      0.00050516
      0.00054835
      0.00059209
      0.00063651
      0.00068154
      0.00072695
      0.00077235
      0.00081736
      0.00086163
      0.00090495
      0.00094730
      0.00098880
      0.00102970
      0.00107026
      0.00111074
      0.00115130
      0.00119198
      0.00123271
      0.00127336
      0.00131376
      0.00135374
      0.00139321
      0.00143213
      0.00147056
      0.00150858
      0.00154631
      0.00158385
      0.00162126
      0.00165858
      0.00169580
      0.00173286
      0.00176971
      0.00180629
      0.00184254
      0.00187846
      0.00191403
      0.00194930
      0.00198428
      0.00201902
      0.00205352
      0.00208782
      0.00212191
      0.00215578
      0.00218942
      0.00222280
      0.00225591
      0.00228875
      0.00232130
      0.00235357
      0.00238557
      0.00241730
      0.00244876
      0.00247997
      0.00251092
      0.00254161
      0.00257204
      0.00260220
      0.00263209
      0.00266170
      0.00269104
      0.00272009
      0.00274886
      0.00277735
      0.00280556
      0.00283349
      0.00286113
      0.00288849
      0.00291555
      0.00294233
      0.00296882
      0.00299501
      0.00302091
      0.00304651
      0.00307181
      0.00309680
      0.00312149
      0.00314587
      0.00316994
      0.00319370
      0.00321715
      0.00324028
      0.00326308
      0.00328557
      0.00330773
      0.00332956
      0.00335106
      0.00337222
      0.00339304
      0.00341352
      0.00343366
      0.00345345
      0.00347288
      0.00349195
      0.00351066
      0.00352900
      0.00354697
      0.00356457
      0.00358178
      0.00359860
      0.00361502
      0.00363104
      0.00364666
      0.00366186
      0.00367663
      0.00369097
      0.00370486
      0.00371830
      0.00373128
      0.00374379
      0.00375581
      0.00376733
      0.00377834
      0.00378883
      0.00379878
      0.00380818
      0.00381701
      0.00382527
      0.00383294
      0.00384000
      0.00384645
      0.00385228
      0.00385747
      0.00386203
      0.00386595
      0.00386923
      0.00387187
      0.00387389
      0.00387529
      0.00387609
      0.00387630
      0.00387597
      0.00387510
      0.00387375
      0.00387194
      0.00386972
      0.00386715
      0.00386426
      0.00386111
      0.00385775
      0.00385425
      0.00385067
      0.00384704
      0.00384345
      0.00383993
      0.00383655
      0.00383334
      0.00383037
      0.00382766
      0.00382526
      0.00382320
      0.00382152
      0.00382022
      0.00381933
      0.00381887
      0.00381883
      0.00381923
      0.00382006
      0.00382132
      0.00382301
      0.00382509
      0.00382758
      0.00383044
      0.00383366
      0.00383721
      0.00384109
      0.00384525
      0.00384969
      0.00385438
      0.00385929
      0.00386441
      0.00386971
      0.00387516
      0.00388075
      0.00388646
      0.00389227
      0.00389815
      0.00390409
      0.00391008
      0.00391610
      0.00392213
      0.00392816
      0.00393418
      0.00394018
      0.00394614
      0.00395205
      0.00395792
      0.00396372
      0.00396945
      0.00397510
      0.00398067
      0.00398614
      0.00399153
      0.00399681
      0.00400199
      0.00400706
      0.00401202
      0.00401687
      0.00402159
      0.00402620
      0.00403068
      0.00403504
      0.00403928
      0.00404338
      0.00404735
      0.00405119
      0.00405490
      0.00405848
      0.00406192
      0.00406522
      0.00406839
      0.00407142
      0.00407432
      0.00407707
      0.00407969
      0.00408217
      0.00408450
      0.00408670
      0.00408876
      0.00409067
      0.00409245
      0.00409408
      0.00409557
      0.00409692
      0.00409813
      0.00409920
      0.00410012
      0.00410090
      0.00410154
      0.00410204
      0.00410240
      0.00410261
      0.00410268
      0.00410261
      0.00410240
      0.00410204
      0.00410155
      0.00410091
      0.00410012
      0.00409920
      0.00409813
      0.00409693
      0.00409558
      0.00409408
      0.00409245
      0.00409068
      0.00408876
      0.00408671
      0.00408451
      0.00408217
      0.00407970
      0.00407708
      0.00407433
      0.00407143
      0.00406840
      0.00406524
      0.00406193
      0.00405849
      0.00405492
      0.00405121
      0.00404737
      0.00404339
      0.00403929
      0.00403506
      0.00403070
      0.00402622
      0.00402161
      0.00401689
      0.00401204
      0.00400708
      0.00400201
      0.00399683
      0.00399155
      0.00398617
      0.00398069
      0.00397512
      0.00396947
      0.00396374
      0.00395794
      0.00395208
      0.00394617
      0.00394021
      0.00393421
      0.00392820
      0.00392217
      0.00391614
      0.00391012
      0.00390413
      0.00389819
      0.00389231
      0.00388650
      0.00388080
      0.00387521
      0.00386975
      0.00386446
      0.00385934
      0.00385443
      0.00384974
      0.00384531
      0.00384114
      0.00383727
      0.00383371
      0.00383049
      0.00382763
      0.00382515
      0.00382307
      0.00382139
      0.00382013
      0.00381929
      0.00381890
      0.00381893
      0.00381940
      0.00382028
      0.00382158
      0.00382327
      0.00382533
      0.00382772
      0.00383043
      0.00383340
      0.00383661
      0.00383999
      0.00384350
      0.00384710
      0.00385072
      0.00385431
      0.00385780
      0.00386115
      0.00386430
      0.00386719
      0.00386977
      0.00387198
      0.00387379
      0.00387514
      0.00387600
      0.00387634
      0.00387612
      0.00387532
      0.00387392
      0.00387190
      0.00386925
      0.00386597
      0.00386205
      0.00385749
      0.00385229
      0.00384646
      0.00384001
      0.00383295
      0.00382528
      0.00381702
      0.00380819
      0.00379879
      0.00378884
      0.00377835
      0.00376734
      0.00375582
      0.00374380
      0.00373129
      0.00371831
      0.00370487
      0.00369097
      0.00367663
      0.00366186
      0.00364666
      0.00363105
      0.00361503
      0.00359860
      0.00358178
      0.00356457
      0.00354698
      0.00352901
      0.00351066
      0.00349195
      0.00347288
      0.00345345
      0.00343366
      0.00341353
      0.00339305
      0.00337222
      0.00335106
      0.00332956
      0.00330773
      0.00328557
      0.00326309
      0.00324028
      0.00321715
      0.00319371
      0.00316995
      0.00314587
      0.00312149
      0.00309680
      0.00307181
      0.00304651
      0.00302091
      0.00299502
      0.00296882
      0.00294233
      0.00291555
      0.00288849
      0.00286113
      0.00283349
      0.00280556
      0.00277736
      0.00274887
      0.00272009
      0.00269104
      0.00266170
      0.00263209
      0.00260220
      0.00257204
      0.00254161
      0.00251092
      0.00247997
      0.00244876
      0.00241730
      0.00238557
      0.00235357
      0.00232130
      0.00228875
      0.00225591
      0.00222280
      0.00218942
      0.00215578
      0.00212191
      0.00208782
      0.00205352
      0.00201902
      0.00198428
      0.00194930
      0.00191403
      0.00187846
      0.00184254
      0.00180629
      0.00176971
      0.00173286
      0.00169580
      0.00165858
      0.00162126
      0.00158385
      0.00154631
      0.00150858
      0.00147056
      0.00143213
      0.00139321
      0.00135374
      0.00131376
      0.00127336
      0.00123271
      0.00119198
      0.00115130
      0.00111074
      0.00107026
      0.00102970
      0.00098880
      0.00094730
      0.00090495
      0.00086163
      0.00081736
      0.00077235
      0.00072695
      0.00068154
      0.00063651
      0.00059209
      0.00054835
      0.00050516
      0.00046229
      0.00041952
      0.00037674
      0.00033408
      0.00029196
      0.00025107
      0.00021225
      0.00017637
      0.00014416
      0.00011607
      0.00009221
      0.00007241
      0.00005623
      0.00004312
      0.00003254
      0.00002400
      0.00001716
      0.00001175
      0.00000760
      0.00000455
      0.00000246
      0.00000115
      0.00000042
      0.00000009
      0.00000000
