      0.00000000
      0.00000002
      0.00000009
      0.00000030
      0.00000071
      0.00000134
      0.00000220
      0.00000327
      0.00000450
      0.00000591
      0.00000755
      0.00000959
      0.00001229
      0.00001600
      0.00002107
      0.00002778
      0.00003622
      0.00004626
      0.00005755
      0.00006953
      0.00008162
      0.00009331
      0.00010429
      0.00011454
      0.00012433
      0.00013410
      0.00014435
      0.00015550
      0.00016777
      0.00018111
      0.00019522
      0.00020963
      0.00022386
      0.00023752
      0.00025039
      0.00026248
      0.00027404
      0.00028540
      0.00029698
      0.00030908
      0.00032191
      0.00033546
      0.00034960
      0.00036407
      0.00037859
      0.00039291
      0.00040690
      0.00042053
      0.00043388
      0.00044712
      0.00046045
      0.00047402
      0.00048796
      0.00050229
      0.00051697
      0.00053191
      0.00054700
      0.00056211
      0.00057718
      0.00059218
      0.00060711
      0.00062204
      0.00063702
      0.00065213
      0.00066742
      0.00068292
      0.00069862
      0.00071450
      0.00073053
      0.00074667
      0.00076290
      0.00077919
      0.00079554
      0.00081197
      0.00082848
      0.00084510
      0.00086184
      0.00087871
      0.00089573
      0.00091289
      0.00093019
      0.00094762
      0.00096518
      0.00098285
      0.00100064
      0.00101854
      0.00103656
      0.00105470
      0.00107297
      0.00109137
      0.00110990
      0.00112857
      0.00114738
      0.00116632
      0.00118541
      0.00120463
      0.00122399
      0.00124349
      0.00126314
      0.00128292
      0.00130285
      0.00132293
      0.00134315
      0.00136353
      0.00138406
      0.00140475
      0.00142559
      0.00144659
      0.00146775
      0.00148907
      0.00151056
      0.00153222
      0.00155405
      0.00157605
      0.00159823
      0.00162059
      0.00164313
      0.00166585
      0.00168876
      0.00171187
      0.00173518
      0.00175868
      0.00178239
      0.00180632
      0.00183046
      0.00185482
      0.00187941
      0.00190424
      0.00192931
      0.00195463
      0.00198021
      0.00200607
      0.00203220
      0.00205863
      0.00208537
      0.00211242
      0.00213980
      0.00216753
      0.00219562
      0.00222408
      0.00225293
      0.00228218
      0.00231183
      0.00234191
      0.00237241
      0.00240335
      0.00243471
      0.00246650
      0.00249871
      0.00253133
      0.00256433
      0.00259770
      0.00263140
      0.00266540
      0.00269965
      0.00273412
      0.00276875
      0.00280349
      0.00283828
      0.00287305
      0.00290774
      0.00294228
      0.00297662
      0.00301068
      0.00304439
      0.00307771
      0.00311055
      0.00314288
      0.00317463
      0.00320575
      0.00323622
      0.00326597
      0.00329500
      0.00332325
      0.00335072
      0.00337739
      0.00340325
      0.00342828
      0.00345250
      0.00347589
      0.00349847
      0.00352026
      0.00354125
      0.00356148
      0.00358095
      0.00359969
      0.00361773
      0.00363508
      0.00365177
      0.00366783
      0.00368328
      0.00369815
      0.00371247
      0.00372625
      0.00373953
      0.00375232
      0.00376466
      0.00377656
      0.00378804
      0.00379913
      0.00380984
      0.00382020
      0.00383022
      0.00383991
      0.00384929
      0.00385838
      0.00386718
      0.00387571
      0.00388399
      0.00389201
      0.00389979
      0.00390735
      0.00391468
      0.00392179
      0.00392869
      0.00393539
      0.00394189
      0.00394819
      0.00395431
      0.00396024
      0.00396599
      0.00397156
      0.00397695
      0.00398217
      0.00398722
      0.00399210
      0.00399682
      0.00400137
      0.00400576
      0.00400998
      0.00401404
      0.00401795
      0.00402170
      0.00402528
      0.00402872
      0.00403199
      0.00403511
      0.00403808
      0.00404089
      0.00404354
      0.00404605
      0.00404840
      0.00405060
      0.00405264
      0.00405453
      0.00405627
      0.00405786
      0.00405930
      0.00406058
      0.00406171
      0.00406270
      0.00406353
      0.00406421
      0.00406473
      0.00406511
      0.00406534
      0.00406541
      0.00406534
      0.00406511
      0.00406473
      0.00406420
      0.00406352
      0.00406269
      0.00406171
      0.00406058
      0.00405929
      0.00405785
      0.00405627
      0.00405453
      0.00405263
      0.00405059
      0.00404839
      0.00404604
      0.00404354
      0.00404088
      0.00403807
      0.00403510
      0.00403198
      0.00402871
      0.00402527
      0.00402168
      0.00401794
      0.00401403
      0.00400997
      0.00400574
      0.00400135
      0.00399680
      0.00399209
      0.00398720
      0.00398215
      0.00397693
      0.00397154
      0.00396597
      0.00396022
      0.00395429
      0.00394817
      0.00394186
      0.00393536
      0.00392867
      0.00392176
      0.00391465
      0.00390732
      0.00389977
      0.00389198
      0.00388396
      0.00387568
      0.00386715
      0.00385834
      0.00384925
      0.00383987
      0.00383018
      0.00382016
      0.00380980
      0.00379909
      0.00378800
      0.00377651
      0.00376461
      0.00375228
      0.00373948
      0.00372620
      0.00371242
      0.00369810
      0.00368323
      0.00366778
      0.00365172
      0.00363502
      0.00361767
      0.00359963
      0.00358089
      0.00356141
      0.00354119
      0.00352019
      0.00349841
      0.00347582
      0.00345243
      0.00342821
      0.00340318
      0.00337732
      0.00335065
      0.00332318
      0.00329493
      0.00326591
      0.00323615
      0.00320569
      0.00317456
      0.00314281
      0.00311049
      0.00307764
      0.00304433
      0.00301062
      0.00297656
      0.00294223
      0.00290768
      0.00287300
      0.00283823
      0.00280344
      0.00276871
      0.00273408
      0.00269961
      0.00266536
      0.00263136
      0.00259766
      0.00256430
      0.00253130
      0.00249868
      0.00246648
      0.00243469
      0.00240332
      0.00237239
      0.00234189
      0.00231182
      0.00228216
      0.00225291
      0.00222407
      0.00219561
      0.00216752
      0.00213979
      0.00211241
      0.00208535
      0.00205862
      0.00203219
      0.00200606
      0.00198020
      0.00195462
      0.00192930
      0.00190423
      0.00187940
      0.00185481
      0.00183045
      0.00180631
      0.00178239
      0.00175868
      0.00173517
      0.00171187
      0.00168876
      0.00166585
      0.00164312
      0.00162058
      0.00159823
      0.00157605
      0.00155405
      0.00153222
      0.00151056
      0.00148907
      0.00146775
      0.00144658
      0.00142558
      0.00140474
      0.00138406
      0.00136353
      0.00134315
      0.00132293
      0.00130285
      0.00128292
      0.00126313
      0.00124349
      0.00122399
      0.00120463
      0.00118540
      0.00116632
      0.00114737
      0.00112857
      0.00110990
      0.00109136
      0.00107297
      0.00105470
      0.00103656
      0.00101854
      0.00100064
      0.00098285
      0.00096518
      0.00094762
      0.00093019
      0.00091289
      0.00089573
      0.00087871
      0.00086183
      0.00084509
      0.00082848
      0.00081197
      0.00079554
      0.00077919
      0.00076290
      0.00074667
      0.00073053
      0.00071450
      0.00069862
      0.00068292
      0.00066742
      0.00065213
      0.00063702
      0.00062204
      0.00060711
      0.00059218
      0.00057718
      0.00056211
      0.00054700
      0.00053191
      0.00051697
      0.00050229
      0.00048796
      0.00047402
      0.00046045
      0.00044712
      0.00043388
      0.00042053
      0.00040690
      0.00039291
      0.00037859
      0.00036407
      0.00034960
      0.00033546
      0.00032191
      0.00030908
      0.00029698
      0.00028540
      0.00027404
      0.00026248
      0.00025039
      0.00023752
      0.00022386
      0.00020963
      0.00019522
      0.00018111
      0.00016777
      0.00015550
      0.00014435
      0.00013410
      0.00012433
      0.00011454
      0.00010429
      0.00009331
      0.00008162
      0.00006953
      0.00005755
      0.00004626
      0.00003622
      0.00002778
      0.00002107
      0.00001600
      0.00001229
      0.00000959
      0.00000755
      0.00000591
      0.00000450
      0.00000327
      0.00000220
      0.00000134
      0.00000071
      0.00000030
      0.00000009
      0.00000002
      0.00000000
