             NaN
      0.67080574
      1.02045014
      1.33077268
      1.61067033
      1.87110628
      2.12108839
      2.36706482
      2.61326237
      2.86208185
      3.11439209
     -2.91339428
     -2.65625152
     -2.39921671
     -2.14416075
     -1.89255443
     -1.64522236
     -1.40229767
     -1.16333043
     -0.92747459
     -0.69369032
     -0.46092637
     -0.22826772
      0.00495702
      0.23911324
      0.47424830
      0.71013214
      0.94634410
      1.18238735
      1.41780428
      1.65226558
      1.88561570
      2.11787076
      2.34917815
      2.57975392
      2.80981584
      3.03952738
     -3.01422239
     -2.78508662
     -2.55635721
     -2.32819092
     -2.10075459
     -1.87418857
     -1.64858188
     -1.42396331
     -1.20030788
     -0.97755450
     -0.75562878
     -0.53446475
     -0.31402082
     -0.09428725
      0.12471506
      0.34294276
      0.56034205
      0.77686099
      0.99245929
      1.20711358
      1.42081792
      1.63358013
      1.84541585
      2.05634183
      2.26637042
      2.47550599
      2.68374397
      2.89107204
      3.09747282
     -2.98025816
     -2.77576822
     -2.57225726
     -2.36973564
     -2.16820972
     -1.96768288
     -1.76815705
     -1.56963423
     -1.37211759
     -1.17561218
     -0.98012501
     -0.78566479
     -0.59224127
     -0.39986464
     -0.20854490
     -0.01829153
      0.17088672
      0.35898175
      0.54598595
      0.73189187
      0.91669203
      1.10037870
      1.28294374
      1.46437861
      1.64467438
      1.82382183
      2.00181151
      2.17863386
      2.35427924
      2.52873797
      2.70200033
      2.87405652
      3.04489665
     -3.06867464
     -2.90029692
     -2.73316593
     -2.56729227
     -2.40268681
     -2.23936060
     -2.07732494
     -1.91659136
     -1.75717160
     -1.59907764
     -1.44232169
     -1.28691624
     -1.13287403
     -0.98020807
     -0.82893170
     -0.67905856
     -0.53060262
     -0.38357823
     -0.23800011
     -0.09388337
      0.04875643
      0.18990329
      0.32954072
      0.46765169
      0.60421863
      0.73922334
      0.87264697
      1.00446996
      1.13467196
      1.26323179
      1.39012737
      1.51533560
      1.63883234
      1.76059234
      1.88058909
      1.99879483
      2.11518046
      2.22971550
      2.34236804
      2.45310478
      2.56189100
      2.66869063
      2.77346639
      2.87617984
      2.97679162
      3.07526166
     -3.11163584
     -3.01757088
     -2.92576912
     -2.83627022
     -2.74911269
     -2.66433344
     -2.58196720
     -2.50204603
     -2.42459880
     -2.34965063
     -2.27722237
     -2.20733017
     -2.13998497
     -2.07519218
     -2.01295126
     -1.95325557
     -1.89609206
     -1.84144125
     -1.78927715
     -1.73956733
     -1.69227306
     -1.64734952
     -1.60474608
     -1.56440667
     -1.52627021
     -1.49027104
     -1.45633950
     -1.42440242
     -1.39438373
     -1.36620504
     -1.33978622
     -1.31504596
     -1.29190240
     -1.27027359
     -1.25007806
     -1.23123527
     -1.21366603
     -1.19729290
     -1.18204054
     -1.16783597
     -1.15460883
     -1.14229159
     -1.13081967
     -1.12013158
     -1.11016895
     -1.10087661
     -1.09220257
     -1.08409797
     -1.07651705
     -1.06941709
     -1.06275829
     -1.05650367
     -1.05061897
     -1.04507250
     -1.03983503
     -1.03487964
     -1.03018160
     -1.02571821
     -1.02146869
     -1.01741406
     -1.01353694
     -1.00982154
     -1.00625344
     -1.00281953
     -0.99950792
     -0.99630777
     -0.99320928
     -0.99020356
     -0.98728253
     -0.98443888
     -0.98166601
     -0.97895791
     -0.97630915
     -0.97371482
     -0.97117046
     -0.96867202
     -0.96621584
     -0.96379858
     -0.96141723
     -0.95906902
     -0.95675145
     -0.95446223
     -0.95219927
     -0.94996064
     -0.94774461
     -0.94554954
     -0.94337395
     -0.94121647
     -0.93907582
     -0.93695082
     -0.93484037
     -0.93274345
     -0.93065909
     -0.92858638
     -0.92652448
     -0.92447257
     -0.92242990
     -0.92039574
     -0.91836939
     -0.91635018
     -0.91433749
     -0.91233068
     -0.91032917
     -0.90833238
     -0.90633974
     -0.90435070
     -0.90236473
     -0.90038130
     -0.89839988
     -0.89641996
     -0.89444103
     -0.89246258
     -0.89048411
     -0.88850511
     -0.88652507
     -0.88454347
     -0.88255982
     -0.88057358
     -0.87858422
     -0.87659121
     -0.87459399
     -0.87259201
     -0.87058468
     -0.86857141
     -0.86655158
     -0.86452455
     -0.86248966
     -0.86044620
     -0.85839346
     -0.85633066
     -0.85425701
     -0.85217164
     -0.85007365
     -0.84796209
     -0.84583591
     -0.84369403
     -0.84153524
     -0.83935830
     -0.83716180
     -0.83494428
     -0.83270410
     -0.83043952
     -0.82814861
     -0.82582928
     -0.82347924
     -0.82109597
     -0.81867674
     -0.81621849
     -0.81371791
     -0.81117133
     -0.80857469
     -0.80592354
     -0.80321295
     -0.80043750
     -0.79759119
     -0.79466739
     -0.79165879
     -0.78855732
     -0.78535409
     -0.78203928
     -0.77860206
     -0.77503053
     -0.77131158
     -0.76743079
     -0.76337234
     -0.75911888
     -0.75465141
     -0.74994915
     -0.74498939
     -0.73974740
     -0.73419626
     -0.72830673
     -0.72204713
     -0.71538319
     -0.70827792
     -0.70069153
     -0.69258129
     -0.68390144
     -0.67460312
     -0.66463435
     -0.65393995
     -0.64246156
     -0.63013769
     -0.61690377
     -0.60269227
     -0.58743283
     -0.57105251
     -0.55347594
     -0.53462571
     -0.51442264
     -0.49278621
     -0.46963496
     -0.44488696
     -0.41846036
     -0.39027387
     -0.36024739
     -0.32830254
     -0.29436326
     -0.25835642
     -0.22021236
     -0.17986546
     -0.13725464
     -0.09232387
     -0.04502253
      0.00469419
      0.05686501
      0.11152233
      0.16869213
      0.22839390
      0.29064064
      0.35543904
      0.42278959
      0.49268691
      0.56512003
      0.64007282
      0.71752443
      0.79744973
      0.87981989
      0.96460283
      1.05176383
      1.14126600
      1.23307084
      1.32713869
      1.42342922
      1.52190182
      1.62251601
      1.72523173
      1.83000962
      1.93681127
      2.04559939
      2.15633793
      2.26899218
      2.38352884
      2.49991601
      2.61812322
      2.73812137
      2.85988269
      2.98338072
      3.10859017
     -3.04769840
     -2.91913744
     -2.78893436
     -2.65711033
     -2.52368570
     -2.38868003
     -2.25211216
     -2.11400029
     -1.97436201
     -1.83321431
     -1.69057371
     -1.54645619
     -1.40087732
     -1.25385220
     -1.10539556
     -0.95552173
     -0.80424470
     -0.65157810
     -0.49753527
     -0.34212922
     -0.18537269
     -0.02727817
      0.13214214
      0.29287626
      0.45491243
      0.61823913
      0.78284509
      0.94871921
      1.11585066
      1.28422882
      1.45384328
      1.62468382
      1.79674042
      1.97000317
      2.14446229
      2.32010804
      2.49693076
      2.67492079
      2.85406858
      3.03436468
     -3.06738544
     -2.88482008
     -2.70113311
     -2.51633265
     -2.33042644
     -2.14342197
     -1.95532666
     -1.76614814
     -1.57589452
     -1.38457453
     -1.19219766
     -0.99877390
     -0.80431345
     -0.60882607
     -0.41232043
     -0.21480358
     -0.01628056
      0.18324546
      0.38377249
      0.58529860
      0.78782040
      0.99133153
      1.19582165
      1.40127614
      1.60767708
      1.81500530
      2.02324343
      2.23237915
      2.44240788
      2.65333400
      2.86516985
      3.07793219
     -2.99154867
     -2.77689425
     -2.56129583
     -2.34477678
     -2.12737739
     -1.90914959
     -1.69014718
     -1.47041351
     -1.24996949
     -1.02880537
     -0.80687956
     -0.58412610
     -0.36047059
     -0.13585194
      0.08975482
      0.31632091
      0.54375730
      0.77192366
      1.00065313
      1.22978896
      1.45922455
      1.68893615
      1.91899812
      2.14957393
      2.38088137
      2.61313647
      2.84648663
      3.08094797
     -2.96682037
     -2.73077708
     -2.49456510
     -2.25868122
     -2.02354613
     -1.78938988
     -1.55616511
     -1.32350644
     -1.09074246
     -0.85695817
     -0.62110232
     -0.38213507
     -0.13921036
      0.10812171
      0.35972804
      0.61478401
      0.87181883
      1.12896160
      1.38436055
      1.63667080
      1.88549029
      2.13168785
      2.37766428
      2.62764639
      2.88808234
     -3.11520532
     -2.80488278
     -2.45523838
      0.00000000
