      0.00000000
     -0.40467379
     -0.58824986
     -0.64316144
     -0.62078652
     -0.54815619
     -0.43803921
     -0.29621240
     -0.12516403
      0.07364178
      0.29786724
      0.54266999
      0.80010861
      1.06047400
      1.31508860
      1.55863778
      1.78965113
      2.00951925
      2.22116220
      2.42801623
      2.63343443
      2.84035879
      3.05111275
     -3.01595621
     -2.79388162
     -2.56625591
     -2.33439018
     -2.10018694
     -1.86566681
     -1.63248828
     -1.40162759
     -1.17329893
     -0.94708306
     -0.72217196
     -0.49763922
     -0.27267645
     -0.04676333
      0.18024613
      0.40812874
      0.63638228
      0.86437411
      1.09150487
      1.31734051
      1.54168108
      1.76455925
      1.98618351
      2.20685194
      2.42686296
      2.64644318
      2.86570475
      3.08463625
     -2.98006170
     -2.76219348
     -2.54513135
     -2.32903090
     -2.11398849
     -1.90003272
     -1.68713348
     -1.47522279
     -1.26422004
     -1.05405491
     -0.84468322
     -0.63609360
     -0.42830531
     -0.22135948
     -0.01530719
      0.18980226
      0.39393025
      0.59705327
      0.79916312
      1.00026348
      1.20036468
      1.39947814
      1.59761183
      1.79476759
      1.99094038
      2.18611926
      2.38028936
      2.57343429
      2.76553827
      2.95658755
     -3.13661420
     -2.94770487
     -2.75987631
     -2.57313409
     -2.38748368
     -2.20293118
     -2.01948368
     -1.83714944
     -1.65593767
     -1.47585829
     -1.29692161
     -1.11913799
     -0.94251768
     -0.76707074
     -0.59280700
     -0.41973617
     -0.24786797
     -0.07721216
      0.09222128
      0.26042214
      0.42737992
      0.59308386
      0.75752293
      0.92068589
      1.08256124
      1.24313731
      1.40240221
      1.56034386
      1.71694995
      1.87220794
      2.02610501
      2.17862809
      2.32976379
      2.47949840
      2.62781789
      2.77470785
      2.92015351
      3.06413969
     -3.07653451
     -2.93551451
     -2.79600214
     -2.65801443
     -2.52156898
     -2.38668397
     -2.25337823
     -2.12167132
     -1.99158353
     -1.86313602
     -1.73635085
     -1.61125109
     -1.48786087
     -1.36620550
     -1.24631153
     -1.12820683
     -1.01192071
     -0.89748392
     -0.78492869
     -0.67428883
     -0.56559961
     -0.45889777
     -0.35422145
     -0.25160998
     -0.15110375
     -0.05274396
      0.04342772
      0.13736946
      0.22903971
      0.31839762
      0.40540358
      0.49001975
      0.57221056
      0.65194335
      0.72918891
      0.80392200
      0.87612195
      0.94577309
      1.01286519
      1.07739388
      1.13936093
      1.19877448
      1.25564921
      1.31000638
      1.36187383
      1.41128588
      1.45828313
      1.50291221
      1.54522544
      1.58528047
      1.62313976
      1.65887017
      1.69254236
      1.72423027
      1.75401054
      1.78196194
      1.80816478
      1.83270034
      1.85565036
      1.87709646
      1.89711973
      1.91580023
      1.93321657
      1.94944560
      1.96456203
      1.97863821
      1.99174385
      2.00394588
      2.01530828
      2.02589198
      2.03575481
      2.04495146
      2.05353349
      2.06154933
      2.06904438
      2.07606104
      2.08263882
      2.08881443
      2.09462191
      2.10009275
      2.10525601
      2.11013844
      2.11476466
      2.11915723
      2.12333684
      2.12732241
      2.13113120
      2.13477896
      2.13828006
      2.14164754
      2.14489326
      2.14802802
      2.15106158
      2.15400282
      2.15685978
      2.15963973
      2.16234928
      2.16499440
      2.16758050
      2.17011250
      2.17259482
      2.17503151
      2.17742621
      2.17978224
      2.18210263
      2.18439010
      2.18664716
      2.18887610
      2.19107898
      2.19325773
      2.19541408
      2.19754965
      2.19966591
      2.20176423
      2.20384588
      2.20591203
      2.20796377
      2.21000213
      2.21202806
      2.21404245
      2.21604616
      2.21803997
      2.22002466
      2.22200093
      2.22396949
      2.22593097
      2.22788603
      2.22983526
      2.23177926
      2.23371861
      2.23565385
      2.23758552
      2.23951417
      2.24144032
      2.24336448
      2.24528715
      2.24720885
      2.24913007
      2.25105132
      2.25297309
      2.25489589
      2.25682021
      2.25874658
      2.26067550
      2.26260750
      2.26454311
      2.26648288
      2.26842735
      2.27037711
      2.27233274
      2.27429485
      2.27626408
      2.27824109
      2.28022656
      2.28222121
      2.28422581
      2.28624115
      2.28826809
      2.29030751
      2.29236037
      2.29442770
      2.29651058
      2.29861020
      2.30072782
      2.30286481
      2.30502265
      2.30720295
      2.30940746
      2.31163808
      2.31389691
      2.31618621
      2.31850850
      2.32086652
      2.32326328
      2.32570210
      2.32818665
      2.33072095
      2.33330945
      2.33595706
      2.33866918
      2.34145180
      2.34431153
      2.34725564
      2.35029217
      2.35343001
      2.35667894
      2.36004972
      2.36355425
      2.36720556
      2.37101803
      2.37500740
      2.37919095
      2.38358760
      2.38821803
      2.39310483
      2.39827259
      2.40374810
      2.40956040
      2.41574098
      2.42232389
      2.42934585
      2.43684637
      2.44486784
      2.45345567
      2.46265828
      2.47252724
      2.48311723
      2.49448608
      2.50669473
      2.51980713
      2.53389022
      2.54901371
      2.56524992
      2.58267357
      2.60136149
      2.62139228
      2.64284599
      2.66580368
      2.69034698
      2.71655759
      2.74451678
      2.77430486
      2.80600055
      2.83968048
      2.87541857
      2.91328548
      2.95334802
      2.99566865
      3.04030500
      3.08730936
      3.13672835
     -3.09458276
     -3.04021904
     -2.98333797
     -2.92391830
     -2.86194537
     -2.79741104
     -2.73031355
     -2.66065727
     -2.58845242
     -2.51371467
     -2.43646471
     -2.35672776
     -2.27453302
     -2.18991315
     -2.10290371
     -2.01354252
     -1.92186920
     -1.82792457
     -1.73175017
     -1.63338783
     -1.53287921
     -1.43026549
     -1.32558704
     -1.21888320
     -1.11019209
     -0.99955044
     -0.88699352
     -0.77255511
     -0.65626747
     -0.53816132
     -0.41826596
     -0.29660926
     -0.17321777
     -0.04811680
      0.07866953
      0.20711816
      0.33720702
      0.46891498
      0.60222171
      0.73710768
      0.87355405
      1.01154264
      1.15105587
      1.29207671
      1.43458862
      1.57857558
      1.72402199
      1.87091267
      2.01923286
      2.16896815
      2.32010451
      2.47262823
      2.62652592
      2.78178450
      2.93839117
      3.09633339
     -3.02758647
     -2.86700987
     -2.70513400
     -2.54197055
     -2.37753099
     -2.21182658
     -2.04486835
     -1.87666705
     -1.70723318
     -1.53657695
     -1.36470834
     -1.19163712
     -1.01737300
     -0.84192568
     -0.66530502
     -0.48752104
     -0.30858401
     -0.12850431
      0.05270778
      0.23504234
      0.41849014
      0.60304294
      0.78869364
      0.97543613
      1.16326496
      1.35217456
      1.54215837
      1.73320790
      1.92531212
      2.11845729
      2.31262762
      2.50780672
      2.70397973
      2.90113570
      3.09926959
     -2.98480207
     -2.78470068
     -2.58360013
     -2.38149010
     -2.17836690
     -1.97423875
     -1.76912913
     -1.56307669
     -1.35613070
     -1.14834226
     -0.93975249
     -0.73038066
     -0.52021539
     -0.30921251
     -0.09730170
      0.11559766
      0.32955355
      0.54459608
      0.76069663
      0.97775887
      1.19562719
      1.41411466
      1.63304625
      1.85230792
      2.07188823
      2.29189933
      2.51256784
      2.73419218
      2.95707042
     -3.10177425
     -2.87593854
     -2.64880771
     -2.42081581
     -2.19256221
     -1.96467954
     -1.73767002
     -1.51175684
     -1.28679402
     -1.06226123
     -0.83735010
     -0.61113419
     -0.38280549
     -0.15194477
      0.08123379
      0.31575396
      0.54995723
      0.78182300
      1.00944875
      1.23152338
      1.44763976
      1.65839375
      1.86531813
      2.07073635
      2.27759039
      2.48923335
      2.70910147
      2.94011482
     -3.09952131
     -2.84490670
     -2.58454130
     -2.32710266
     -2.08229989
     -1.85807441
     -1.65926859
     -1.48822020
     -1.34639340
     -1.23627642
     -1.16364609
     -1.14127118
     -1.19618277
     -1.37975883
      0.00000000
