      0.00000000
     -0.32047365
     -0.12455289
     -0.00247944
      0.07062228
      0.11118085
      0.13162208
      0.14089631
      0.14469020
      0.14613807
      0.14673573
      0.14709524
      0.14742208
      0.14776364
      0.14811866
      0.14847732
      0.14883234
      0.14918011
      0.14951947
      0.14985047
      0.15017366
      0.15048971
      0.15079932
      0.15110310
      0.15140164
      0.15169544
      0.15198499
      0.15227071
      0.15255301
      0.15283226
      0.15310878
      0.15338290
      0.15365489
      0.15392504
      0.15419358
      0.15446075
      0.15472675
      0.15499179
      0.15525606
      0.15551972
      0.15578293
      0.15604584
      0.15630860
      0.15657134
      0.15683417
      0.15709721
      0.15736056
      0.15762434
      0.15788863
      0.15815352
      0.15841909
      0.15868543
      0.15895259
      0.15922066
      0.15948970
      0.15975977
      0.16003092
      0.16030321
      0.16057668
      0.16085140
      0.16112739
      0.16140471
      0.16168339
      0.16196347
      0.16224498
      0.16252796
      0.16281243
      0.16309843
      0.16338599
      0.16367512
      0.16396586
      0.16425822
      0.16455223
      0.16484790
      0.16514526
      0.16544431
      0.16574509
      0.16604759
      0.16635184
      0.16665785
      0.16696562
      0.16727518
      0.16758652
      0.16789967
      0.16821462
      0.16853139
      0.16884997
      0.16917039
      0.16949264
      0.16981672
      0.17014265
      0.17047043
      0.17080005
      0.17113152
      0.17146485
      0.17180003
      0.17213706
      0.17247596
      0.17281670
      0.17315931
      0.17350376
      0.17385008
      0.17419824
      0.17454825
      0.17490011
      0.17525382
      0.17560936
      0.17596675
      0.17632597
      0.17668702
      0.17704990
      0.17741460
      0.17778112
      0.17814945
      0.17851959
      0.17889153
      0.17926526
      0.17964079
      0.18001810
      0.18039718
      0.18077804
      0.18116066
      0.18154503
      0.18193116
      0.18231902
      0.18270862
      0.18309995
      0.18349299
      0.18388774
      0.18428420
      0.18468235
      0.18508218
      0.18548368
      0.18588686
      0.18629169
      0.18669816
      0.18710628
      0.18751602
      0.18792739
      0.18834036
      0.18875493
      0.18917110
      0.18958884
      0.19000815
      0.19042901
      0.19085143
      0.19127538
      0.19170086
      0.19212786
      0.19255636
      0.19298635
      0.19341783
      0.19385077
      0.19428518
      0.19472103
      0.19515832
      0.19559704
      0.19603717
      0.19647870
      0.19692162
      0.19736592
      0.19781158
      0.19825860
      0.19870696
      0.19915665
      0.19960765
      0.20005996
      0.20051357
      0.20096845
      0.20142459
      0.20188199
      0.20234064
      0.20280051
      0.20326159
      0.20372388
      0.20418736
      0.20465202
      0.20511783
      0.20558480
      0.20605291
      0.20652214
      0.20699247
      0.20746391
      0.20793643
      0.20841002
      0.20888466
      0.20936035
      0.20983707
      0.21031480
      0.21079353
      0.21127326
      0.21175395
      0.21223561
      0.21271821
      0.21320174
      0.21368620
      0.21417155
      0.21465780
      0.21514492
      0.21563291
      0.21612174
      0.21661140
      0.21710189
      0.21759318
      0.21808526
      0.21857811
      0.21907173
      0.21956610
      0.22006119
      0.22055701
      0.22105353
      0.22155074
      0.22204862
      0.22254716
      0.22304635
      0.22354617
      0.22404661
      0.22454765
      0.22504927
      0.22555147
      0.22605422
      0.22655751
      0.22706134
      0.22756567
      0.22807050
      0.22857582
      0.22908160
      0.22958784
      0.23009451
      0.23060161
      0.23110912
      0.23161702
      0.23212529
      0.23263394
      0.23314292
      0.23365225
      0.23416189
      0.23467183
      0.23518206
      0.23569256
      0.23620333
      0.23671433
      0.23722556
      0.23773701
      0.23824865
      0.23876047
      0.23927246
      0.23978460
      0.24029688
      0.24080928
      0.24132179
      0.24183438
      0.24234706
      0.24285979
      0.24337257
      0.24388538
      0.24439821
      0.24491103
      0.24542384
      0.24593662
      0.24644936
      0.24696203
      0.24747463
      0.24798713
      0.24849953
      0.24901181
      0.24952395
      0.25003595
      0.25054777
      0.25105941
      0.25157085
      0.25208209
      0.25259309
      0.25310385
      0.25361435
      0.25412459
      0.25463453
      0.25514417
      0.25565349
      0.25616248
      0.25667112
      0.25717940
      0.25768730
      0.25819480
      0.25870190
      0.25920858
      0.25971481
      0.26022060
      0.26072591
      0.26123074
      0.26173508
      0.26223890
      0.26274220
      0.26324495
      0.26374715
      0.26424877
      0.26474981
      0.26525024
      0.26575006
      0.26624925
      0.26674779
      0.26724568
      0.26774289
      0.26823941
      0.26873522
      0.26923032
      0.26972468
      0.27021830
      0.27071116
      0.27120324
      0.27169453
      0.27218501
      0.27267468
      0.27316351
      0.27365149
      0.27413862
      0.27462486
      0.27511022
      0.27559467
      0.27607821
      0.27656081
      0.27704246
      0.27752316
      0.27800288
      0.27848161
      0.27895935
      0.27943606
      0.27991175
      0.28038640
      0.28085999
      0.28133250
      0.28180394
      0.28227428
      0.28274351
      0.28321161
      0.28367858
      0.28414440
      0.28460905
      0.28507253
      0.28553482
      0.28599591
      0.28645578
      0.28691442
      0.28737182
      0.28782797
      0.28828285
      0.28873645
      0.28918876
      0.28963977
      0.29008945
      0.29053781
      0.29098483
      0.29143050
      0.29187479
      0.29231771
      0.29275925
      0.29319938
      0.29363809
      0.29407538
      0.29451124
      0.29494564
      0.29537859
      0.29581006
      0.29624006
      0.29666856
      0.29709555
      0.29752103
      0.29794498
      0.29836740
      0.29878827
      0.29920758
      0.29962532
      0.30004148
      0.30045605
      0.30086903
      0.30128039
      0.30169014
      0.30209825
      0.30250473
      0.30290956
      0.30331273
      0.30371424
      0.30411407
      0.30451222
      0.30490867
      0.30530342
      0.30569647
      0.30608779
      0.30647739
      0.30686526
      0.30725138
      0.30763576
      0.30801838
      0.30839923
      0.30877832
      0.30915563
      0.30953115
      0.30990489
      0.31027683
      0.31064696
      0.31101529
      0.31138181
      0.31174651
      0.31210939
      0.31247044
      0.31282966
      0.31318705
      0.31354260
      0.31389630
      0.31424816
      0.31459818
      0.31494634
      0.31529265
      0.31563711
      0.31597971
      0.31632046
      0.31665935
      0.31699639
      0.31733157
      0.31766489
      0.31799637
      0.31832599
      0.31865376
      0.31897969
      0.31930378
      0.31962603
      0.31994644
      0.32026503
      0.32058180
      0.32089675
      0.32120989
      0.32152124
      0.32183079
      0.32213857
      0.32244457
      0.32274882
      0.32305133
      0.32335210
      0.32365116
      0.32394851
      0.32424419
      0.32453819
      0.32483055
      0.32512129
      0.32541042
      0.32569798
      0.32598398
      0.32626846
      0.32655144
      0.32683295
      0.32711303
      0.32739171
      0.32766902
      0.32794502
      0.32821973
      0.32849321
      0.32876550
      0.32903665
      0.32930671
      0.32957575
      0.32984382
      0.33011099
      0.33037732
      0.33064290
      0.33090778
      0.33117207
      0.33143585
      0.33169921
      0.33196225
      0.33222508
      0.33248781
      0.33275057
      0.33301349
      0.33327670
      0.33354036
      0.33380462
      0.33406966
      0.33433567
      0.33460283
      0.33487138
      0.33514152
      0.33541352
      0.33568763
      0.33596416
      0.33624340
      0.33652570
      0.33681143
      0.33710097
      0.33739478
      0.33769331
      0.33799710
      0.33830670
      0.33862276
      0.33894594
      0.33927694
      0.33961630
      0.33996408
      0.34031910
      0.34067776
      0.34103278
      0.34137434
      0.34170118
      0.34206069
      0.34265835
      0.34410621
      0.34790011
      0.35717434
      0.37761557
      0.41817413
      0.49127586
      0.61334931
      0.80927007
      0.00000000
