      0.00000000
      0.00000000
      0.00000000
      0.00000000
      0.00000000
      0.00000000
      0.00000000
      0.00000000
      0.00000000
      0.00000000
      0.00000000
      0.00000000
      0.00000000
      0.00000000
      0.00000000
      0.00000000
      0.00000000
      0.00000000
      0.00000000
      0.00000000
      0.00000000
      0.00000000
      0.00000000
      0.00000000
      0.00000000
      0.00000000
      0.00000000
      0.00000000
      0.00000000
      0.00000000
      0.00000000
      0.00000000
      0.00000000
      0.00000000
      0.00000000
      0.00000000
      0.00000000
      0.00000000
      0.00000000
      0.00000000
      0.00000000
      0.00000000
      0.00000000
      0.00000000
      0.00000000
      0.00000000
      0.00000000
      0.00000000
      0.00000000
      0.00000000
      0.00000000
      0.00000000
      0.00000000
      0.00000000
      0.00000000
      0.00000000
      0.00000000
      0.00000000
      0.00000000
      0.00000000
      0.00000000
      0.00000000
      0.00000000
      0.00000000
      0.00000000
      0.00000000
      0.00000000
      0.00000000
      0.00000000
      0.00000000
      0.00000000
      0.00000000
      0.00000000
      0.00000000
      0.00000000
      0.00000000
      0.00000000
      0.00000000
      0.00000000
      0.00000000
      0.00000000
      0.00000000
      0.00000000
      0.00000000
      0.00000000
      0.00000000
      0.00000000
      0.00000000
      0.00000000
      0.00000000
      0.00000000
      0.00000000
      0.00000000
      0.00000000
      0.00000000
      0.00000000
      0.00000000
      0.00000000
      0.00000000
      0.00000000
      0.00000000
      0.00000000
      0.00000000
      0.00000000
      0.00000000
      0.00000000
      0.00000000
      0.00000000
      0.00000000
      0.00000000
      0.00000000
      0.00000000
      0.00000000
      0.00000000
      0.00000000
      0.00000000
      0.00000000
      0.00000000
      0.00000000
      0.00000000
      0.00000000
      0.00000000
      0.00000000
      0.00000000
      0.00000000
      0.00000000
      0.00000000
      0.00000000
      0.00000000
      0.00000000
      0.00000000
      0.00000000
      0.00000000
      0.00000000
      0.00000000
      0.00000000
      0.00000000
      0.00000000
      0.00000000
      0.00000000
      0.00000000
      0.00000000
      0.00000000
      0.00000000
      0.00000000
      0.00000001
      0.00000005
      0.00000030
      0.00000148
      0.00000618
      0.00002124
      0.00005959
      0.00013622
      0.00025705
      0.00041244
      0.00058494
      0.00076097
      0.00093442
      0.00110405
      0.00127036
      0.00143402
      0.00159547
      0.00175496
      0.00191260
      0.00206845
      0.00222253
      0.00237488
      0.00252550
      0.00267441
      0.00282161
      0.00296712
      0.00311092
      0.00325304
      0.00339346
      0.00353219
      0.00366923
      0.00380459
      0.00393826
      0.00407025
      0.00420055
      0.00432917
      0.00445610
      0.00458135
      0.00470492
      0.00482681
      0.00494701
      0.00506553
      0.00518237
      0.00529752
      0.00541100
      0.00552279
      0.00563290
      0.00574133
      0.00584808
      0.00595315
      0.00605653
      0.00615824
      0.00625826
      0.00635660
      0.00645326
      0.00654824
      0.00664154
      0.00673316
      0.00682309
      0.00691135
      0.00699792
      0.00708281
      0.00716603
      0.00724756
      0.00732741
      0.00740557
      0.00748206
      0.00755687
      0.00762999
      0.00770144
      0.00777120
      0.00783928
      0.00790568
      0.00797040
      0.00803344
      0.00809480
      0.00815448
      0.00821247
      0.00826879
      0.00832342
      0.00837637
      0.00842765
      0.00847724
      0.00852515
      0.00857138
      0.00861592
      0.00865879
      0.00869998
      0.00873948
      0.00877730
      0.00881345
      0.00884791
      0.00888069
      0.00891179
      0.00894121
      0.00896894
      0.00899500
      0.00901938
      0.00904207
      0.00906308
      0.00908242
      0.00910007
      0.00911604
      0.00913033
      0.00914293
      0.00915386
      0.00916311
      0.00917067
      0.00917655
      0.00918076
      0.00918328
      0.00918412
      0.00918328
      0.00918076
      0.00917655
      0.00917067
      0.00916311
      0.00915386
      0.00914293
      0.00913033
      0.00911604
      0.00910007
      0.00908242
      0.00906308
      0.00904207
      0.00901938
      0.00899500
      0.00896894
      0.00894121
      0.00891179
      0.00888069
      0.00884791
      0.00881345
      0.00877730
      0.00873948
      0.00869998
      0.00865879
      0.00861592
      0.00857138
      0.00852515
      0.00847724
      0.00842765
      0.00837637
      0.00832342
      0.00826879
      0.00821247
      0.00815448
      0.00809480
      0.00803344
      0.00797040
      0.00790568
      0.00783928
      0.00777120
      0.00770144
      0.00762999
      0.00755687
      0.00748206
      0.00740557
      0.00732741
      0.00724756
      0.00716603
      0.00708281
      0.00699792
      0.00691135
      0.00682309
      0.00673316
      0.00664154
      0.00654824
      0.00645326
      0.00635660
      0.00625826
      0.00615824
      0.00605653
      0.00595315
      0.00584808
      0.00574133
      0.00563290
      0.00552279
      0.00541100
      0.00529752
      0.00518237
      0.00506553
      0.00494701
      0.00482681
      0.00470492
      0.00458135
      0.00445610
      0.00432917
      0.00420055
      0.00407025
      0.00393826
      0.00380459
      0.00366923
      0.00353219
      0.00339346
      0.00325304
      0.00311092
      0.00296712
      0.00282161
      0.00267441
      0.00252550
      0.00237488
      0.00222253
      0.00206845
      0.00191260
      0.00175496
      0.00159547
      0.00143402
      0.00127036
      0.00110405
      0.00093442
      0.00076097
      0.00058494
      0.00041244
      0.00025705
      0.00013622
      0.00005959
      0.00002124
      0.00000618
      0.00000148
      0.00000030
      0.00000005
      0.00000001
      0.00000000
      0.00000000
      0.00000000
      0.00000000
      0.00000000
      0.00000000
      0.00000000
      0.00000000
      0.00000000
      0.00000000
      0.00000000
      0.00000000
      0.00000000
      0.00000000
      0.00000000
      0.00000000
      0.00000000
      0.00000000
      0.00000000
      0.00000000
      0.00000000
      0.00000000
      0.00000000
      0.00000000
      0.00000000
      0.00000000
      0.00000000
      0.00000000
      0.00000000
      0.00000000
      0.00000000
      0.00000000
      0.00000000
      0.00000000
      0.00000000
      0.00000000
      0.00000000
      0.00000000
      0.00000000
      0.00000000
      0.00000000
      0.00000000
      0.00000000
      0.00000000
      0.00000000
      0.00000000
      0.00000000
      0.00000000
      0.00000000
      0.00000000
      0.00000000
      0.00000000
      0.00000000
      0.00000000
      0.00000000
      0.00000000
      0.00000000
      0.00000000
      0.00000000
      0.00000000
      0.00000000
      0.00000000
      0.00000000
      0.00000000
      0.00000000
      0.00000000
      0.00000000
      0.00000000
      0.00000000
      0.00000000
      0.00000000
      0.00000000
      0.00000000
      0.00000000
      0.00000000
      0.00000000
      0.00000000
      0.00000000
      0.00000000
      0.00000000
      0.00000000
      0.00000000
      0.00000000
      0.00000000
      0.00000000
      0.00000000
      0.00000000
      0.00000000
      0.00000000
      0.00000000
      0.00000000
      0.00000000
      0.00000000
      0.00000000
      0.00000000
      0.00000000
      0.00000000
      0.00000000
      0.00000000
      0.00000000
      0.00000000
      0.00000000
      0.00000000
      0.00000000
      0.00000000
      0.00000000
      0.00000000
      0.00000000
      0.00000000
      0.00000000
      0.00000000
      0.00000000
      0.00000000
      0.00000000
      0.00000000
      0.00000000
      0.00000000
      0.00000000
      0.00000000
      0.00000000
      0.00000000
      0.00000000
      0.00000000
      0.00000000
      0.00000000
      0.00000000
      0.00000000
      0.00000000
      0.00000000
      0.00000000
      0.00000000
      0.00000000
      0.00000000
      0.00000000
      0.00000000
      0.00000000
      0.00000000
      0.00000000
      0.00000000
      0.00000000
      0.00000000
      0.00000000
      0.00000000
      0.00000000
      0.00000000
