      0.00000000
      0.47482348
      0.09889270
     -0.30354062
     -0.72697406
     -1.15028752
     -1.55210542
     -1.92647736
     -2.28294655
     -2.63860312
     -3.01115269
      2.87131435
      2.44662476
      2.01984718
      1.61495753
      1.23978485
      0.88500056
      0.53275659
      0.16400575
     -0.23447378
     -0.66021825
     -1.09078289
     -1.49928251
     -1.87560413
     -2.22872286
     -2.57725574
     -2.94164126
      2.94596117
      2.51948293
      2.08479934
      1.67203366
      1.29410405
      0.94258239
      0.59807718
      0.23871598
     -0.15314004
     -0.57985542
     -1.01897616
     -1.43681384
     -1.81696603
     -2.16703665
     -2.50718813
     -2.86075982
      3.03534751
      2.60914951
      2.16533274
      1.74142798
      1.35821681
      1.00932806
      0.67384787
      0.32694860
     -0.05401912
     -0.47856618
     -0.92719009
     -1.35838998
     -1.74581807
     -2.09399118
     -2.42452610
     -2.76374839
     -3.13692276
      2.72505439
      2.27182783
      1.83183514
      1.43855906
      1.09031599
      0.76489105
      0.43445809
      0.07118249
     -0.34419897
     -0.80119507
     -1.25174108
     -1.65320016
     -2.00282530
     -2.32320660
     -2.64368160
     -2.99447853
      2.88275992
      2.42402695
      1.96105623
      1.54802887
      1.19482157
      0.87895914
      0.56954072
      0.23426368
     -0.15716248
     -0.61340305
     -1.09021132
     -1.51972582
     -1.88025836
     -2.19302117
     -2.49062751
     -2.80704952
      3.10604509
      2.66030133
      2.17037950
      1.71743362
      1.34305504
      1.03019726
      0.74424616
      0.44982966
      0.10939990
     -0.31212599
     -0.80797321
     -1.29288151
     -1.69278166
     -2.01263473
     -2.28922186
     -2.55972565
     -2.86198693
      3.04400753
      2.56493040
      2.04392454
      1.59757047
      1.25537577
      0.98079648
      0.73268040
      0.47411978
      0.16306940
     -0.25151760
     -0.78043809
     -1.30338014
     -1.70469779
     -1.99842709
     -2.23431433
     -2.45203894
     -2.68660759
     -2.98267017
      2.87958996
      2.31546253
      1.77364351
      1.38997738
      1.12790212
      0.92871565
      0.75462768
      0.57775335
      0.36575215
      0.06278172
     -0.42274527
     -1.06489318
     -1.57173416
     -1.87412446
     -2.06158169
     -2.19086736
     -2.28847837
     -2.36733466
     -2.43432707
     -2.49345028
     -2.54717021
     -2.59703682
     -2.64392285
     -2.68805347
     -2.72897483
     -2.76567236
     -2.79697964
     -2.82213118
     -2.84114164
     -2.85480305
     -2.86433801
     -2.87097727
     -2.87570165
     -2.87918606
     -2.88185694
     -2.88397483
     -2.88570020
     -2.88713547
     -2.88834908
     -2.88938887
     -2.89028944
     -2.89107664
     -2.89177013
     -2.89238524
     -2.89293404
     -2.89342622
     -2.89386963
     -2.89427069
     -2.89463473
     -2.89496620
     -2.89526883
     -2.89554580
     -2.89579982
     -2.89603321
     -2.89624799
     -2.89644589
     -2.89662845
     -2.89679700
     -2.89695272
     -2.89709665
     -2.89722971
     -2.89735274
     -2.89746646
     -2.89757155
     -2.89766860
     -2.89775814
     -2.89784067
     -2.89791662
     -2.89798641
     -2.89805040
     -2.89810892
     -2.89816229
     -2.89821079
     -2.89825469
     -2.89829423
     -2.89832963
     -2.89836110
     -2.89838883
     -2.89841301
     -2.89843381
     -2.89845138
     -2.89846587
     -2.89847742
     -2.89848616
     -2.89849222
     -2.89849571
     -2.89849674
     -2.89849542
     -2.89849184
     -2.89848610
     -2.89847830
     -2.89846851
     -2.89845682
     -2.89844330
     -2.89842804
     -2.89841110
     -2.89839256
     -2.89837248
     -2.89835093
     -2.89832797
     -2.89830365
     -2.89827805
     -2.89825121
     -2.89822319
     -2.89819405
     -2.89816383
     -2.89813259
     -2.89810038
     -2.89806725
     -2.89803325
     -2.89799841
     -2.89796280
     -2.89792645
     -2.89788941
     -2.89785172
     -2.89781343
     -2.89777457
     -2.89773520
     -2.89769535
     -2.89765506
     -2.89761438
     -2.89757334
     -2.89753199
     -2.89749036
     -2.89744850
     -2.89740644
     -2.89736423
     -2.89732189
     -2.89727948
     -2.89723703
     -2.89719459
     -2.89715218
     -2.89710984
     -2.89706763
     -2.89702557
     -2.89698371
     -2.89694208
     -2.89690073
     -2.89685969
     -2.89681901
     -2.89677872
     -2.89673887
     -2.89669949
     -2.89666064
     -2.89662235
     -2.89658466
     -2.89654762
     -2.89651127
     -2.89647565
     -2.89644082
     -2.89640682
     -2.89637369
     -2.89634148
     -2.89631024
     -2.89628002
     -2.89625088
     -2.89622286
     -2.89619602
     -2.89617042
     -2.89614610
     -2.89612314
     -2.89610159
     -2.89608151
     -2.89606296
     -2.89604603
     -2.89603077
     -2.89601725
     -2.89600556
     -2.89599577
     -2.89598797
     -2.89598223
     -2.89597865
     -2.89597733
     -2.89597836
     -2.89598185
     -2.89598791
     -2.89599665
     -2.89600820
     -2.89602269
     -2.89604026
     -2.89606106
     -2.89608524
     -2.89611297
     -2.89614444
     -2.89617984
     -2.89621938
     -2.89626327
     -2.89631178
     -2.89636515
     -2.89642367
     -2.89648766
     -2.89655745
     -2.89663340
     -2.89671593
     -2.89680547
     -2.89690252
     -2.89700760
     -2.89712133
     -2.89724436
     -2.89737742
     -2.89752135
     -2.89767707
     -2.89784562
     -2.89802818
     -2.89822608
     -2.89844086
     -2.89867425
     -2.89892827
     -2.89920524
     -2.89950787
     -2.89983934
     -2.90020338
     -2.90060444
     -2.90104785
     -2.90154003
     -2.90208883
     -2.90270394
     -2.90339743
     -2.90418462
     -2.90508520
     -2.90612498
     -2.90733860
     -2.90877387
     -2.91049924
     -2.91261713
     -2.91528801
     -2.91877242
     -2.92349680
     -2.93013606
     -2.93967102
     -2.95333243
     -2.97234289
     -2.99749443
     -3.02880171
     -3.06549924
     -3.10642060
      3.13263408
      3.08574806
      3.03588145
      2.98216152
      2.92303831
      2.85604590
      2.77718961
      2.67957860
      2.55029293
      2.36283570
      2.06044540
      1.55360442
      0.91145651
      0.42592952
      0.12295909
     -0.08904211
     -0.26591644
     -0.44000441
     -0.63919088
     -0.90126614
     -1.28493227
     -1.82675130
     -2.39087872
     -2.81180390
     -3.10786648
      2.94075018
      2.72302557
      2.48713833
      2.19340902
      1.79209138
      1.26914933
      0.74022884
      0.32564184
      0.01459146
     -0.24396916
     -0.49208524
     -0.76666454
     -1.10885923
     -1.55521330
     -2.07621916
     -2.55529629
     -2.93248713
      3.04843689
      2.77793310
      2.50134597
      2.18149290
      1.78159275
      1.29668445
      0.80083723
      0.37931134
      0.03888157
     -0.25553492
     -0.54148602
     -0.85434380
     -1.22872238
     -1.68166826
     -2.17159010
     -2.61733386
     -2.98742455
      2.97933875
      2.68173240
      2.36896960
      2.00843706
      1.57892256
      1.10211428
      0.64587372
      0.25444756
     -0.08082948
     -0.39024790
     -0.70611033
     -1.05931763
     -1.47234499
     -1.93531572
     -2.39404868
     -2.79999554
      3.13239284
      2.81191784
      2.49153653
      2.14191140
      1.74045232
      1.28990630
      0.83291021
      0.41752874
      0.05425315
     -0.27617982
     -0.60160475
     -0.94984782
     -1.34312390
     -1.78311660
     -2.23634315
     -2.65755131
     -3.03072568
      2.91323733
      2.58270242
      2.23452931
      1.84710122
      1.41590132
      0.96727742
      0.54273036
      0.16176264
     -0.18513663
     -0.52061683
     -0.86950557
     -1.25271674
     -1.67662150
     -2.12043827
     -2.54663627
     -2.93371425
      2.99589937
      2.65574789
      2.30567727
      1.92552508
      1.50768740
      1.06856666
      0.64185128
      0.24999526
     -0.10936594
     -0.45387116
     -0.80539281
     -1.18332243
     -1.59608810
     -2.03077169
     -2.45724993
     -2.85283280
      3.06596697
      2.71743410
      2.36431536
      1.98799375
      1.57949413
      1.14892949
      0.72318502
      0.32470549
     -0.04404535
     -0.39628932
     -0.75107361
     -1.12624629
     -1.53113594
     -1.95791353
     -2.38260311
     -2.78332138
      3.12731435
      2.77165779
      2.41518860
      2.04081665
      1.63899876
      1.21568530
      0.79225186
      0.38981854
      0.01388776
      0.00000000
