             NaN
     -3.13827598
     -2.76234471
     -2.35991160
     -1.93647902
     -1.51316642
     -1.11134875
     -0.73697629
     -0.38050616
     -0.02484861
      0.34770155
      0.74841966
      1.17310836
      1.59988499
      2.00477433
      2.37994750
      2.73473279
      3.08697782
     -2.82745596
     -2.42897652
     -2.00323295
     -1.57266939
     -1.16417018
     -0.78784809
     -0.43472832
     -0.08619430
      0.27819204
      0.67377491
      1.10025224
      1.53493462
      1.94769977
      2.32562983
      2.67715256
      3.02165902
     -2.90216416
     -2.51030802
     -2.08359356
     -1.64447415
     -1.22663715
     -0.84648456
     -0.49641282
     -0.15626000
      0.19731275
      0.58439100
      1.01058811
      1.45440340
      1.87830732
      2.26151881
      2.61040870
      2.94589034
     -2.99039446
     -2.60942631
     -2.18488006
     -1.73625779
     -1.30505896
     -0.91763065
     -0.56945637
     -0.23891990
      0.10030380
      0.47347882
      0.89468630
      1.34791108
      1.78790243
      2.18117858
      2.52942284
      2.85484944
     -3.09790131
     -2.73462481
     -2.31924384
     -1.86224962
     -1.41170528
     -1.01024634
     -0.66062004
     -0.34023697
     -0.01976018
      0.33103797
      0.73698465
      1.19571570
      1.65868433
      2.07171123
      2.42491963
      2.74078392
      3.05020434
     -2.89770236
     -2.50627594
     -2.05003716
     -1.57323147
     -1.14371792
     -0.78318442
     -0.47041969
     -0.17281114
      0.14361280
      0.51370435
      0.95944674
      1.44936552
      1.90230970
      2.27668892
      2.58954865
      2.87550213
     -3.11326437
     -2.77283305
     -2.35130768
     -1.85546368
     -1.37055822
     -0.97065808
     -0.65080316
     -0.37421351
     -0.10370708
      0.19855648
      0.57574812
      1.05482278
      1.57582439
      2.02217704
      2.36437318
      2.63895504
      2.88707400
     -3.13754784
     -2.82649521
     -2.41190836
     -1.88299233
     -1.36005458
     -0.95873691
     -0.66500525
     -0.42911502
     -0.21138727
      0.02318453
      0.31924972
      0.74017471
      1.30429617
      1.84611011
      2.22977682
      2.49185489
      2.69104458
      2.86513582
      3.04201353
     -3.02916708
     -2.72619384
     -2.24066904
     -1.59853106
     -1.09169358
     -0.78930089
     -0.60184035
     -0.47255156
     -0.37493769
     -0.29607870
     -0.22908367
     -0.16995784
     -0.11623522
     -0.06636579
     -0.01947673
      0.02465726
      0.06558245
      0.10228447
      0.13359716
      0.15875532
      0.17777391
      0.19144524
      0.20099212
      0.20764543
      0.21238606
      0.21588896
      0.21858061
      0.22072155
      0.22247224
      0.22393512
      0.22517862
      0.22625058
      0.22718560
      0.22800952
      0.22874201
      0.22939837
      0.22999069
      0.23052864
      0.23102005
      0.23147137
      0.23188789
      0.23227406
      0.23263360
      0.23296968
      0.23328500
      0.23358187
      0.23386229
      0.23412799
      0.23438048
      0.23462109
      0.23485099
      0.23507119
      0.23528260
      0.23548605
      0.23568224
      0.23587182
      0.23605538
      0.23623343
      0.23640644
      0.23657484
      0.23673900
      0.23689929
      0.23705601
      0.23720945
      0.23735988
      0.23750754
      0.23765264
      0.23779539
      0.23793598
      0.23807457
      0.23821132
      0.23834638
      0.23847987
      0.23861192
      0.23874264
      0.23887214
      0.23900052
      0.23912785
      0.23925423
      0.23937973
      0.23950442
      0.23962837
      0.23975163
      0.23987426
      0.23999633
      0.24011786
      0.24023891
      0.24035952
      0.24047973
      0.24059957
      0.24071908
      0.24083828
      0.24095720
      0.24107587
      0.24119432
      0.24131255
      0.24143061
      0.24154849
      0.24166623
      0.24178383
      0.24190130
      0.24201867
      0.24213595
      0.24225314
      0.24237025
      0.24248730
      0.24260429
      0.24272123
      0.24283812
      0.24295497
      0.24307179
      0.24318858
      0.24330535
      0.24342209
      0.24353882
      0.24365553
      0.24377223
      0.24388892
      0.24400560
      0.24412228
      0.24423895
      0.24435562
      0.24447229
      0.24458896
      0.24470564
      0.24482232
      0.24493901
      0.24505571
      0.24517242
      0.24528915
      0.24540589
      0.24552266
      0.24563945
      0.24575627
      0.24587312
      0.24599001
      0.24610695
      0.24622394
      0.24634099
      0.24645810
      0.24657529
      0.24669256
      0.24680993
      0.24692741
      0.24704501
      0.24716275
      0.24728063
      0.24739868
      0.24751692
      0.24763537
      0.24775404
      0.24787296
      0.24799216
      0.24811167
      0.24823151
      0.24835171
      0.24847233
      0.24859338
      0.24871491
      0.24883697
      0.24895961
      0.24908287
      0.24920682
      0.24933151
      0.24945701
      0.24958339
      0.24971072
      0.24983909
      0.24996859
      0.25009932
      0.25023137
      0.25036486
      0.25049992
      0.25063667
      0.25077526
      0.25091585
      0.25105860
      0.25120370
      0.25135136
      0.25150179
      0.25165523
      0.25181195
      0.25197224
      0.25213640
      0.25230480
      0.25247781
      0.25265586
      0.25283942
      0.25302900
      0.25322519
      0.25342864
      0.25364005
      0.25386025
      0.25409014
      0.25433075
      0.25458325
      0.25484895
      0.25512937
      0.25542624
      0.25574155
      0.25607764
      0.25643718
      0.25682335
      0.25723987
      0.25769118
      0.25818260
      0.25872055
      0.25931287
      0.25996923
      0.26070172
      0.26152564
      0.26246066
      0.26353261
      0.26477612
      0.26623899
      0.26798969
      0.27013062
      0.27282227
      0.27632518
      0.28106581
      0.28771912
      0.29726600
      0.31093733
      0.32995592
      0.35511408
      0.38642677
      0.42312878
      0.46405398
      0.50818796
      0.55507703
      0.60494646
      0.65866908
      0.71779491
      0.78478994
      0.86364893
      0.96126280
      1.09055159
      1.27801213
      1.58040482
      2.08724229
      2.72938027
     -3.06828023
     -2.76530699
     -2.55330229
     -2.37642458
     -2.20233334
     -2.00314365
     -1.74106558
     -1.35739887
     -0.81558493
     -0.25146348
      0.16946152
      0.46552671
      0.70009851
      0.91782626
      1.15371649
      1.44744815
      1.84876582
      2.37170357
      2.90061960
     -2.96797886
     -2.65692623
     -2.39836276
     -2.15024381
     -1.87566194
     -1.53346580
     -1.08711315
     -0.56611154
     -0.08703688
      0.29015476
      0.59241832
      0.86292475
      1.13951440
      1.45936932
      1.85926946
      2.34417492
      2.84001892
     -3.02164102
     -2.68120970
     -2.38679089
     -2.10083741
     -1.78797768
     -1.41359846
     -0.96065429
     -0.47073550
     -0.02499311
      0.34509843
      0.66152238
      0.95913093
      1.27189566
      1.63242916
      2.06194271
      2.53874840
      2.99498718
     -2.89677170
     -2.56149310
     -2.25207268
     -1.93620839
     -1.58299999
     -1.16997309
     -0.70700446
     -0.24827341
      0.15767327
      0.50847141
      0.82894820
      1.14933128
      1.49895758
      1.90041652
      2.35096085
      2.80795507
     -3.05984926
     -2.69657276
     -2.36613820
     -2.04071160
     -1.69246734
     -1.29919119
     -0.85919984
     -0.40597506
      0.01523242
      0.38840744
      0.72763113
      1.05816761
      1.40634188
      1.79377020
      2.22496903
      2.67359130
      3.09813755
     -2.80407960
     -2.45717910
     -2.12169746
     -1.77280757
     -1.38959608
     -0.96569216
     -0.52187687
     -0.09567976
      0.29139849
      0.64497124
      0.98512406
      1.33519580
      1.71534839
      2.13318539
      2.57230480
      2.99901926
     -2.89230991
     -2.53294778
     -2.18844132
     -1.83691859
     -1.45898853
     -1.04622339
     -0.61154100
     -0.18506367
      0.21051920
      0.57490554
      0.92343956
      1.27655933
      1.65288142
      2.06138063
      2.49194419
      2.91768775
     -2.96701811
     -2.59826658
     -2.24602155
     -1.89123626
     -1.51606309
     -1.11117375
     -0.68439712
     -0.25970843
      0.14100969
      0.51355985
      0.86921740
      1.22568753
      1.60005999
      2.00187766
      2.42519026
      2.84862284
     -3.03212936
     -2.65619808
      0.00000000
