      0.00000000
      2.97571004
      2.58863349
      2.20164106
      1.81262964
      1.42060829
      1.02632569
      0.63190739
      0.23960306
     -0.14957084
     -0.53641283
     -0.92306051
     -1.31180288
     -1.70379106
     -2.09830528
     -2.49308715
     -2.88566887
      3.00831786
      2.62172200
      2.23545685
      1.84701910
      1.45507661
      1.06031128
      0.66512514
      0.27222913
     -0.11700457
     -0.50333183
     -0.88917077
     -1.27726244
     -1.66914414
     -2.06418270
     -2.45982036
     -2.85307381
      3.04083017
      2.65479747
      2.26943572
      1.88173898
      1.48993649
      1.09459934
      0.69845476
      0.30479280
     -0.08455127
     -0.47025913
     -0.85508355
     -1.24232707
     -1.63402760
     -2.02969263
     -2.42640986
     -2.82054158
      3.07321835
      2.68787106
      2.30365586
      1.91693604
      1.52536606
      1.12933899
      0.73197001
      0.33729400
     -0.05223588
     -0.43717986
     -0.82069868
     -1.20680824
     -1.59821113
     -1.99464052
     -2.39275786
     -2.78807037
      3.10545108
      2.72096225
      2.33824723
      1.95285608
      1.56166785
      1.16478809
      0.76580238
      0.36973722
     -0.02009879
     -0.40406844
     -0.78584493
     -1.17037994
     -1.56129026
     -1.95867840
     -2.35868441
     -2.75565150
      3.13747524
      2.75410529
      2.37343987
      1.98994020
      1.59939394
      1.20142653
      0.80020377
      0.40213838
      0.01178900
     -0.37087762
     -0.75020586
     -1.13243101
     -1.52249233
     -1.92112654
     -2.32382650
     -2.72325585
     -3.11399122
      2.78736746
      2.40968130
      2.02906005
      1.63965977
      1.24025005
      0.83571696
      0.43455144
      0.04329172
     -0.33750923
     -0.71312754
     -1.09167279
     -1.48014241
     -1.88046193
     -2.28733342
     -2.69078142
     -3.08277822
      2.82089309
      2.44796509
      2.07220970
      1.68511231
      1.28372364
      0.87375947
      0.46717417
      0.07408564
     -0.30375734
     -0.67302602
     -1.04482797
     -1.42975771
     -1.83237350
     -2.24663722
     -2.65782862
     -3.05267573
      2.85493336
      2.49097786
      2.12525249
      1.74414413
      1.34030343
      0.91960563
      0.50087871
      0.10275053
     -0.26958075
     -0.62495016
     -0.97992327
     -1.35283089
     -1.75670548
     -2.18820566
     -2.62214813
     -3.02855984
      2.88702569
      2.54880014
      2.21964913
      1.87426768
      1.48531157
      1.03570010
      0.54907901
      0.09284966
     -0.28552852
     -0.58793659
     -0.83934077
     -1.07000738
     -1.31299208
     -1.60498839
     -1.98338063
     -2.46319563
     -2.98583194
      2.83872844
      2.48498679
      2.20989010
      1.96839795
      1.71368623
      1.39995246
      0.98966830
      0.48641281
     -0.02543720
     -0.45113402
     -0.77579915
     -1.03510920
     -1.27634988
     -1.54757255
     -1.89418715
     -2.34397707
     -2.86363637
      2.93312524
      2.54760691
      2.25281069
      2.00605475
      1.75890860
      1.46326754
      1.07720892
      0.59098749
      0.07151935
     -0.37819875
     -0.72410815
     -0.99431876
     -1.23535621
     -1.49607019
     -1.82364236
     -2.25210180
     -2.76419121
      3.01764975
      2.61002513
      2.29940147
      2.04673607
      1.80372180
      1.52156610
      1.15575411
      0.68681401
      0.16535835
     -0.30354230
     -0.66900476
     -0.95069462
     -1.19352798
     -1.44648576
     -1.75770794
     -2.16577891
     -2.66707077
      3.10423556
      2.67605887
      2.34906314
      2.08892635
      1.84794597
      1.57703876
      1.22992691
      0.77940899
      0.26021676
     -0.22526830
     -0.61040928
     -0.90491798
     -1.15135483
     -1.39855770
     -1.69523400
     -2.08335534
     -2.57099304
     -3.08951571
      2.74591316
      2.40155165
      2.13230636
      1.89150987
      1.62999150
      1.30027553
      0.86906086
      0.35605901
     -0.14333889
     -0.54837414
     -0.85712819
     -1.10891506
     -1.35219492
     -1.63599669
     -2.00476668
     -2.47640783
     -2.99759239
      2.81950632
      2.45682719
      2.17685097
      1.93446317
      1.68056032
      1.36687895
      0.95540535
      0.45216504
     -0.05806171
     -0.48293623
     -0.80730338
     -1.06615105
     -1.30728475
     -1.57987999
     -1.93014156
     -2.38402415
     -2.90384068
      2.89666775
      2.51491273
      2.22262774
      1.97690406
      1.72886464
      1.42975982
      1.03802437
      0.54764372
      0.03008643
     -0.41416073
     -0.75538578
     -1.02297367
     -1.26371543
     -1.52678839
     -1.85960049
     -2.29453498
     -2.80906382
      2.97713744
      2.57582149
      2.26971166
      2.01892053
      1.77499718
      1.48893544
      1.11656693
      0.64160238
      0.12051182
     -0.34216846
     -0.70134144
     -0.97932767
     -1.22143003
     -1.47667659
     -1.79324768
     -2.20853827
     -2.71411885
      3.06056914
      2.63951626
      2.31812207
      2.06051828
      1.81895776
      1.54437848
      1.19077166
      0.73328144
      0.21260343
     -0.26711224
     -0.64519374
     -0.93526775
     -1.18052632
     -1.42964024
     -1.73120299
     -2.12643488
     -2.61968517
     -3.13649904
      2.70595228
      2.36776245
      2.10148119
      1.86048460
      1.59590759
      1.26053727
      0.82242626
      0.30621502
     -0.18886640
     -0.58695357
     -0.89110138
     -1.14153363
     -1.38616266
     -1.67356581
     -2.04782242
     -2.52504354
     -3.04671260
      2.77573137
      2.41847507
      2.14095612
      1.89848130
      1.64303085
      1.32696796
      0.91216189
      0.40569156
     -0.10382292
     -0.52522157
     -0.84768144
     -1.10672279
     -1.34794055
     -1.61820248
     -1.96312510
     -2.41246304
     -2.93371898
      2.86126992
      2.47284368
      2.17369596
      1.92694678
      1.69560561
      1.44644992
      1.14920981
      0.77835194
      0.32882543
     -0.15692279
     -0.61104864
     -1.00510325
     -1.35361058
     -1.68355435
     -2.02047458
     -2.38518761
     -2.78839321
      3.06234910
      2.62962438
      2.22306071
      1.84785256
      1.49193457
      1.13715756
      0.76664176
      0.37068299
     -0.04683742
     -0.46810345
     -0.87373366
     -1.25660746
     -1.62319280
     -1.98682064
     -2.36108041
     -2.75428227
      3.11870707
      2.70413708
      2.30020643
      1.91385800
      1.54129057
      1.17221243
      0.79538697
      0.40361757
     -0.00212231
     -0.41225611
     -0.81466366
     -1.20293714
     -1.57937610
     -1.95219665
     -2.33089502
     -2.72179804
     -3.12451207
      2.75171412
      2.35057860
      1.96111242
      1.58195224
      1.20638635
      0.82625474
      0.43592275
      0.03540503
     -0.36916218
     -0.76924011
     -1.15949856
     -1.54067709
     -1.91834938
     -2.29961768
     -2.68955317
     -3.08840352
      2.79208456
      2.39289446
      2.00208498
      1.61935149
      1.24000911
      0.85781369
      0.46816256
      0.07061977
     -0.33057391
     -0.72900913
     -1.12021397
     -1.50417992
     -1.88488037
     -2.26784919
     -2.65729238
     -3.05378407
      2.82944358
      2.43165840
      2.04016390
      1.65519916
      1.27337184
      0.88974579
      0.50045628
      0.10482628
     -0.29409673
     -0.69131554
     -1.08302517
     -1.46881391
     -1.85159188
     -2.23578507
     -2.62496067
     -3.01987282
      2.86526864
      2.46854846
      2.07667790
      1.69019926
      1.30660814
      0.92191926
      0.53282772
      0.13852161
     -0.25876574
     -0.65504288
     -1.04703404
     -1.43409743
     -1.81839215
     -2.20351899
     -2.59254928
     -2.98633806
      2.90021779
      2.50433742
      2.11225633
      1.72469224
      1.33978273
      0.95426543
      0.56527859
      0.17193550
     -0.22411670
     -0.61963930
     -1.01178656
     -1.39978301
     -1.78523411
     -2.17110222
     -2.56005972
     -2.95301595
      2.93462746
      2.53942937
      2.14723465
      1.75886228
      1.37293081
      0.98674541
      0.59780587
      0.20518749
     -0.18990049
     -0.58480272
     -0.97702990
     -1.36573093
     -1.75209094
     -2.13856492
     -2.52749581
     -2.91981775
      2.96868547
      2.57405417
      2.18180669
      1.79281707
      1.40607294
      1.01933519
      0.63040521
      0.23834434
     -0.15597323
     -0.55035544
     -0.94261322
     -1.33185711
     -1.71894699
     -2.10593537
      0.00000000
