      0.00000000
      0.00000000
      0.00000000
      0.00000000
      0.00000000
      0.00000000
      0.00000000
      0.00000000
      0.00000000
      0.00000000
      0.00000000
      0.00000000
      0.00000000
      0.00000000
      0.00000000
      0.00000000
      0.00000000
      0.00000000
      0.00000000
      0.00000000
      0.00000000
      0.00000000
      0.00000000
      0.00000000
      0.00000000
      0.00000000
      0.00000000
      0.00000000
      0.00000000
      0.00000000
      0.00000000
      0.00000000
      0.00000000
      0.00000000
      0.00000000
      0.00000000
      0.00000000
      0.00000000
      0.00000000
      0.00000000
      0.00000000
      0.00000000
      0.00000000
      0.00000000
      0.00000000
      0.00000000
      0.00000000
      0.00000000
      0.00000000
      0.00000000
      0.00000000
      0.00000000
      0.00000000
      0.00000000
      0.00000000
      0.00000000
      0.00000000
      0.00000000
      0.00000000
      0.00000000
      0.00000000
      0.00000000
      0.00000000
      0.00000000
      0.00000000
      0.00000000
      0.00000000
      0.00000000
      0.00000000
      0.00000000
      0.00000000
      0.00000000
      0.00000000
      0.00000000
      0.00000000
      0.00000000
      0.00000000
      0.00000000
      0.00000000
      0.00000000
      0.00000000
      0.00000000
      0.00000000
      0.00000000
      0.00000000
      0.00000000
      0.00000000
      0.00000000
      0.00000000
      0.00000000
      0.00000000
      0.00000000
      0.00000000
      0.00000000
      0.00000000
      0.00000000
      0.00000000
      0.00000000
      0.00000000
      0.00000000
      0.00000000
      0.00000000
      0.00000000
      0.00000000
      0.00000000
      0.00000000
      0.00000000
      0.00000000
      0.00000000
      0.00000000
      0.00000000
      0.00000000
      0.00000000
      0.00000000
      0.00000000
      0.00000000
      0.00000000
      0.00000000
      0.00000000
      0.00000000
      0.00000000
      0.00000000
      0.00000000
      0.00000000
      0.00000000
      0.00000000
      0.00000000
      0.00000000
      0.00000000
      0.00000000
      0.00000000
      0.00000000
      0.00000000
      0.00000000
      0.00000000
      0.00000000
      0.00000000
      0.00000000
      0.00000000
      0.00000000
      0.00000000
      0.00000000
      0.00000000
      0.00000000
      0.00000000
      0.00000003
      0.00000016
      0.00000071
      0.00000249
      0.00000667
      0.00001473
      0.00003109
      0.00007427
      0.00018831
      0.00041037
      0.00071095
      0.00103052
      0.00135200
      0.00169044
      0.00205016
      0.00241130
      0.00274698
      0.00304403
      0.00330759
      0.00355204
      0.00379071
      0.00403119
      0.00427543
      0.00452190
      0.00476781
      0.00501064
      0.00524884
      0.00548186
      0.00570992
      0.00593357
      0.00615339
      0.00636981
      0.00658306
      0.00679319
      0.00700015
      0.00720387
      0.00740428
      0.00760132
      0.00779501
      0.00798535
      0.00817238
      0.00835613
      0.00853663
      0.00871391
      0.00888799
      0.00905889
      0.00922663
      0.00939122
      0.00955268
      0.00971104
      0.00986629
      0.01001848
      0.01016761
      0.01031371
      0.01045680
      0.01059689
      0.01073402
      0.01086819
      0.01099943
      0.01112775
      0.01125319
      0.01137575
      0.01149547
      0.01161235
      0.01172643
      0.01183772
      0.01194623
      0.01205200
      0.01215505
      0.01225538
      0.01235303
      0.01244800
      0.01254034
      0.01263004
      0.01271714
      0.01280164
      0.01288358
      0.01296297
      0.01303982
      0.01311416
      0.01318600
      0.01325537
      0.01332228
      0.01338674
      0.01344878
      0.01350841
      0.01356565
      0.01362050
      0.01367300
      0.01372315
      0.01377096
      0.01381645
      0.01385964
      0.01390053
      0.01393914
      0.01397548
      0.01400956
      0.01404139
      0.01407099
      0.01409835
      0.01412349
      0.01414642
      0.01416714
      0.01418567
      0.01420200
      0.01421614
      0.01422810
      0.01423788
      0.01424548
      0.01425091
      0.01425416
      0.01425525
      0.01425416
      0.01425091
      0.01424548
      0.01423788
      0.01422810
      0.01421614
      0.01420200
      0.01418567
      0.01416714
      0.01414642
      0.01412349
      0.01409835
      0.01407099
      0.01404139
      0.01400956
      0.01397548
      0.01393914
      0.01390053
      0.01385964
      0.01381645
      0.01377096
      0.01372315
      0.01367300
      0.01362050
      0.01356565
      0.01350841
      0.01344878
      0.01338674
      0.01332228
      0.01325537
      0.01318600
      0.01311416
      0.01303982
      0.01296297
      0.01288358
      0.01280164
      0.01271714
      0.01263004
      0.01254034
      0.01244800
      0.01235303
      0.01225538
      0.01215505
      0.01205200
      0.01194623
      0.01183772
      0.01172643
      0.01161235
      0.01149547
      0.01137575
      0.01125319
      0.01112775
      0.01099943
      0.01086819
      0.01073402
      0.01059689
      0.01045680
      0.01031371
      0.01016761
      0.01001848
      0.00986629
      0.00971104
      0.00955268
      0.00939122
      0.00922663
      0.00905889
      0.00888799
      0.00871391
      0.00853663
      0.00835613
      0.00817238
      0.00798535
      0.00779501
      0.00760132
      0.00740428
      0.00720387
      0.00700015
      0.00679319
      0.00658306
      0.00636981
      0.00615339
      0.00593357
      0.00570992
      0.00548186
      0.00524884
      0.00501064
      0.00476781
      0.00452190
      0.00427543
      0.00403119
      0.00379071
      0.00355204
      0.00330759
      0.00304403
      0.00274698
      0.00241130
      0.00205016
      0.00169044
      0.00135200
      0.00103052
      0.00071095
      0.00041037
      0.00018831
      0.00007427
      0.00003109
      0.00001473
      0.00000667
      0.00000249
      0.00000071
      0.00000016
      0.00000003
      0.00000000
      0.00000000
      0.00000000
      0.00000000
      0.00000000
      0.00000000
      0.00000000
      0.00000000
      0.00000000
      0.00000000
      0.00000000
      0.00000000
      0.00000000
      0.00000000
      0.00000000
      0.00000000
      0.00000000
      0.00000000
      0.00000000
      0.00000000
      0.00000000
      0.00000000
      0.00000000
      0.00000000
      0.00000000
      0.00000000
      0.00000000
      0.00000000
      0.00000000
      0.00000000
      0.00000000
      0.00000000
      0.00000000
      0.00000000
      0.00000000
      0.00000000
      0.00000000
      0.00000000
      0.00000000
      0.00000000
      0.00000000
      0.00000000
      0.00000000
      0.00000000
      0.00000000
      0.00000000
      0.00000000
      0.00000000
      0.00000000
      0.00000000
      0.00000000
      0.00000000
      0.00000000
      0.00000000
      0.00000000
      0.00000000
      0.00000000
      0.00000000
      0.00000000
      0.00000000
      0.00000000
      0.00000000
      0.00000000
      0.00000000
      0.00000000
      0.00000000
      0.00000000
      0.00000000
      0.00000000
      0.00000000
      0.00000000
      0.00000000
      0.00000000
      0.00000000
      0.00000000
      0.00000000
      0.00000000
      0.00000000
      0.00000000
      0.00000000
      0.00000000
      0.00000000
      0.00000000
      0.00000000
      0.00000000
      0.00000000
      0.00000000
      0.00000000
      0.00000000
      0.00000000
      0.00000000
      0.00000000
      0.00000000
      0.00000000
      0.00000000
      0.00000000
      0.00000000
      0.00000000
      0.00000000
      0.00000000
      0.00000000
      0.00000000
      0.00000000
      0.00000000
      0.00000000
      0.00000000
      0.00000000
      0.00000000
      0.00000000
      0.00000000
      0.00000000
      0.00000000
      0.00000000
      0.00000000
      0.00000000
      0.00000000
      0.00000000
      0.00000000
      0.00000000
      0.00000000
      0.00000000
      0.00000000
      0.00000000
      0.00000000
      0.00000000
      0.00000000
      0.00000000
      0.00000000
      0.00000000
      0.00000000
      0.00000000
      0.00000000
      0.00000000
      0.00000000
      0.00000000
      0.00000000
      0.00000000
      0.00000000
      0.00000000
      0.00000000
      0.00000000
      0.00000000
      0.00000000
      0.00000000
      0.00000000
