      0.00000000
      0.00000000
      0.00000000
      0.00000000
      0.00000000
      0.00000000
      0.00000000
      0.00000000
      0.00000000
      0.00000000
      0.00000000
      0.00000000
      0.00000000
      0.00000000
      0.00000000
      0.00000000
      0.00000000
      0.00000000
      0.00000000
      0.00000000
      0.00000000
      0.00000000
      0.00000000
      0.00000000
      0.00000000
      0.00000000
      0.00000000
      0.00000000
      0.00000000
      0.00000000
      0.00000000
      0.00000000
      0.00000000
      0.00000000
      0.00000000
      0.00000000
      0.00000000
      0.00000000
      0.00000000
      0.00000000
      0.00000000
      0.00000000
      0.00000000
      0.00000000
      0.00000000
      0.00000000
      0.00000000
      0.00000000
      0.00000000
      0.00000000
      0.00000000
      0.00000000
      0.00000000
      0.00000000
      0.00000000
      0.00000001
      0.00000001
      0.00000001
      0.00000002
      0.00000003
      0.00000005
      0.00000007
      0.00000010
      0.00000015
      0.00000022
      0.00000031
      0.00000045
      0.00000065
      0.00000092
      0.00000131
      0.00000184
      0.00000258
      0.00000359
      0.00000496
      0.00000682
      0.00000931
      0.00001263
      0.00001703
      0.00002280
      0.00003032
      0.00004005
      0.00005253
      0.00006842
      0.00008848
      0.00011361
      0.00014482
      0.00018324
      0.00023013
      0.00028686
      0.00035488
      0.00043568
      0.00053079
      0.00064171
      0.00076988
      0.00091658
      0.00108294
      0.00126986
      0.00147796
      0.00170755
      0.00195861
      0.00223081
      0.00252347
      0.00283561
      0.00316598
      0.00351312
      0.00387536
      0.00425096
      0.00463809
      0.00503492
      0.00543966
      0.00585061
      0.00626616
      0.00668487
      0.00710541
      0.00752662
      0.00794751
      0.00836722
      0.00878505
      0.00920040
      0.00961280
      0.01002189
      0.01042735
      0.01082896
      0.01122654
      0.01161994
      0.01200902
      0.01239364
      0.01277367
      0.01314890
      0.01351911
      0.01388396
      0.01424304
      0.01459574
      0.01494129
      0.01527862
      0.01560633
      0.01592253
      0.01622470
      0.01650954
      0.01677264
      0.01700819
      0.01720855
      0.01736370
      0.01746062
      0.01748248
      0.01740786
      0.01720998
      0.01685634
      0.01630928
      0.01552846
      0.01447609
      0.01312461
      0.01146997
      0.00956361
      0.00754749
      0.00560788
      0.00388381
      0.00246361
      0.00140598
      0.00071711
      0.00033351
      0.00015065
      0.00007221
      0.00003781
      0.00002020
      0.00001010
      0.00000448
      0.00000174
      0.00000059
      0.00000019
      0.00000006
      0.00000002
      0.00000001
      0.00000000
      0.00000000
      0.00000000
      0.00000000
      0.00000000
      0.00000000
      0.00000000
      0.00000000
      0.00000000
      0.00000000
      0.00000000
      0.00000000
      0.00000000
      0.00000000
      0.00000000
      0.00000000
      0.00000000
      0.00000000
      0.00000000
      0.00000000
      0.00000000
      0.00000000
      0.00000000
      0.00000000
      0.00000000
      0.00000000
      0.00000000
      0.00000000
      0.00000000
      0.00000000
      0.00000000
      0.00000000
      0.00000000
      0.00000000
      0.00000000
      0.00000000
      0.00000000
      0.00000000
      0.00000000
      0.00000000
      0.00000000
      0.00000000
      0.00000000
      0.00000000
      0.00000000
      0.00000000
      0.00000000
      0.00000000
      0.00000000
      0.00000000
      0.00000000
      0.00000000
      0.00000000
      0.00000000
      0.00000000
      0.00000000
      0.00000000
      0.00000000
      0.00000000
      0.00000000
      0.00000000
      0.00000000
      0.00000000
      0.00000000
      0.00000000
      0.00000000
      0.00000000
      0.00000000
      0.00000000
      0.00000000
      0.00000000
      0.00000000
      0.00000000
      0.00000000
      0.00000000
      0.00000000
      0.00000000
      0.00000000
      0.00000000
      0.00000000
      0.00000000
      0.00000000
      0.00000000
      0.00000000
      0.00000000
      0.00000000
      0.00000000
      0.00000000
      0.00000000
      0.00000000
      0.00000000
      0.00000000
      0.00000000
      0.00000000
      0.00000000
      0.00000000
      0.00000000
      0.00000000
      0.00000000
      0.00000000
      0.00000000
      0.00000000
      0.00000000
      0.00000000
      0.00000000
      0.00000000
      0.00000000
      0.00000000
      0.00000000
      0.00000000
      0.00000000
      0.00000000
      0.00000000
      0.00000000
      0.00000000
      0.00000000
      0.00000000
      0.00000000
      0.00000000
      0.00000000
      0.00000000
      0.00000000
      0.00000000
      0.00000000
      0.00000000
      0.00000000
      0.00000000
      0.00000000
      0.00000000
      0.00000000
      0.00000000
      0.00000000
      0.00000000
      0.00000000
      0.00000000
      0.00000000
      0.00000000
      0.00000000
      0.00000000
      0.00000000
      0.00000000
      0.00000000
      0.00000000
      0.00000000
      0.00000000
      0.00000000
      0.00000000
      0.00000000
      0.00000000
      0.00000000
      0.00000000
      0.00000000
      0.00000000
      0.00000000
      0.00000000
      0.00000000
      0.00000000
      0.00000000
      0.00000000
      0.00000000
      0.00000000
      0.00000000
      0.00000000
      0.00000000
      0.00000000
      0.00000000
      0.00000000
      0.00000001
      0.00000002
      0.00000006
      0.00000019
      0.00000059
      0.00000174
      0.00000448
      0.00001010
      0.00002020
      0.00003781
      0.00007221
      0.00015065
      0.00033351
      0.00071711
      0.00140598
      0.00246361
      0.00388381
      0.00560788
      0.00754749
      0.00956361
      0.01146997
      0.01312461
      0.01447609
      0.01552846
      0.01630928
      0.01685634
      0.01720998
      0.01740786
      0.01748248
      0.01746062
      0.01736370
      0.01720855
      0.01700819
      0.01677264
      0.01650954
      0.01622470
      0.01592253
      0.01560633
      0.01527862
      0.01494129
      0.01459574
      0.01424304
      0.01388396
      0.01351911
      0.01314890
      0.01277367
      0.01239364
      0.01200902
      0.01161994
      0.01122654
      0.01082896
      0.01042735
      0.01002189
      0.00961280
      0.00920040
      0.00878505
      0.00836722
      0.00794751
      0.00752662
      0.00710541
      0.00668487
      0.00626616
      0.00585061
      0.00543966
      0.00503492
      0.00463809
      0.00425096
      0.00387536
      0.00351312
      0.00316598
      0.00283561
      0.00252347
      0.00223081
      0.00195861
      0.00170755
      0.00147796
      0.00126986
      0.00108294
      0.00091658
      0.00076988
      0.00064171
      0.00053079
      0.00043568
      0.00035488
      0.00028686
      0.00023013
      0.00018324
      0.00014482
      0.00011361
      0.00008848
      0.00006842
      0.00005253
      0.00004005
      0.00003032
      0.00002280
      0.00001703
      0.00001263
      0.00000931
      0.00000682
      0.00000496
      0.00000359
      0.00000258
      0.00000184
      0.00000131
      0.00000092
      0.00000065
      0.00000045
      0.00000031
      0.00000022
      0.00000015
      0.00000010
      0.00000007
      0.00000005
      0.00000003
      0.00000002
      0.00000001
      0.00000001
      0.00000001
      0.00000000
      0.00000000
      0.00000000
      0.00000000
      0.00000000
      0.00000000
      0.00000000
      0.00000000
      0.00000000
      0.00000000
      0.00000000
      0.00000000
      0.00000000
      0.00000000
      0.00000000
      0.00000000
      0.00000000
      0.00000000
      0.00000000
      0.00000000
      0.00000000
      0.00000000
      0.00000000
      0.00000000
      0.00000000
      0.00000000
      0.00000000
      0.00000000
      0.00000000
      0.00000000
      0.00000000
      0.00000000
      0.00000000
      0.00000000
      0.00000000
      0.00000000
      0.00000000
      0.00000000
      0.00000000
      0.00000000
      0.00000000
      0.00000000
      0.00000000
      0.00000000
      0.00000000
      0.00000000
      0.00000000
      0.00000000
      0.00000000
      0.00000000
      0.00000000
      0.00000000
      0.00000000
      0.00000000
      0.00000000
