             NaN
     -3.06681621
     -2.69094112
     -2.31374957
     -1.92770742
     -1.52992591
     -1.12441495
     -0.72020742
     -0.32541775
      0.05787997
      0.43413273
      0.81131520
      1.19692056
      1.59407624
      1.99916169
      2.40341686
      2.79866296
     -3.10067811
     -2.72411493
     -2.34702921
     -1.96188545
     -1.56529916
     -1.16053181
     -0.75613692
     -0.36041368
      0.02391605
      0.40068010
      0.77756625
      1.16220660
      1.55827026
      1.96283182
      2.36747579
      2.76371451
     -3.13471023
     -2.75786321
     -2.38129838
     -1.99722377
     -1.60164679
     -1.19717157
     -0.79214755
     -0.39533381
     -0.01019024
      0.36661052
      0.74270836
      1.12612949
      1.52124287
      1.92576078
      2.33132314
      2.72879762
      3.11428419
     -2.79229063
     -2.41683587
     -2.03418805
     -1.63953142
     -1.23482958
     -0.82853592
     -0.43028196
     -0.04448274
      0.33177450
      0.70637143
      1.08808490
      1.48227005
      1.88731184
      2.29457404
      2.69376879
      3.07986292
     -2.82760522
     -2.45413032
     -2.07356602
     -1.67989696
     -1.27434195
     -0.86581700
     -0.46546398
     -0.07907485
      0.29588608
      0.66791171
      1.04704116
      1.44010741
      1.84636879
      2.25652680
      2.65833433
      3.04504885
     -2.86417880
     -2.49400599
     -2.11668765
     -1.72436794
     -1.31717963
     -0.90490489
     -0.50121674
     -0.11407327
      0.25862818
      0.62647345
      1.00150180
      1.39286051
      1.80124124
      2.21630247
      2.62253601
      3.01039048
     -2.90153328
     -2.53652961
     -2.16438689
     -1.77431378
     -1.36444260
     -0.94568232
     -0.53590301
     -0.14680446
      0.22291798
      0.58448202
      0.95293262
      1.34116889
      1.75277548
      2.17636927
      2.59101583
      2.98206041
     -2.93310336
     -2.57583569
     -2.21227250
     -1.82680507
     -1.41332818
     -0.98344396
     -0.56213361
     -0.16821416
      0.19782511
      0.54953564
      0.90639651
      1.28751427
      1.70280077
      2.14111257
      2.57198419
      2.97040871
     -2.94894269
     -2.60457385
     -2.25729802
     -1.88346736
     -1.46707418
     -1.01687644
     -0.57097493
     -0.16453463
      0.19743437
      0.53200489
      0.86476327
      1.22507084
      1.63946131
      2.10767443
      2.58101919
      3.00426414
     -2.91684014
     -2.59628360
     -2.28954905
     -1.96315654
     -1.57313145
     -1.08505476
     -0.54926048
     -0.08340314
      0.27375304
      0.54907849
      0.77511618
      0.98023967
      1.18942914
      1.41949553
      1.67495653
      1.95027314
      2.23593625
      2.52367461
      2.80873405
      3.08968046
     -2.91609890
     -2.64096658
     -2.36696792
     -2.09340788
     -1.82003167
     -1.54688185
     -1.27413810
     -1.00199798
     -0.73061291
     -0.46007003
     -0.19040172
      0.07839401
      0.34633378
      0.61343533
      0.87971070
      1.14516491
      1.40979748
      1.67360499
      1.93658333
      2.19872923
      2.46004086
      2.72051796
      2.98016148
     -3.04421199
     -2.78622938
     -2.52907314
     -2.27274012
     -2.01722694
     -1.76252990
     -1.50864502
     -1.25556798
     -1.00329410
     -0.75181833
     -0.50113529
     -0.25123921
     -0.00212402
      0.24621672
      0.49378978
      0.74060223
      0.98666149
      1.23197530
      1.47655170
      1.72039909
      1.96352615
      2.20594191
      2.44765569
      2.68867714
      2.92901623
     -3.11450209
     -2.87549662
     -2.63714178
     -2.39942638
     -2.16233891
     -1.92586760
     -1.69000035
     -1.45472478
     -1.22002822
     -0.98589772
     -0.75232004
     -0.51928165
     -0.28676879
     -0.05476738
      0.17673688
      0.40775857
      0.63831252
      0.86841380
      1.09807773
      1.32731984
      1.55615592
      1.78460195
      2.01267413
      2.24038889
      2.46776281
      2.69481270
      2.92155552
     -3.13517688
     -2.90899658
     -2.68307142
     -2.45738380
     -2.23191598
     -2.00665009
     -1.78156814
     -1.55665204
     -1.33188361
     -1.10724459
     -0.88271661
     -0.65828128
     -0.43392013
     -0.20961466
      0.01465369
      0.23890346
      0.46315323
      0.68742158
      0.91172706
      1.13608821
      1.36052354
      1.58505151
      1.80969054
      2.03445897
      2.25937506
      2.48445701
      2.70972291
      2.93519073
     -3.12230696
     -2.89638181
     -2.67020151
     -2.44374860
     -2.21700577
     -1.98995589
     -1.76258196
     -1.53486721
     -1.30679502
     -1.07834899
     -0.84951292
     -0.62027080
     -0.39060688
     -0.16050559
      0.07004836
      0.30107005
      0.53257431
      0.76457571
      0.99708858
      1.23012696
      1.46370465
      1.69783515
      1.93253171
      2.16780728
      2.40367453
      2.64014584
      2.87723330
      3.11494871
     -2.92988176
     -2.69087629
     -2.45120930
     -2.21087022
     -1.96984877
     -1.72813499
     -1.48571923
     -1.24259217
     -0.99874478
     -0.75416837
     -0.50885457
     -0.26279530
     -0.01598285
      0.23159020
      0.47993095
      0.72904614
      0.97894221
      1.22962525
      1.48110102
      1.73337490
      1.98645194
      2.24033682
      2.49503386
      2.75054705
      3.00688006
     -3.01914900
     -2.76116639
     -2.50235456
     -2.24271103
     -1.98223394
     -1.72092230
     -1.45877641
     -1.19579806
     -0.93199056
     -0.66735798
     -0.40190377
     -0.13562840
      0.13147314
      0.39941292
      0.66820864
      0.93787696
      1.20841984
      1.47980490
      1.75194502
      2.02468877
      2.29783859
      2.57121480
      2.84477485
      3.11877350
     -2.88927948
     -2.61187354
     -2.33092713
     -2.04586768
     -1.75812933
     -1.47246622
     -1.19714961
     -0.94168860
     -0.71162221
     -0.50243275
     -0.29730926
     -0.07127157
      0.20405388
      0.56121006
      1.02706741
      1.56286169
      2.05093838
      2.44096346
      2.76735597
      3.07409053
     -2.88853824
     -2.52645722
     -2.10321227
     -1.62986751
     -1.16165439
     -0.74726392
     -0.38695635
     -0.05419797
      0.28037256
      0.64234156
      1.04878185
      1.49468337
      1.94488111
      2.36127428
      2.73510494
      3.08238077
     -2.85643569
     -2.49260179
     -2.09417726
     -1.66330564
     -1.22499385
     -0.80970735
     -0.42858958
     -0.07172871
      0.27998182
      0.64602108
      1.03994053
      1.46125089
      1.89113510
      2.30461199
      2.69007942
      3.05364261
     -2.87227503
     -2.50425348
     -2.11320891
     -1.69856235
     -1.27496856
     -0.86336196
     -0.47512570
     -0.10667509
      0.25488894
      0.62461138
      1.01370993
      1.42348924
      1.84224952
      2.25212070
      2.64219381
      3.01433653
     -2.90384510
     -2.53258356
     -2.14472909
     -1.73849555
     -1.32343432
     -0.91505358
     -0.52369487
     -0.14866652
      0.21917875
      0.59188020
      0.97902367
      1.38271181
      1.79498656
      2.20217487
      2.59449457
      2.97181292
     -2.94119959
     -2.56724192
     -2.18052741
     -1.77871987
     -1.36856187
     -0.96230049
     -0.56923424
     -0.19010478
      0.18192084
      0.55688178
      0.94327091
      1.34362392
      1.75214888
      2.15770389
      2.55137295
      2.93193725
     -2.97777316
     -2.60205599
     -2.21596186
     -1.81676711
     -1.40950491
     -1.00446312
     -0.61027797
     -0.22856450
      0.14603242
      0.52228967
      0.90808888
      1.30634284
      1.71263651
      2.11733834
      2.51199498
      2.89464279
     -3.01308775
     -2.63647727
     -2.25099069
     -1.85351622
     -1.44795386
     -1.04343595
     -0.64832256
     -0.26490144
      0.11119640
      0.48799716
      0.87314073
      1.26995448
      1.67497849
      2.07945371
      2.47503069
      2.85910530
     -3.04751517
     -2.67066815
     -2.28590759
     -1.88966886
     -1.48502490
     -1.08046334
     -0.68439968
     -0.29975932
      0.07712682
      0.45389088
      0.83822061
      1.23394385
      1.63833874
      2.04310609
      2.43969238
      2.82483614
     -3.08126345
     -2.70470027
     -2.32085604
     -1.92560994
     -1.52135477
     -1.11626932
     -0.71911364
     -0.33350828
      0.04367420
      0.41992695
      0.80322467
      1.19801434
      1.60222188
      2.00773283
      2.40551434
      2.79155650
     -3.11443726
     -2.73856217
      0.00000000
