      0.00000000
     -2.96664786
     -2.57602286
     -2.18539786
     -1.79477286
     -1.40414786
     -1.01352286
     -0.62289786
     -0.23227286
      0.15835214
      0.54897714
      0.93960214
      1.33022714
      1.72085214
      2.11147714
      2.50210214
      2.89272714
     -2.99983317
     -2.60920817
     -2.21858317
     -1.82795817
     -1.43733317
     -1.04670817
     -0.65608317
     -0.26545817
      0.12516683
      0.51579183
      0.90641683
      1.29704183
      1.68766683
      2.07829183
      2.46891682
      2.85954182
     -3.03301848
     -2.64239348
     -2.25176848
     -1.86114348
     -1.47051849
     -1.07989349
     -0.68926849
     -0.29864349
      0.09198151
      0.48260651
      0.87323151
      1.26385651
      1.65448151
      2.04510651
      2.43573151
      2.82635651
     -3.06620380
     -2.67557880
     -2.28495380
     -1.89432880
     -1.50370380
     -1.11307880
     -0.72245380
     -0.33182880
      0.05879620
      0.44942120
      0.84004620
      1.23067120
      1.62129619
      2.01192119
      2.40254619
      2.79317119
     -3.09938912
     -2.70876412
     -2.31813912
     -1.92751412
     -1.53688912
     -1.14626412
     -0.75563912
     -0.36501412
      0.02561088
      0.41623588
      0.80686088
      1.19748588
      1.58811088
      1.97873588
      2.36936087
      2.75998587
     -3.13257443
     -2.74194943
     -2.35132444
     -1.96069944
     -1.57007444
     -1.17944944
     -0.78882444
     -0.39819944
     -0.00757444
      0.38305056
      0.77367556
      1.16430056
      1.55492555
      1.94555055
      2.33617555
      2.72680055
      3.11742555
     -2.77513476
     -2.38450976
     -1.99388476
     -1.60325976
     -1.21263477
     -0.82200977
     -0.43138477
     -0.04075977
      0.34986523
      0.74049023
      1.13111522
      1.52174022
      1.91236522
      2.30299022
      2.69361521
      3.08424021
     -2.80832010
     -2.41769510
     -2.02707010
     -1.63644511
     -1.24582011
     -0.85519511
     -0.46457012
     -0.07394512
      0.31667988
      0.70730487
      1.09792987
      1.48855487
      1.87917986
      2.26980486
      2.66042985
      3.05105485
     -2.84150546
     -2.45088047
     -2.06025547
     -1.66963048
     -1.27900548
     -0.88838049
     -0.49775549
     -0.10713050
      0.28349450
      0.67411949
      1.06474449
      1.45536948
      1.84599448
      2.23661947
      2.62724446
      3.01786939
     -2.87469155
     -2.48406985
     -2.09345419
     -1.70283337
     -1.31214396
     -0.92129888
     -0.53051074
     -0.14131282
      0.24149837
      0.60968430
      0.95706199
      1.28592141
      1.60832424
      1.94412842
      2.31705064
      2.74261797
     -3.07957528
     -2.63610176
     -2.24983749
     -1.91919045
     -1.62020935
     -1.32306151
     -0.99428432
     -0.59840590
     -0.12294274
      0.37383735
      0.80455730
      1.14907423
      1.43671031
      1.70375356
      1.98577231
      2.32339431
      2.75801182
     -3.00509998
     -2.51136075
     -2.12413528
     -1.82556062
     -1.57250186
     -1.32726039
     -1.05268145
     -0.70221856
     -0.23138412
      0.31588916
      0.79105863
      1.14092633
      1.40730808
      1.63657101
      1.86512601
      2.13045452
      2.48343378
      2.97357730
     -2.74523743
     -2.27874522
     -1.94838812
     -1.70073587
     -1.48823580
     -1.27585773
     -1.02760913
     -0.69203664
     -0.20948391
      0.37047768
      0.85335472
      1.18633598
      1.42823067
      1.63000581
      1.82639942
      2.05030457
      2.34835300
      2.78798277
     -2.91240134
     -2.38256881
     -2.01838371
     -1.76619488
     -1.56694596
     -1.38325515
     -1.18504943
     -0.93425339
     -0.56901993
     -0.03065291
      0.55968218
      0.99440045
      1.28140521
      1.49143252
      1.67039022
      1.84867225
      2.05669804
      2.34084266
      2.77474281
     -2.91192718
     -2.36898643
     -2.00699722
     -1.76365050
     -1.57581815
     -1.40629890
     -1.22746818
     -1.00644754
     -0.68820113
     -0.19600825
      0.41803193
      0.90687969
      1.22214734
      1.44064168
      1.61675396
      1.78281352
      1.96578979
      2.20187349
      2.55323346
      3.08685979
     -2.58957808
     -2.07964585
     -0.42097585
      1.23769415
      1.74762638
      2.35437382
      2.88800014
     -3.04382519
     -2.80774149
     -2.62476522
     -2.45870566
     -2.28259338
     -2.06409904
     -1.74883139
     -1.25998363
     -0.64594345
     -0.15375057
      0.16449584
      0.38551648
      0.56434720
      0.73386645
      0.92169880
      1.16504552
      1.52703473
      2.06997548
      2.66649080
      3.10039095
     -2.89864974
     -2.69062395
     -2.51234192
     -2.33338422
     -2.12335691
     -1.83635215
     -1.40163388
     -0.81129879
     -0.27293177
      0.09230169
      0.34309773
      0.54130345
      0.72499426
      0.92424318
      1.17643201
      1.54061711
      2.07044964
      2.65325084
      3.09288060
     -2.89225627
     -2.66835112
     -2.47195751
     -2.27018237
     -2.02828768
     -1.69530642
     -1.21242939
     -0.63246779
     -0.14991506
      0.18565743
      0.43390603
      0.64628410
      0.85878417
      1.10643641
      1.43679351
      1.90328573
      2.46765630
      2.95779982
     -2.97240622
     -2.70707771
     -2.47852271
     -2.24925978
     -1.98287803
     -1.63301033
     -1.15784087
     -0.61056758
     -0.13973314
      0.21072975
      0.48530869
      0.73055016
      0.98360892
      1.28218358
      1.66940905
      2.16314828
      2.68322179
      3.11783930
     -2.82772401
     -2.54570526
     -2.27866201
     -1.99102593
     -1.64650900
     -1.21578905
     -0.71900897
     -0.24354580
      0.15233262
      0.48110981
      0.77825765
      1.07723875
      1.40788579
      1.79415006
      2.23762357
      2.69861564
      3.12418297
     -2.78608012
     -2.45027594
     -2.12787311
     -1.79901369
     -1.45163600
     -1.08345007
     -0.70063888
     -0.31144096
      0.07934718
      0.47019226
      0.86088167
      1.25150249
      1.64211815
      2.03273985
      2.42336422
      2.81398914
     -3.07857117
     -2.68794618
     -2.29732118
     -1.90669619
     -1.51607119
     -1.12544620
     -0.73482120
     -0.34419621
      0.04642879
      0.43705378
      0.82767878
      1.21830377
      1.60892877
      1.99955376
      2.39017876
      2.78080375
     -3.11175656
     -2.72113156
     -2.33050657
     -1.93988157
     -1.54925657
     -1.15863158
     -0.76800658
     -0.37738158
      0.01324341
      0.40386841
      0.79449341
      1.18511840
      1.57574340
      1.96636840
      2.35699340
      2.74761839
      3.13824339
     -2.75431692
     -2.36369192
     -1.97306692
     -1.58244193
     -1.19181693
     -0.80119193
     -0.41056693
     -0.01994193
      0.37068307
      0.76130806
      1.15193306
      1.54255806
      1.93318306
      2.32380806
      2.71443306
      3.10505806
     -2.78750225
     -2.39687725
     -2.00625226
     -1.61562726
     -1.22500226
     -0.83437726
     -0.44375226
     -0.05312726
      0.33749774
      0.72812274
      1.11874774
      1.50937274
      1.89999773
      2.29062273
      2.68124773
      3.07187273
     -2.82068758
     -2.43006258
     -2.03943758
     -1.64881258
     -1.25818758
     -0.86756258
     -0.47693758
     -0.08631258
      0.30431242
      0.69493742
      1.08556242
      1.47618742
      1.86681242
      2.25743741
      2.64806241
      3.03868741
     -2.85387289
     -2.46324790
     -2.07262290
     -1.68199790
     -1.29137290
     -0.90074790
     -0.51012290
     -0.11949790
      0.27112710
      0.66175210
      1.05237710
      1.44300210
      1.83362710
      2.22425210
      2.61487710
      3.00550210
     -2.88705821
     -2.49643321
     -2.10580821
     -1.71518321
     -1.32455821
     -0.93393321
     -0.54330821
     -0.15268321
      0.23794179
      0.62856678
      1.01919178
      1.40981678
      1.80044178
      2.19106678
      2.58169178
      2.97231678
     -2.92024353
     -2.52961853
     -2.13899353
     -1.74836853
     -1.35774353
     -0.96711853
     -0.57649353
     -0.18586853
      0.20475647
      0.59538147
      0.98600647
      1.37663147
      1.76725647
      2.15788147
      2.54850647
      2.93913147
     -2.95342884
     -2.56280384
     -2.17217884
     -1.78155384
     -1.39092884
     -1.00030384
     -0.60967884
     -0.21905384
      0.17157116
      0.56219616
      0.95282116
      1.34344616
      1.73407116
      2.12469616
      0.00000000
