      0.00000000
     -0.99085226
     -1.38147726
     -1.77210226
     -2.16272726
     -2.55335225
     -2.94397725
      2.94858305
      2.55795805
      2.16733305
      1.77670805
      1.38608305
      0.99545805
      0.60483306
      0.21420806
     -0.17641694
     -0.56704194
     -0.95766694
     -1.34829194
     -1.73891694
     -2.12954194
     -2.52016694
     -2.91079194
      2.98176837
      2.59114337
      2.20051837
      1.80989337
      1.41926837
      1.02864337
      0.63801837
      0.24739337
     -0.14323163
     -0.53385663
     -0.92448163
     -1.31510663
     -1.70573163
     -2.09635663
     -2.48698163
     -2.87760663
      3.01495368
      2.62432868
      2.23370368
      1.84307868
      1.45245368
      1.06182868
      0.67120368
      0.28057868
     -0.11004632
     -0.50067131
     -0.89129631
     -1.28192131
     -1.67254631
     -2.06317131
     -2.45379631
     -2.84442131
      3.04813900
      2.65751400
      2.26688900
      1.87626400
      1.48563900
      1.09501400
      0.70438900
      0.31376400
     -0.07686100
     -0.46748600
     -0.85811100
     -1.24873600
     -1.63936100
     -2.02998600
     -2.42061100
     -2.81123599
      3.08132431
      2.69069931
      2.30007431
      1.90944932
      1.51882432
      1.12819932
      0.73757432
      0.34694932
     -0.04367568
     -0.43430068
     -0.82492568
     -1.21555068
     -1.60617568
     -1.99680068
     -2.38742568
     -2.77805067
      3.11450963
      2.72388464
      2.33325964
      1.94263464
      1.55200964
      1.16138464
      0.77075964
      0.38013464
     -0.01049036
     -0.40111536
     -0.79174035
     -1.18236535
     -1.57299035
     -1.96361535
     -2.35424035
     -2.74486535
     -3.13549035
      2.75706996
      2.36644497
      1.97581997
      1.58519497
      1.19456997
      0.80394497
      0.41331998
      0.02269498
     -0.36793002
     -0.75855502
     -1.14918001
     -1.53980501
     -1.93043001
     -2.32105501
     -2.71168000
     -3.10230500
      2.79025531
      2.39963031
      2.00900532
      1.61838032
      1.22775532
      0.83713033
      0.44650533
      0.05588034
     -0.33474466
     -0.72536966
     -1.11599465
     -1.50661965
     -1.89724464
     -2.28786964
     -2.67849463
     -3.06911963
      2.82344069
      2.43281569
      2.04219070
      1.65156570
      1.26094071
      0.87031571
      0.47969072
      0.08906572
     -0.30155927
     -0.69218419
     -1.08280856
     -1.47343027
     -1.86404593
     -2.25466674
     -2.64535616
     -3.03620123
      2.85619594
      2.46699802
      2.08418682
      1.71600089
      1.36862320
      1.03976378
      0.71736096
      0.38155677
      0.00863455
     -0.41693277
     -0.87792484
     -1.32139836
     -1.70766262
     -2.03830966
     -2.33729077
     -2.63443861
     -2.96321579
      2.92409109
      2.44862793
      1.95184784
      1.52112789
      1.17661097
      0.88897488
      0.62193164
      0.33991288
      0.00229088
     -0.43232662
     -0.95240013
     -1.44613937
     -1.83336484
     -2.13193950
     -2.38499825
     -2.63023973
     -2.90481866
      3.02790376
      2.55706931
      2.00979603
      1.53462656
      1.18475886
      0.91837712
      0.68911418
      0.46055918
      0.19523068
     -0.15774859
     -0.64789211
     -1.21226268
     -1.67875490
     -2.00911200
     -2.25676424
     -2.46926431
     -2.68164239
     -2.92989098
      3.01772184
      2.53516910
      1.95520751
      1.47233048
      1.13934922
      0.89745452
      0.69567938
      0.49928578
      0.27538063
     -0.02266781
     -0.46229757
     -1.04509878
     -1.57493130
     -1.93911640
     -2.19130523
     -2.39055415
     -2.57424496
     -2.77245068
     -3.02324673
      2.89470513
      2.35633811
      1.76600302
      1.33128475
      1.04427998
      0.83425267
      0.65529497
      0.47701295
      0.26898716
     -0.01515746
     -0.44905761
     -1.04557293
     -1.58851369
     -1.95050289
     -2.19384962
     -2.38168197
     -2.55120121
     -2.73003193
     -2.95105257
      3.01388633
      2.52169344
      1.90765327
      1.41880551
      1.10353786
      0.88504352
      0.70893128
      0.54287184
      0.35989624
      0.12381721
     -0.22749662
     -0.76066141
     -1.36458857
     -1.86070144
      2.72061680
      1.01874974
      0.52263687
     -0.08129029
     -0.61445508
     -0.96576891
     -1.20184794
     -1.38482354
     -1.55088298
     -1.72699522
     -1.94548956
     -2.26075721
     -2.74960497
      2.91954016
      2.42734728
      2.10910087
      1.88808023
      1.70924951
      1.53973027
      1.35189792
      1.10855119
      0.74656199
      0.20362123
     -0.39289409
     -0.82679424
     -1.11093886
     -1.31896465
     -1.49724668
     -1.67620437
     -1.88623168
     -2.17323645
     -2.60795472
      3.08489550
      2.54652848
      2.18129503
      1.93049898
      1.73229326
      1.54860245
      1.34935353
      1.09716470
      0.73297960
      0.20314708
     -0.37965413
     -0.81928389
     -1.11733233
     -1.34123748
     -1.53763108
     -1.73940622
     -1.98130092
     -2.31428218
     -2.79715921
      2.90606450
      2.42351177
      2.08793928
      1.83969068
      1.62731261
      1.41481254
      1.16716030
      0.83680320
      0.37031098
     -0.19405959
     -0.68420311
     -1.03718238
     -1.30251088
     -1.53106588
     -1.76032882
     -2.02671056
     -2.37657826
     -2.85174773
      2.88416429
      2.41332985
      2.06286696
      1.78828803
      1.54304655
      1.28998780
      0.99141313
      0.60418767
      0.11044843
     -0.40962508
     -0.84424258
     -1.18186459
     -1.46388334
     -1.73092658
     -2.01856267
     -2.36307959
     -2.79379954
      2.99260568
      2.51714251
      2.12126409
      1.79248691
      1.49533907
      1.19635796
      0.86571092
      0.47944666
      0.03597314
     -0.42501893
     -0.85058626
     -1.22350848
     -1.55931266
     -1.88171549
     -2.21057490
     -2.55795259
     -2.92613852
      2.97423559
      2.58503767
      2.19424953
      1.80340446
      1.41271504
      1.02209422
      0.63147857
      0.24085686
     -0.14976751
     -0.54039243
     -0.93101742
     -1.32164242
     -1.71226741
     -2.10289241
     -2.49351740
     -2.88414240
      3.00841792
      2.61779292
      2.22716793
      1.83654293
      1.44591794
      1.05529294
      0.66466795
      0.27404295
     -0.11658205
     -0.50720704
     -0.89783204
     -1.28845703
     -1.67908203
     -2.06970703
     -2.46033202
     -2.85095702
      3.04160329
      2.65097830
      2.26035330
      1.86972830
      1.47910331
      1.08847831
      0.69785331
      0.30722831
     -0.08339668
     -0.47402168
     -0.86464668
     -1.25527168
     -1.64589667
     -2.03652167
     -2.42714667
     -2.81777167
      3.07478864
      2.68416364
      2.29353864
      1.90291365
      1.51228865
      1.12166365
      0.73103865
      0.34041365
     -0.05021135
     -0.44083634
     -0.83146134
     -1.22208634
     -1.61271134
     -2.00333634
     -2.39396134
     -2.78458634
      3.10797397
      2.71734897
      2.32672397
      1.93609897
      1.54547397
      1.15484898
      0.76422398
      0.37359898
     -0.01702602
     -0.40765102
     -0.79827602
     -1.18890102
     -1.57952602
     -1.97015102
     -2.36077602
     -2.75140102
      3.14115929
      2.75053429
      2.35990929
      1.96928429
      1.57865929
      1.18803430
      0.79740930
      0.40678430
      0.01615930
     -0.37446570
     -0.76509070
     -1.15571570
     -1.54634070
     -1.93696570
     -2.32759070
     -2.71821570
     -3.10884070
      2.78371961
      2.39309461
      2.00246961
      1.61184461
      1.22121961
      0.83059461
      0.43996961
      0.04934461
     -0.34128039
     -0.73190539
     -1.12253038
     -1.51315538
     -1.90378038
     -2.29440538
     -2.68503038
     -3.07565538
      2.81690493
      2.42627993
      2.03565493
      1.64502993
      1.25440493
      0.86377993
      0.47315493
      0.08252993
     -0.30809507
     -0.69872007
     -1.08934507
     -1.47997007
     -1.87059507
     -2.26122007
     -2.65184507
     -3.04247007
      2.85009024
      2.45946524
      2.06884024
      1.67821524
      1.28759024
      0.89696524
      0.50634024
      0.11571524
     -0.27490976
     -0.66553476
     -1.05615976
     -1.44678476
     -1.83740976
     -2.22803475
     -2.61865975
     -3.00928475
      2.88327555
      2.49265055
      2.10202555
      1.71140055
      1.32077555
      0.93015055
      0.53952556
      0.14890056
      0.00000000
