      0.00000000
      0.00000000
      0.00000000
      0.00000000
      0.00000000
      0.00000000
      0.00000000
      0.00000000
      0.00000000
      0.00000000
      0.00000000
      0.00000000
      0.00000000
      0.00000000
      0.00000000
      0.00000000
      0.00000000
      0.00000000
      0.00000000
      0.00000000
      0.00000000
      0.00000000
      0.00000000
      0.00000000
      0.00000000
      0.00000000
      0.00000000
      0.00000000
      0.00000000
      0.00000000
      0.00000000
      0.00000000
      0.00000000
      0.00000000
      0.00000000
      0.00000000
      0.00000000
      0.00000000
      0.00000000
      0.00000000
      0.00000000
      0.00000000
      0.00000000
      0.00000000
      0.00000000
      0.00000000
      0.00000000
      0.00000000
      0.00000000
      0.00000000
      0.00000000
      0.00000000
      0.00000000
      0.00000000
      0.00000000
      0.00000000
      0.00000000
      0.00000000
      0.00000000
      0.00000000
      0.00000000
      0.00000000
      0.00000000
      0.00000000
      0.00000000
      0.00000000
      0.00000000
      0.00000000
      0.00000000
      0.00000000
      0.00000000
      0.00000000
      0.00000000
      0.00000000
      0.00000000
      0.00000000
      0.00000000
      0.00000000
      0.00000000
      0.00000000
      0.00000000
      0.00000000
      0.00000000
      0.00000000
      0.00000000
      0.00000000
      0.00000000
      0.00000000
      0.00000000
      0.00000000
      0.00000000
      0.00000000
      0.00000000
      0.00000000
      0.00000000
      0.00000000
      0.00000000
      0.00000000
      0.00000000
      0.00000000
      0.00000000
      0.00000000
      0.00000000
      0.00000000
      0.00000000
      0.00000000
      0.00000000
      0.00000000
      0.00000000
      0.00000000
      0.00000000
      0.00000000
      0.00000000
      0.00000000
      0.00000000
      0.00000000
      0.00000000
      0.00000000
      0.00000000
      0.00000000
      0.00000000
      0.00000000
      0.00000000
      0.00000000
      0.00000000
      0.00000000
      0.00000000
      0.00000000
      0.00000000
      0.00000000
      0.00000000
      0.00000000
      0.00000000
      0.00000000
      0.00000000
      0.00000000
      0.00000000
      0.00000000
      0.00000000
      0.00000000
      0.00000000
      0.00000000
      0.00000000
      0.00000000
      0.00000000
      0.00000001
      0.00000005
      0.00000023
      0.00000094
      0.00000330
      0.00001031
      0.00002880
      0.00007153
      0.00015453
      0.00028506
      0.00045024
      0.00062375
      0.00078395
      0.00092610
      0.00106474
      0.00122262
      0.00140757
      0.00160405
      0.00179042
      0.00195378
      0.00209030
      0.00220543
      0.00231898
      0.00245832
      0.00263174
      0.00281869
      0.00299367
      0.00314387
      0.00326629
      0.00336587
      0.00346216
      0.00358485
      0.00374477
      0.00392041
      0.00408408
      0.00422237
      0.00433242
      0.00441840
      0.00449886
      0.00460475
      0.00474981
      0.00491312
      0.00506532
      0.00519203
      0.00529026
      0.00536342
      0.00542877
      0.00551781
      0.00564727
      0.00579764
      0.00593826
      0.00605357
      0.00614029
      0.00620115
      0.00625202
      0.00632444
      0.00643804
      0.00657536
      0.00670482
      0.00680950
      0.00688572
      0.00693574
      0.00697409
      0.00703204
      0.00713189
      0.00725887
      0.00738095
      0.00747961
      0.00755034
      0.00759509
      0.00762765
      0.00767850
      0.00777152
      0.00789491
      0.00801690
      0.00811640
      0.00818671
      0.00822953
      0.00825897
      0.00830457
      0.00839011
      0.00850663
      0.00862355
      0.00871729
      0.00877877
      0.00880980
      0.00882558
      0.00885529
      0.00892280
      0.00902160
      0.00912252
      0.00920038
      0.00924436
      0.00925628
      0.00925183
      0.00926005
      0.00930517
      0.00938261
      0.00946415
      0.00952352
      0.00954858
      0.00954076
      0.00951566
      0.00950208
      0.00952480
      0.00958088
      0.00964285
      0.00968364
      0.00969013
      0.00966321
      0.00961803
      0.00958300
      0.00958362
      0.00961849
      0.00966078
      0.00968289
      0.00967098
      0.00962534
      0.00956037
      0.00950400
      0.00948249
      0.00949600
      0.00951827
      0.00952128
      0.00949078
      0.00942652
      0.00934184
      0.00926391
      0.00921996
      0.00921173
      0.00921340
      0.00919668
      0.00914733
      0.00906464
      0.00896053
      0.00886118
      0.00879503
      0.00876570
      0.00874755
      0.00871221
      0.00864609
      0.00854834
      0.00842897
      0.00831272
      0.00822972
      0.00818596
      0.00815560
      0.00811004
      0.00803676
      0.00793481
      0.00781158
      0.00768942
      0.00759995
      0.00755184
      0.00751900
      0.00747192
      0.00739834
      0.00729688
      0.00717277
      0.00704604
      0.00694881
      0.00689278
      0.00685333
      0.00680013
      0.00672015
      0.00661173
      0.00647928
      0.00634129
      0.00622966
      0.00615885
      0.00610670
      0.00604240
      0.00595166
      0.00583236
      0.00568848
      0.00553716
      0.00540949
      0.00532217
      0.00525571
      0.00517916
      0.00507684
      0.00494607
      0.00479052
      0.00462610
      0.00448272
      0.00437869
      0.00429733
      0.00420802
      0.00409382
      0.00395139
      0.00378433
      0.00360749
      0.00344918
      0.00332841
      0.00323137
      0.00312847
      0.00300178
      0.00284735
      0.00266899
      0.00248092
      0.00230909
      0.00217158
      0.00205715
      0.00193841
      0.00179716
      0.00162919
      0.00143940
      0.00124191
      0.00105803
      0.00090026
      0.00075850
      0.00061234
      0.00045401
      0.00029659
      0.00016508
      0.00007715
      0.00003062
      0.00001062
      0.00000330
      0.00000092
      0.00000023
      0.00000005
      0.00000001
      0.00000000
      0.00000000
      0.00000000
      0.00000000
      0.00000000
      0.00000000
      0.00000000
      0.00000000
      0.00000000
      0.00000000
      0.00000000
      0.00000000
      0.00000000
      0.00000000
      0.00000000
      0.00000000
      0.00000000
      0.00000000
      0.00000000
      0.00000000
      0.00000000
      0.00000000
      0.00000000
      0.00000000
      0.00000000
      0.00000000
      0.00000000
      0.00000000
      0.00000000
      0.00000000
      0.00000000
      0.00000000
      0.00000000
      0.00000000
      0.00000000
      0.00000000
      0.00000000
      0.00000000
      0.00000000
      0.00000000
      0.00000000
      0.00000000
      0.00000000
      0.00000000
      0.00000000
      0.00000000
      0.00000000
      0.00000000
      0.00000000
      0.00000000
      0.00000000
      0.00000000
      0.00000000
      0.00000000
      0.00000000
      0.00000000
      0.00000000
      0.00000000
      0.00000000
      0.00000000
      0.00000000
      0.00000000
      0.00000000
      0.00000000
      0.00000000
      0.00000000
      0.00000000
      0.00000000
      0.00000000
      0.00000000
      0.00000000
      0.00000000
      0.00000000
      0.00000000
      0.00000000
      0.00000000
      0.00000000
      0.00000000
      0.00000000
      0.00000000
      0.00000000
      0.00000000
      0.00000000
      0.00000000
      0.00000000
      0.00000000
      0.00000000
      0.00000000
      0.00000000
      0.00000000
      0.00000000
      0.00000000
      0.00000000
      0.00000000
      0.00000000
      0.00000000
      0.00000000
      0.00000000
      0.00000000
      0.00000000
      0.00000000
      0.00000000
      0.00000000
      0.00000000
      0.00000000
      0.00000000
      0.00000000
      0.00000000
      0.00000000
      0.00000000
      0.00000000
      0.00000000
      0.00000000
      0.00000000
      0.00000000
      0.00000000
      0.00000000
      0.00000000
      0.00000000
      0.00000000
      0.00000000
      0.00000000
      0.00000000
      0.00000000
      0.00000000
      0.00000000
      0.00000000
      0.00000000
      0.00000000
      0.00000000
      0.00000000
      0.00000000
      0.00000000
      0.00000000
      0.00000000
      0.00000000
      0.00000000
      0.00000000
      0.00000000
      0.00000000
      0.00000000
      0.00000000
      0.00000000
      0.00000000
      0.00000000
