      0.00000000
      0.00000000
      0.00000000
      0.00000000
      0.00000000
      0.00000000
      0.00000000
      0.00000000
      0.00000000
      0.00000000
      0.00000000
      0.00000000
      0.00000000
      0.00000000
      0.00000000
      0.00000000
      0.00000000
      0.00000000
      0.00000000
      0.00000000
      0.00000000
      0.00000000
      0.00000000
      0.00000000
      0.00000000
      0.00000000
      0.00000000
      0.00000000
      0.00000000
      0.00000000
      0.00000000
      0.00000000
      0.00000000
      0.00000000
      0.00000000
      0.00000000
      0.00000000
      0.00000000
      0.00000000
      0.00000000
      0.00000000
      0.00000000
      0.00000000
      0.00000000
      0.00000000
      0.00000000
      0.00000000
      0.00000000
      0.00000000
      0.00000000
      0.00000000
      0.00000000
      0.00000000
      0.00000000
      0.00000000
      0.00000000
      0.00000000
      0.00000000
      0.00000000
      0.00000000
      0.00000000
      0.00000000
      0.00000000
      0.00000000
      0.00000000
      0.00000000
      0.00000000
      0.00000000
      0.00000000
      0.00000000
      0.00000000
      0.00000000
      0.00000000
      0.00000000
      0.00000000
      0.00000000
      0.00000000
      0.00000000
      0.00000000
      0.00000000
      0.00000000
      0.00000000
      0.00000000
      0.00000000
      0.00000000
      0.00000000
      0.00000000
      0.00000000
      0.00000000
      0.00000000
      0.00000000
      0.00000000
      0.00000000
      0.00000000
      0.00000000
      0.00000000
      0.00000000
      0.00000000
      0.00000000
      0.00000000
      0.00000000
      0.00000000
      0.00000000
      0.00000000
      0.00000000
      0.00000000
      0.00000000
      0.00000000
      0.00000000
      0.00000000
      0.00000000
      0.00000000
      0.00000000
      0.00000000
      0.00000000
      0.00000000
      0.00000000
      0.00000000
      0.00000000
      0.00000000
      0.00000000
      0.00000000
      0.00000000
      0.00000000
      0.00000000
      0.00000000
      0.00000000
      0.00000000
      0.00000000
      0.00000000
      0.00000000
      0.00000000
      0.00000000
      0.00000000
      0.00000000
      0.00000000
      0.00000000
      0.00000000
      0.00000000
      0.00000000
      0.00000000
      0.00000000
      0.00000000
      0.00000000
      0.00000000
      0.00000000
      0.00000001
      0.00000006
      0.00000042
      0.00000217
      0.00000912
      0.00003066
      0.00008242
      0.00017820
      0.00031738
      0.00048404
      0.00066008
      0.00083495
      0.00100556
      0.00117220
      0.00133585
      0.00149720
      0.00165657
      0.00181411
      0.00196988
      0.00212390
      0.00227620
      0.00242678
      0.00257565
      0.00272282
      0.00286829
      0.00301207
      0.00315415
      0.00329455
      0.00343325
      0.00357027
      0.00370560
      0.00383925
      0.00397121
      0.00410149
      0.00423008
      0.00435699
      0.00448222
      0.00460576
      0.00472762
      0.00484780
      0.00496630
      0.00508311
      0.00519825
      0.00531170
      0.00542347
      0.00553355
      0.00564196
      0.00574868
      0.00585373
      0.00595709
      0.00605877
      0.00615877
      0.00625709
      0.00635372
      0.00644868
      0.00654195
      0.00663355
      0.00672346
      0.00681169
      0.00689824
      0.00698311
      0.00706630
      0.00714781
      0.00722764
      0.00730578
      0.00738225
      0.00745704
      0.00753014
      0.00760156
      0.00767131
      0.00773937
      0.00780575
      0.00787045
      0.00793347
      0.00799481
      0.00805448
      0.00811247
      0.00816878
      0.00822340
      0.00827632
      0.00832753
      0.00837702
      0.00842484
      0.00847108
      0.00851591
      0.00855960
      0.00860235
      0.00864416
      0.00868452
      0.00872223
      0.00875539
      0.00878198
      0.00880141
      0.00881720
      0.00884081
      0.00889456
      0.00900901
      0.00920976
      0.00949841
      0.00984128
      0.01016900
      0.01037471
      0.01029488
      0.00965463
      0.00845277
      0.00875013
      0.01008939
      0.01082927
      0.01112468
      0.01114914
      0.01091382
      0.01027270
      0.00900687
      0.00836974
      0.00951571
      0.01028658
      0.01044525
      0.01028095
      0.00997056
      0.00962751
      0.00932651
      0.00910812
      0.00897837
      0.00891647
      0.00889218
      0.00888078
      0.00886806
      0.00884855
      0.00882188
      0.00878980
      0.00875438
      0.00871715
      0.00867889
      0.00863980
      0.00859973
      0.00855840
      0.00851560
      0.00847116
      0.00842502
      0.00837716
      0.00832759
      0.00827633
      0.00822337
      0.00816875
      0.00811244
      0.00805446
      0.00799480
      0.00793346
      0.00787044
      0.00780574
      0.00773936
      0.00767130
      0.00760156
      0.00753013
      0.00745703
      0.00738224
      0.00730578
      0.00722763
      0.00714781
      0.00706630
      0.00698311
      0.00689824
      0.00681169
      0.00672346
      0.00663354
      0.00654195
      0.00644867
      0.00635372
      0.00625708
      0.00615876
      0.00605877
      0.00595708
      0.00585372
      0.00574868
      0.00564196
      0.00553355
      0.00542346
      0.00531169
      0.00519824
      0.00508311
      0.00496630
      0.00484780
      0.00472762
      0.00460576
      0.00448222
      0.00435699
      0.00423008
      0.00410149
      0.00397121
      0.00383925
      0.00370560
      0.00357027
      0.00343325
      0.00329455
      0.00315415
      0.00301207
      0.00286829
      0.00272282
      0.00257565
      0.00242678
      0.00227620
      0.00212390
      0.00196988
      0.00181411
      0.00165656
      0.00149720
      0.00133585
      0.00117220
      0.00100556
      0.00083495
      0.00066008
      0.00048404
      0.00031738
      0.00017820
      0.00008242
      0.00003066
      0.00000912
      0.00000217
      0.00000042
      0.00000006
      0.00000001
      0.00000000
      0.00000000
      0.00000000
      0.00000000
      0.00000000
      0.00000000
      0.00000000
      0.00000000
      0.00000000
      0.00000000
      0.00000000
      0.00000000
      0.00000000
      0.00000000
      0.00000000
      0.00000000
      0.00000000
      0.00000000
      0.00000000
      0.00000000
      0.00000000
      0.00000000
      0.00000000
      0.00000000
      0.00000000
      0.00000000
      0.00000000
      0.00000000
      0.00000000
      0.00000000
      0.00000000
      0.00000000
      0.00000000
      0.00000000
      0.00000000
      0.00000000
      0.00000000
      0.00000000
      0.00000000
      0.00000000
      0.00000000
      0.00000000
      0.00000000
      0.00000000
      0.00000000
      0.00000000
      0.00000000
      0.00000000
      0.00000000
      0.00000000
      0.00000000
      0.00000000
      0.00000000
      0.00000000
      0.00000000
      0.00000000
      0.00000000
      0.00000000
      0.00000000
      0.00000000
      0.00000000
      0.00000000
      0.00000000
      0.00000000
      0.00000000
      0.00000000
      0.00000000
      0.00000000
      0.00000000
      0.00000000
      0.00000000
      0.00000000
      0.00000000
      0.00000000
      0.00000000
      0.00000000
      0.00000000
      0.00000000
      0.00000000
      0.00000000
      0.00000000
      0.00000000
      0.00000000
      0.00000000
      0.00000000
      0.00000000
      0.00000000
      0.00000000
      0.00000000
      0.00000000
      0.00000000
      0.00000000
      0.00000000
      0.00000000
      0.00000000
      0.00000000
      0.00000000
      0.00000000
      0.00000000
      0.00000000
      0.00000000
      0.00000000
      0.00000000
      0.00000000
      0.00000000
      0.00000000
      0.00000000
      0.00000000
      0.00000000
      0.00000000
      0.00000000
      0.00000000
      0.00000000
      0.00000000
      0.00000000
      0.00000000
      0.00000000
      0.00000000
      0.00000000
      0.00000000
      0.00000000
      0.00000000
      0.00000000
      0.00000000
      0.00000000
      0.00000000
      0.00000000
      0.00000000
      0.00000000
      0.00000000
      0.00000000
      0.00000000
      0.00000000
      0.00000000
      0.00000000
      0.00000000
      0.00000000
      0.00000000
      0.00000000
      0.00000000
      0.00000000
      0.00000000
      0.00000000
      0.00000000
      0.00000000
      0.00000000
