      0.00000000
      1.84287233
      2.23349733
      2.62412233
      3.01474733
     -2.87781298
     -2.48718798
     -2.09656298
     -1.70593798
     -1.31531298
     -0.92468798
     -0.53406298
     -0.14343798
      0.24718702
      0.63781202
      1.02843702
      1.41906202
      1.80968702
      2.20031202
      2.59093702
      2.98156202
     -2.91099829
     -2.52037329
     -2.12974829
     -1.73912329
     -1.34849829
     -0.95787329
     -0.56724829
     -0.17662329
      0.21400171
      0.60462671
      0.99525171
      1.38587671
      1.77650171
      2.16712671
      2.55775171
      2.94837671
     -2.94418360
     -2.55355860
     -2.16293360
     -1.77230860
     -1.38168360
     -0.99105860
     -0.60043360
     -0.20980860
      0.18081640
      0.57144140
      0.96206640
      1.35269140
      1.74331640
      2.13394140
      2.52456640
      2.91519140
     -2.97736890
     -2.58674390
     -2.19611890
     -1.80549390
     -1.41486890
     -1.02424390
     -0.63361890
     -0.24299390
      0.14763110
      0.53825610
      0.92888110
      1.31950610
      1.71013110
      2.10075610
      2.49138110
      2.88200610
     -3.01055421
     -2.61992921
     -2.22930421
     -1.83867921
     -1.44805421
     -1.05742921
     -0.66680421
     -0.27617921
      0.11444579
      0.50507079
      0.89569579
      1.28632079
      1.67694579
      2.06757079
      2.45819579
      2.84882079
     -3.04373952
     -2.65311452
     -2.26248952
     -1.87186452
     -1.48123952
     -1.09061452
     -0.69998952
     -0.30936452
      0.08126048
      0.47188548
      0.86251048
      1.25313548
      1.64376048
      2.03438547
      2.42501047
      2.81563547
     -3.07692485
     -2.68629985
     -2.29567486
     -1.90504986
     -1.51442487
     -1.12379987
     -0.73317487
     -0.34254987
      0.04807514
      0.43870015
      0.82932517
      1.21995021
      1.61057525
      2.00120031
      2.39182539
      2.78245048
     -3.11010972
     -2.71948461
     -2.32885948
     -1.93823434
     -1.54760921
     -1.15698407
     -0.76635895
     -0.37573385
      0.01489121
      0.40551623
      0.79614120
      1.18676609
      1.57739090
      1.96801559
      2.35864016
      2.74926459
      3.13988884
     -2.75267241
     -2.36204858
     -1.97142500
     -1.58080170
     -1.19017872
     -0.79955609
     -0.40893385
     -0.01831203
      0.37230932
      0.76293017
      1.15355047
      1.54417018
      1.93478926
      2.32540768
      2.71602478
      3.10663424
     -2.78598199
     -2.39553003
     -2.00513761
     -1.61394954
     -1.21986682
     -0.82142359
     -0.42167870
     -0.02878570
      0.34996230
      0.71508993
      1.07658032
      1.45050435
      1.85179686
      2.28173272
      2.71784904
      3.12749289
     -2.78751667
     -2.45175842
     -2.12590635
     -1.78175291
     -1.39089694
     -0.94213722
     -0.47049971
     -0.03921049
      0.32465058
      0.63718106
      0.92925826
      1.23509073
      1.59276152
      2.03424768
      2.53777175
      3.00866813
     -2.89569135
     -2.59291812
     -2.32828650
     -2.06519307
     -1.76450202
     -1.37880330
     -0.88038031
     -0.34857958
      0.08734367
      0.41056257
      0.66561578
      0.89431755
      1.13224135
      1.42078673
      1.81679387
      2.35129551
      2.90191064
     -2.96545326
     -2.67410988
     -2.45019130
     -2.25199373
     -2.04742061
     -1.79944465
     -1.45010882
     -0.93468083
     -0.33875959
      0.12004694
      0.42195355
      0.63661866
      0.81233537
      0.97926994
      1.16428569
      1.40563803
      1.77200188
      2.33476731
      2.94407332
     -2.91770663
     -2.65454846
     -2.47102250
     -2.32314173
     -2.18594180
     -2.03929243
     -1.85684020
     -1.58927496
     -1.14326031
     -0.49572888
      0.05574181
      0.38528015
      0.58886794
      0.73370889
      0.85198715
      0.96157823
      1.07650413
      1.21401252
      1.40506995
      1.71746202
      2.26571717
      2.94178000
     -2.88914350
     -2.63697674
     -2.47707559
     -2.35456668
     -2.24080160
     -2.11689613
     -1.96670495
     -1.77184512
     -1.50638018
     -1.13462203
     -0.63436652
     -0.07296138
      0.39865718
      0.74884396
      1.01964268
      1.26217897
      1.52520002
      1.85929881
      2.31031491
      2.86453671
     -2.90122133
     -2.50946346
     -2.22983878
     -2.02621755
     -1.87110360
     -1.74539694
     -1.63318744
     -1.51687615
     -1.37100516
     -1.14856408
     -0.75202627
     -0.10039228
      0.50527913
      0.85662498
      1.06284020
      1.20477169
      1.31851187
      1.42253098
      1.52988287
      1.65479709
      1.82019583
      2.07293013
      2.50652905
     -3.12752118
     -2.56339049
     -2.22516307
     -2.01369378
     -1.85838181
     -1.72482836
     -1.59232668
     -1.44159246
     -1.24424741
     -0.94625456
     -0.46064293
      0.17475047
      0.67931664
      0.99484788
      1.20896818
      1.37983185
      1.53979998
      1.71391414
      1.93352713
      2.25163670
      2.73986870
     -2.93727667
     -2.44677649
     -2.12131239
     -1.88813570
     -1.69270309
     -1.50037811
     -1.27980957
     -0.98837935
     -0.56640686
     -0.00623442
      0.52800206
      0.91622060
      1.19662943
      1.42726983
      1.64896849
      1.89669490
      2.21247869
      2.64416414
     -3.10238666
     -2.59574612
     -2.20768537
     -1.90981551
     -1.65266859
     -1.39649394
     -1.10455985
     -0.73702984
     -0.27039755
      0.24188930
      0.69447386
      1.05612722
      1.35916686
      1.64360717
      1.94493751
      2.29637991
      2.72041896
     -3.08603630
     -2.62512979
     -2.22669603
     -1.88294297
     -1.56379746
     -1.23854499
     -0.88106017
     -0.47657326
     -0.03579784
      0.40438321
      0.81249416
      1.18571566
      1.54031649
      1.89616369
      2.26819226
      2.66126468
      3.06831070
     -2.80704959
     -2.40722742
     -2.01534973
     -1.62674753
     -1.23785806
     -0.84791995
     -0.45744150
     -0.06683137
      0.32379026
      0.71441000
      1.10502948
      1.49564948
      1.88627010
      2.27689131
      2.66751306
      3.05813531
     -2.83442729
     -2.44380416
     -2.05318066
     -1.66255683
     -1.27193270
     -0.88130832
     -0.49068372
     -0.10005893
      0.29056602
      0.68119109
      1.07181626
      1.46244151
      1.85306680
      2.24369213
      2.63431747
      3.02494281
     -2.86761716
     -2.47699185
     -2.08636657
     -1.69574133
     -1.30511611
     -0.91449094
     -0.52386580
     -0.13324069
      0.25738439
      0.64800945
      1.03863448
      1.42925950
      1.81988450
      2.21050950
      2.60113449
      2.99175947
     -2.90080085
     -2.51017587
     -2.11955088
     -1.72892590
     -1.33830091
     -0.94767592
     -0.55705093
     -0.16642593
      0.22419906
      0.61482406
      1.00544906
      1.39607406
      1.78669906
      2.17732406
      2.56794906
      2.95857405
     -2.93398625
     -2.54336125
     -2.15273625
     -1.76211125
     -1.37148625
     -0.98086125
     -0.59023625
     -0.19961125
      0.19101375
      0.58163875
      0.97226375
      1.36288875
      1.75351375
      2.14413875
      2.53476375
      2.92538875
     -2.96717156
     -2.57654656
     -2.18592156
     -1.79529656
     -1.40467156
     -1.01404656
     -0.62342156
     -0.23279656
      0.15782844
      0.54845344
      0.93907844
      1.32970344
      1.72032844
      2.11095344
      2.50157844
      2.89220344
     -3.00035686
     -2.60973186
     -2.21910686
     -1.82848186
     -1.43785686
     -1.04723186
     -0.65660687
     -0.26598187
      0.12464313
      0.51526813
      0.90589314
      1.29651814
      1.68714314
      2.07776814
      2.46839314
      2.85901814
     -3.03354217
     -2.64291717
     -2.25229217
     -1.86166717
     -1.47104217
     -1.08041717
     -0.68979217
     -0.29916717
      0.09145783
      0.48208283
      0.87270783
      1.26333283
      1.65395783
      2.04458283
      2.43520783
      2.82583283
     -3.06672748
     -2.67610248
     -2.28547748
     -1.89485248
     -1.50422748
     -1.11360248
     -0.72297748
     -0.33235248
      0.05827252
      0.44889752
      0.83952252
      1.23014752
      1.62077252
      2.01139752
      2.40202252
      2.79264752
     -3.09991279
     -2.70928779
     -2.31866279
     -1.92803779
     -1.53741279
     -1.14678779
     -0.75616279
     -0.36553779
      0.02508721
      0.41571221
      0.80633721
      1.19696221
      0.00000000
