             NaN
      0.85412593
      1.26097287
      1.67546229
      2.08239345
      2.47177515
      2.84462093
     -3.07261217
     -2.70069037
     -2.31227626
     -1.90509905
     -1.48874592
     -1.07967553
     -0.68929227
     -0.31709598
      0.04692130
      0.41649696
      0.80331618
      1.21068958
      1.62904827
      2.04054170
      2.43213480
      2.80369999
     -3.11757041
     -2.75063725
     -2.36572937
     -1.95831474
     -1.53780623
     -1.12355715
     -0.73049568
     -0.35952298
      0.00010742
      0.36405486
      0.74666380
      1.15390075
      1.57669875
      1.99409603
      2.38895131
      2.75940048
      3.11655010
     -2.80607292
     -2.42624181
     -2.01949128
     -1.59428105
     -1.17326925
     -0.77620393
     -0.40616353
     -0.05170273
      0.30500751
      0.68146392
      1.08729185
      1.51499825
      1.94018143
      2.33999819
      2.70981442
      3.06137241
     -2.86950207
     -2.49717063
     -2.09288391
     -1.66267483
     -1.23265429
     -0.82936908
     -0.45948466
     -0.11103726
      0.23623215
      0.60348849
      1.00535187
      1.43792420
      1.87357420
      2.28129520
      2.65170893
      2.99686834
     -2.94483889
     -2.58386773
     -2.18569310
     -1.75116535
     -1.30896321
     -0.89547650
     -0.52380232
     -0.18203124
      0.15279016
      0.50593102
      0.89859186
      1.33417801
      1.78394866
      2.20506335
      2.57917296
      2.91762340
     -3.03836828
     -2.69502548
     -2.31051871
     -1.87566103
     -1.41736615
     -0.98597444
     -0.60749900
     -0.27195223
      0.04658980
      0.37765801
      0.75020066
      1.18092889
      1.64816943
      2.09363014
      2.47974490
      2.81353101
      3.12250367
     -2.84491356
     -2.48975518
     -2.06944263
     -1.59469832
     -1.12987648
     -0.73033491
     -0.39560367
     -0.09658934
      0.20043104
      0.53078370
      0.92948891
      1.40487279
      1.89540462
      2.31911474
      2.66110984
      2.95144243
     -3.05672131
     -2.76046353
     -2.40177015
     -1.94667354
     -1.42879383
     -0.96042707
     -0.59543559
     -0.30743204
     -0.05540405
      0.19749443
      0.49117942
      0.87677716
      1.38681066
      1.93051600
      2.36331104
      2.67363897
      2.91132602
      3.11812778
     -2.95634376
     -2.70826678
     -2.36119710
     -1.84225244
     -1.23310392
     -0.77237021
     -0.48333187
     -0.29281387
     -0.15463502
     -0.04600242
      0.04457520
      0.12306429
      0.19232948
      0.25323394
      0.30544065
      0.34829540
      0.38163641
      0.40622210
      0.42361678
      0.43569365
      0.44414147
      0.45022436
      0.45478003
      0.45832719
      0.46118080
      0.46353576
      0.46551800
      0.46721294
      0.46868109
      0.46996686
      0.47110365
      0.47211720
      0.47302763
      0.47385093
      0.47459997
      0.47528524
      0.47591535
      0.47649748
      0.47703760
      0.47754079
      0.47801134
      0.47845292
      0.47886871
      0.47926142
      0.47963346
      0.47998687
      0.48032350
      0.48064494
      0.48095262
      0.48124778
      0.48153155
      0.48180493
      0.48206881
      0.48232399
      0.48257121
      0.48281110
      0.48304427
      0.48327125
      0.48349252
      0.48370852
      0.48391966
      0.48412631
      0.48432880
      0.48452744
      0.48472250
      0.48491426
      0.48510295
      0.48528879
      0.48547197
      0.48565269
      0.48583112
      0.48600741
      0.48618171
      0.48635417
      0.48652491
      0.48669405
      0.48686167
      0.48702783
      0.48719257
      0.48735587
      0.48751777
      0.48767845
      0.48783833
      0.48799816
      0.48815873
      0.48832015
      0.48848033
      0.48863308
      0.48876655
      0.48886404
      0.48890958
      0.48890033
      0.48886506
      0.48888141
      0.48907661
      0.48958791
      0.49045838
      0.49145696
      0.49184603
      0.49018760
      0.48439981
      0.47243425
      0.45393624
      0.43253905
      0.41692365
      0.41861228
      0.44798930
      0.51299682
      0.62290668
      0.79944384
      1.10724122
      1.70668187
      2.55562323
      3.07498420
     -2.93022357
     -2.74346889
     -2.58148803
     -2.40170807
     -2.14497451
     -1.67889867
     -0.86044744
     -0.19810701
      0.14403554
      0.33633566
      0.45571643
      0.52815091
      0.56395353
      0.57067546
      0.55783580
      0.53671724
      0.51681042
      0.50295299
      0.49562733
      0.49307028
      0.49312445
      0.49414187
      0.49517960
      0.49586504
      0.49617278
      0.49622824
      0.49617805
      0.49612801
      0.49612977
      0.49619313
      0.49630552
      0.49644806
      0.49660476
      0.49676563
      0.49692614
      0.49708526
      0.49724359
      0.49740204
      0.49756133
      0.49772181
      0.49788357
      0.49804662
      0.49821093
      0.49837650
      0.49854338
      0.49871164
      0.49888140
      0.49905275
      0.49922583
      0.49940074
      0.49957764
      0.49975667
      0.49993798
      0.50012175
      0.50030816
      0.50049741
      0.50068973
      0.50088535
      0.50108453
      0.50128755
      0.50149472
      0.50170638
      0.50192289
      0.50214466
      0.50237213
      0.50260578
      0.50284614
      0.50309382
      0.50334946
      0.50361378
      0.50388759
      0.50417178
      0.50446735
      0.50477542
      0.50509726
      0.50543426
      0.50578805
      0.50616044
      0.50655351
      0.50696963
      0.50741154
      0.50788240
      0.50838589
      0.50892631
      0.50950871
      0.51013910
      0.51082462
      0.51157391
      0.51239745
      0.51330810
      0.51432186
      0.51545885
      0.51674480
      0.51821314
      0.51990824
      0.52189063
      0.52424573
      0.52709946
      0.53064674
      0.53520252
      0.54128549
      0.54973340
      0.56181033
      0.57920507
      0.60379080
      0.63713185
      0.67998663
      0.73219336
      0.79309784
      0.86236305
      0.94085216
      1.03142980
      1.14006241
      1.27824129
      1.46875930
      1.75779766
      2.21853136
      2.82767984
     -2.93656084
     -2.58949114
     -2.34141414
     -2.13270036
     -1.92589858
     -1.68821152
     -1.37788358
     -0.94508854
     -0.40138322
      0.10865025
      0.49424800
      0.78793300
      1.04083150
      1.29285950
      1.58086307
      1.94585455
      2.41422130
      2.93210099
     -2.89598772
     -2.53729433
     -2.24103654
     -1.96601495
     -1.67568235
     -1.33368724
     -0.90997713
     -0.41944532
      0.05593855
      0.45464376
      0.78499643
      1.08201683
      1.38103117
      1.71576241
      2.11530399
      2.58012581
      3.05487011
     -2.80800265
     -2.45284426
     -2.13707618
     -1.82810350
     -1.49431739
     -1.10820263
     -0.66274192
     -0.19550139
      0.23522683
      0.60776949
      0.93883770
      1.25737974
      1.59292652
      1.97140197
      2.40279367
      2.86108854
     -2.98723909
     -2.60273232
     -2.25938952
     -1.93219588
     -1.59374543
     -1.21963582
     -0.79852113
     -0.34875049
      0.08683565
      0.47949650
      0.83263736
      1.16745877
      1.50922985
      1.88090404
      2.29439075
      2.73659288
     -3.11206468
     -2.71389005
     -2.35291889
     -2.01144081
     -1.66628140
     -1.29586766
     -0.88814666
     -0.45249666
     -0.01992434
      0.38193904
      0.74919538
      1.09646479
      1.44491221
      1.81479663
      2.21808183
      2.64810237
      3.07831145
     -2.80058714
     -2.42825570
     -2.07594486
     -1.72438687
     -1.35457063
     -0.95475388
     -0.52957070
     -0.10186431
      0.30396363
      0.68042003
      1.03713028
      1.39159109
      1.76163149
      2.15869680
      2.57970861
      3.00491883
     -2.87151595
     -2.49168484
     -2.13112254
     -1.77397292
     -1.40352375
     -1.00866846
     -0.59127119
     -0.16847319
      0.23876375
      0.62137269
      0.98532014
      1.34495054
      1.71592325
      2.10898472
      2.52323379
      2.94374230
     -2.93202838
     -2.54712050
     -2.18018734
     -1.81827242
     -1.44670723
     -1.05511413
     -0.64362070
     -0.22526202
      0.18211138
      0.56893060
      0.93850626
      1.30252355
      1.67471985
      2.06510310
      2.47417350
      2.89052662
     -2.98548148
     -2.59706737
     -2.22514556
     -1.85919336
     -1.48634758
     -1.09696587
     -0.69003471
     -0.27554530
      0.13130164
      0.00000000
