      0.00000000
      0.00076998
      0.00174551
      0.00220407
      0.00233749
      0.00230317
      0.00216865
      0.00203595
      0.00204684
      0.00219589
      0.00234611
      0.00242304
      0.00242291
      0.00234507
      0.00219644
      0.00206144
      0.00207544
      0.00222626
      0.00237529
      0.00245028
      0.00244841
      0.00236875
      0.00221872
      0.00208484
      0.00210227
      0.00225480
      0.00240298
      0.00247644
      0.00247318
      0.00239209
      0.00224091
      0.00210781
      0.00212785
      0.00228173
      0.00242926
      0.00250155
      0.00249725
      0.00241507
      0.00226296
      0.00213029
      0.00215218
      0.00230708
      0.00245419
      0.00252564
      0.00252061
      0.00243768
      0.00228485
      0.00215224
      0.00217524
      0.00233089
      0.00247779
      0.00254872
      0.00254326
      0.00245991
      0.00230653
      0.00217365
      0.00219706
      0.00235318
      0.00250009
      0.00257081
      0.00256520
      0.00248173
      0.00232798
      0.00219449
      0.00221765
      0.00237400
      0.00252113
      0.00259192
      0.00258642
      0.00250311
      0.00234917
      0.00221475
      0.00223701
      0.00239337
      0.00254091
      0.00261204
      0.00260691
      0.00252403
      0.00237006
      0.00223442
      0.00225519
      0.00241132
      0.00255946
      0.00263118
      0.00262665
      0.00254446
      0.00239063
      0.00225351
      0.00227220
      0.00242788
      0.00257679
      0.00264935
      0.00264563
      0.00256437
      0.00241084
      0.00227202
      0.00228808
      0.00244308
      0.00259291
      0.00266654
      0.00266383
      0.00258373
      0.00243068
      0.00228995
      0.00230286
      0.00245694
      0.00260783
      0.00268274
      0.00268124
      0.00260251
      0.00245010
      0.00230731
      0.00231658
      0.00246949
      0.00262156
      0.00269796
      0.00269783
      0.00262068
      0.00246909
      0.00232411
      0.00232928
      0.00248076
      0.00263411
      0.00271218
      0.00271360
      0.00263820
      0.00248760
      0.00234036
      0.00234100
      0.00249077
      0.00264548
      0.00272541
      0.00272853
      0.00265504
      0.00250562
      0.00235607
      0.00235177
      0.00249956
      0.00265569
      0.00273764
      0.00274259
      0.00267118
      0.00252311
      0.00237124
      0.00236165
      0.00250714
      0.00266473
      0.00274886
      0.00275578
      0.00268657
      0.00254004
      0.00238588
      0.00237067
      0.00251355
      0.00267262
      0.00275907
      0.00276808
      0.00270121
      0.00255638
      0.00240000
      0.00237887
      0.00251882
      0.00267936
      0.00276826
      0.00277948
      0.00271504
      0.00257209
      0.00241358
      0.00238629
      0.00252299
      0.00268496
      0.00277643
      0.00278995
      0.00272806
      0.00258714
      0.00242664
      0.00239297
      0.00252607
      0.00268943
      0.00278358
      0.00279949
      0.00274023
      0.00260150
      0.00243916
      0.00239895
      0.00252812
      0.00269278
      0.00278970
      0.00280809
      0.00275153
      0.00261513
      0.00245114
      0.00240426
      0.00252915
      0.00269501
      0.00279479
      0.00281574
      0.00276193
      0.00262801
      0.00246256
      0.00240894
      0.00252921
      0.00269615
      0.00279885
      0.00282243
      0.00277143
      0.00264010
      0.00247340
      0.00241300
      0.00252833
      0.00269621
      0.00280188
      0.00282815
      0.00277998
      0.00265137
      0.00248364
      0.00241648
      0.00252656
      0.00269520
      0.00280389
      0.00283290
      0.00278759
      0.00266178
      0.00249327
      0.00241939
      0.00252392
      0.00269314
      0.00280486
      0.00283666
      0.00279424
      0.00267130
      0.00250224
      0.00242175
      0.00252045
      0.00269005
      0.00280482
      0.00283945
      0.00279990
      0.00267992
      0.00251055
      0.00242357
      0.00251619
      0.00268596
      0.00280376
      0.00284125
      0.00280457
      0.00268759
      0.00251815
      0.00242486
      0.00251117
      0.00268088
      0.00280169
      0.00284206
      0.00280825
      0.00269430
      0.00252501
      0.00242562
      0.00250543
      0.00267484
      0.00279863
      0.00284189
      0.00281091
      0.00270001
      0.00253110
      0.00242585
      0.00249900
      0.00266787
      0.00279457
      0.00284073
      0.00281256
      0.00270472
      0.00253638
      0.00242553
      0.00249191
      0.00266000
      0.00278954
      0.00283860
      0.00281320
      0.00270839
      0.00254082
      0.00242465
      0.00248418
      0.00265125
      0.00278355
      0.00283548
      0.00281280
      0.00271101
      0.00254438
      0.00242320
      0.00247585
      0.00264166
      0.00277661
      0.00283139
      0.00281139
      0.00271256
      0.00254703
      0.00242115
      0.00246692
      0.00263125
      0.00276874
      0.00282634
      0.00280894
      0.00271303
      0.00254872
      0.00241847
      0.00245742
      0.00262006
      0.00275996
      0.00282033
      0.00280547
      0.00271240
      0.00254944
      0.00241515
      0.00244737
      0.00260812
      0.00275029
      0.00281337
      0.00280098
      0.00271067
      0.00254913
      0.00241114
      0.00243677
      0.00259546
      0.00273975
      0.00280548
      0.00279547
      0.00270782
      0.00254778
      0.00240642
      0.00242563
      0.00258211
      0.00272837
      0.00279665
      0.00278894
      0.00270384
      0.00254535
      0.00240094
      0.00241395
      0.00256811
      0.00271618
      0.00278691
      0.00278139
      0.00269874
      0.00254180
      0.00239466
      0.00240174
      0.00255349
      0.00270319
      0.00277627
      0.00277284
      0.00269249
      0.00253712
      0.00238756
      0.00238899
      0.00253827
      0.00268943
      0.00276474
      0.00276329
      0.00268511
      0.00253127
      0.00237958
      0.00237570
      0.00252248
      0.00267494
      0.00275234
      0.00275273
      0.00267657
      0.00252422
      0.00237069
      0.00236185
      0.00250616
      0.00265974
      0.00273908
      0.00274119
      0.00266688
      0.00251596
      0.00236085
      0.00234745
      0.00248933
      0.00264386
      0.00272499
      0.00272865
      0.00265603
      0.00250645
      0.00235001
      0.00233247
      0.00247202
      0.00262733
      0.00271006
      0.00271514
      0.00264403
      0.00249568
      0.00233815
      0.00231691
      0.00245425
      0.00261018
      0.00269433
      0.00270065
      0.00263085
      0.00248362
      0.00232522
      0.00230076
      0.00243606
      0.00259245
      0.00267781
      0.00268519
      0.00261650
      0.00247024
      0.00231119
      0.00228400
      0.00241746
      0.00257415
      0.00266051
      0.00266877
      0.00260096
      0.00245553
      0.00229603
      0.00226663
      0.00239848
      0.00255533
      0.00264245
      0.00265138
      0.00258424
      0.00243946
      0.00227970
      0.00224863
      0.00237915
      0.00253600
      0.00262365
      0.00263302
      0.00256631
      0.00242199
      0.00226217
      0.00223002
      0.00235949
      0.00251620
      0.00260412
      0.00261371
      0.00254717
      0.00240312
      0.00224343
      0.00221078
      0.00233954
      0.00249595
      0.00258387
      0.00259343
      0.00252679
      0.00238281
      0.00222344
      0.00219092
      0.00231930
      0.00247528
      0.00256291
      0.00257218
      0.00250516
      0.00236103
      0.00220220
      0.00217047
      0.00229883
      0.00245420
      0.00254125
      0.00254995
      0.00248226
      0.00233775
      0.00217969
      0.00214943
      0.00227814
      0.00243274
      0.00251889
      0.00252672
      0.00245806
      0.00231295
      0.00215591
      0.00212783
      0.00225726
      0.00241091
      0.00249584
      0.00250250
      0.00243252
      0.00228658
      0.00213086
      0.00210572
      0.00223623
      0.00238873
      0.00247208
      0.00247724
      0.00240560
      0.00225862
      0.00210456
      0.00208314
      0.00221509
      0.00236620
      0.00244761
      0.00245093
      0.00237726
      0.00222904
      0.00207702
      0.00206015
      0.00219386
      0.00234333
      0.00242242
      0.00242352
      0.00234740
      0.00219761
      0.00204774
      0.00203512
      0.00216714
      0.00230223
      0.00233729
      0.00220438
      0.00174605
      0.00077036
      0.00000000
