      0.00000000
      1.23876915
      1.56678581
      1.85740109
      2.13760746
      2.44815017
      2.83301008
     -2.96875623
     -2.43992324
     -1.96545670
     -1.58783094
     -1.28076880
     -0.99648092
     -0.68439847
     -0.29762905
      0.18555929
      0.71399023
      1.18609542
      1.56143481
      1.86718250
      2.15125650
      2.46419112
      2.85263811
     -2.94586699
     -2.41779369
     -1.94760938
     -1.57410600
     -1.26942007
     -0.98554348
     -0.67197553
     -0.28226435
      0.20350974
      0.73124578
      1.19993112
      1.57202038
      1.87587461
      2.15955916
      2.47354357
      2.86412267
     -2.93256124
     -2.40512259
     -1.93753069
     -1.56646156
     -1.26322878
     -0.97973864
     -0.66554971
     -0.27448077
      0.21240847
      0.73960143
      1.20648731
      1.57690540
      1.87971078
      2.16299964
      2.47718856
      2.86838810
     -2.92783640
     -2.40083219
     -1.93428412
     -1.56417015
     -1.26161115
     -0.97853230
     -0.66453848
     -0.27354830
      0.21318747
      0.74005970
      1.20661821
      1.57675516
      1.87923840
      2.16209893
      2.47571364
      2.86617399
     -2.93078061
     -2.40398820
     -1.93709144
     -1.56662214
     -1.26405222
     -0.98141607
     -0.66835212
     -0.27872245
      0.20673724
      0.73349370
      1.20103573
      1.57213073
      1.87494348
      2.15735296
      2.46970790
      2.85822566
     -2.94052501
     -2.41377182
     -1.94529850
     -1.57329902
     -1.27009207
     -0.98790658
     -0.67640478
     -0.28926054
      0.19390539
      0.72067451
      1.19034389
      1.56351325
      1.86726221
      2.14923223
      2.45975148
      2.84528013
     -2.95624244
     -2.42945338
     -1.95834462
     -1.58375242
     -1.27931623
     -0.99754659
     -0.68812432
     -0.30443387
      0.17549967
      0.70229626
      1.17506610
      1.55132231
      1.85658907
      2.13818041
      2.44640647
      2.82805545
     -2.97714345
     -2.45036886
     -1.97573810
     -1.59758798
     -1.29134872
     -1.00990632
     -0.70296054
     -0.32353704
      0.15229236
      0.67899795
      1.15566738
      1.53593033
      1.84328293
      2.12461309
      2.43020960
      2.80724264
     -3.00247185
     -2.47589965
     -1.99703607
     -1.61445227
     -1.30584644
     -1.02458452
     -0.72039146
     -0.34589493
      0.12502447
      0.65138195
      1.13257266
      1.51767444
      1.82767239
      2.10891716
      2.41166704
      2.78349966
     -3.03150110
     -2.50545579
     -2.02182762
     -1.63402182
     -1.32249402
     -1.04120851
     -0.73992755
     -0.37086784
      0.09440861
      0.62002924
      1.10618248
      1.49686695
      1.81006088
      2.09145137
      2.39125114
      2.75744704
     -3.06353213
     -2.53846233
     -2.04971919
     -1.65599317
     -1.34099865
     -1.05943312
     -0.76111396
     -0.39785507
      0.06113053
      0.58551135
      1.07688654
      1.47380478
      1.79073195
      2.07254786
      2.36939913
      2.72966511
     -3.09789252
     -2.57434891
     -2.08032196
     -1.68007364
     -1.36108467
     -1.07893850
     -0.78353098
     -0.42629704
      0.02584912
      0.54839927
      1.04507561
      1.44877853
      1.76995481
      2.05251495
      2.34651348
      2.70069250
     -3.13393719
     -2.61254251
     -2.11324072
     -1.70597263
     -1.38248784
     -1.09942699
     -0.80679295
     -0.45567612
     -0.01080475
      0.50926905
      1.01115159
      1.42208084
      1.74799020
      2.03164068
      2.32296361
      2.67102592
      3.11213526
     -2.65246350
     -2.14806475
     -1.73339349
     -1.40494946
     -1.12061915
     -0.83054601
     -0.48551634
     -0.04823037
      0.46870406
      0.97553578
      1.39401423
      1.72509620
      2.01019691
      2.29908860
      2.64112089
      3.07453891
     -2.69352496
     -2.18436079
     -1.76202614
     -1.42821065
     -1.14224954
     -0.85446500
     -0.51538223
     -0.08585976
      0.42729417
      0.93867461
      1.36489788
      1.70153387
      1.98844382
      2.27520057
      2.61139334
      3.03700972
     -2.73513500
     -2.22166836
     -1.79154087
     -1.45200689
     -1.16406218
     -0.87824987
     -0.54487680
     -0.12316013
      0.38563213
      0.90104307
      1.33507333
      1.67757244
      1.96663431
      2.25158856
      2.58222206
      3.00006213
     -2.77670138
     -2.25949776
     -1.82158323
     -1.47606307
     -1.18580610
     -0.90162154
     -0.57363858
     -0.15963561
      0.34430823
      0.86314553
      1.30490885
      1.65349398
      1.94501854
      2.22852281
      2.55395218
      2.96417345
     -2.81763720
     -2.29733021
     -1.85177030
     -1.50008907
     -1.20723083
     -0.92431739
     -0.60133764
     -0.19482729
      0.30390457
      0.82551471
      1.27480271
      1.62959764
      1.92384836
      2.20625957
      2.52689971
      2.92978471
     -2.85736639
     -2.33461969
     -1.88168790
     -1.52377583
     -1.22808202
     -0.94608623
     -0.62767048
     -0.22831116
      0.26499023
      0.78870928
      1.24518544
      1.60620331
      1.90338178
      2.18504633
      2.50135725
      2.89730399
     -2.89532751
     -2.37079557
     -1.91088878
     -1.54679177
     -1.24809692
     -0.96668286
     -0.65235370
     -0.25969367
      0.22811868
      0.75331108
      1.21652132
      1.58365499
      1.88388735
      2.16512744
      2.47760077
      2.86711200
     -2.93097506
     -2.40526549
     -1.93889146
     -1.56877980
     -1.26700014
     -0.98586237
     -0.67511684
     -0.28860503
      0.19382785
      0.71992242
      1.18930909
      1.56232348
      1.86564826
      2.14674982
      2.45589717
      2.83956976
     -2.96377785
     -2.43741765
     -1.96517992
     -1.58935491
     -1.28449977
     -1.00337440
     -0.69569457
     -0.31469066
      0.16264338
      0.68916417
      1.16408194
      1.54260836
      1.84896599
      2.13016863
      2.43651226
      2.81502792
     -2.99321430
     -2.46662238
     -1.98920409
     -1.60810276
     -1.30028407
     -1.01895764
     -0.71381855
     -0.33760115
      0.13508464
      0.66167476
      1.14140644
      1.52493873
      1.83416312
      2.11565258
      2.41971899
      2.79383744
     -3.01876504
     -2.49223242
     -2.01038139
     -1.62457962
     -1.31401913
     -1.03233480
     -0.72920914
     -0.35698110
      0.11167351
      0.63811049
      1.12188049
      1.50977266
      1.82158519
      2.10348874
      2.40580579
      2.77636124
     -3.03990282
     -2.51358199
     -2.02809944
     -1.63831364
     -1.32534762
     -1.04320793
     -0.74156693
     -0.37245678
      0.09294579
      0.61914728
      1.10613002
      1.49759497
      1.81160142
      2.09398697
      2.39508531
      2.76298729
     -3.05607982
     -2.52998421
     -2.04171984
     -1.64880799
     -1.33388850
     -1.05125417
     -0.75056370
     -0.38362234
      0.07946514
      0.60548396
      1.09480462
      1.48891336
      1.80460443
      2.08748421
      2.38790383
      2.75414327
     -3.06671240
     -2.54072715
     -2.05058327
     -1.65554549
     -1.33923786
     -1.05612142
     -0.75583241
     -0.39002401
      0.07183968
      0.59784682
      1.08857173
      1.48425286
      1.80100909
      2.08434893
      2.38465208
      2.75031370
     -3.07116308
     -2.54506879
     -2.05401595
     -1.65799503
     -1.34097027
     -1.05742349
     -0.75695536
     -0.39114139
      0.07074146
      0.59699492
      1.08810940
      1.48414874
      1.80125096
      2.08498657
      2.38577844
      2.75206050
     -3.06871969
     -2.54223190
     -2.05133796
     -1.65561932
     -1.33864039
     -1.05473385
     -0.75344931
     -0.38636476
      0.07692863
      0.60372459
      1.09409672
      1.48913805
      1.80578492
      2.08984692
      2.39180580
      2.76004824
     -3.05857194
     -2.53140056
     -2.04187418
     -1.64788391
     -1.33178388
     -1.04757681
     -0.74474615
     -0.37496682
      0.09126998
      0.61887114
      1.10720122
      1.49975017
      1.81508499
      2.09943486
      2.40335402
      2.77507580
     -3.03978611
     -2.51172119
     -2.02496878
     -1.63426692
     -1.31991643
     -1.03541428
     -0.73016664
     -0.35606708
      0.11477054
      0.64330409
      1.12806226
      1.51649718
      1.82964689
      2.11432635
      2.42116893
      2.79811194
     -3.01127991
     -2.48225944
     -1.99979430
     -1.61385694
     -1.30257452
     -1.02196343
     -0.73119167
     -0.40316794
      0.00000000
