      0.00000000
      0.00000000
      0.00000000
      0.00000000
      0.00000000
      0.00000000
      0.00000000
      0.00000000
      0.00000000
      0.00000000
      0.00000000
      0.00000000
      0.00000000
      0.00000000
      0.00000000
      0.00000000
      0.00000000
      0.00000000
      0.00000000
      0.00000000
      0.00000000
      0.00000000
      0.00000000
      0.00000000
      0.00000000
      0.00000000
      0.00000000
      0.00000000
      0.00000000
      0.00000000
      0.00000000
      0.00000000
      0.00000000
      0.00000000
      0.00000000
      0.00000000
      0.00000000
      0.00000000
      0.00000000
      0.00000000
      0.00000000
      0.00000000
      0.00000000
      0.00000000
      0.00000000
      0.00000000
      0.00000000
      0.00000000
      0.00000000
      0.00000000
      0.00000000
      0.00000000
      0.00000000
      0.00000000
      0.00000000
      0.00000000
      0.00000000
      0.00000000
      0.00000000
      0.00000000
      0.00000000
      0.00000000
      0.00000000
      0.00000000
      0.00000000
      0.00000000
      0.00000000
      0.00000000
      0.00000000
      0.00000000
      0.00000000
      0.00000000
      0.00000000
      0.00000000
      0.00000000
      0.00000000
      0.00000000
      0.00000000
      0.00000000
      0.00000000
      0.00000000
      0.00000000
      0.00000000
      0.00000000
      0.00000000
      0.00000000
      0.00000000
      0.00000000
      0.00000000
      0.00000000
      0.00000000
      0.00000000
      0.00000000
      0.00000000
      0.00000000
      0.00000000
      0.00000000
      0.00000000
      0.00000000
      0.00000000
      0.00000000
      0.00000000
      0.00000000
      0.00000000
      0.00000000
      0.00000000
      0.00000000
      0.00000000
      0.00000000
      0.00000000
      0.00000000
      0.00000000
      0.00000000
      0.00000000
      0.00000000
      0.00000000
      0.00000000
      0.00000000
      0.00000000
      0.00000000
      0.00000000
      0.00000000
      0.00000000
      0.00000000
      0.00000000
      0.00000000
      0.00000000
      0.00000000
      0.00000000
      0.00000000
      0.00000000
      0.00000000
      0.00000000
      0.00000000
      0.00000000
      0.00000000
      0.00000000
      0.00000000
      0.00000000
      0.00000000
      0.00000000
      0.00000000
      0.00000000
      0.00000000
      0.00000000
      0.00000001
      0.00000004
      0.00000019
      0.00000084
      0.00000326
      0.00001119
      0.00003391
      0.00008907
      0.00019739
      0.00036302
      0.00056131
      0.00075646
      0.00092681
      0.00107395
      0.00121933
      0.00138698
      0.00157948
      0.00177722
      0.00195971
      0.00211675
      0.00224674
      0.00235847
      0.00247580
      0.00262474
      0.00280546
      0.00299255
      0.00316266
      0.00330613
      0.00342179
      0.00351767
      0.00361789
      0.00375111
      0.00391914
      0.00409496
      0.00425343
      0.00438476
      0.00448779
      0.00456957
      0.00465362
      0.00477047
      0.00492448
      0.00508829
      0.00523519
      0.00535478
      0.00544577
      0.00551424
      0.00558261
      0.00568276
      0.00582194
      0.00597330
      0.00610863
      0.00621669
      0.00629594
      0.00635154
      0.00640463
      0.00648792
      0.00661172
      0.00675029
      0.00687403
      0.00697066
      0.00703834
      0.00708141
      0.00711955
      0.00718592
      0.00729391
      0.00741938
      0.00753150
      0.00761676
      0.00767298
      0.00770378
      0.00772728
      0.00777673
      0.00786858
      0.00798067
      0.00808110
      0.00815503
      0.00819987
      0.00821858
      0.00822775
      0.00826037
      0.00833578
      0.00843420
      0.00852287
      0.00858549
      0.00861901
      0.00862579
      0.00862091
      0.00863681
      0.00869556
      0.00878003
      0.00885684
      0.00890815
      0.00893038
      0.00892537
      0.00890672
      0.00890606
      0.00894795
      0.00901818
      0.00908301
      0.00912303
      0.00913398
      0.00911729
      0.00908513
      0.00906811
      0.00909299
      0.00914870
      0.00920142
      0.00923011
      0.00922981
      0.00920153
      0.00915610
      0.00912294
      0.00913071
      0.00917161
      0.00921207
      0.00922942
      0.00921786
      0.00917805
      0.00911959
      0.00907055
      0.00906115
      0.00908696
      0.00911499
      0.00912095
      0.00909813
      0.00904685
      0.00897557
      0.00891091
      0.00888432
      0.00889478
      0.00891017
      0.00890470
      0.00887061
      0.00880789
      0.00872399
      0.00864401
      0.00860025
      0.00859510
      0.00859766
      0.00858068
      0.00853529
      0.00846117
      0.00836483
      0.00826981
      0.00820897
      0.00818797
      0.00817745
      0.00814889
      0.00809217
      0.00800664
      0.00789802
      0.00778828
      0.00771049
      0.00767344
      0.00764959
      0.00760932
      0.00754123
      0.00744428
      0.00732353
      0.00719940
      0.00710485
      0.00705155
      0.00701410
      0.00696197
      0.00688245
      0.00677405
      0.00664129
      0.00650313
      0.00639208
      0.00632239
      0.00627101
      0.00620683
      0.00611577
      0.00599586
      0.00585121
      0.00569941
      0.00557221
      0.00548604
      0.00542037
      0.00534387
      0.00524110
      0.00510959
      0.00495315
      0.00478818
      0.00464535
      0.00454264
      0.00446222
      0.00437296
      0.00425822
      0.00411493
      0.00394682
      0.00376934
      0.00361163
      0.00349243
      0.00339656
      0.00329379
      0.00316649
      0.00301105
      0.00283144
      0.00264255
      0.00247133
      0.00233571
      0.00222291
      0.00210462
      0.00196286
      0.00179369
      0.00160197
      0.00140216
      0.00121627
      0.00105607
      0.00090807
      0.00074766
      0.00056426
      0.00037263
      0.00020646
      0.00009395
      0.00003551
      0.00001151
      0.00000329
      0.00000084
      0.00000019
      0.00000004
      0.00000001
      0.00000000
      0.00000000
      0.00000000
      0.00000000
      0.00000000
      0.00000000
      0.00000000
      0.00000000
      0.00000000
      0.00000000
      0.00000000
      0.00000000
      0.00000000
      0.00000000
      0.00000000
      0.00000000
      0.00000000
      0.00000000
      0.00000000
      0.00000000
      0.00000000
      0.00000000
      0.00000000
      0.00000000
      0.00000000
      0.00000000
      0.00000000
      0.00000000
      0.00000000
      0.00000000
      0.00000000
      0.00000000
      0.00000000
      0.00000000
      0.00000000
      0.00000000
      0.00000000
      0.00000000
      0.00000000
      0.00000000
      0.00000000
      0.00000000
      0.00000000
      0.00000000
      0.00000000
      0.00000000
      0.00000000
      0.00000000
      0.00000000
      0.00000000
      0.00000000
      0.00000000
      0.00000000
      0.00000000
      0.00000000
      0.00000000
      0.00000000
      0.00000000
      0.00000000
      0.00000000
      0.00000000
      0.00000000
      0.00000000
      0.00000000
      0.00000000
      0.00000000
      0.00000000
      0.00000000
      0.00000000
      0.00000000
      0.00000000
      0.00000000
      0.00000000
      0.00000000
      0.00000000
      0.00000000
      0.00000000
      0.00000000
      0.00000000
      0.00000000
      0.00000000
      0.00000000
      0.00000000
      0.00000000
      0.00000000
      0.00000000
      0.00000000
      0.00000000
      0.00000000
      0.00000000
      0.00000000
      0.00000000
      0.00000000
      0.00000000
      0.00000000
      0.00000000
      0.00000000
      0.00000000
      0.00000000
      0.00000000
      0.00000000
      0.00000000
      0.00000000
      0.00000000
      0.00000000
      0.00000000
      0.00000000
      0.00000000
      0.00000000
      0.00000000
      0.00000000
      0.00000000
      0.00000000
      0.00000000
      0.00000000
      0.00000000
      0.00000000
      0.00000000
      0.00000000
      0.00000000
      0.00000000
      0.00000000
      0.00000000
      0.00000000
      0.00000000
      0.00000000
      0.00000000
      0.00000000
      0.00000000
      0.00000000
      0.00000000
      0.00000000
      0.00000000
      0.00000000
      0.00000000
      0.00000000
      0.00000000
      0.00000000
      0.00000000
      0.00000000
      0.00000000
      0.00000000
      0.00000000
      0.00000000
      0.00000000
