      0.00000000
      0.00000000
      0.00000000
      0.00000000
      0.00000000
      0.00000000
      0.00000000
      0.00000000
      0.00000000
      0.00000000
      0.00000000
      0.00000000
      0.00000000
      0.00000000
      0.00000000
      0.00000000
      0.00000000
      0.00000000
      0.00000000
      0.00000000
      0.00000000
      0.00000000
      0.00000000
      0.00000000
      0.00000000
      0.00000000
      0.00000000
      0.00000000
      0.00000000
      0.00000000
      0.00000000
      0.00000000
      0.00000000
      0.00000000
      0.00000000
      0.00000000
      0.00000000
      0.00000000
      0.00000000
      0.00000000
      0.00000000
      0.00000000
      0.00000000
      0.00000000
      0.00000000
      0.00000000
      0.00000000
      0.00000000
      0.00000000
      0.00000000
      0.00000000
      0.00000000
      0.00000000
      0.00000000
      0.00000000
      0.00000000
      0.00000000
      0.00000000
      0.00000000
      0.00000000
      0.00000000
      0.00000000
      0.00000000
      0.00000000
      0.00000000
      0.00000000
      0.00000000
      0.00000000
      0.00000000
      0.00000000
      0.00000000
      0.00000000
      0.00000000
      0.00000000
      0.00000000
      0.00000000
      0.00000000
      0.00000000
      0.00000000
      0.00000000
      0.00000000
      0.00000000
      0.00000000
      0.00000000
      0.00000000
      0.00000000
      0.00000000
      0.00000000
      0.00000000
      0.00000000
      0.00000000
      0.00000000
      0.00000000
      0.00000000
      0.00000000
      0.00000000
      0.00000000
      0.00000000
      0.00000000
      0.00000000
      0.00000000
      0.00000000
      0.00000000
      0.00000000
      0.00000000
      0.00000000
      0.00000000
      0.00000000
      0.00000000
      0.00000000
      0.00000000
      0.00000000
      0.00000000
      0.00000000
      0.00000000
      0.00000000
      0.00000000
      0.00000000
      0.00000000
      0.00000000
      0.00000000
      0.00000000
      0.00000000
      0.00000000
      0.00000000
      0.00000000
      0.00000000
      0.00000000
      0.00000000
      0.00000000
      0.00000000
      0.00000000
      0.00000000
      0.00000000
      0.00000000
      0.00000000
      0.00000000
      0.00000000
      0.00000000
      0.00000000
      0.00000000
      0.00000000
      0.00000000
      0.00000000
      0.00000000
      0.00000000
      0.00000000
      0.00000000
      0.00000000
      0.00000000
      0.00000000
      0.00000000
      0.00000000
      0.00000000
      0.00000000
      0.00000000
      0.00000000
      0.00000001
      0.00000006
      0.00000026
      0.00000105
      0.00000391
      0.00001262
      0.00003478
      0.00008101
      0.00016080
      0.00027953
      0.00044122
      0.00064878
      0.00089479
      0.00115690
      0.00140873
      0.00163223
      0.00182208
      0.00198841
      0.00215816
      0.00236022
      0.00259814
      0.00284699
      0.00307847
      0.00327723
      0.00344023
      0.00357756
      0.00371748
      0.00389371
      0.00411248
      0.00434560
      0.00456081
      0.00474182
      0.00488549
      0.00500075
      0.00511535
      0.00526613
      0.00546339
      0.00567873
      0.00587715
      0.00604098
      0.00616661
      0.00626164
      0.00635250
      0.00647788
      0.00665235
      0.00684873
      0.00702997
      0.00717672
      0.00728477
      0.00736046
      0.00742854
      0.00752868
      0.00767958
      0.00785622
      0.00801996
      0.00814965
      0.00824034
      0.00829724
      0.00834325
      0.00841835
      0.00854516
      0.00870144
      0.00884741
      0.00896002
      0.00903346
      0.00907195
      0.00909646
      0.00914677
      0.00924911
      0.00938450
      0.00951246
      0.00960794
      0.00966422
      0.00968456
      0.00968808
      0.00971388
      0.00979146
      0.00990550
      0.01001519
      0.01009350
      0.01013265
      0.01013506
      0.01011802
      0.01011963
      0.01017226
      0.01026447
      0.01035564
      0.01041672
      0.01043877
      0.01042343
      0.01038623
      0.01036399
      0.01039151
      0.01046148
      0.01053385
      0.01057763
      0.01058259
      0.01054964
      0.01049265
      0.01044692
      0.01044925
      0.01049657
      0.01054985
      0.01057624
      0.01056412
      0.01051367
      0.01043724
      0.01036839
      0.01034551
      0.01036978
      0.01040365
      0.01041256
      0.01038335
      0.01031550
      0.01021994
      0.01012838
      0.01008031
      0.01008115
      0.01009527
      0.01008657
      0.01004026
      0.00995510
      0.00984071
      0.00972687
      0.00965371
      0.00963075
      0.00962474
      0.00959827
      0.00953484
      0.00943244
      0.00929950
      0.00916383
      0.00906574
      0.00901863
      0.00899207
      0.00894764
      0.00886705
      0.00874745
      0.00859625
      0.00843925
      0.00831644
      0.00824486
      0.00819727
      0.00813463
      0.00803681
      0.00790007
      0.00773088
      0.00755309
      0.00740592
      0.00730955
      0.00724035
      0.00715915
      0.00704399
      0.00689014
      0.00670328
      0.00650535
      0.00633428
      0.00621284
      0.00612131
      0.00602103
      0.00588832
      0.00571735
      0.00551318
      0.00529597
      0.00510175
      0.00495497
      0.00484007
      0.00471982
      0.00456908
      0.00438091
      0.00415995
      0.00392477
      0.00370866
      0.00353625
      0.00339620
      0.00325399
      0.00308385
      0.00287786
      0.00264079
      0.00238998
      0.00215423
      0.00195491
      0.00178364
      0.00161057
      0.00141131
      0.00117920
      0.00092410
      0.00066945
      0.00044486
      0.00027101
      0.00015068
      0.00007503
      0.00003260
      0.00001213
      0.00000385
      0.00000106
      0.00000026
      0.00000006
      0.00000001
      0.00000000
      0.00000000
      0.00000000
      0.00000000
      0.00000000
      0.00000000
      0.00000000
      0.00000000
      0.00000000
      0.00000000
      0.00000000
      0.00000000
      0.00000000
      0.00000000
      0.00000000
      0.00000000
      0.00000000
      0.00000000
      0.00000000
      0.00000000
      0.00000000
      0.00000000
      0.00000000
      0.00000000
      0.00000000
      0.00000000
      0.00000000
      0.00000000
      0.00000000
      0.00000000
      0.00000000
      0.00000000
      0.00000000
      0.00000000
      0.00000000
      0.00000000
      0.00000000
      0.00000000
      0.00000000
      0.00000000
      0.00000000
      0.00000000
      0.00000000
      0.00000000
      0.00000000
      0.00000000
      0.00000000
      0.00000000
      0.00000000
      0.00000000
      0.00000000
      0.00000000
      0.00000000
      0.00000000
      0.00000000
      0.00000000
      0.00000000
      0.00000000
      0.00000000
      0.00000000
      0.00000000
      0.00000000
      0.00000000
      0.00000000
      0.00000000
      0.00000000
      0.00000000
      0.00000000
      0.00000000
      0.00000000
      0.00000000
      0.00000000
      0.00000000
      0.00000000
      0.00000000
      0.00000000
      0.00000000
      0.00000000
      0.00000000
      0.00000000
      0.00000000
      0.00000000
      0.00000000
      0.00000000
      0.00000000
      0.00000000
      0.00000000
      0.00000000
      0.00000000
      0.00000000
      0.00000000
      0.00000000
      0.00000000
      0.00000000
      0.00000000
      0.00000000
      0.00000000
      0.00000000
      0.00000000
      0.00000000
      0.00000000
      0.00000000
      0.00000000
      0.00000000
      0.00000000
      0.00000000
      0.00000000
      0.00000000
      0.00000000
      0.00000000
      0.00000000
      0.00000000
      0.00000000
      0.00000000
      0.00000000
      0.00000000
      0.00000000
      0.00000000
      0.00000000
      0.00000000
      0.00000000
      0.00000000
      0.00000000
      0.00000000
      0.00000000
      0.00000000
      0.00000000
      0.00000000
      0.00000000
      0.00000000
      0.00000000
      0.00000000
      0.00000000
      0.00000000
      0.00000000
      0.00000000
      0.00000000
      0.00000000
      0.00000000
      0.00000000
      0.00000000
      0.00000000
      0.00000000
      0.00000000
      0.00000000
      0.00000000
      0.00000000
      0.00000000
      0.00000000
      0.00000000
      0.00000000
      0.00000000
      0.00000000
      0.00000000
      0.00000000
      0.00000000
      0.00000000
