      0.00000000
      0.00000000
      0.00000000
      0.00000000
      0.00000000
      0.00000000
      0.00000000
      0.00000000
      0.00000000
      0.00000000
      0.00000000
      0.00000000
      0.00000000
      0.00000000
      0.00000000
      0.00000000
      0.00000000
      0.00000000
      0.00000000
      0.00000000
      0.00000000
      0.00000000
      0.00000000
      0.00000000
      0.00000000
      0.00000000
      0.00000000
      0.00000000
      0.00000000
      0.00000000
      0.00000000
      0.00000000
      0.00000000
      0.00000000
      0.00000000
      0.00000000
      0.00000000
      0.00000000
      0.00000000
      0.00000000
      0.00000000
      0.00000000
      0.00000000
      0.00000000
      0.00000000
      0.00000000
      0.00000000
      0.00000000
      0.00000000
      0.00000000
      0.00000000
      0.00000000
      0.00000000
      0.00000000
      0.00000000
      0.00000000
      0.00000000
      0.00000000
      0.00000000
      0.00000000
      0.00000000
      0.00000000
      0.00000000
      0.00000000
      0.00000000
      0.00000000
      0.00000000
      0.00000000
      0.00000000
      0.00000000
      0.00000000
      0.00000000
      0.00000000
      0.00000000
      0.00000000
      0.00000000
      0.00000000
      0.00000000
      0.00000000
      0.00000000
      0.00000000
      0.00000000
      0.00000000
      0.00000000
      0.00000000
      0.00000000
      0.00000000
      0.00000000
      0.00000000
      0.00000000
      0.00000000
      0.00000000
      0.00000000
      0.00000000
      0.00000000
      0.00000000
      0.00000000
      0.00000000
      0.00000000
      0.00000000
      0.00000000
      0.00000000
      0.00000000
      0.00000000
      0.00000000
      0.00000000
      0.00000000
      0.00000000
      0.00000000
      0.00000000
      0.00000000
      0.00000000
      0.00000000
      0.00000000
      0.00000000
      0.00000000
      0.00000000
      0.00000000
      0.00000000
      0.00000000
      0.00000000
      0.00000000
      0.00000000
      0.00000000
      0.00000000
      0.00000000
      0.00000000
      0.00000000
      0.00000000
      0.00000000
      0.00000000
      0.00000000
      0.00000000
      0.00000000
      0.00000000
      0.00000000
      0.00000000
      0.00000000
      0.00000000
      0.00000000
      0.00000000
      0.00000000
      0.00000000
      0.00000000
      0.00000000
      0.00000000
      0.00000000
      0.00000004
      0.00000028
      0.00000163
      0.00000752
      0.00002717
      0.00007690
      0.00017214
      0.00031294
      0.00048217
      0.00066011
      0.00083570
      0.00100617
      0.00117234
      0.00133551
      0.00149647
      0.00165557
      0.00181293
      0.00196857
      0.00212250
      0.00227473
      0.00242525
      0.00257407
      0.00272120
      0.00286664
      0.00301038
      0.00315244
      0.00329280
      0.00343149
      0.00356848
      0.00370380
      0.00383742
      0.00396937
      0.00409963
      0.00422820
      0.00435510
      0.00448031
      0.00460384
      0.00472569
      0.00484585
      0.00496434
      0.00508114
      0.00519626
      0.00530970
      0.00542145
      0.00553153
      0.00563992
      0.00574664
      0.00585167
      0.00595502
      0.00605669
      0.00615668
      0.00625499
      0.00635161
      0.00644656
      0.00653982
      0.00663141
      0.00672131
      0.00680953
      0.00689608
      0.00698094
      0.00706412
      0.00714562
      0.00722544
      0.00730357
      0.00738003
      0.00745481
      0.00752791
      0.00759932
      0.00766906
      0.00773712
      0.00780349
      0.00786819
      0.00793120
      0.00799253
      0.00805219
      0.00811016
      0.00816646
      0.00822107
      0.00827400
      0.00832524
      0.00837479
      0.00842265
      0.00846886
      0.00851347
      0.00855658
      0.00859827
      0.00863851
      0.00867690
      0.00871246
      0.00874372
      0.00876949
      0.00879122
      0.00881729
      0.00886766
      0.00897235
      0.00915560
      0.00941054
      0.00968491
      0.00988228
      0.00985134
      0.00935483
      0.00852696
      0.00888836
      0.00990313
      0.01047683
      0.01071178
      0.01072250
      0.01048948
      0.00987515
      0.00894988
      0.00899289
      0.00992079
      0.01050547
      0.01071826
      0.01069185
      0.01043869
      0.00983583
      0.00880614
      0.00853745
      0.00938020
      0.00983857
      0.00984676
      0.00963969
      0.00936420
      0.00911359
      0.00893646
      0.00883637
      0.00878772
      0.00876103
      0.00873753
      0.00870968
      0.00867642
      0.00863901
      0.00859892
      0.00855702
      0.00851368
      0.00846893
      0.00842265
      0.00837477
      0.00832523
      0.00827400
      0.00822107
      0.00816646
      0.00811017
      0.00805219
      0.00799254
      0.00793120
      0.00786819
      0.00780350
      0.00773712
      0.00766906
      0.00759933
      0.00752791
      0.00745482
      0.00738004
      0.00730358
      0.00722544
      0.00714562
      0.00706412
      0.00698094
      0.00689608
      0.00680954
      0.00672131
      0.00663141
      0.00653983
      0.00644656
      0.00635162
      0.00625499
      0.00615668
      0.00605669
      0.00595502
      0.00585167
      0.00574664
      0.00563993
      0.00553153
      0.00542146
      0.00530970
      0.00519626
      0.00508114
      0.00496434
      0.00484586
      0.00472569
      0.00460384
      0.00448031
      0.00435510
      0.00422821
      0.00409963
      0.00396937
      0.00383742
      0.00370380
      0.00356848
      0.00343149
      0.00329281
      0.00315244
      0.00301038
      0.00286664
      0.00272120
      0.00257407
      0.00242525
      0.00227473
      0.00212250
      0.00196857
      0.00181293
      0.00165557
      0.00149647
      0.00133551
      0.00117234
      0.00100617
      0.00083570
      0.00066011
      0.00048217
      0.00031294
      0.00017214
      0.00007690
      0.00002717
      0.00000752
      0.00000163
      0.00000028
      0.00000004
      0.00000000
      0.00000000
      0.00000000
      0.00000000
      0.00000000
      0.00000000
      0.00000000
      0.00000000
      0.00000000
      0.00000000
      0.00000000
      0.00000000
      0.00000000
      0.00000000
      0.00000000
      0.00000000
      0.00000000
      0.00000000
      0.00000000
      0.00000000
      0.00000000
      0.00000000
      0.00000000
      0.00000000
      0.00000000
      0.00000000
      0.00000000
      0.00000000
      0.00000000
      0.00000000
      0.00000000
      0.00000000
      0.00000000
      0.00000000
      0.00000000
      0.00000000
      0.00000000
      0.00000000
      0.00000000
      0.00000000
      0.00000000
      0.00000000
      0.00000000
      0.00000000
      0.00000000
      0.00000000
      0.00000000
      0.00000000
      0.00000000
      0.00000000
      0.00000000
      0.00000000
      0.00000000
      0.00000000
      0.00000000
      0.00000000
      0.00000000
      0.00000000
      0.00000000
      0.00000000
      0.00000000
      0.00000000
      0.00000000
      0.00000000
      0.00000000
      0.00000000
      0.00000000
      0.00000000
      0.00000000
      0.00000000
      0.00000000
      0.00000000
      0.00000000
      0.00000000
      0.00000000
      0.00000000
      0.00000000
      0.00000000
      0.00000000
      0.00000000
      0.00000000
      0.00000000
      0.00000000
      0.00000000
      0.00000000
      0.00000000
      0.00000000
      0.00000000
      0.00000000
      0.00000000
      0.00000000
      0.00000000
      0.00000000
      0.00000000
      0.00000000
      0.00000000
      0.00000000
      0.00000000
      0.00000000
      0.00000000
      0.00000000
      0.00000000
      0.00000000
      0.00000000
      0.00000000
      0.00000000
      0.00000000
      0.00000000
      0.00000000
      0.00000000
      0.00000000
      0.00000000
      0.00000000
      0.00000000
      0.00000000
      0.00000000
      0.00000000
      0.00000000
      0.00000000
      0.00000000
      0.00000000
      0.00000000
      0.00000000
      0.00000000
      0.00000000
      0.00000000
      0.00000000
      0.00000000
      0.00000000
      0.00000000
      0.00000000
      0.00000000
      0.00000000
      0.00000000
      0.00000000
      0.00000000
      0.00000000
      0.00000000
      0.00000000
      0.00000000
      0.00000000
      0.00000000
      0.00000000
      0.00000000
      0.00000000
      0.00000000
      0.00000000
