      0.00000000
      0.00000000
      0.00000000
      0.00000000
      0.00000000
      0.00000000
      0.00000000
      0.00000000
      0.00000000
      0.00000000
      0.00000000
      0.00000000
      0.00000000
      0.00000000
      0.00000000
      0.00000000
      0.00000000
      0.00000000
      0.00000000
      0.00000000
      0.00000000
      0.00000000
      0.00000000
      0.00000000
      0.00000000
      0.00000000
      0.00000000
      0.00000000
      0.00000000
      0.00000000
      0.00000000
      0.00000000
      0.00000000
      0.00000000
      0.00000000
      0.00000000
      0.00000000
      0.00000000
      0.00000000
      0.00000000
      0.00000000
      0.00000000
      0.00000000
      0.00000000
      0.00000000
      0.00000000
      0.00000000
      0.00000000
      0.00000000
      0.00000000
      0.00000000
      0.00000000
      0.00000000
      0.00000000
      0.00000000
      0.00000000
      0.00000000
      0.00000000
      0.00000000
      0.00000000
      0.00000000
      0.00000000
      0.00000000
      0.00000000
      0.00000000
      0.00000000
      0.00000000
      0.00000000
      0.00000000
      0.00000000
      0.00000000
      0.00000000
      0.00000000
      0.00000000
      0.00000000
      0.00000000
      0.00000000
      0.00000000
      0.00000000
      0.00000000
      0.00000000
      0.00000000
      0.00000000
      0.00000000
      0.00000000
      0.00000000
      0.00000000
      0.00000000
      0.00000000
      0.00000000
      0.00000000
      0.00000000
      0.00000000
      0.00000000
      0.00000000
      0.00000000
      0.00000000
      0.00000000
      0.00000000
      0.00000000
      0.00000000
      0.00000000
      0.00000000
      0.00000000
      0.00000000
      0.00000000
      0.00000000
      0.00000000
      0.00000000
      0.00000000
      0.00000000
      0.00000000
      0.00000000
      0.00000000
      0.00000000
      0.00000000
      0.00000000
      0.00000000
      0.00000000
      0.00000000
      0.00000000
      0.00000000
      0.00000000
      0.00000000
      0.00000000
      0.00000000
      0.00000000
      0.00000000
      0.00000000
      0.00000000
      0.00000000
      0.00000000
      0.00000000
      0.00000000
      0.00000000
      0.00000000
      0.00000000
      0.00000000
      0.00000000
      0.00000000
      0.00000000
      0.00000000
      0.00000000
      0.00000000
      0.00000000
      0.00000000
      0.00000000
      0.00000004
      0.00000028
      0.00000163
      0.00000752
      0.00002717
      0.00007691
      0.00017215
      0.00031295
      0.00048218
      0.00066013
      0.00083573
      0.00100621
      0.00117240
      0.00133558
      0.00149655
      0.00165568
      0.00181305
      0.00196872
      0.00212267
      0.00227492
      0.00242547
      0.00257433
      0.00272148
      0.00286695
      0.00301073
      0.00315282
      0.00329322
      0.00343194
      0.00356897
      0.00370432
      0.00383799
      0.00396997
      0.00410027
      0.00422889
      0.00435583
      0.00448108
      0.00460465
      0.00472654
      0.00484675
      0.00496528
      0.00508213
      0.00519729
      0.00531078
      0.00542258
      0.00553270
      0.00564114
      0.00574790
      0.00585298
      0.00595637
      0.00605809
      0.00615812
      0.00625647
      0.00635315
      0.00644814
      0.00654145
      0.00663307
      0.00672302
      0.00681129
      0.00689787
      0.00698278
      0.00706600
      0.00714754
      0.00722740
      0.00730558
      0.00738208
      0.00745689
      0.00753003
      0.00760148
      0.00767126
      0.00773935
      0.00780576
      0.00787049
      0.00793353
      0.00799490
      0.00805459
      0.00811259
      0.00816892
      0.00822356
      0.00827651
      0.00832778
      0.00837736
      0.00842525
      0.00847147
      0.00851610
      0.00855923
      0.00860095
      0.00864121
      0.00867961
      0.00871521
      0.00874651
      0.00877233
      0.00879409
      0.00882013
      0.00887031
      0.00897462
      0.00915736
      0.00941178
      0.00968573
      0.00988275
      0.00985145
      0.00935437
      0.00852578
      0.00888742
      0.00990289
      0.01047693
      0.01071199
      0.01072270
      0.01048956
      0.00987491
      0.00894914
      0.00899218
      0.00992058
      0.01050556
      0.01071846
      0.01069206
      0.01043877
      0.00983554
      0.00880514
      0.00853629
      0.00937977
      0.00983871
      0.00984725
      0.00964053
      0.00936548
      0.00911538
      0.00893875
      0.00883902
      0.00879053
      0.00876388
      0.00874035
      0.00871244
      0.00867914
      0.00864170
      0.00860158
      0.00855967
      0.00851631
      0.00847153
      0.00842523
      0.00837733
      0.00832776
      0.00827650
      0.00822355
      0.00816891
      0.00811259
      0.00805458
      0.00799490
      0.00793353
      0.00787048
      0.00780575
      0.00773934
      0.00767125
      0.00760148
      0.00753002
      0.00745689
      0.00738207
      0.00730558
      0.00722740
      0.00714754
      0.00706600
      0.00698277
      0.00689787
      0.00681128
      0.00672302
      0.00663307
      0.00654144
      0.00644813
      0.00635314
      0.00625647
      0.00615812
      0.00605808
      0.00595637
      0.00585297
      0.00574790
      0.00564114
      0.00553270
      0.00542258
      0.00531077
      0.00519729
      0.00508213
      0.00496528
      0.00484675
      0.00472654
      0.00460465
      0.00448108
      0.00435583
      0.00422889
      0.00410027
      0.00396997
      0.00383799
      0.00370432
      0.00356897
      0.00343194
      0.00329322
      0.00315282
      0.00301073
      0.00286695
      0.00272148
      0.00257433
      0.00242547
      0.00227492
      0.00212267
      0.00196872
      0.00181305
      0.00165568
      0.00149655
      0.00133558
      0.00117240
      0.00100621
      0.00083573
      0.00066013
      0.00048218
      0.00031295
      0.00017215
      0.00007691
      0.00002717
      0.00000752
      0.00000163
      0.00000028
      0.00000004
      0.00000000
      0.00000000
      0.00000000
      0.00000000
      0.00000000
      0.00000000
      0.00000000
      0.00000000
      0.00000000
      0.00000000
      0.00000000
      0.00000000
      0.00000000
      0.00000000
      0.00000000
      0.00000000
      0.00000000
      0.00000000
      0.00000000
      0.00000000
      0.00000000
      0.00000000
      0.00000000
      0.00000000
      0.00000000
      0.00000000
      0.00000000
      0.00000000
      0.00000000
      0.00000000
      0.00000000
      0.00000000
      0.00000000
      0.00000000
      0.00000000
      0.00000000
      0.00000000
      0.00000000
      0.00000000
      0.00000000
      0.00000000
      0.00000000
      0.00000000
      0.00000000
      0.00000000
      0.00000000
      0.00000000
      0.00000000
      0.00000000
      0.00000000
      0.00000000
      0.00000000
      0.00000000
      0.00000000
      0.00000000
      0.00000000
      0.00000000
      0.00000000
      0.00000000
      0.00000000
      0.00000000
      0.00000000
      0.00000000
      0.00000000
      0.00000000
      0.00000000
      0.00000000
      0.00000000
      0.00000000
      0.00000000
      0.00000000
      0.00000000
      0.00000000
      0.00000000
      0.00000000
      0.00000000
      0.00000000
      0.00000000
      0.00000000
      0.00000000
      0.00000000
      0.00000000
      0.00000000
      0.00000000
      0.00000000
      0.00000000
      0.00000000
      0.00000000
      0.00000000
      0.00000000
      0.00000000
      0.00000000
      0.00000000
      0.00000000
      0.00000000
      0.00000000
      0.00000000
      0.00000000
      0.00000000
      0.00000000
      0.00000000
      0.00000000
      0.00000000
      0.00000000
      0.00000000
      0.00000000
      0.00000000
      0.00000000
      0.00000000
      0.00000000
      0.00000000
      0.00000000
      0.00000000
      0.00000000
      0.00000000
      0.00000000
      0.00000000
      0.00000000
      0.00000000
      0.00000000
      0.00000000
      0.00000000
      0.00000000
      0.00000000
      0.00000000
      0.00000000
      0.00000000
      0.00000000
      0.00000000
      0.00000000
      0.00000000
      0.00000000
      0.00000000
      0.00000000
      0.00000000
      0.00000000
      0.00000000
      0.00000000
      0.00000000
      0.00000000
      0.00000000
      0.00000000
      0.00000000
      0.00000000
      0.00000000
      0.00000000
      0.00000000
