      0.00000000
     -0.46231195
     -0.83488590
     -1.21158927
     -1.60038500
     -2.00292621
     -2.41238151
     -2.81702104
      3.07492942
      2.69732629
      2.32618063
      1.95111519
      1.56336214
      1.16059557
      0.74970686
      0.34337267
     -0.04871375
     -0.42585914
     -0.79549873
     -1.16872916
     -1.55525429
     -1.95818312
     -2.37062278
     -2.77886604
      3.11122764
      2.73453515
      2.36654069
      1.99537335
      1.61029949
      1.20729724
      0.79318107
      0.38277810
     -0.01150588
     -0.38775996
     -0.75395378
     -1.12279227
     -1.50614284
     -1.90909377
     -2.32501839
     -2.73787671
     -3.13358438
      2.77375602
      2.40953691
      2.04333945
      1.66204726
      1.25932297
      0.84145533
      0.42578952
      0.02836742
     -0.34712019
     -0.70917001
     -1.07235649
     -1.45117246
     -1.85342247
     -2.27336292
     -2.69225984
     -3.09176845
      2.81619968
      2.45653569
      2.09680242
      1.72099050
      1.31956718
      0.89744343
      0.47480097
      0.07272012
     -0.30236795
     -0.65940780
     -1.01515457
     -1.38728679
     -1.78737682
     -2.21174768
     -2.63876505
     -3.04406575
      2.86393312
      2.50977392
      2.15866164
      1.79108577
      1.39306616
      0.96648324
      0.53431856
      0.12491464
     -0.25073670
     -0.60175193
     -0.94743765
     -1.30930441
     -1.70416542
     -2.13272643
     -2.57098038
     -2.98572319
      2.92074838
      2.57311921
      2.23383045
      1.87920842
      1.48913873
      1.05922822
      0.61376758
      0.19190878
     -0.18686326
     -0.53095074
     -0.86265928
     -1.20796724
     -1.59075304
     -2.02059804
     -2.47448127
     -2.90608966
      2.99454721
      2.65391990
      2.33120529
      1.99802191
      1.62638844
      1.19961489
      0.73635362
      0.29097942
     -0.09845821
     -0.43630598
     -0.74843706
     -1.06568317
     -1.42009350
     -1.83751768
     -2.30954912
     -2.77488535
      3.10593634
      2.76864814
      2.46855747
      2.17230061
      1.84459817
      1.44952348
      0.97542706
      0.48131684
      0.05318887
     -0.29009988
     -0.57806122
     -0.84720845
     -1.13403525
     -1.48090038
     -1.92893623
     -2.45586273
     -2.93996957
      2.97245385
      2.68993906
      2.45271471
      2.22478573
      1.96957060
      1.63551101
      1.15737836
      0.56874633
      0.07428745
     -0.25427039
     -0.47418950
     -0.63398101
     -0.75905248
     -0.86185786
     -0.94811722
     -1.01999051
     -1.07811253
     -1.12305169
     -1.15613355
     -1.17951994
     -1.19571710
     -1.20699204
     -1.21505806
     -1.22105868
     -1.22570307
     -1.22941984
     -1.23247206
     -1.23502810
     -1.23720143
     -1.23907210
     -1.24069873
     -1.24212543
     -1.24338613
     -1.24450737
     -1.24551026
     -1.24641177
     -1.24722574
     -1.24796354
     -1.24863463
     -1.24924691
     -1.24980708
     -1.25032082
     -1.25079300
     -1.25122781
     -1.25162887
     -1.25199934
     -1.25234200
     -1.25265926
     -1.25295327
     -1.25322594
     -1.25347895
     -1.25371381
     -1.25393188
     -1.25413437
     -1.25432239
     -1.25449691
     -1.25465885
     -1.25480903
     -1.25494818
     -1.25507699
     -1.25519610
     -1.25530607
     -1.25540744
     -1.25550069
     -1.25558628
     -1.25566463
     -1.25573613
     -1.25580115
     -1.25586001
     -1.25591305
     -1.25596055
     -1.25600279
     -1.25604004
     -1.25607255
     -1.25610054
     -1.25612423
     -1.25614385
     -1.25615957
     -1.25617159
     -1.25618008
     -1.25618520
     -1.25618708
     -1.25618588
     -1.25618179
     -1.25617505
     -1.25616595
     -1.25615467
     -1.25614088
     -1.25612307
     -1.25609770
     -1.25605910
     -1.25600149
     -1.25592479
     -1.25584453
     -1.25580108
     -1.25585336
     -1.25602953
     -1.25620063
     -1.25586241
     -1.25388687
     -1.24847525
     -1.23780239
     -1.22194403
     -1.20585912
     -1.20099625
     -1.22250026
     -1.28436020
     -1.40019494
     -1.59569804
     -1.93801248
     -2.55435656
      2.95510860
      2.45442471
      2.16447980
      1.95902397
      1.77077346
      1.54957829
      1.22256277
      0.66775073
     -0.07881518
     -0.61726103
     -0.93515784
     -1.15279171
     -1.34058400
     -1.54861786
     -1.84678118
     -2.36564201
      3.13582680
      2.53847233
      2.20873303
      2.01993536
      1.90850204
      1.85004523
      1.83100732
      1.83713194
      1.85335615
      1.86873531
      1.87882754
      1.88381938
      1.88557490
      1.88583374
      1.88565342
      1.88548986
      1.88544888
      1.88549607
      1.88557407
      1.88564582
      1.88569818
      1.88573229
      1.88575402
      1.88576874
      1.88577964
      1.88578802
      1.88579409
      1.88579764
      1.88579838
      1.88579607
      1.88579053
      1.88578161
      1.88576915
      1.88575298
      1.88573292
      1.88570879
      1.88568036
      1.88564743
      1.88560975
      1.88556708
      1.88551917
      1.88546572
      1.88540645
      1.88534104
      1.88526914
      1.88519040
      1.88510442
      1.88501079
      1.88490905
      1.88479871
      1.88467924
      1.88455006
      1.88441056
      1.88426004
      1.88409776
      1.88392290
      1.88373456
      1.88353175
      1.88331337
      1.88307820
      1.88282489
      1.88255193
      1.88225764
      1.88194010
      1.88159717
      1.88122644
      1.88082512
      1.88039007
      1.87991765
      1.87940368
      1.87884328
      1.87823078
      1.87755949
      1.87682149
      1.87600733
      1.87510563
      1.87410257
      1.87298116
      1.87172030
      1.87029345
      1.86866668
      1.86679588
      1.86462243
      1.86206627
      1.85901395
      1.85529708
      1.85065260
      1.84465191
      1.83658582
      1.82531082
      1.80911361
      1.78572718
      1.75264528
      1.70770610
      1.64958405
      1.57771074
      1.49145137
      1.38864597
      1.26357449
      1.10378297
      0.88386385
      0.55530600
      0.06084713
     -0.52778487
     -1.00591751
     -1.33997711
     -1.59519225
     -1.82312125
     -2.06034561
     -2.34286041
     -2.71362230
      3.08545618
      2.55852969
      2.11049385
      1.76362871
      1.47680191
      1.20765467
      0.91969331
      0.57640456
      0.14827660
     -0.34583362
     -0.81993002
     -1.21500472
     -1.54270716
     -1.83896404
     -2.13905472
     -2.47634291
     -2.87870653
      2.93914256
      2.46711112
      2.04968694
      1.69527661
      1.37803049
      1.06589940
      0.72805163
      0.33861400
     -0.10676020
     -0.57002147
     -0.99679501
     -1.36842848
     -1.70161186
     -2.02432648
     -2.36495380
     -2.74750224
      3.10407468
      2.65019146
      2.22034646
      1.83756066
      1.49225270
      1.16054415
      0.81645667
      0.43768463
      0.01582583
     -0.42963481
     -0.85954531
     -1.24961500
     -1.60423704
     -1.94352581
     -2.29115498
     -2.66786871
     -3.08261152
      2.76231983
      2.33375883
      1.93889782
      1.57703105
      1.23134533
      0.88033010
      0.50467875
      0.09527484
     -0.33688983
     -0.76347275
     -1.16149236
     -1.52906824
     -1.88018052
     -2.23433973
     -2.60952617
     -3.01482686
      2.84134108
      2.41697022
      2.01688019
      1.64474797
      1.28900119
      0.93196134
      0.55687327
      0.15479242
     -0.26785004
     -0.68997379
     -1.09139710
     -1.46720903
     -1.82694229
     -2.18660629
     -2.56182347
     -2.96133208
      2.90295631
      2.48301586
      2.08076586
      1.70194988
      1.33876340
      0.97671358
      0.60122596
      0.20380387
     -0.21186194
     -0.62972958
     -1.03245387
     -1.41374606
     -1.77994352
     -2.14416264
     -2.52000754
     -2.91571521
      2.95461177
      2.53868716
      2.13573623
      1.75238566
      1.38354717
      1.01735334
      0.64109926
      0.24681528
     -0.16358769
     -0.57770386
     -0.98070610
     -1.36577996
     -1.73694731
     -2.10494177
     -2.48163426
     -2.87472589
      3.00021616
      2.58777650
      2.18484767
      1.79832254
      1.42509211
      1.05545252
      0.67830712
      0.28622071
     -0.12011349
     -0.53100219
     -0.93376876
     -1.32152181
     -1.69658725
     -2.06773292
     -2.44533605
     -2.83657089
      3.04197489
      2.63251959
      2.22997838
      1.84118265
      1.46447928
      1.09190532
      0.00000000
