             NaN
      1.07726769
      1.44984256
      1.82654667
      2.21534260
      2.61788335
      3.02733784
     -2.85120851
     -2.45997359
     -2.08236977
     -1.71122312
     -1.33615687
     -0.94840355
     -0.54563745
     -0.13474962
      0.27158392
      0.66367038
      1.04081650
      1.41045713
      1.78368847
      2.17021393
      2.57314230
      2.98558101
     -2.88936178
     -2.49627015
     -2.11957691
     -1.75158131
     -1.38041297
     -0.99533871
     -0.59233691
     -0.17822176
      0.23218037
      0.62646430
      1.00271916
      1.36891419
      1.73775380
      2.12110486
      2.52405536
      2.93997887
     -2.93034907
     -2.53464150
     -2.15879579
     -1.79457537
     -1.42837668
     -1.04708389
     -0.64436001
     -0.22649356
      0.18917117
      0.58659308
      0.96208154
      1.32413276
      1.68732062
      2.06613732
      2.46838696
      2.88832612
     -2.97596351
     -2.57645516
     -2.20123712
     -1.84157161
     -1.48183681
     -1.10602401
     -0.70460101
     -0.28247864
      0.14016239
      0.54224288
      0.91733183
      1.27437332
      1.63012181
      2.00225508
      2.40234489
      2.82671427
     -3.02945531
     -2.62415512
     -2.24896778
     -1.89480680
     -1.54369262
     -1.17611547
     -0.77809595
     -0.35151460
      0.08064817
      0.49005139
      0.86570364
      1.21672079
      1.56240865
      1.92427695
      2.31913805
      2.74769741
     -3.09723616
     -2.68249429
     -2.30577967
     -1.95814843
     -1.61885726
     -1.26423337
     -0.87416331
     -0.44425449
      0.00120356
      0.42306107
      0.80183394
      1.14592365
      1.47763490
      1.82294512
      2.20573167
      2.63557504
      3.08945521
     -2.76212348
     -2.37957435
     -2.03894462
     -1.71622697
     -1.38304084
     -1.01140607
     -0.58463391
     -0.12137621
      0.32399547
      0.71343353
      1.05128386
      1.36341836
      1.68066781
      2.03508024
      2.45250363
      2.92453101
     -2.89332174
     -2.49095824
     -2.15366740
     -1.85357289
     -1.55731201
     -1.22960639
     -0.83453121
     -0.36043887
      0.13366585
      0.56179243
      0.90508371
      1.19304931
      1.46220130
      1.74903260
      2.09590052
      2.54393415
      3.07085287
     -2.72823035
     -2.35746687
     -2.07494752
     -1.83771772
     -1.60978300
     -1.35456222
     -1.02049881
     -0.54237000
      0.04624897
      0.54070246
      0.86926388
      1.08918897
      1.24898674
      1.37406453
      1.47687650
      1.56314308
      1.63502470
      1.69315673
      1.73810820
      1.77120533
      1.79461052
      1.81083039
      1.82213219
      1.83022928
      1.83626522
      1.84094915
      1.84470965
      1.84780972
      1.85041774
      1.85264711
      1.85457786
      1.85626856
      1.85776330
      1.85909596
      1.86029306
      1.86137566
      1.86236070
      1.86326198
      1.86409084
      1.86485668
      1.86556740
      1.86622963
      1.86684901
      1.86743038
      1.86797788
      1.86849510
      1.86898516
      1.86945078
      1.86989433
      1.87031793
      1.87072342
      1.87111246
      1.87148650
      1.87184686
      1.87219470
      1.87253107
      1.87285691
      1.87317309
      1.87348035
      1.87377941
      1.87407090
      1.87435539
      1.87463340
      1.87490542
      1.87517187
      1.87543317
      1.87568967
      1.87594171
      1.87618960
      1.87643363
      1.87667405
      1.87691112
      1.87714504
      1.87737602
      1.87760426
      1.87782992
      1.87805318
      1.87827418
      1.87849305
      1.87870993
      1.87892492
      1.87913813
      1.87934963
      1.87955952
      1.87976792
      1.87997501
      1.88018103
      1.88038609
      1.88058981
      1.88079060
      1.88098487
      1.88116690
      1.88133083
      1.88147650
      1.88161937
      1.88179971
      1.88207637
      1.88247760
      1.88287479
      1.88276440
      1.88101940
      1.87584161
      1.86540445
      1.84977791
      1.83390985
      1.82923639
      1.85089659
      1.91288313
      2.02882278
      2.22441594
      2.56681471
     -3.09991086
     -2.32603999
     -1.82526082
     -1.53523554
     -1.32969792
     -1.14136500
     -0.92008871
     -0.59299255
     -0.03808270
      0.70861150
      1.24715314
      1.56513037
      1.78284540
      1.97072005
      2.17883548
      2.47707907
      2.99603768
     -2.50527772
     -1.90781109
     -1.57798795
     -1.38909970
     -1.27756047
     -1.21897551
     -1.19977947
     -1.20571306
     -1.22171994
     -1.23686798
     -1.24672597
     -1.25148570
     -1.25301237
     -1.25304501
     -1.25264018
     -1.25225314
     -1.25198940
     -1.25181450
     -1.25167112
     -1.25152230
     -1.25135500
     -1.25117042
     -1.25097450
     -1.25077267
     -1.25056818
     -1.25036239
     -1.25015556
     -1.24994756
     -1.24973814
     -1.24952713
     -1.24931442
     -1.24909989
     -1.24888347
     -1.24866505
     -1.24844449
     -1.24822167
     -1.24799644
     -1.24776863
     -1.24753808
     -1.24730458
     -1.24706793
     -1.24682792
     -1.24658430
     -1.24633681
     -1.24608516
     -1.24582905
     -1.24556814
     -1.24530207
     -1.24503043
     -1.24475278
     -1.24446866
     -1.24417753
     -1.24387882
     -1.24357190
     -1.24325606
     -1.24293055
     -1.24259451
     -1.24224699
     -1.24188694
     -1.24151320
     -1.24112447
     -1.24071926
     -1.24029595
     -1.23985267
     -1.23938733
     -1.23889754
     -1.23838057
     -1.23783331
     -1.23725218
     -1.23663303
     -1.23597103
     -1.23526053
     -1.23449489
     -1.23366624
     -1.23276515
     -1.23178029
     -1.23069786
     -1.22950093
     -1.22816843
     -1.22667384
     -1.22498328
     -1.22305266
     -1.22082341
     -1.21821551
     -1.21511554
     -1.21135514
     -1.20667130
     -1.20063543
     -1.19253841
     -1.18123667
     -1.16501685
     -1.14161170
     -1.10851460
     -1.06356316
     -1.00543116
     -0.93354956
     -0.84728299
     -0.74447103
     -0.61939326
     -0.45959550
     -0.23967042
      0.08889099
      0.58334449
      1.17196349
      1.65009231
      1.98415571
      2.23937648
      2.46731119
      2.70454097
      2.98706031
     -2.92536152
     -2.44125943
     -1.91434068
     -1.46630705
     -1.11943914
     -0.83260784
     -0.56345587
     -0.27549028
      0.06780100
      0.49592758
      0.99003232
      1.46412466
      1.85919984
      2.18690546
      2.48316632
      2.78326083
      3.12055167
     -2.76027014
     -2.29493758
     -1.82291019
     -1.40548680
     -1.05107437
     -0.73382493
     -0.42169044
     -0.08384011
      0.30559795
      0.75096964
      1.21422734
      1.64099950
      2.01263427
      2.34582039
      2.66853804
      3.00916776
     -2.89146842
     -2.45986180
     -2.00598162
     -1.57613824
     -1.19335169
     -0.84804148
     -0.51633024
     -0.17224053
      0.20653233
      0.62838985
      1.07384790
      1.50375673
      1.89382678
      2.24845068
      2.58774183
      2.93537307
     -2.97109762
     -2.55635575
     -2.11810400
     -1.68954464
     -1.29468354
     -0.93281524
     -0.58712738
     -0.23611025
      0.13954200
      0.54894523
      0.98110801
      1.40768936
      1.80570887
      2.17328602
      2.52440020
      2.87856118
     -3.02943679
     -2.62413661
     -2.19712087
     -1.77275149
     -1.37266168
     -1.00052841
     -0.64477993
     -0.28773844
      0.08735051
      0.48943100
      0.91207203
      1.33419440
      1.73561741
      2.11143021
      2.47116500
      2.83083051
     -3.07713676
     -2.67762841
     -2.25873273
     -1.83879356
     -1.43654392
     -1.05772723
     -0.69453937
     -0.33248815
      0.04300030
      0.44042222
      0.85608694
      1.27395340
      1.67667728
      2.05797007
      2.42416876
      2.78838918
     -3.11895042
     -2.72324285
     -2.31038548
     -1.89446197
     -1.49151148
     -1.10816042
     -0.73932081
     -0.37312577
      0.00312908
      0.39741301
      0.80781515
      1.22193030
      1.62493209
      2.01000635
      2.38117470
      2.74917029
      3.12586353
     -2.76423015
     -2.35598763
     -1.94354892
     -1.54062054
     -1.15409509
     -0.78086375
     -0.41122312
     -0.03407700
      0.35800945
      0.76434300
      1.17523083
      1.57799693
      1.96575025
      2.34081650
      2.71196315
      3.08956697
     -2.80238343
     -2.39774447
     -1.98828997
     -1.58574923
     -1.19695329
     -0.82024918
     -0.44767432
      0.00000000
