      0.00000000
      1.15286674
      1.54349174
      1.93411674
      2.32474174
      2.71536674
      3.10599174
     -2.78656857
     -2.39594357
     -2.00531857
     -1.61469357
     -1.22406857
     -0.83344357
     -0.44281857
     -0.05219357
      0.33843143
      0.72905643
      1.11968143
      1.51030643
      1.90093143
      2.29155643
      2.68218143
      3.07280643
     -2.81975388
     -2.42912888
     -2.03850388
     -1.64787888
     -1.25725388
     -0.86662888
     -0.47600388
     -0.08537888
      0.30524612
      0.69587112
      1.08649612
      1.47712112
      1.86774612
      2.25837112
      2.64899612
      3.03962112
     -2.85293919
     -2.46231419
     -2.07168919
     -1.68106419
     -1.29043919
     -0.89981419
     -0.50918919
     -0.11856419
      0.27206081
      0.66268581
      1.05331081
      1.44393581
      1.83456081
      2.22518581
      2.61581081
      3.00643581
     -2.88612449
     -2.49549949
     -2.10487449
     -1.71424949
     -1.32362449
     -0.93299949
     -0.54237449
     -0.15174949
      0.23887551
      0.62950051
      1.02012551
      1.41075051
      1.80137551
      2.19200051
      2.58262551
      2.97325051
     -2.91930980
     -2.52868480
     -2.13805980
     -1.74743480
     -1.35680980
     -0.96618480
     -0.57555980
     -0.18493480
      0.20569020
      0.59631520
      0.98694020
      1.37756520
      1.76819020
      2.15881520
      2.54944020
      2.94006520
     -2.95249510
     -2.56187010
     -2.17124510
     -1.78062010
     -1.38999510
     -0.99937010
     -0.60874510
     -0.21812010
      0.17250489
      0.56312989
      0.95375489
      1.34437988
      1.73500487
      2.12562986
      2.51625485
      2.90687983
     -2.98568050
     -2.59505553
     -2.20443055
     -1.81380559
     -1.42318062
     -1.03255565
     -0.64193068
     -0.25130570
      0.13931930
      0.52994431
      0.92056935
      1.31119441
      1.70181952
      2.09244467
      2.48306987
      2.87369512
     -3.01886488
     -2.62823951
     -2.23761409
     -1.84698862
     -1.45636310
     -1.06573755
     -0.67511198
     -0.28448640
      0.10613916
      0.49676468
      0.88739014
      1.27801551
      1.66864076
      2.05926585
      2.44989074
      2.84051540
     -3.05204552
     -2.66142145
     -2.27079775
     -1.88017447
     -1.48955164
     -1.09892933
     -0.70830759
     -0.31768647
      0.07293398
      0.46355369
      0.85417262
      1.24479070
      1.63540791
      2.02602428
      2.41663873
      2.80723489
     -3.08547246
     -2.69541507
     -2.30606908
     -1.91654427
     -1.52363596
     -1.12364590
     -0.71742511
     -0.31339182
      0.07709224
      0.44879721
      0.80721409
      1.16666905
      1.54525494
      1.95608060
      2.39328982
      2.82688198
     -3.05752694
     -2.70072437
     -2.37103505
     -2.04342131
     -1.68893919
     -1.28184267
     -0.82191800
     -0.35690272
      0.05591345
      0.40419358
      0.71026781
      1.00591450
      1.32583436
      1.70724309
      2.17073936
      2.67043139
      3.11428728
     -2.81359204
     -2.52091625
     -2.25369925
     -1.97557787
     -1.64556543
     -1.21982637
     -0.70159264
     -0.20027457
      0.19373263
      0.49415643
      0.74504307
      0.98488675
      1.25086346
      1.59003985
      2.05285313
      2.60679080
      3.09439792
     -2.83451732
     -2.57118158
     -2.35016879
     -2.13504060
     -1.89014044
     -1.56603508
     -1.10079958
     -0.52244820
     -0.02231017
      0.32387301
      0.57072855
      0.77128271
      0.96079746
      1.17043361
      1.44277656
      1.84576529
      2.41735533
      2.98435130
     -2.90467620
     -2.64301674
     -2.44745859
     -2.27773914
     -2.10617684
     -1.90312759
     -1.62066635
     -1.17911279
     -0.56616010
     -0.02314197
      0.32622747
      0.55501688
      0.72712491
      0.87758389
      1.03010236
      1.21015064
      1.45979449
      1.85778387
      2.46106116
      3.04974892
     -2.85540852
     -2.62000291
     -2.45007750
     -2.30318096
     -2.15286819
     -1.97836158
     -1.75890162
     -1.46906656
     -1.07966985
     -0.58295754
     -0.04859582
      0.40750017
      0.76255424
      1.05285195
      1.32586567
      1.62858229
      2.00584202
      2.48225990
      3.01184279
     -2.80031259
     -2.42837112
     -2.12859223
     -1.85579846
     -1.56291840
     -1.20249024
     -0.73987497
     -0.20349020
      0.28803454
      0.67091229
      0.95577303
      1.17201943
      1.34479804
      1.49484581
      1.64327096
      1.81737538
      2.06164841
      2.45604845
      3.05716035
     -2.63676173
     -2.25414900
     -2.01160632
     -1.83394580
     -1.68113649
     -1.52810918
     -1.35033272
     -1.11027682
     -0.74016490
     -0.17675983
      0.42298280
      0.84159388
      1.11212445
      1.31081990
      1.48241660
      1.65581988
      1.85990114
      2.13834478
      2.56012759
     -3.13980410
     -2.59089151
     -2.21282253
     -1.95268507
     -1.74683218
     -1.55550909
     -1.34756171
     -1.08521498
     -0.71207527
     -0.18562188
      0.38151540
      0.81672664
      1.12231461
      1.36016743
      1.57600572
      1.80473823
      2.08478435
      2.46669180
      2.97907748
     -2.76073595
     -2.32727722
     -2.00738602
     -1.74865296
     -1.50707446
     -1.24606339
     -0.92569294
     -0.50420702
      0.01139889
      0.51193288
      0.91197444
      1.22699946
      1.50130774
      1.77396949
      2.08111369
      2.45883213
      2.92236020
     -2.86409919
     -2.42180703
     -2.05852276
     -1.74624062
     -1.44847602
     -1.13177026
     -0.76625398
     -0.33683436
      0.13083943
      0.57738841
      0.96894156
      1.31523299
      1.64333734
      1.98076780
      2.34970700
      2.75924961
     -3.08824749
     -2.65853718
     -2.25742117
     -1.88412247
     -1.52390880
     -1.16032726
     -0.78239360
     -0.38846555
      0.01423468
      0.41605780
      0.81221170
      1.20383316
      1.59391642
      1.98408685
      2.37454926
      2.76513345
     -3.12744065
     -2.73682518
     -2.34620853
     -1.95559096
     -1.56497254
     -1.17435333
     -0.78373339
     -0.39311277
     -0.00249153
      0.38813029
      0.77875263
      1.16937545
      1.55999869
      1.95062231
      2.34124627
      2.73187052
      3.12249502
     -2.77006556
     -2.37944065
     -1.98881559
     -1.59819040
     -1.20756512
     -0.81693977
     -0.42631437
     -0.03568895
      0.35493649
      0.74556192
      1.13618733
      1.52681272
      1.91743807
      2.30806338
      2.69868865
      3.08931387
     -2.80324625
     -2.41262111
     -2.02199601
     -1.63137094
     -1.24074589
     -0.85012087
     -0.45949586
     -0.06887087
      0.32175411
      0.71237909
      1.10300407
      1.49362904
      1.88425402
      2.27487900
      2.66550398
      3.05612897
     -2.83643135
     -2.44580636
     -2.05518137
     -1.66455638
     -1.27393138
     -0.88330638
     -0.49268139
     -0.10205639
      0.28856861
      0.67919361
      1.06981861
      1.46044361
      1.85106861
      2.24169361
      2.63231861
      3.02294361
     -2.86961669
     -2.47899169
     -2.08836669
     -1.69774169
     -1.30711669
     -0.91649169
     -0.52586669
     -0.13524169
      0.25538331
      0.64600831
      1.03663331
      1.42725831
      1.81788331
      2.20850831
      2.59913331
      2.98975831
     -2.90280200
     -2.51217700
     -2.12155200
     -1.73092700
     -1.34030200
     -0.94967700
     -0.55905200
     -0.16842700
      0.22219800
      0.61282300
      1.00344800
      1.39407300
      1.78469800
      2.17532300
      2.56594800
      2.95657300
     -2.93598731
     -2.54536231
     -2.15473731
     -1.76411231
     -1.37348731
     -0.98286231
     -0.59223731
     -0.20161231
      0.18901269
      0.57963769
      0.97026269
      1.36088769
      1.75151269
      2.14213769
      2.53276269
      2.92338769
     -2.96917261
     -2.57854761
     -2.18792261
     -1.79729761
     -1.40667261
     -1.01604761
     -0.62542261
     -0.23479761
      0.15582739
      0.54645239
      0.93707739
      1.32770239
      1.71832739
      2.10895239
      2.49957739
      2.89020239
     -3.00235792
     -2.61173292
     -2.22110792
     -1.83048292
     -1.43985792
     -1.04923292
     -0.65860792
     -0.26798292
      0.12264208
      0.51326708
      0.90389208
      1.29451708
      1.68514208
      2.07576708
      2.46639208
      2.85701708
     -3.03554323
     -2.64491823
     -2.25429323
      0.00000000
