      0.00000000
      1.16922503
      0.77860003
      0.38797503
     -0.00264997
     -0.39327497
     -0.78389997
     -1.17452497
     -1.56514997
     -1.95577497
     -2.34639997
     -2.73702497
     -3.12764997
      2.76491034
      2.37428534
      1.98366034
      1.59303534
      1.20241034
      0.81178534
      0.42116034
      0.03053534
     -0.36008966
     -0.75071466
     -1.14133966
     -1.53196466
     -1.92258966
     -2.31321466
     -2.70383966
     -3.09446466
      2.79809565
      2.40747065
      2.01684565
      1.62622065
      1.23559565
      0.84497065
      0.45434565
      0.06372065
     -0.32690435
     -0.71752935
     -1.10815435
     -1.49877935
     -1.88940435
     -2.28002935
     -2.67065435
     -3.06127935
      2.83128095
      2.44065595
      2.05003095
      1.65940595
      1.26878095
      0.87815595
      0.48753095
      0.09690595
     -0.29371905
     -0.68434405
     -1.07496905
     -1.46559405
     -1.85621905
     -2.24684405
     -2.63746905
     -3.02809405
      2.86446626
      2.47384126
      2.08321626
      1.69259126
      1.30196626
      0.91134126
      0.52071626
      0.13009126
     -0.26053374
     -0.65115874
     -1.04178374
     -1.43240874
     -1.82303374
     -2.21365874
     -2.60428374
     -2.99490874
      2.89765157
      2.50702657
      2.11640157
      1.72577657
      1.33515157
      0.94452657
      0.55390157
      0.16327656
     -0.22734844
     -0.61797344
     -1.00859844
     -1.39922344
     -1.78984844
     -2.18047344
     -2.57109844
     -2.96172344
      2.93083687
      2.54021187
      2.14958687
      1.75896188
      1.36833688
      0.97771189
      0.58708690
      0.19646191
     -0.19416308
     -0.58478806
     -0.97541304
     -1.36603801
     -1.75666298
     -2.14728795
     -2.53791292
     -2.92853789
      2.96402245
      2.57339747
      2.18277247
      1.79214746
      1.40152242
      1.01089735
      0.62027225
      0.22964710
     -0.16097810
     -0.55160335
     -0.94222866
     -1.33285402
     -1.72347945
     -2.11410492
     -2.50473043
     -2.89535599
      2.99720375
      2.60657817
      2.21595261
      1.82532708
      1.43470162
      1.04407625
      0.65345101
      0.26282592
     -0.12779897
     -0.51842363
     -0.90904802
     -1.29967209
     -1.69029579
     -2.08091907
     -2.47154190
     -2.86216421
      3.03039936
      2.63977824
      2.24915779
      1.85853808
      1.46791915
      1.07730107
      0.68668386
      0.29606749
     -0.09454696
     -0.48514313
     -0.87562108
     -1.26567847
     -1.65502446
     -2.04454927
     -2.43745758
     -2.83744764
      3.03951688
      2.63548359
      2.24499953
      1.87329455
      1.51487768
      1.15542272
      0.77683683
      0.36601117
     -0.07119805
     -0.50479021
     -0.90356660
     -1.26036917
     -1.59005849
     -1.91767223
     -2.27215435
     -2.67925087
     -3.13917554
      2.67899449
      2.26617832
      1.91789819
      1.61182396
      1.31617727
      0.99625741
      0.61484868
      0.15135241
     -0.34833962
     -0.79219551
     -1.14750150
     -1.44017729
     -1.70739429
     -1.98551567
     -2.31552811
     -2.74126717
      3.02368441
      2.52236634
      2.12835914
      1.82793534
      1.57704870
      1.33720502
      1.07122831
      0.73205191
      0.26923864
     -0.28469903
     -0.77230615
     -1.12657622
     -1.38991196
     -1.61092475
     -1.82605294
     -2.07095310
     -2.39505846
     -2.86029395
      2.84453997
      2.34440194
      1.99821876
      1.75136322
      1.55080906
      1.36129431
      1.15165816
      0.87931521
      0.47632648
     -0.09526356
     -0.66225953
     -1.05641734
     -1.31807680
     -1.51363495
     -1.68335440
     -1.85491670
     -2.05796595
     -2.34042719
     -2.78198075
      2.88825187
      2.34523374
      1.99586430
      1.76707489
      1.59496686
      1.44450788
      1.29198941
      1.11194113
      0.86229728
      0.46430790
     -0.13896939
     -0.72765715
     -1.10568502
     -1.34109063
     -1.51101604
     -1.65791258
     -1.80822534
     -1.98273196
     -2.20219192
     -2.49202698
     -2.88142369
      2.90504931
      2.37068759
      1.91459160
      1.55953753
      1.26923981
      0.99622610
      0.69350947
      0.31624975
     -0.16016813
     -0.68975103
     -1.16078095
     -1.53272242
     -1.83250131
     -2.10529508
     -2.39817514
     -2.75860330
      3.06196674
      2.52558196
      2.03405722
      1.65117948
      1.36631874
      1.15007234
      0.97729373
      0.82724595
      0.67882081
      0.50471639
      0.26044336
     -0.13395668
     -0.73506858
     -1.32433181
     -1.70694454
     -1.94948722
     -2.12714774
     -2.27995705
     -2.43298436
     -2.61076082
     -2.85081672
      3.06225667
      2.49885160
      1.89910896
      1.48049789
      1.20996732
      1.01127187
      0.83967516
      0.66627189
      0.46219062
      0.18374698
     -0.23803582
     -0.82128944
     -1.37020203
     -1.74827101
     -2.00840847
     -2.21426136
     -2.40558445
     -2.61353183
     -2.87587855
      3.03416704
      2.50771365
      1.94057637
      1.50536512
      1.19977716
      0.96192433
      0.74608605
      0.51735354
      0.23730742
     -0.14460003
     -0.65698571
     -1.20035759
     -1.63381632
     -1.95370752
     -2.21244058
     -2.45401908
     -2.71503015
     -3.03540060
      2.82629879
      2.31069288
      1.81015889
      1.41011733
      1.09509231
      0.82078403
      0.54812228
      0.24097808
     -0.13674036
     -0.60026843
     -1.09699435
     -1.53928650
     -1.90257078
     -2.21485292
     -2.51261752
     -2.82932328
      3.08834575
      2.65892613
      2.19125234
      1.74470336
      1.35315021
      1.00685878
      0.67875443
      0.34132396
     -0.02761524
     -0.43715784
     -0.87284605
     -1.30255636
     -1.70367237
     -2.07697107
     -2.43718474
     -2.80076628
      3.10448537
      2.71055732
      2.30785709
      1.90603396
      1.50988006
      1.11825861
      0.72817535
      0.33800492
     -0.05245749
     -0.44304169
     -0.83365289
     -1.22426836
     -1.61488501
     -2.00550258
     -2.39612100
     -2.78674021
      3.10582516
      2.71520454
      2.32458330
      1.93396148
      1.54333913
      1.15271632
      0.76209308
      0.37146946
     -0.01915450
     -0.40977875
     -0.80040326
     -1.19102798
     -1.58165289
     -1.97227795
     -2.36290314
     -2.75352842
      3.13903154
      2.74840614
      2.35778072
      1.96715528
      1.57652985
      1.18590444
      0.79527905
      0.40465370
      0.01402839
     -0.37659688
     -0.76722210
     -1.15784728
     -1.54847243
     -1.93909753
     -2.32972260
     -2.72034765
     -3.11097267
      2.78158763
      2.39096264
      2.00033765
      1.60971268
      1.21908770
      0.82846272
      0.43783775
      0.04721277
     -0.34341221
     -0.73403720
     -1.12466219
     -1.51528718
     -1.90591217
     -2.29653716
     -2.68716216
     -3.07778716
      2.81477315
      2.42414815
      2.03352316
      1.64289816
      1.25227316
      0.86164816
      0.47102316
      0.08039816
     -0.31022684
     -0.70085184
     -1.09147684
     -1.48210185
     -1.87272685
     -2.26335185
     -2.65397685
     -3.04460185
      2.84795846
      2.45733346
      2.06670846
      1.67608346
      1.28545846
      0.89483346
      0.50420846
      0.11358346
     -0.27704154
     -0.66766654
     -1.05829154
     -1.44891654
     -1.83954154
     -2.23016654
     -2.62079154
     -3.01141654
      2.88114377
      2.49051877
      2.09989377
      1.70926877
      1.31864377
      0.92801877
      0.53739377
      0.14676877
     -0.24385623
     -0.63448123
     -1.02510623
     -1.41573123
     -1.80635623
     -2.19698123
     -2.58760623
     -2.97823123
      2.91432907
      2.52370407
      2.13307907
      1.74245407
      1.35182907
      0.96120407
      0.57057907
      0.17995407
     -0.21067093
     -0.60129593
     -0.99192093
     -1.38254593
     -1.77317093
     -2.16379593
     -2.55442093
     -2.94504593
      2.94751438
      2.55688938
      2.16626438
      1.77563938
      1.38501438
      0.99438938
      0.60376438
      0.21313938
     -0.17748562
     -0.56811062
     -0.95873562
     -1.34936062
     -1.73998562
     -2.13061062
     -2.52123562
     -2.91186062
      2.98069969
      2.59007469
      2.19944969
      1.80882469
      1.41819969
      1.02757469
      0.63694969
      0.24632469
     -0.14430031
     -0.53492531
     -0.92555031
     -1.31617531
     -1.70680031
      0.00000000
