             NaN
     -0.25547917
      0.02790666
      0.22296211
      0.36116572
      0.46672003
      0.55523137
      0.63751938
      0.72302067
      0.82332161
      0.95832951
      1.17179089
      1.56801906
      2.24970324
      2.86710425
     -3.08491347
     -2.90560015
     -2.79400897
     -2.71619251
     -2.65737747
     -2.61036764
     -2.57132238
     -2.53804812
     -2.50922769
     -2.48403765
     -2.46194193
     -2.44257254
     -2.42565697
     -2.41097287
     -2.39832014
     -2.38750495
     -2.37833219
     -2.37060410
     -2.36412288
     -2.35869568
     -2.35414034
     -2.35029073
     -2.34700071
     -2.34414639
     -2.34162654
     -2.33936145
     -2.33729056
     -2.33536949
     -2.33356678
     -2.33186080
     -2.33023698
     -2.32868559
     -2.32719998
     -2.32577536
     -2.32440791
     -2.32309431
     -2.32183147
     -2.32061632
     -2.31944587
     -2.31831718
     -2.31722741
     -2.31617383
     -2.31515389
     -2.31416522
     -2.31320563
     -2.31227309
     -2.31136578
     -2.31048200
     -2.30962022
     -2.30877901
     -2.30795710
     -2.30715328
     -2.30636645
     -2.30559560
     -2.30483978
     -2.30409811
     -2.30336979
     -2.30265407
     -2.30195023
     -2.30125764
     -2.30057567
     -2.29990376
     -2.29924138
     -2.29858805
     -2.29794328
     -2.29730666
     -2.29667778
     -2.29605626
     -2.29544174
     -2.29483390
     -2.29423241
     -2.29363698
     -2.29304733
     -2.29246321
     -2.29188437
     -2.29131057
     -2.29074159
     -2.29017723
     -2.28961729
     -2.28906159
     -2.28850995
     -2.28796220
     -2.28741818
     -2.28687775
     -2.28634076
     -2.28580708
     -2.28527658
     -2.28474913
     -2.28422462
     -2.28370293
     -2.28318397
     -2.28266763
     -2.28215381
     -2.28164243
     -2.28113338
     -2.28062660
     -2.28012200
     -2.27961950
     -2.27911902
     -2.27862051
     -2.27812388
     -2.27762908
     -2.27713605
     -2.27664472
     -2.27615503
     -2.27566694
     -2.27518039
     -2.27469532
     -2.27421170
     -2.27372947
     -2.27324858
     -2.27276900
     -2.27229069
     -2.27181360
     -2.27133769
     -2.27086293
     -2.27038929
     -2.26991672
     -2.26944520
     -2.26897468
     -2.26850515
     -2.26803658
     -2.26756892
     -2.26710216
     -2.26663627
     -2.26617122
     -2.26570699
     -2.26524355
     -2.26478088
     -2.26431897
     -2.26385777
     -2.26339728
     -2.26293748
     -2.26247834
     -2.26201985
     -2.26156199
     -2.26110473
     -2.26064807
     -2.26019199
     -2.25973646
     -2.25928148
     -2.25882703
     -2.25837310
     -2.25791966
     -2.25746671
     -2.25701424
     -2.25656222
     -2.25611066
     -2.25565953
     -2.25520882
     -2.25475853
     -2.25430864
     -2.25385914
     -2.25341002
     -2.25296128
     -2.25251289
     -2.25206486
     -2.25161717
     -2.25116982
     -2.25072279
     -2.25027607
     -2.24982967
     -2.24938357
     -2.24893776
     -2.24849224
     -2.24804700
     -2.24760203
     -2.24715732
     -2.24671288
     -2.24626868
     -2.24582474
     -2.24538103
     -2.24493756
     -2.24449432
     -2.24405130
     -2.24360850
     -2.24316592
     -2.24272354
     -2.24228137
     -2.24183939
     -2.24139761
     -2.24095602
     -2.24051461
     -2.24007339
     -2.23963234
     -2.23919147
     -2.23875076
     -2.23831023
     -2.23786985
     -2.23742963
     -2.23698957
     -2.23654966
     -2.23610990
     -2.23567029
     -2.23523081
     -2.23479148
     -2.23435229
     -2.23391322
     -2.23347429
     -2.23303549
     -2.23259682
     -2.23215827
     -2.23171984
     -2.23128153
     -2.23084333
     -2.23040526
     -2.22996729
     -2.22952943
     -2.22909168
     -2.22865404
     -2.22821650
     -2.22777907
     -2.22734173
     -2.22690450
     -2.22646736
     -2.22603032
     -2.22559337
     -2.22515651
     -2.22471974
     -2.22428306
     -2.22384647
     -2.22340996
     -2.22297354
     -2.22253720
     -2.22210095
     -2.22166477
     -2.22122867
     -2.22079265
     -2.22035670
     -2.21992083
     -2.21948503
     -2.21904931
     -2.21861365
     -2.21817807
     -2.21774255
     -2.21730710
     -2.21687172
     -2.21643640
     -2.21600115
     -2.21556595
     -2.21513082
     -2.21469575
     -2.21426074
     -2.21382578
     -2.21339088
     -2.21295604
     -2.21252125
     -2.21208651
     -2.21165183
     -2.21121719
     -2.21078261
     -2.21034807
     -2.20991358
     -2.20947913
     -2.20904473
     -2.20861037
     -2.20817606
     -2.20774178
     -2.20730754
     -2.20687334
     -2.20643917
     -2.20600504
     -2.20557095
     -2.20513688
     -2.20470285
     -2.20426884
     -2.20383486
     -2.20340091
     -2.20296698
     -2.20253307
     -2.20209918
     -2.20166531
     -2.20123146
     -2.20079762
     -2.20036380
     -2.19992998
     -2.19949618
     -2.19906238
     -2.19862859
     -2.19819480
     -2.19776101
     -2.19732722
     -2.19689342
     -2.19645962
     -2.19602580
     -2.19559198
     -2.19515814
     -2.19472429
     -2.19429041
     -2.19385651
     -2.19342259
     -2.19298864
     -2.19255465
     -2.19212064
     -2.19168658
     -2.19125248
     -2.19081833
     -2.19038414
     -2.18994989
     -2.18951559
     -2.18908123
     -2.18864680
     -2.18821230
     -2.18777773
     -2.18734309
     -2.18690836
     -2.18647354
     -2.18603864
     -2.18560363
     -2.18516853
     -2.18473332
     -2.18429799
     -2.18386255
     -2.18342699
     -2.18299129
     -2.18255546
     -2.18211949
     -2.18168337
     -2.18124709
     -2.18081065
     -2.18037405
     -2.17993726
     -2.17950030
     -2.17906314
     -2.17862578
     -2.17818821
     -2.17775042
     -2.17731241
     -2.17687417
     -2.17643568
     -2.17599694
     -2.17555793
     -2.17511865
     -2.17467909
     -2.17423923
     -2.17379907
     -2.17335859
     -2.17291777
     -2.17247662
     -2.17203511
     -2.17159323
     -2.17115097
     -2.17070832
     -2.17026526
     -2.16982177
     -2.16937784
     -2.16893345
     -2.16848859
     -2.16804324
     -2.16759739
     -2.16715101
     -2.16670408
     -2.16625659
     -2.16580852
     -2.16535984
     -2.16491054
     -2.16446059
     -2.16400997
     -2.16355865
     -2.16310661
     -2.16265383
     -2.16220028
     -2.16174593
     -2.16129076
     -2.16083472
     -2.16037781
     -2.15991997
     -2.15946118
     -2.15900141
     -2.15854062
     -2.15807877
     -2.15761583
     -2.15715175
     -2.15668650
     -2.15622003
     -2.15575230
     -2.15528326
     -2.15481287
     -2.15434108
     -2.15386782
     -2.15339306
     -2.15291673
     -2.15243877
     -2.15195913
     -2.15147773
     -2.15099452
     -2.15050943
     -2.15002237
     -2.14953329
     -2.14904209
     -2.14854869
     -2.14805301
     -2.14755496
     -2.14705444
     -2.14655135
     -2.14604559
     -2.14553705
     -2.14502562
     -2.14451117
     -2.14399358
     -2.14347271
     -2.14294843
     -2.14242058
     -2.14188902
     -2.14135357
     -2.14081407
     -2.14027034
     -2.13972217
     -2.13916936
     -2.13861171
     -2.13804898
     -2.13748093
     -2.13690730
     -2.13632782
     -2.13574220
     -2.13515014
     -2.13455129
     -2.13394532
     -2.13333185
     -2.13271049
     -2.13208080
     -2.13144233
     -2.13079460
     -2.13013709
     -2.12946923
     -2.12879044
     -2.12810006
     -2.12739740
     -2.12668172
     -2.12595222
     -2.12520804
     -2.12444825
     -2.12367184
     -2.12287772
     -2.12206473
     -2.12123156
     -2.12037683
     -2.11949901
     -2.11859642
     -2.11766724
     -2.11670947
     -2.11572093
     -2.11469924
     -2.11364187
     -2.11254609
     -2.11140906
     -2.11022784
     -2.10899942
     -2.10772074
     -2.10638865
     -2.10499982
     -2.10355040
     -2.10203553
     -2.10044850
     -2.09877950
     -2.09701386
     -2.09512985
     -2.09309587
     -2.09086739
     -2.08838372
     -2.08556495
     -2.08230971
     -2.07849394
     -2.07397137
     -2.06857572
     -2.06212477
     -2.05442561
     -2.04528045
     -2.03449157
     -2.02186398
     -2.00720397
     -1.99031168
     -1.97096500
     -1.94889173
     -1.92372427
     -1.89492706
     -1.86167730
     -1.82265869
     -1.77567897
     -1.71689939
     -1.63912667
     -1.52759140
     -1.34834636
     -1.01721270
     -0.39956170
      0.28246790
      0.67870077
      0.89209356
      1.02704139
      1.12729498
      1.21275784
      1.29501316
      1.38349554
      1.48902346
      1.62720292
      1.82223769
      2.10561031
      0.00000000
