      0.00000000
      0.00103084
      0.00199651
      0.00229993
      0.00235002
      0.00234148
      0.00232890
      0.00232198
      0.00231977
      0.00232017
      0.00232178
      0.00232389
      0.00232619
      0.00232855
      0.00233092
      0.00233330
      0.00233566
      0.00233802
      0.00234037
      0.00234270
      0.00234503
      0.00234735
      0.00234966
      0.00235196
      0.00235424
      0.00235652
      0.00235879
      0.00236105
      0.00236330
      0.00236554
      0.00236777
      0.00236999
      0.00237220
      0.00237440
      0.00237659
      0.00237877
      0.00238094
      0.00238310
      0.00238525
      0.00238739
      0.00238952
      0.00239164
      0.00239375
      0.00239586
      0.00239795
      0.00240003
      0.00240210
      0.00240417
      0.00240622
      0.00240826
      0.00241029
      0.00241232
      0.00241433
      0.00241634
      0.00241833
      0.00242031
      0.00242229
      0.00242425
      0.00242621
      0.00242815
      0.00243009
      0.00243201
      0.00243393
      0.00243583
      0.00243773
      0.00243961
      0.00244149
      0.00244336
      0.00244521
      0.00244706
      0.00244890
      0.00245072
      0.00245254
      0.00245435
      0.00245615
      0.00245793
      0.00245971
      0.00246148
      0.00246324
      0.00246499
      0.00246672
      0.00246845
      0.00247017
      0.00247188
      0.00247358
      0.00247527
      0.00247695
      0.00247862
      0.00248028
      0.00248193
      0.00248357
      0.00248520
      0.00248682
      0.00248843
      0.00249003
      0.00249162
      0.00249320
      0.00249478
      0.00249634
      0.00249789
      0.00249943
      0.00250096
      0.00250249
      0.00250400
      0.00250550
      0.00250699
      0.00250848
      0.00250995
      0.00251141
      0.00251287
      0.00251431
      0.00251574
      0.00251717
      0.00251858
      0.00251999
      0.00252138
      0.00252276
      0.00252414
      0.00252550
      0.00252686
      0.00252820
      0.00252954
      0.00253087
      0.00253218
      0.00253349
      0.00253478
      0.00253607
      0.00253735
      0.00253861
      0.00253987
      0.00254112
      0.00254235
      0.00254358
      0.00254480
      0.00254600
      0.00254720
      0.00254839
      0.00254957
      0.00255074
      0.00255189
      0.00255304
      0.00255418
      0.00255531
      0.00255643
      0.00255754
      0.00255864
      0.00255972
      0.00256080
      0.00256187
      0.00256293
      0.00256398
      0.00256502
      0.00256605
      0.00256707
      0.00256808
      0.00256909
      0.00257008
      0.00257106
      0.00257203
      0.00257299
      0.00257394
      0.00257488
      0.00257581
      0.00257674
      0.00257765
      0.00257855
      0.00257944
      0.00258032
      0.00258120
      0.00258206
      0.00258291
      0.00258376
      0.00258459
      0.00258541
      0.00258622
      0.00258703
      0.00258782
      0.00258861
      0.00258938
      0.00259014
      0.00259090
      0.00259164
      0.00259238
      0.00259310
      0.00259382
      0.00259452
      0.00259522
      0.00259590
      0.00259658
      0.00259724
      0.00259790
      0.00259855
      0.00259918
      0.00259981
      0.00260042
      0.00260103
      0.00260163
      0.00260221
      0.00260279
      0.00260336
      0.00260391
      0.00260446
      0.00260500
      0.00260553
      0.00260604
      0.00260655
      0.00260705
      0.00260754
      0.00260802
      0.00260848
      0.00260894
      0.00260939
      0.00260983
      0.00261026
      0.00261068
      0.00261109
      0.00261149
      0.00261188
      0.00261226
      0.00261263
      0.00261299
      0.00261334
      0.00261368
      0.00261401
      0.00261433
      0.00261464
      0.00261494
      0.00261523
      0.00261551
      0.00261578
      0.00261604
      0.00261630
      0.00261654
      0.00261677
      0.00261699
      0.00261720
      0.00261740
      0.00261760
      0.00261778
      0.00261795
      0.00261811
      0.00261827
      0.00261841
      0.00261854
      0.00261867
      0.00261878
      0.00261888
      0.00261898
      0.00261906
      0.00261914
      0.00261920
      0.00261925
      0.00261930
      0.00261933
      0.00261936
      0.00261937
      0.00261938
      0.00261937
      0.00261936
      0.00261933
      0.00261930
      0.00261925
      0.00261920
      0.00261914
      0.00261906
      0.00261898
      0.00261888
      0.00261878
      0.00261867
      0.00261854
      0.00261841
      0.00261827
      0.00261811
      0.00261795
      0.00261778
      0.00261760
      0.00261740
      0.00261720
      0.00261699
      0.00261677
      0.00261654
      0.00261630
      0.00261604
      0.00261578
      0.00261551
      0.00261523
      0.00261494
      0.00261464
      0.00261433
      0.00261401
      0.00261368
      0.00261334
      0.00261299
      0.00261263
      0.00261226
      0.00261188
      0.00261149
      0.00261109
      0.00261068
      0.00261026
      0.00260983
      0.00260939
      0.00260894
      0.00260848
      0.00260802
      0.00260754
      0.00260705
      0.00260655
      0.00260604
      0.00260553
      0.00260500
      0.00260446
      0.00260391
      0.00260336
      0.00260279
      0.00260221
      0.00260163
      0.00260103
      0.00260042
      0.00259981
      0.00259918
      0.00259855
      0.00259790
      0.00259724
      0.00259658
      0.00259590
      0.00259522
      0.00259452
      0.00259382
      0.00259310
      0.00259238
      0.00259164
      0.00259090
      0.00259014
      0.00258938
      0.00258861
      0.00258782
      0.00258703
      0.00258622
      0.00258541
      0.00258459
      0.00258376
      0.00258291
      0.00258206
      0.00258120
      0.00258032
      0.00257944
      0.00257855
      0.00257765
      0.00257674
      0.00257581
      0.00257488
      0.00257394
      0.00257299
      0.00257203
      0.00257106
      0.00257008
      0.00256909
      0.00256808
      0.00256707
      0.00256605
      0.00256502
      0.00256398
      0.00256293
      0.00256187
      0.00256080
      0.00255972
      0.00255864
      0.00255754
      0.00255643
      0.00255531
      0.00255418
      0.00255304
      0.00255189
      0.00255074
      0.00254957
      0.00254839
      0.00254720
      0.00254600
      0.00254480
      0.00254358
      0.00254235
      0.00254112
      0.00253987
      0.00253861
      0.00253735
      0.00253607
      0.00253478
      0.00253349
      0.00253218
      0.00253087
      0.00252954
      0.00252820
      0.00252686
      0.00252550
      0.00252414
      0.00252276
      0.00252138
      0.00251999
      0.00251858
      0.00251717
      0.00251574
      0.00251431
      0.00251287
      0.00251141
      0.00250995
      0.00250848
      0.00250699
      0.00250550
      0.00250400
      0.00250249
      0.00250096
      0.00249943
      0.00249789
      0.00249634
      0.00249478
      0.00249320
      0.00249162
      0.00249003
      0.00248843
      0.00248682
      0.00248520
      0.00248357
      0.00248193
      0.00248028
      0.00247862
      0.00247695
      0.00247527
      0.00247358
      0.00247188
      0.00247017
      0.00246845
      0.00246672
      0.00246499
      0.00246324
      0.00246148
      0.00245971
      0.00245793
      0.00245615
      0.00245435
      0.00245254
      0.00245072
      0.00244890
      0.00244706
      0.00244521
      0.00244336
      0.00244149
      0.00243961
      0.00243773
      0.00243583
      0.00243393
      0.00243201
      0.00243009
      0.00242815
      0.00242621
      0.00242425
      0.00242229
      0.00242031
      0.00241833
      0.00241634
      0.00241433
      0.00241232
      0.00241029
      0.00240826
      0.00240622
      0.00240417
      0.00240210
      0.00240003
      0.00239795
      0.00239586
      0.00239375
      0.00239164
      0.00238952
      0.00238739
      0.00238525
      0.00238310
      0.00238094
      0.00237877
      0.00237659
      0.00237440
      0.00237220
      0.00236999
      0.00236777
      0.00236554
      0.00236330
      0.00236105
      0.00235879
      0.00235652
      0.00235424
      0.00235196
      0.00234966
      0.00234735
      0.00234503
      0.00234270
      0.00234037
      0.00233802
      0.00233566
      0.00233330
      0.00233092
      0.00232855
      0.00232619
      0.00232389
      0.00232178
      0.00232017
      0.00231977
      0.00232198
      0.00232890
      0.00234148
      0.00235002
      0.00229993
      0.00199651
      0.00103084
      0.00000000
