      0.00000000
      0.00103083
      0.00199649
      0.00229988
      0.00234995
      0.00234138
      0.00232876
      0.00232181
      0.00231957
      0.00231994
      0.00232151
      0.00232359
      0.00232586
      0.00232819
      0.00233053
      0.00233288
      0.00233521
      0.00233754
      0.00233986
      0.00234216
      0.00234446
      0.00234675
      0.00234903
      0.00235129
      0.00235355
      0.00235580
      0.00235804
      0.00236027
      0.00236249
      0.00236470
      0.00236690
      0.00236909
      0.00237127
      0.00237344
      0.00237560
      0.00237775
      0.00237989
      0.00238202
      0.00238414
      0.00238626
      0.00238836
      0.00239045
      0.00239253
      0.00239461
      0.00239667
      0.00239872
      0.00240077
      0.00240280
      0.00240483
      0.00240684
      0.00240885
      0.00241084
      0.00241283
      0.00241480
      0.00241677
      0.00241873
      0.00242067
      0.00242261
      0.00242454
      0.00242645
      0.00242836
      0.00243026
      0.00243215
      0.00243402
      0.00243589
      0.00243775
      0.00243960
      0.00244144
      0.00244327
      0.00244509
      0.00244690
      0.00244870
      0.00245049
      0.00245227
      0.00245404
      0.00245581
      0.00245756
      0.00245930
      0.00246103
      0.00246275
      0.00246447
      0.00246617
      0.00246786
      0.00246955
      0.00247122
      0.00247289
      0.00247454
      0.00247619
      0.00247782
      0.00247945
      0.00248106
      0.00248267
      0.00248426
      0.00248585
      0.00248743
      0.00248899
      0.00249055
      0.00249210
      0.00249364
      0.00249516
      0.00249668
      0.00249819
      0.00249969
      0.00250118
      0.00250266
      0.00250413
      0.00250559
      0.00250704
      0.00250848
      0.00250991
      0.00251133
      0.00251274
      0.00251415
      0.00251554
      0.00251692
      0.00251829
      0.00251966
      0.00252101
      0.00252235
      0.00252369
      0.00252501
      0.00252632
      0.00252763
      0.00252892
      0.00253021
      0.00253148
      0.00253275
      0.00253401
      0.00253525
      0.00253649
      0.00253772
      0.00253893
      0.00254014
      0.00254134
      0.00254253
      0.00254371
      0.00254487
      0.00254603
      0.00254718
      0.00254832
      0.00254945
      0.00255057
      0.00255168
      0.00255278
      0.00255387
      0.00255496
      0.00255603
      0.00255709
      0.00255814
      0.00255918
      0.00256022
      0.00256124
      0.00256225
      0.00256326
      0.00256425
      0.00256523
      0.00256621
      0.00256717
      0.00256813
      0.00256907
      0.00257001
      0.00257094
      0.00257185
      0.00257276
      0.00257366
      0.00257454
      0.00257542
      0.00257629
      0.00257715
      0.00257799
      0.00257883
      0.00257966
      0.00258048
      0.00258129
      0.00258209
      0.00258288
      0.00258366
      0.00258443
      0.00258519
      0.00258594
      0.00258669
      0.00258742
      0.00258814
      0.00258885
      0.00258956
      0.00259025
      0.00259093
      0.00259161
      0.00259227
      0.00259292
      0.00259357
      0.00259420
      0.00259483
      0.00259545
      0.00259605
      0.00259665
      0.00259723
      0.00259781
      0.00259838
      0.00259894
      0.00259948
      0.00260002
      0.00260055
      0.00260107
      0.00260158
      0.00260208
      0.00260257
      0.00260305
      0.00260352
      0.00260398
      0.00260443
      0.00260487
      0.00260530
      0.00260572
      0.00260613
      0.00260654
      0.00260693
      0.00260731
      0.00260768
      0.00260805
      0.00260840
      0.00260875
      0.00260908
      0.00260940
      0.00260972
      0.00261002
      0.00261032
      0.00261061
      0.00261088
      0.00261115
      0.00261141
      0.00261165
      0.00261189
      0.00261212
      0.00261234
      0.00261254
      0.00261274
      0.00261293
      0.00261311
      0.00261328
      0.00261344
      0.00261359
      0.00261373
      0.00261386
      0.00261398
      0.00261410
      0.00261420
      0.00261429
      0.00261437
      0.00261444
      0.00261451
      0.00261456
      0.00261460
      0.00261464
      0.00261466
      0.00261468
      0.00261468
      0.00261468
      0.00261466
      0.00261464
      0.00261460
      0.00261456
      0.00261451
      0.00261444
      0.00261437
      0.00261429
      0.00261420
      0.00261410
      0.00261398
      0.00261386
      0.00261373
      0.00261359
      0.00261344
      0.00261328
      0.00261311
      0.00261293
      0.00261274
      0.00261254
      0.00261234
      0.00261212
      0.00261189
      0.00261165
      0.00261141
      0.00261115
      0.00261088
      0.00261061
      0.00261032
      0.00261002
      0.00260972
      0.00260940
      0.00260908
      0.00260875
      0.00260840
      0.00260805
      0.00260768
      0.00260731
      0.00260693
      0.00260654
      0.00260613
      0.00260572
      0.00260530
      0.00260487
      0.00260443
      0.00260398
      0.00260352
      0.00260305
      0.00260257
      0.00260208
      0.00260158
      0.00260107
      0.00260055
      0.00260002
      0.00259948
      0.00259894
      0.00259838
      0.00259781
      0.00259723
      0.00259665
      0.00259605
      0.00259545
      0.00259483
      0.00259420
      0.00259357
      0.00259292
      0.00259227
      0.00259161
      0.00259093
      0.00259025
      0.00258956
      0.00258885
      0.00258814
      0.00258742
      0.00258669
      0.00258594
      0.00258519
      0.00258443
      0.00258366
      0.00258288
      0.00258209
      0.00258129
      0.00258048
      0.00257966
      0.00257883
      0.00257799
      0.00257715
      0.00257629
      0.00257542
      0.00257454
      0.00257366
      0.00257276
      0.00257185
      0.00257094
      0.00257001
      0.00256907
      0.00256813
      0.00256717
      0.00256621
      0.00256523
      0.00256425
      0.00256326
      0.00256225
      0.00256124
      0.00256022
      0.00255918
      0.00255814
      0.00255709
      0.00255603
      0.00255496
      0.00255387
      0.00255278
      0.00255168
      0.00255057
      0.00254945
      0.00254832
      0.00254718
      0.00254603
      0.00254487
      0.00254371
      0.00254253
      0.00254134
      0.00254014
      0.00253893
      0.00253772
      0.00253649
      0.00253525
      0.00253401
      0.00253275
      0.00253148
      0.00253021
      0.00252892
      0.00252763
      0.00252632
      0.00252501
      0.00252369
      0.00252235
      0.00252101
      0.00251966
      0.00251829
      0.00251692
      0.00251554
      0.00251415
      0.00251274
      0.00251133
      0.00250991
      0.00250848
      0.00250704
      0.00250559
      0.00250413
      0.00250266
      0.00250118
      0.00249969
      0.00249819
      0.00249668
      0.00249516
      0.00249364
      0.00249210
      0.00249055
      0.00248899
      0.00248743
      0.00248585
      0.00248426
      0.00248267
      0.00248106
      0.00247945
      0.00247782
      0.00247619
      0.00247454
      0.00247289
      0.00247122
      0.00246955
      0.00246786
      0.00246617
      0.00246447
      0.00246275
      0.00246103
      0.00245930
      0.00245756
      0.00245581
      0.00245404
      0.00245227
      0.00245049
      0.00244870
      0.00244690
      0.00244509
      0.00244327
      0.00244144
      0.00243960
      0.00243775
      0.00243589
      0.00243402
      0.00243215
      0.00243026
      0.00242836
      0.00242645
      0.00242454
      0.00242261
      0.00242067
      0.00241873
      0.00241677
      0.00241480
      0.00241283
      0.00241084
      0.00240885
      0.00240684
      0.00240483
      0.00240280
      0.00240077
      0.00239872
      0.00239667
      0.00239461
      0.00239253
      0.00239045
      0.00238836
      0.00238626
      0.00238414
      0.00238202
      0.00237989
      0.00237775
      0.00237560
      0.00237344
      0.00237127
      0.00236909
      0.00236690
      0.00236470
      0.00236249
      0.00236027
      0.00235804
      0.00235580
      0.00235355
      0.00235129
      0.00234903
      0.00234675
      0.00234446
      0.00234216
      0.00233986
      0.00233754
      0.00233521
      0.00233288
      0.00233053
      0.00232819
      0.00232586
      0.00232359
      0.00232151
      0.00231994
      0.00231957
      0.00232181
      0.00232876
      0.00234138
      0.00234995
      0.00229988
      0.00199649
      0.00103083
      0.00000000
