             NaN
     -0.29598092
     -0.08912779
      0.03453687
      0.10014605
      0.13145468
      0.14510519
      0.15062187
      0.15271560
      0.15347476
      0.15374910
      0.15386036
      0.15392255
      0.15397335
      0.15402422
      0.15407824
      0.15413609
      0.15419781
      0.15426335
      0.15433266
      0.15440571
      0.15448248
      0.15456295
      0.15464711
      0.15473495
      0.15482646
      0.15492163
      0.15502043
      0.15512288
      0.15522894
      0.15533862
      0.15545189
      0.15556876
      0.15568920
      0.15581320
      0.15594076
      0.15607186
      0.15620649
      0.15634464
      0.15648630
      0.15663145
      0.15678008
      0.15693218
      0.15708775
      0.15724676
      0.15740920
      0.15757506
      0.15774434
      0.15791701
      0.15809307
      0.15827250
      0.15845529
      0.15864143
      0.15883090
      0.15902370
      0.15921981
      0.15941921
      0.15962190
      0.15982785
      0.16003707
      0.16024953
      0.16046523
      0.16068414
      0.16090626
      0.16113157
      0.16136007
      0.16159173
      0.16182654
      0.16206449
      0.16230557
      0.16254976
      0.16279705
      0.16304743
      0.16330088
      0.16355738
      0.16381693
      0.16407952
      0.16434512
      0.16461372
      0.16488531
      0.16515988
      0.16543741
      0.16571789
      0.16600130
      0.16628763
      0.16657686
      0.16686899
      0.16716399
      0.16746185
      0.16776257
      0.16806611
      0.16837247
      0.16868164
      0.16899360
      0.16930833
      0.16962583
      0.16994607
      0.17026904
      0.17059472
      0.17092311
      0.17125419
      0.17158793
      0.17192434
      0.17226339
      0.17260506
      0.17294934
      0.17329622
      0.17364569
      0.17399772
      0.17435230
      0.17470941
      0.17506905
      0.17543120
      0.17579583
      0.17616293
      0.17653250
      0.17690451
      0.17727895
      0.17765580
      0.17803505
      0.17841667
      0.17880067
      0.17918701
      0.17957569
      0.17996668
      0.18035998
      0.18075557
      0.18115342
      0.18155353
      0.18195588
      0.18236045
      0.18276723
      0.18317620
      0.18358734
      0.18400064
      0.18441609
      0.18483366
      0.18525333
      0.18567511
      0.18609896
      0.18652487
      0.18695282
      0.18738281
      0.18781480
      0.18824879
      0.18868476
      0.18912269
      0.18956257
      0.19000437
      0.19044809
      0.19089370
      0.19134119
      0.19179055
      0.19224175
      0.19269477
      0.19314961
      0.19360625
      0.19406466
      0.19452484
      0.19498676
      0.19545041
      0.19591577
      0.19638282
      0.19685155
      0.19732193
      0.19779397
      0.19826762
      0.19874289
      0.19921974
      0.19969817
      0.20017816
      0.20065969
      0.20114274
      0.20162729
      0.20211333
      0.20260084
      0.20308981
      0.20358021
      0.20407203
      0.20456526
      0.20505986
      0.20555583
      0.20605316
      0.20655181
      0.20705177
      0.20755304
      0.20805558
      0.20855938
      0.20906443
      0.20957070
      0.21007818
      0.21058686
      0.21109670
      0.21160770
      0.21211984
      0.21263310
      0.21314746
      0.21366291
      0.21417942
      0.21469699
      0.21521558
      0.21573519
      0.21625579
      0.21677737
      0.21729992
      0.21782340
      0.21834781
      0.21887312
      0.21939933
      0.21992640
      0.22045433
      0.22098309
      0.22151267
      0.22204305
      0.22257421
      0.22310613
      0.22363879
      0.22417219
      0.22470629
      0.22524108
      0.22577655
      0.22631267
      0.22684942
      0.22738680
      0.22792478
      0.22846333
      0.22900246
      0.22954213
      0.23008232
      0.23062303
      0.23116423
      0.23170590
      0.23224803
      0.23279059
      0.23333358
      0.23387696
      0.23442073
      0.23496486
      0.23550934
      0.23605415
      0.23659926
      0.23714467
      0.23769035
      0.23823629
      0.23878246
      0.23932886
      0.23987545
      0.24042223
      0.24096917
      0.24151625
      0.24206347
      0.24261079
      0.24315821
      0.24370569
      0.24425324
      0.24480082
      0.24534841
      0.24589601
      0.24644359
      0.24699113
      0.24753862
      0.24808603
      0.24863336
      0.24918057
      0.24972766
      0.25027460
      0.25082137
      0.25136797
      0.25191436
      0.25246054
      0.25300647
      0.25355215
      0.25409756
      0.25464268
      0.25518749
      0.25573196
      0.25627610
      0.25681986
      0.25736325
      0.25790623
      0.25844880
      0.25899093
      0.25953260
      0.26007380
      0.26061450
      0.26115470
      0.26169437
      0.26223349
      0.26277205
      0.26331003
      0.26384740
      0.26438416
      0.26492028
      0.26545574
      0.26599054
      0.26652464
      0.26705803
      0.26759070
      0.26812262
      0.26865378
      0.26918416
      0.26971374
      0.27024250
      0.27077042
      0.27129750
      0.27182370
      0.27234902
      0.27287343
      0.27339691
      0.27391945
      0.27444103
      0.27496164
      0.27548125
      0.27599984
      0.27651740
      0.27703392
      0.27754936
      0.27806372
      0.27857698
      0.27908912
      0.27960012
      0.28010997
      0.28061864
      0.28112612
      0.28163240
      0.28213744
      0.28264125
      0.28314379
      0.28364505
      0.28414502
      0.28464367
      0.28514099
      0.28563696
      0.28613157
      0.28662479
      0.28711661
      0.28760701
      0.28809598
      0.28858349
      0.28906954
      0.28955409
      0.29003714
      0.29051867
      0.29099865
      0.29147708
      0.29195394
      0.29242920
      0.29290286
      0.29337489
      0.29384528
      0.29431401
      0.29478106
      0.29524642
      0.29571007
      0.29617199
      0.29663216
      0.29709058
      0.29754721
      0.29800205
      0.29845508
      0.29890628
      0.29935563
      0.29980313
      0.30024874
      0.30069246
      0.30113426
      0.30157414
      0.30201207
      0.30244803
      0.30288202
      0.30331402
      0.30374400
      0.30417196
      0.30459787
      0.30502172
      0.30544349
      0.30586317
      0.30628074
      0.30669618
      0.30710948
      0.30752063
      0.30792960
      0.30833637
      0.30874095
      0.30914329
      0.30954340
      0.30994126
      0.31033684
      0.31073014
      0.31112114
      0.31150981
      0.31189616
      0.31228015
      0.31266178
      0.31304103
      0.31341788
      0.31379231
      0.31416432
      0.31453389
      0.31490100
      0.31526563
      0.31562777
      0.31598741
      0.31634453
      0.31669911
      0.31705114
      0.31740060
      0.31774748
      0.31809177
      0.31843344
      0.31877249
      0.31910889
      0.31944264
      0.31977371
      0.32010210
      0.32042779
      0.32075076
      0.32107100
      0.32138849
      0.32170323
      0.32201518
      0.32232435
      0.32263072
      0.32293426
      0.32323497
      0.32353284
      0.32382784
      0.32411996
      0.32440920
      0.32469553
      0.32497894
      0.32525941
      0.32553694
      0.32581151
      0.32608310
      0.32635171
      0.32661731
      0.32687989
      0.32713944
      0.32739595
      0.32764940
      0.32789977
      0.32814707
      0.32839126
      0.32863234
      0.32887029
      0.32910510
      0.32933676
      0.32956525
      0.32979056
      0.33001268
      0.33023160
      0.33044729
      0.33065975
      0.33086897
      0.33107493
      0.33127762
      0.33147702
      0.33167312
      0.33186592
      0.33205539
      0.33224153
      0.33242432
      0.33260375
      0.33277981
      0.33295249
      0.33312176
      0.33328763
      0.33345007
      0.33360908
      0.33376464
      0.33391675
      0.33406538
      0.33421053
      0.33435218
      0.33449033
      0.33462496
      0.33475607
      0.33488362
      0.33500763
      0.33512807
      0.33524493
      0.33535821
      0.33546788
      0.33557395
      0.33567639
      0.33577520
      0.33587036
      0.33596187
      0.33604971
      0.33613387
      0.33621435
      0.33629112
      0.33636417
      0.33643348
      0.33649902
      0.33656074
      0.33661858
      0.33667261
      0.33672348
      0.33677428
      0.33683647
      0.33694773
      0.33722206
      0.33798122
      0.34007496
      0.34559164
      0.35924215
      0.39055077
      0.45615996
      0.57982461
      0.78667774
      0.00000000
