      0.00000000
     -2.53698563
     -2.74383510
     -2.86749235
     -2.93308838
     -2.96437626
     -2.97799739
     -2.98347581
     -2.98552253
     -2.98622622
     -2.98643689
     -2.98647651
     -2.98645921
     -2.98642279
     -2.98637877
     -2.98633029
     -2.98627806
     -2.98622216
     -2.98616257
     -2.98609926
     -2.98603223
     -2.98596147
     -2.98588700
     -2.98580883
     -2.98572696
     -2.98564141
     -2.98555218
     -2.98545930
     -2.98536276
     -2.98526259
     -2.98515879
     -2.98505138
     -2.98494036
     -2.98482575
     -2.98470756
     -2.98458580
     -2.98446049
     -2.98433163
     -2.98419923
     -2.98406332
     -2.98392389
     -2.98378097
     -2.98363457
     -2.98348469
     -2.98333135
     -2.98317456
     -2.98301434
     -2.98285069
     -2.98268363
     -2.98251318
     -2.98233934
     -2.98216212
     -2.98198154
     -2.98179762
     -2.98161035
     -2.98141977
     -2.98122588
     -2.98102869
     -2.98082821
     -2.98062447
     -2.98041747
     -2.98020722
     -2.97999374
     -2.97977704
     -2.97955714
     -2.97933405
     -2.97910777
     -2.97887834
     -2.97864575
     -2.97841002
     -2.97817117
     -2.97792921
     -2.97768415
     -2.97743601
     -2.97718479
     -2.97693053
     -2.97667322
     -2.97641288
     -2.97614953
     -2.97588318
     -2.97561384
     -2.97534153
     -2.97506626
     -2.97478805
     -2.97450691
     -2.97422285
     -2.97393589
     -2.97364605
     -2.97335333
     -2.97305776
     -2.97275934
     -2.97245810
     -2.97215404
     -2.97184718
     -2.97153754
     -2.97122512
     -2.97090996
     -2.97059205
     -2.97027141
     -2.96994807
     -2.96962203
     -2.96929330
     -2.96896192
     -2.96862788
     -2.96829121
     -2.96795191
     -2.96761001
     -2.96726552
     -2.96691846
     -2.96656883
     -2.96621666
     -2.96586197
     -2.96550476
     -2.96514505
     -2.96478286
     -2.96441820
     -2.96405109
     -2.96368154
     -2.96330958
     -2.96293521
     -2.96255845
     -2.96217932
     -2.96179783
     -2.96141400
     -2.96102784
     -2.96063938
     -2.96024862
     -2.95985558
     -2.95946028
     -2.95906274
     -2.95866297
     -2.95826098
     -2.95785679
     -2.95745043
     -2.95704190
     -2.95663122
     -2.95621840
     -2.95580348
     -2.95538645
     -2.95496734
     -2.95454616
     -2.95412293
     -2.95369766
     -2.95327038
     -2.95284110
     -2.95240983
     -2.95197660
     -2.95154141
     -2.95110429
     -2.95066525
     -2.95022431
     -2.94978149
     -2.94933680
     -2.94889025
     -2.94844187
     -2.94799168
     -2.94753968
     -2.94708590
     -2.94663036
     -2.94617306
     -2.94571403
     -2.94525329
     -2.94479085
     -2.94432672
     -2.94386094
     -2.94339350
     -2.94292443
     -2.94245375
     -2.94198148
     -2.94150763
     -2.94103221
     -2.94055525
     -2.94007677
     -2.93959677
     -2.93911528
     -2.93863232
     -2.93814790
     -2.93766204
     -2.93717476
     -2.93668607
     -2.93619599
     -2.93570455
     -2.93521175
     -2.93471762
     -2.93422216
     -2.93372541
     -2.93322738
     -2.93272808
     -2.93222753
     -2.93172576
     -2.93122277
     -2.93071859
     -2.93021323
     -2.92970671
     -2.92919905
     -2.92869027
     -2.92818039
     -2.92766941
     -2.92715737
     -2.92664427
     -2.92613014
     -2.92561499
     -2.92509884
     -2.92458172
     -2.92406363
     -2.92354459
     -2.92302463
     -2.92250376
     -2.92198200
     -2.92145936
     -2.92093587
     -2.92041155
     -2.91988640
     -2.91936045
     -2.91883372
     -2.91830623
     -2.91777799
     -2.91724901
     -2.91671933
     -2.91618896
     -2.91565791
     -2.91512620
     -2.91459386
     -2.91406090
     -2.91352733
     -2.91299318
     -2.91245846
     -2.91192320
     -2.91138741
     -2.91085110
     -2.91031430
     -2.90977703
     -2.90923930
     -2.90870114
     -2.90816255
     -2.90762356
     -2.90708418
     -2.90654445
     -2.90600436
     -2.90546394
     -2.90492322
     -2.90438220
     -2.90384091
     -2.90329936
     -2.90275757
     -2.90221556
     -2.90167336
     -2.90113097
     -2.90058841
     -2.90004571
     -2.89950288
     -2.89895994
     -2.89841691
     -2.89787381
     -2.89733065
     -2.89678745
     -2.89624424
     -2.89570103
     -2.89515783
     -2.89461467
     -2.89407157
     -2.89352854
     -2.89298560
     -2.89244277
     -2.89190007
     -2.89135751
     -2.89081512
     -2.89027292
     -2.88973091
     -2.88918912
     -2.88864758
     -2.88810628
     -2.88756526
     -2.88702454
     -2.88648412
     -2.88594404
     -2.88540430
     -2.88486492
     -2.88432593
     -2.88378735
     -2.88324918
     -2.88271145
     -2.88217418
     -2.88163738
     -2.88110108
     -2.88056528
     -2.88003002
     -2.87949530
     -2.87896115
     -2.87842759
     -2.87789462
     -2.87736228
     -2.87683057
     -2.87629952
     -2.87576915
     -2.87523947
     -2.87471050
     -2.87418225
     -2.87365476
     -2.87312803
     -2.87260208
     -2.87207694
     -2.87155261
     -2.87102912
     -2.87050648
     -2.86998472
     -2.86946385
     -2.86894389
     -2.86842485
     -2.86790677
     -2.86738964
     -2.86687349
     -2.86635834
     -2.86584421
     -2.86533112
     -2.86481907
     -2.86430810
     -2.86379821
     -2.86328943
     -2.86278177
     -2.86227525
     -2.86176989
     -2.86126571
     -2.86076272
     -2.86026095
     -2.85976040
     -2.85926110
     -2.85876307
     -2.85826632
     -2.85777087
     -2.85727673
     -2.85678393
     -2.85629249
     -2.85580241
     -2.85531373
     -2.85482644
     -2.85434058
     -2.85385616
     -2.85337320
     -2.85289171
     -2.85241172
     -2.85193323
     -2.85145627
     -2.85098086
     -2.85050700
     -2.85003473
     -2.84956405
     -2.84909498
     -2.84862755
     -2.84816176
     -2.84769763
     -2.84723519
     -2.84677445
     -2.84631542
     -2.84585812
     -2.84540258
     -2.84494880
     -2.84449680
     -2.84404661
     -2.84359823
     -2.84315169
     -2.84270699
     -2.84226417
     -2.84182323
     -2.84138419
     -2.84094707
     -2.84051188
     -2.84007865
     -2.83964738
     -2.83921810
     -2.83879082
     -2.83836555
     -2.83794232
     -2.83752115
     -2.83710203
     -2.83668501
     -2.83627008
     -2.83585726
     -2.83544659
     -2.83503805
     -2.83463169
     -2.83422750
     -2.83382552
     -2.83342574
     -2.83302820
     -2.83263290
     -2.83223986
     -2.83184910
     -2.83146064
     -2.83107448
     -2.83069065
     -2.83030916
     -2.82993003
     -2.82955327
     -2.82917890
     -2.82880694
     -2.82843739
     -2.82807028
     -2.82770562
     -2.82734343
     -2.82698372
     -2.82662651
     -2.82627182
     -2.82591965
     -2.82557002
     -2.82522296
     -2.82487847
     -2.82453657
     -2.82419728
     -2.82386060
     -2.82352656
     -2.82319518
     -2.82286646
     -2.82254041
     -2.82221707
     -2.82189644
     -2.82157853
     -2.82126336
     -2.82095095
     -2.82064130
     -2.82033444
     -2.82003038
     -2.81972914
     -2.81943072
     -2.81913515
     -2.81884243
     -2.81855259
     -2.81826563
     -2.81798158
     -2.81770044
     -2.81742222
     -2.81714696
     -2.81687465
     -2.81660531
     -2.81633895
     -2.81607560
     -2.81581526
     -2.81555795
     -2.81530369
     -2.81505248
     -2.81480433
     -2.81455927
     -2.81431731
     -2.81407846
     -2.81384273
     -2.81361015
     -2.81338071
     -2.81315444
     -2.81293134
     -2.81271144
     -2.81249474
     -2.81228126
     -2.81207102
     -2.81186401
     -2.81166027
     -2.81145979
     -2.81126260
     -2.81106871
     -2.81087813
     -2.81069087
     -2.81050694
     -2.81032636
     -2.81014915
     -2.80997530
     -2.80980485
     -2.80963779
     -2.80947414
     -2.80931392
     -2.80915713
     -2.80900379
     -2.80885391
     -2.80870751
     -2.80856459
     -2.80842516
     -2.80828925
     -2.80815686
     -2.80802800
     -2.80790268
     -2.80778092
     -2.80766273
     -2.80754812
     -2.80743710
     -2.80732969
     -2.80722589
     -2.80712572
     -2.80702918
     -2.80693630
     -2.80684707
     -2.80676152
     -2.80667965
     -2.80660148
     -2.80652701
     -2.80645625
     -2.80638922
     -2.80632591
     -2.80626632
     -2.80621042
     -2.80615819
     -2.80610971
     -2.80606569
     -2.80602927
     -2.80601197
     -2.80605159
     -2.80626226
     -2.80696595
     -2.80901267
     -2.81449109
     -2.82811223
     -2.85940011
     -2.92499613
     -3.04865339
      3.02768246
      0.00000000
