      0.00000000
      0.00000000
      0.00000000
      0.00000000
      0.00000000
      0.00000000
      0.00000000
      0.00000000
      0.00000000
      0.00000000
      0.00000000
      0.00000000
      0.00000000
      0.00000000
      0.00000000
      0.00000000
      0.00000000
      0.00000000
      0.00000000
      0.00000000
      0.00000000
      0.00000000
      0.00000000
      0.00000000
      0.00000000
      0.00000000
      0.00000000
      0.00000000
      0.00000000
      0.00000000
      0.00000000
      0.00000000
      0.00000000
      0.00000000
      0.00000000
      0.00000000
      0.00000000
      0.00000000
      0.00000000
      0.00000000
      0.00000000
      0.00000000
      0.00000000
      0.00000000
      0.00000000
      0.00000000
      0.00000000
      0.00000000
      0.00000000
      0.00000000
      0.00000000
      0.00000000
      0.00000000
      0.00000000
      0.00000000
      0.00000000
      0.00000000
      0.00000000
      0.00000000
      0.00000000
      0.00000000
      0.00000000
      0.00000000
      0.00000000
      0.00000000
      0.00000000
      0.00000000
      0.00000000
      0.00000000
      0.00000000
      0.00000000
      0.00000000
      0.00000000
      0.00000000
      0.00000000
      0.00000000
      0.00000000
      0.00000000
      0.00000000
      0.00000000
      0.00000000
      0.00000000
      0.00000000
      0.00000000
      0.00000000
      0.00000000
      0.00000000
      0.00000000
      0.00000000
      0.00000000
      0.00000000
      0.00000000
      0.00000000
      0.00000000
      0.00000000
      0.00000000
      0.00000000
      0.00000000
      0.00000000
      0.00000000
      0.00000000
      0.00000000
      0.00000000
      0.00000000
      0.00000000
      0.00000000
      0.00000000
      0.00000000
      0.00000000
      0.00000000
      0.00000000
      0.00000000
      0.00000000
      0.00000000
      0.00000000
      0.00000000
      0.00000000
      0.00000000
      0.00000000
      0.00000000
      0.00000000
      0.00000000
      0.00000000
      0.00000000
      0.00000000
      0.00000000
      0.00000000
      0.00000000
      0.00000000
      0.00000000
      0.00000000
      0.00000000
      0.00000000
      0.00000000
      0.00000000
      0.00000000
      0.00000000
      0.00000000
      0.00000000
      0.00000000
      0.00000000
      0.00000000
      0.00000000
      0.00000000
      0.00000000
      0.00000003
      0.00000014
      0.00000064
      0.00000258
      0.00000903
      0.00002698
      0.00006822
      0.00014531
      0.00026291
      0.00041323
      0.00058174
      0.00075607
      0.00092958
      0.00110005
      0.00126729
      0.00143171
      0.00159371
      0.00175357
      0.00191147
      0.00206750
      0.00222173
      0.00237418
      0.00252489
      0.00267387
      0.00282113
      0.00296668
      0.00311052
      0.00325267
      0.00339311
      0.00353187
      0.00366893
      0.00380430
      0.00393799
      0.00406998
      0.00420029
      0.00432892
      0.00445586
      0.00458111
      0.00470468
      0.00482657
      0.00494678
      0.00506530
      0.00518214
      0.00529729
      0.00541077
      0.00552256
      0.00563267
      0.00574109
      0.00584784
      0.00595290
      0.00605628
      0.00615798
      0.00625800
      0.00635634
      0.00645300
      0.00654797
      0.00664126
      0.00673288
      0.00682281
      0.00691106
      0.00699763
      0.00708251
      0.00716572
      0.00724724
      0.00732709
      0.00740525
      0.00748173
      0.00755653
      0.00762965
      0.00770109
      0.00777085
      0.00783892
      0.00790532
      0.00797003
      0.00803307
      0.00809442
      0.00815409
      0.00821208
      0.00826839
      0.00832302
      0.00837597
      0.00842724
      0.00847682
      0.00852473
      0.00857095
      0.00861550
      0.00865836
      0.00869954
      0.00873904
      0.00877686
      0.00881300
      0.00884746
      0.00888023
      0.00891133
      0.00894075
      0.00896848
      0.00899453
      0.00901891
      0.00904160
      0.00906261
      0.00908194
      0.00909959
      0.00911556
      0.00912984
      0.00914245
      0.00915338
      0.00916262
      0.00917019
      0.00917607
      0.00918027
      0.00918279
      0.00918363
      0.00918279
      0.00918027
      0.00917607
      0.00917019
      0.00916262
      0.00915338
      0.00914245
      0.00912984
      0.00911556
      0.00909959
      0.00908194
      0.00906261
      0.00904160
      0.00901891
      0.00899453
      0.00896848
      0.00894075
      0.00891133
      0.00888023
      0.00884746
      0.00881300
      0.00877686
      0.00873904
      0.00869954
      0.00865836
      0.00861550
      0.00857095
      0.00852473
      0.00847682
      0.00842724
      0.00837597
      0.00832302
      0.00826839
      0.00821208
      0.00815409
      0.00809442
      0.00803307
      0.00797003
      0.00790532
      0.00783892
      0.00777085
      0.00770109
      0.00762965
      0.00755653
      0.00748173
      0.00740525
      0.00732709
      0.00724724
      0.00716572
      0.00708251
      0.00699763
      0.00691106
      0.00682281
      0.00673288
      0.00664126
      0.00654797
      0.00645300
      0.00635634
      0.00625800
      0.00615798
      0.00605628
      0.00595290
      0.00584784
      0.00574109
      0.00563267
      0.00552256
      0.00541077
      0.00529729
      0.00518214
      0.00506530
      0.00494678
      0.00482657
      0.00470468
      0.00458111
      0.00445586
      0.00432892
      0.00420029
      0.00406998
      0.00393799
      0.00380430
      0.00366893
      0.00353187
      0.00339311
      0.00325267
      0.00311052
      0.00296668
      0.00282113
      0.00267387
      0.00252489
      0.00237418
      0.00222173
      0.00206750
      0.00191147
      0.00175357
      0.00159371
      0.00143171
      0.00126729
      0.00110005
      0.00092958
      0.00075607
      0.00058174
      0.00041323
      0.00026291
      0.00014531
      0.00006822
      0.00002698
      0.00000903
      0.00000258
      0.00000064
      0.00000014
      0.00000003
      0.00000000
      0.00000000
      0.00000000
      0.00000000
      0.00000000
      0.00000000
      0.00000000
      0.00000000
      0.00000000
      0.00000000
      0.00000000
      0.00000000
      0.00000000
      0.00000000
      0.00000000
      0.00000000
      0.00000000
      0.00000000
      0.00000000
      0.00000000
      0.00000000
      0.00000000
      0.00000000
      0.00000000
      0.00000000
      0.00000000
      0.00000000
      0.00000000
      0.00000000
      0.00000000
      0.00000000
      0.00000000
      0.00000000
      0.00000000
      0.00000000
      0.00000000
      0.00000000
      0.00000000
      0.00000000
      0.00000000
      0.00000000
      0.00000000
      0.00000000
      0.00000000
      0.00000000
      0.00000000
      0.00000000
      0.00000000
      0.00000000
      0.00000000
      0.00000000
      0.00000000
      0.00000000
      0.00000000
      0.00000000
      0.00000000
      0.00000000
      0.00000000
      0.00000000
      0.00000000
      0.00000000
      0.00000000
      0.00000000
      0.00000000
      0.00000000
      0.00000000
      0.00000000
      0.00000000
      0.00000000
      0.00000000
      0.00000000
      0.00000000
      0.00000000
      0.00000000
      0.00000000
      0.00000000
      0.00000000
      0.00000000
      0.00000000
      0.00000000
      0.00000000
      0.00000000
      0.00000000
      0.00000000
      0.00000000
      0.00000000
      0.00000000
      0.00000000
      0.00000000
      0.00000000
      0.00000000
      0.00000000
      0.00000000
      0.00000000
      0.00000000
      0.00000000
      0.00000000
      0.00000000
      0.00000000
      0.00000000
      0.00000000
      0.00000000
      0.00000000
      0.00000000
      0.00000000
      0.00000000
      0.00000000
      0.00000000
      0.00000000
      0.00000000
      0.00000000
      0.00000000
      0.00000000
      0.00000000
      0.00000000
      0.00000000
      0.00000000
      0.00000000
      0.00000000
      0.00000000
      0.00000000
      0.00000000
      0.00000000
      0.00000000
      0.00000000
      0.00000000
      0.00000000
      0.00000000
      0.00000000
      0.00000000
      0.00000000
      0.00000000
      0.00000000
      0.00000000
      0.00000000
      0.00000000
      0.00000000
      0.00000000
      0.00000000
      0.00000000
      0.00000000
      0.00000000
      0.00000000
      0.00000000
      0.00000000
