      0.00000000
      0.00000000
      0.00000000
      0.00000000
      0.00000000
      0.00000000
      0.00000000
      0.00000000
      0.00000000
      0.00000000
      0.00000000
      0.00000000
      0.00000000
      0.00000000
      0.00000000
      0.00000000
      0.00000000
      0.00000000
      0.00000000
      0.00000000
      0.00000000
      0.00000000
      0.00000000
      0.00000000
      0.00000000
      0.00000000
      0.00000000
      0.00000000
      0.00000000
      0.00000000
      0.00000000
      0.00000000
      0.00000000
      0.00000000
      0.00000000
      0.00000000
      0.00000000
      0.00000000
      0.00000000
      0.00000000
      0.00000000
      0.00000000
      0.00000000
      0.00000000
      0.00000000
      0.00000000
      0.00000000
      0.00000000
      0.00000000
      0.00000000
      0.00000000
      0.00000000
      0.00000000
      0.00000000
      0.00000000
      0.00000000
      0.00000000
      0.00000000
      0.00000000
      0.00000000
      0.00000000
      0.00000000
      0.00000000
      0.00000000
      0.00000000
      0.00000000
      0.00000000
      0.00000000
      0.00000000
      0.00000000
      0.00000000
      0.00000000
      0.00000000
      0.00000000
      0.00000000
      0.00000000
      0.00000000
      0.00000000
      0.00000000
      0.00000000
      0.00000000
      0.00000000
      0.00000000
      0.00000000
      0.00000000
      0.00000000
      0.00000000
      0.00000000
      0.00000000
      0.00000000
      0.00000000
      0.00000000
      0.00000000
      0.00000000
      0.00000000
      0.00000000
      0.00000000
      0.00000000
      0.00000000
      0.00000000
      0.00000000
      0.00000000
      0.00000000
      0.00000000
      0.00000000
      0.00000000
      0.00000000
      0.00000000
      0.00000000
      0.00000000
      0.00000000
      0.00000000
      0.00000000
      0.00000000
      0.00000000
      0.00000000
      0.00000000
      0.00000000
      0.00000000
      0.00000000
      0.00000000
      0.00000000
      0.00000000
      0.00000000
      0.00000000
      0.00000000
      0.00000000
      0.00000000
      0.00000000
      0.00000000
      0.00000000
      0.00000000
      0.00000000
      0.00000000
      0.00000000
      0.00000000
      0.00000000
      0.00000000
      0.00000000
      0.00000000
      0.00000000
      0.00000000
      0.00000000
      0.00000000
      0.00000000
      0.00000003
      0.00000014
      0.00000064
      0.00000258
      0.00000903
      0.00002698
      0.00006822
      0.00014531
      0.00026291
      0.00041323
      0.00058174
      0.00075607
      0.00092958
      0.00110005
      0.00126729
      0.00143170
      0.00159370
      0.00175357
      0.00191147
      0.00206750
      0.00222172
      0.00237418
      0.00252488
      0.00267386
      0.00282112
      0.00296667
      0.00311051
      0.00325265
      0.00339310
      0.00353185
      0.00366891
      0.00380429
      0.00393797
      0.00406996
      0.00420027
      0.00432890
      0.00445584
      0.00458109
      0.00470466
      0.00482654
      0.00494675
      0.00506527
      0.00518210
      0.00529726
      0.00541073
      0.00552252
      0.00563263
      0.00574105
      0.00584780
      0.00595286
      0.00605624
      0.00615794
      0.00625796
      0.00635629
      0.00645295
      0.00654792
      0.00664121
      0.00673282
      0.00682275
      0.00691100
      0.00699756
      0.00708245
      0.00716565
      0.00724718
      0.00732702
      0.00740518
      0.00748166
      0.00755646
      0.00762958
      0.00770101
      0.00777077
      0.00783885
      0.00790524
      0.00796995
      0.00803299
      0.00809434
      0.00815401
      0.00821200
      0.00826830
      0.00832293
      0.00837588
      0.00842714
      0.00847673
      0.00852463
      0.00857086
      0.00861540
      0.00865826
      0.00869944
      0.00873894
      0.00877676
      0.00881290
      0.00884735
      0.00888013
      0.00891123
      0.00894064
      0.00896837
      0.00899443
      0.00901880
      0.00904149
      0.00906250
      0.00908183
      0.00909948
      0.00911545
      0.00912973
      0.00914234
      0.00915326
      0.00916251
      0.00917007
      0.00917596
      0.00918016
      0.00918268
      0.00918352
      0.00918268
      0.00918016
      0.00917596
      0.00917007
      0.00916251
      0.00915326
      0.00914234
      0.00912973
      0.00911545
      0.00909948
      0.00908183
      0.00906250
      0.00904149
      0.00901880
      0.00899443
      0.00896837
      0.00894064
      0.00891123
      0.00888013
      0.00884735
      0.00881290
      0.00877676
      0.00873894
      0.00869944
      0.00865826
      0.00861540
      0.00857086
      0.00852463
      0.00847673
      0.00842714
      0.00837588
      0.00832293
      0.00826830
      0.00821200
      0.00815401
      0.00809434
      0.00803299
      0.00796995
      0.00790524
      0.00783885
      0.00777077
      0.00770101
      0.00762958
      0.00755646
      0.00748166
      0.00740518
      0.00732702
      0.00724718
      0.00716565
      0.00708245
      0.00699756
      0.00691100
      0.00682275
      0.00673282
      0.00664121
      0.00654792
      0.00645295
      0.00635629
      0.00625796
      0.00615794
      0.00605624
      0.00595286
      0.00584780
      0.00574105
      0.00563263
      0.00552252
      0.00541073
      0.00529726
      0.00518210
      0.00506527
      0.00494675
      0.00482654
      0.00470466
      0.00458109
      0.00445584
      0.00432890
      0.00420027
      0.00406996
      0.00393797
      0.00380429
      0.00366891
      0.00353185
      0.00339310
      0.00325265
      0.00311051
      0.00296667
      0.00282112
      0.00267386
      0.00252488
      0.00237418
      0.00222172
      0.00206750
      0.00191147
      0.00175357
      0.00159370
      0.00143170
      0.00126729
      0.00110005
      0.00092958
      0.00075607
      0.00058174
      0.00041323
      0.00026291
      0.00014531
      0.00006822
      0.00002698
      0.00000903
      0.00000258
      0.00000064
      0.00000014
      0.00000003
      0.00000000
      0.00000000
      0.00000000
      0.00000000
      0.00000000
      0.00000000
      0.00000000
      0.00000000
      0.00000000
      0.00000000
      0.00000000
      0.00000000
      0.00000000
      0.00000000
      0.00000000
      0.00000000
      0.00000000
      0.00000000
      0.00000000
      0.00000000
      0.00000000
      0.00000000
      0.00000000
      0.00000000
      0.00000000
      0.00000000
      0.00000000
      0.00000000
      0.00000000
      0.00000000
      0.00000000
      0.00000000
      0.00000000
      0.00000000
      0.00000000
      0.00000000
      0.00000000
      0.00000000
      0.00000000
      0.00000000
      0.00000000
      0.00000000
      0.00000000
      0.00000000
      0.00000000
      0.00000000
      0.00000000
      0.00000000
      0.00000000
      0.00000000
      0.00000000
      0.00000000
      0.00000000
      0.00000000
      0.00000000
      0.00000000
      0.00000000
      0.00000000
      0.00000000
      0.00000000
      0.00000000
      0.00000000
      0.00000000
      0.00000000
      0.00000000
      0.00000000
      0.00000000
      0.00000000
      0.00000000
      0.00000000
      0.00000000
      0.00000000
      0.00000000
      0.00000000
      0.00000000
      0.00000000
      0.00000000
      0.00000000
      0.00000000
      0.00000000
      0.00000000
      0.00000000
      0.00000000
      0.00000000
      0.00000000
      0.00000000
      0.00000000
      0.00000000
      0.00000000
      0.00000000
      0.00000000
      0.00000000
      0.00000000
      0.00000000
      0.00000000
      0.00000000
      0.00000000
      0.00000000
      0.00000000
      0.00000000
      0.00000000
      0.00000000
      0.00000000
      0.00000000
      0.00000000
      0.00000000
      0.00000000
      0.00000000
      0.00000000
      0.00000000
      0.00000000
      0.00000000
      0.00000000
      0.00000000
      0.00000000
      0.00000000
      0.00000000
      0.00000000
      0.00000000
      0.00000000
      0.00000000
      0.00000000
      0.00000000
      0.00000000
      0.00000000
      0.00000000
      0.00000000
      0.00000000
      0.00000000
      0.00000000
      0.00000000
      0.00000000
      0.00000000
      0.00000000
      0.00000000
      0.00000000
      0.00000000
      0.00000000
      0.00000000
      0.00000000
      0.00000000
      0.00000000
      0.00000000
      0.00000000
      0.00000000
