             NaN
      1.47637307
      2.02399951
      2.38053567
      2.61416345
      2.78991053
      2.94391105
      3.10068148
     -2.99669156
     -2.73919570
     -2.33455468
     -1.74183471
     -1.17370087
     -0.80109428
     -0.56281830
     -0.38924650
     -0.24248553
     -0.09905209
      0.06301843
      0.27605968
      0.60022776
      1.11640159
      1.73366665
      2.18872179
      2.46963287
      2.65886689
      2.80598556
      2.93768314
      3.07283537
     -3.05090770
     -2.83307311
     -2.49194298
     -1.95339065
     -1.35157049
     -0.93175425
     -0.67524018
     -0.50282664
     -0.37031634
     -0.25459524
     -0.14047931
     -0.01328315
      0.14828137
      0.38446798
      0.77253931
      1.36238778
      1.93105834
      2.29294849
      2.51486432
      2.66902060
      2.79234740
      2.90511258
      3.02235315
     -3.12233192
     -2.93641255
     -2.65679982
     -2.22475108
     -1.68986428
     -1.25585145
     -0.98129852
     -0.80929141
     -0.69398741
     -0.61114004
     -0.54815293
     -0.49810868
     -0.45695965
     -0.42219760
     -0.39219006
     -0.36582946
     -0.34233750
     -0.32115053
     -0.30184973
     -0.28411687
     -0.26770536
     -0.25242084
     -0.23810779
     -0.22464004
     -0.21191404
     -0.19984383
     -0.18835739
     -0.17739380
     -0.16690114
     -0.15683484
     -0.14715634
     -0.13783209
     -0.12883276
     -0.12013252
     -0.11170854
     -0.10354055
     -0.09561046
     -0.08790207
     -0.08040081
     -0.07309354
     -0.06596836
     -0.05901447
     -0.05222203
     -0.04558204
     -0.03908626
     -0.03272713
     -0.02649768
     -0.02039147
     -0.01440255
     -0.00852541
     -0.00275490
      0.00291376
      0.00848504
      0.01396311
      0.01935190
      0.02465510
      0.02987619
      0.03501846
      0.04008501
      0.04507882
      0.05000268
      0.05485930
      0.05965125
      0.06438101
      0.06905098
      0.07366347
      0.07822073
      0.08272497
      0.08717834
      0.09158298
      0.09594100
      0.10025450
      0.10452561
      0.10875646
      0.11294923
      0.11710615
      0.12122953
      0.12532178
      0.12938543
      0.13342315
      0.13743783
      0.14143256
      0.14541075
      0.14937613
      0.15333288
      0.15728572
      0.16124002
      0.16520198
      0.16917888
      0.17317933
      0.17721371
      0.18129471
      0.18543807
      0.18966347
      0.19399514
      0.19846081
      0.20308486
      0.20786916
      0.21275746
      0.21759811
      0.22214672
      0.22613747
      0.22938579
      0.23185148
      0.23362694
      0.23487175
      0.23574597
      0.23637502
      0.23684441
      0.23720825
      0.23750001
      0.23774060
      0.23794354
      0.23811792
      0.23827009
      0.23840469
      0.23852513
      0.23863405
      0.23873347
      0.23882500
      0.23890993
      0.23898930
      0.23906397
      0.23913463
      0.23920189
      0.23926623
      0.23932808
      0.23938779
      0.23944567
      0.23950198
      0.23955695
      0.23961078
      0.23966364
      0.23971569
      0.23976705
      0.23981785
      0.23986818
      0.23991815
      0.23996782
      0.24001729
      0.24006660
      0.24011582
      0.24016500
      0.24021418
      0.24026341
      0.24031272
      0.24036215
      0.24041172
      0.24046146
      0.24051140
      0.24056155
      0.24061193
      0.24066256
      0.24071345
      0.24076461
      0.24081606
      0.24086781
      0.24091985
      0.24097221
      0.24102487
      0.24107786
      0.24113116
      0.24118478
      0.24123873
      0.24129300
      0.24134759
      0.24140250
      0.24145774
      0.24151329
      0.24156915
      0.24162532
      0.24168180
      0.24173858
      0.24179566
      0.24185303
      0.24191068
      0.24196861
      0.24202681
      0.24208528
      0.24214400
      0.24220297
      0.24226219
      0.24232163
      0.24238130
      0.24244119
      0.24250129
      0.24256158
      0.24262206
      0.24268272
      0.24274355
      0.24280454
      0.24286568
      0.24292696
      0.24298837
      0.24304989
      0.24311153
      0.24317326
      0.24323508
      0.24329697
      0.24335893
      0.24342095
      0.24348301
      0.24354510
      0.24360722
      0.24366934
      0.24373147
      0.24379358
      0.24385567
      0.24391773
      0.24397975
      0.24404171
      0.24410361
      0.24416543
      0.24422716
      0.24428879
      0.24435032
      0.24441173
      0.24447300
      0.24453414
      0.24459513
      0.24465596
      0.24471662
      0.24477710
      0.24483740
      0.24489749
      0.24495738
      0.24501705
      0.24507650
      0.24513571
      0.24519469
      0.24525341
      0.24531187
      0.24537008
      0.24542801
      0.24548566
      0.24554303
      0.24560010
      0.24565688
      0.24571336
      0.24576954
      0.24582540
      0.24588095
      0.24593618
      0.24599109
      0.24604569
      0.24609996
      0.24615390
      0.24620753
      0.24626083
      0.24631381
      0.24636648
      0.24641883
      0.24647088
      0.24652262
      0.24657407
      0.24662524
      0.24667613
      0.24672676
      0.24677714
      0.24682729
      0.24687722
      0.24692697
      0.24697654
      0.24702596
      0.24707528
      0.24712450
      0.24717369
      0.24722287
      0.24727209
      0.24732140
      0.24737086
      0.24742054
      0.24747050
      0.24752084
      0.24757163
      0.24762300
      0.24767504
      0.24772790
      0.24778173
      0.24783670
      0.24789301
      0.24795089
      0.24801060
      0.24807245
      0.24813679
      0.24820405
      0.24827472
      0.24834939
      0.24842876
      0.24851369
      0.24860522
      0.24870464
      0.24881355
      0.24893400
      0.24906859
      0.24922077
      0.24939514
      0.24959808
      0.24983868
      0.25013044
      0.25049428
      0.25096366
      0.25159272
      0.25246694
      0.25371175
      0.25548720
      0.25795290
      0.26120121
      0.26519196
      0.26974058
      0.27458123
      0.27946952
      0.28425382
      0.28887788
      0.29334354
      0.29767522
      0.30190061
      0.30604397
      0.31012497
      0.31415935
      0.31815980
      0.32213670
      0.32609867
      0.33005296
      0.33400580
      0.33796256
      0.34192794
      0.34590612
      0.34990086
      0.35391553
      0.35795326
      0.36201690
      0.36610915
      0.37023253
      0.37438946
      0.37858223
      0.38281308
      0.38708418
      0.39139769
      0.39575571
      0.40016034
      0.40461372
      0.40911795
      0.41367522
      0.41828770
      0.42295767
      0.42768743
      0.43247939
      0.43733600
      0.44225987
      0.44725367
      0.45232023
      0.45746249
      0.46268358
      0.46798679
      0.47337558
      0.47885365
      0.48442492
      0.49009358
      0.49586409
      0.50174124
      0.50773016
      0.51383636
      0.52006582
      0.52642495
      0.53292072
      0.53956071
      0.54635316
      0.55330704
      0.56043222
      0.56773949
      0.57524075
      0.58294915
      0.59087924
      0.59904723
      0.60747121
      0.61617145
      0.62517078
      0.63449502
      0.64417352
      0.65423983
      0.66473248
      0.67569607
      0.68718252
      0.69925273
      0.71197873
      0.72544647
      0.73975953
      0.75504404
      0.77145555
      0.78918842
      0.80848921
      0.82967618
      0.85316815
      0.87952874
      0.90953629
      0.94429833
      0.98544737
      1.03549161
      1.09847872
      1.18132609
      1.29663009
      1.46863721
      1.74319013
      2.17720297
      2.71208976
     -3.13904681
     -2.85943408
     -2.67351470
     -2.53501447
     -2.41777389
     -2.30500871
     -2.18168191
     -2.02752564
     -1.80560980
     -1.44371965
     -0.87504909
     -0.28520063
      0.10287070
      0.33905732
      0.50062184
      0.62781800
      0.74193393
      0.85765502
      0.99016533
      1.16257887
      1.41909294
      1.83890917
      2.44072934
      2.97928166
     -2.96277352
     -2.74493892
     -2.58549669
     -2.45034445
     -2.31864687
     -2.17152820
     -1.98229419
     -1.70138311
     -1.24632797
     -0.62906291
     -0.11288907
      0.21127901
      0.42432026
      0.58639078
      0.72982422
      0.87658519
      1.05015699
      1.28843296
      1.66103955
      2.22917340
      2.82189337
     -3.05665093
     -2.79915506
     -2.61334280
     -2.45657237
     -2.30257184
     -2.12682476
     -1.89319699
     -1.53666082
     -0.98903439
      0.00000000
