      0.00000000
      2.14497737
      1.59734365
      1.24080846
      1.00718384
      0.83144003
      0.67744268
      0.52067543
      0.33486647
      0.07737354
     -0.32726807
     -0.91999814
     -1.48814063
     -1.86074684
     -2.09901979
     -2.27258838
     -2.41934629
     -2.56277670
     -2.72484407
     -2.93788214
      3.02113673
      2.50495707
      1.88768008
      1.43262200
      1.15171330
      0.96248241
      0.81536673
      0.68367199
      0.54852263
      0.38908343
      0.17125183
     -0.16987733
     -0.70843706
     -1.31026857
     -1.73008661
     -1.98659820
     -2.15900879
     -2.29151636
     -2.40723488
     -2.52134826
     -2.64854172
     -2.81010331
     -3.04628721
      2.84882612
      2.25896698
      1.69028702
      1.32839701
      1.10648394
      0.95233048
      0.82900622
      0.71624341
      0.59900518
      0.46050734
      0.27459026
     -0.00502145
     -0.43707433
     -0.97197079
     -1.40598826
     -1.68054058
     -1.85254582
     -1.96784797
     -2.05069375
     -2.11367951
     -2.16372258
     -2.20487059
     -2.23963173
     -2.26963845
     -2.29599828
     -2.31948954
     -2.34067585
     -2.35997602
     -2.37770829
     -2.39411922
     -2.40940319
     -2.42371571
     -2.43718293
     -2.44990843
     -2.46197814
     -2.47346410
     -2.48442721
     -2.49491939
     -2.50498523
     -2.51466327
     -2.52398705
     -2.53298593
     -2.54168572
     -2.55010924
     -2.55827678
     -2.56620642
     -2.57391437
     -2.58141518
     -2.58872200
     -2.59584672
     -2.60280016
     -2.60959214
     -2.61623168
     -2.62272699
     -2.62908566
     -2.63531465
     -2.64142038
     -2.64740883
     -2.65328549
     -2.65905552
     -2.66472369
     -2.67029447
     -2.67577204
     -2.68116033
     -2.68646302
     -2.69168359
     -2.69682533
     -2.70189136
     -2.70688462
     -2.71180793
     -2.71666399
     -2.72145537
     -2.72618456
     -2.73085393
     -2.73546582
     -2.74002247
     -2.74452608
     -2.74897882
     -2.75338281
     -2.75774016
     -2.76205298
     -2.76632339
     -2.77055352
     -2.77474556
     -2.77890173
     -2.78302434
     -2.78711580
     -2.79117862
     -2.79521550
     -2.79922931
     -2.80322314
     -2.80720039
     -2.81116481
     -2.81512056
     -2.81907235
     -2.82302556
     -2.82698639
     -2.83096210
     -2.83496130
     -2.83899436
     -2.84307397
     -2.84721584
     -2.85143965
     -2.85576962
     -2.86023343
     -2.86485546
     -2.86963750
     -2.87452325
     -2.87936097
     -2.88390615
     -2.88789279
     -2.89113614
     -2.89359582
     -2.89536405
     -2.89660030
     -2.89746450
     -2.89808205
     -2.89853837
     -2.89888758
     -2.89916313
     -2.89938592
     -2.89956945
     -2.89972282
     -2.89985238
     -2.89996276
     -2.90005738
     -2.90013887
     -2.90020926
     -2.90027016
     -2.90032286
     -2.90036841
     -2.90040767
     -2.90044134
     -2.90047002
     -2.90049422
     -2.90051435
     -2.90053077
     -2.90054381
     -2.90055374
     -2.90056078
     -2.90056515
     -2.90056702
     -2.90056657
     -2.90056393
     -2.90055922
     -2.90055257
     -2.90054408
     -2.90053383
     -2.90052192
     -2.90050842
     -2.90049340
     -2.90047693
     -2.90045906
     -2.90043984
     -2.90041934
     -2.90039760
     -2.90037466
     -2.90035056
     -2.90032534
     -2.90029903
     -2.90027169
     -2.90024332
     -2.90021397
     -2.90018367
     -2.90015244
     -2.90012032
     -2.90008732
     -2.90005347
     -2.90001881
     -2.89998334
     -2.89994709
     -2.89991010
     -2.89987236
     -2.89983392
     -2.89979479
     -2.89975498
     -2.89971453
     -2.89967344
     -2.89963174
     -2.89958945
     -2.89954659
     -2.89950316
     -2.89945920
     -2.89941472
     -2.89936974
     -2.89932427
     -2.89927833
     -2.89923195
     -2.89918513
     -2.89913789
     -2.89909026
     -2.89904225
     -2.89899387
     -2.89894515
     -2.89889609
     -2.89884672
     -2.89879705
     -2.89874711
     -2.89869690
     -2.89864644
     -2.89859575
     -2.89854485
     -2.89849374
     -2.89844246
     -2.89839102
     -2.89833942
     -2.89828770
     -2.89823585
     -2.89818391
     -2.89813189
     -2.89807980
     -2.89802767
     -2.89797550
     -2.89792331
     -2.89787112
     -2.89781895
     -2.89776682
     -2.89771473
     -2.89766271
     -2.89761077
     -2.89755893
     -2.89750720
     -2.89745561
     -2.89740416
     -2.89735288
     -2.89730178
     -2.89725087
     -2.89720018
     -2.89714973
     -2.89709951
     -2.89704957
     -2.89699990
     -2.89695053
     -2.89690148
     -2.89685275
     -2.89680437
     -2.89675636
     -2.89670873
     -2.89666149
     -2.89661468
     -2.89656829
     -2.89652236
     -2.89647689
     -2.89643190
     -2.89638742
     -2.89634346
     -2.89630004
     -2.89625717
     -2.89621488
     -2.89617318
     -2.89613209
     -2.89609164
     -2.89605183
     -2.89601270
     -2.89597426
     -2.89593653
     -2.89589953
     -2.89586328
     -2.89582782
     -2.89579315
     -2.89575930
     -2.89572630
     -2.89569418
     -2.89566295
     -2.89563265
     -2.89560330
     -2.89557494
     -2.89554759
     -2.89552129
     -2.89549607
     -2.89547197
     -2.89544902
     -2.89542728
     -2.89540678
     -2.89538757
     -2.89536970
     -2.89535322
     -2.89533820
     -2.89532470
     -2.89531279
     -2.89530254
     -2.89529405
     -2.89528740
     -2.89528270
     -2.89528005
     -2.89527960
     -2.89528148
     -2.89528584
     -2.89529289
     -2.89530281
     -2.89531585
     -2.89533228
     -2.89535241
     -2.89537660
     -2.89540528
     -2.89543895
     -2.89547821
     -2.89552376
     -2.89557646
     -2.89563736
     -2.89570776
     -2.89578924
     -2.89588386
     -2.89599424
     -2.89612381
     -2.89627717
     -2.89646071
     -2.89668349
     -2.89695904
     -2.89730825
     -2.89776457
     -2.89838212
     -2.89924633
     -2.90048257
     -2.90225080
     -2.90471049
     -2.90795384
     -2.91194047
     -2.91648565
     -2.92132337
     -2.92620912
     -2.93099117
     -2.93561319
     -2.94007700
     -2.94440697
     -2.94863078
     -2.95277266
     -2.95685226
     -2.96088532
     -2.96488452
     -2.96886023
     -2.97282106
     -2.97677427
     -2.98072606
     -2.98468181
     -2.98864623
     -2.99262348
     -2.99661732
     -3.00063112
     -3.00466800
     -3.00873083
     -3.01282228
     -3.01694489
     -3.02110106
     -3.02529310
     -3.02952323
     -3.03379364
     -3.03810647
     -3.04246382
     -3.04686780
     -3.05132054
     -3.05582415
     -3.06038080
     -3.06499269
     -3.06966207
     -3.07439125
     -3.07918263
     -3.08403869
     -3.08896201
     -3.09395527
     -3.09902129
     -3.10416303
     -3.10938360
     -3.11468629
     -3.12007458
     -3.12555215
     -3.13112293
     -3.13679110
      3.14062418
      3.13474751
      3.12875907
      3.12265333
      3.11642434
      3.11006568
      3.10357036
      3.09693083
      3.09013884
      3.08318541
      3.07606068
      3.06875386
      3.06125305
      3.05354511
      3.04561547
      3.03744793
      3.02902440
      3.02032461
      3.01132574
      3.00200195
      2.99232391
      2.98225808
      2.97176589
      2.96080278
      2.94931683
      2.93724711
      2.92452162
      2.91105439
      2.89674187
      2.88145791
      2.86504697
      2.84731471
      2.82801454
      2.80682823
      2.78333697
      2.75697713
      2.72697041
      2.69220928
      2.65106127
      2.60101819
      2.53803243
      2.45518666
      2.33988450
      2.16787927
      1.89332695
      1.45930947
      0.92441301
      0.49236014
      0.21274842
      0.02683134
     -0.11166649
     -0.22890473
     -0.34166753
     -0.46499179
     -0.61914525
     -0.84105833
     -1.20294834
     -1.77162829
     -2.36148743
     -2.74955941
     -2.98574331
      3.13588040
      3.00868694
      2.89457357
      2.77885504
      2.64634747
      2.47393688
      2.21742530
      1.79760725
      1.19577575
      0.65721602
      0.31608686
      0.09825525
     -0.06118395
     -0.19633331
     -0.32802804
     -0.47514373
     -0.66437462
     -0.94528332
     -1.40034139
     -2.01761839
     -2.53379804
     -2.85796448
     -3.07100255
      3.05011539
      2.90668498
      2.75992707
      2.58635847
      2.34808552
      1.97547931
      1.40733683
      0.81460676
      0.40996514
      0.15247221
     -0.03333675
     -0.19010399
     -0.34410135
     -0.51984515
     -0.75346977
     -1.11000496
     -1.65763868
      0.00000000
