      0.00000000
      0.00000000
      0.00000000
      0.00000001
      0.00000003
      0.00000007
      0.00000013
      0.00000023
      0.00000036
      0.00000054
      0.00000076
      0.00000102
      0.00000132
      0.00000172
      0.00000234
      0.00000344
      0.00000542
      0.00000891
      0.00001467
      0.00002364
      0.00003671
      0.00005465
      0.00007791
      0.00010654
      0.00014011
      0.00017782
      0.00021861
      0.00026131
      0.00030484
      0.00034828
      0.00039100
      0.00043261
      0.00047296
      0.00051208
      0.00055009
      0.00058716
      0.00062347
      0.00065915
      0.00069430
      0.00072894
      0.00076306
      0.00079661
      0.00082953
      0.00086176
      0.00089323
      0.00092390
      0.00095375
      0.00098279
      0.00101104
      0.00103853
      0.00106533
      0.00109149
      0.00111710
      0.00114221
      0.00116692
      0.00119130
      0.00121542
      0.00123935
      0.00126315
      0.00128689
      0.00131061
      0.00133435
      0.00135816
      0.00138206
      0.00140607
      0.00143021
      0.00145448
      0.00147889
      0.00150343
      0.00152810
      0.00155289
      0.00157779
      0.00160277
      0.00162784
      0.00165296
      0.00167813
      0.00170332
      0.00172852
      0.00175372
      0.00177890
      0.00180405
      0.00182915
      0.00185420
      0.00187917
      0.00190407
      0.00192888
      0.00195359
      0.00197821
      0.00200271
      0.00202710
      0.00205138
      0.00207553
      0.00209955
      0.00212344
      0.00214720
      0.00217083
      0.00219432
      0.00221767
      0.00224088
      0.00226395
      0.00228688
      0.00230967
      0.00233231
      0.00235481
      0.00237716
      0.00239937
      0.00242143
      0.00244335
      0.00246512
      0.00248674
      0.00250822
      0.00252956
      0.00255074
      0.00257178
      0.00259268
      0.00261342
      0.00263402
      0.00265448
      0.00267478
      0.00269494
      0.00271496
      0.00273482
      0.00275454
      0.00277412
      0.00279354
      0.00281282
      0.00283196
      0.00285094
      0.00286978
      0.00288848
      0.00290702
      0.00292542
      0.00294368
      0.00296178
      0.00297974
      0.00299756
      0.00301522
      0.00303274
      0.00305012
      0.00306734
      0.00308442
      0.00310135
      0.00311814
      0.00313478
      0.00315127
      0.00316762
      0.00318382
      0.00319987
      0.00321578
      0.00323154
      0.00324715
      0.00326262
      0.00327794
      0.00329311
      0.00330814
      0.00332301
      0.00333775
      0.00335233
      0.00336677
      0.00338107
      0.00339521
      0.00340921
      0.00342307
      0.00343677
      0.00345033
      0.00346375
      0.00347701
      0.00349013
      0.00350311
      0.00351593
      0.00352861
      0.00354115
      0.00355353
      0.00356577
      0.00357787
      0.00358981
      0.00360161
      0.00361327
      0.00362477
      0.00363613
      0.00364735
      0.00365841
      0.00366933
      0.00368011
      0.00369073
      0.00370122
      0.00371155
      0.00372174
      0.00373178
      0.00374167
      0.00375142
      0.00376102
      0.00377047
      0.00377978
      0.00378894
      0.00379796
      0.00380682
      0.00381554
      0.00382412
      0.00383255
      0.00384083
      0.00384896
      0.00385695
      0.00386479
      0.00387248
      0.00388003
      0.00388743
      0.00389469
      0.00390180
      0.00390876
      0.00391557
      0.00392224
      0.00392876
      0.00393514
      0.00394137
      0.00394745
      0.00395338
      0.00395917
      0.00396481
      0.00397031
      0.00397566
      0.00398086
      0.00398591
      0.00399082
      0.00399558
      0.00400020
      0.00400467
      0.00400899
      0.00401317
      0.00401720
      0.00402108
      0.00402481
      0.00402840
      0.00403185
      0.00403514
      0.00403829
      0.00404129
      0.00404415
      0.00404686
      0.00404942
      0.00405184
      0.00405411
      0.00405623
      0.00405821
      0.00406004
      0.00406172
      0.00406326
      0.00406465
      0.00406589
      0.00406699
      0.00406794
      0.00406874
      0.00406940
      0.00406991
      0.00407027
      0.00407049
      0.00407056
      0.00407048
      0.00407026
      0.00406989
      0.00406937
      0.00406871
      0.00406790
      0.00406694
      0.00406584
      0.00406459
      0.00406320
      0.00406165
      0.00405996
      0.00405813
      0.00405615
      0.00405402
      0.00405174
      0.00404932
      0.00404675
      0.00404403
      0.00404117
      0.00403816
      0.00403501
      0.00403171
      0.00402826
      0.00402466
      0.00402092
      0.00401703
      0.00401300
      0.00400882
      0.00400449
      0.00400001
      0.00399539
      0.00399062
      0.00398571
      0.00398065
      0.00397544
      0.00397009
      0.00396458
      0.00395894
      0.00395314
      0.00394720
      0.00394111
      0.00393488
      0.00392850
      0.00392197
      0.00391530
      0.00390848
      0.00390151
      0.00389439
      0.00388713
      0.00387973
      0.00387217
      0.00386447
      0.00385663
      0.00384863
      0.00384049
      0.00383220
      0.00382377
      0.00381519
      0.00380646
      0.00379759
      0.00378857
      0.00377940
      0.00377009
      0.00376063
      0.00375102
      0.00374127
      0.00373137
      0.00372132
      0.00371113
      0.00370079
      0.00369031
      0.00367967
      0.00366889
      0.00365797
      0.00364689
      0.00363567
      0.00362431
      0.00361280
      0.00360114
      0.00358933
      0.00357738
      0.00356528
      0.00355303
      0.00354064
      0.00352810
      0.00351541
      0.00350258
      0.00348960
      0.00347648
      0.00346321
      0.00344979
      0.00343622
      0.00342251
      0.00340865
      0.00339464
      0.00338049
      0.00336619
      0.00335175
      0.00333715
      0.00332241
      0.00330753
      0.00329250
      0.00327732
      0.00326199
      0.00324652
      0.00323090
      0.00321514
      0.00319922
      0.00318316
      0.00316696
      0.00315061
      0.00313411
      0.00311746
      0.00310067
      0.00308373
      0.00306664
      0.00304941
      0.00303203
      0.00301451
      0.00299683
      0.00297901
      0.00296105
      0.00294293
      0.00292467
      0.00290627
      0.00288771
      0.00286901
      0.00285017
      0.00283117
      0.00281203
      0.00279275
      0.00277331
      0.00275373
      0.00273400
      0.00271413
      0.00269411
      0.00267394
      0.00265362
      0.00263316
      0.00261255
      0.00259179
      0.00257089
      0.00254983
      0.00252864
      0.00250729
      0.00248579
      0.00246415
      0.00244236
      0.00242042
      0.00239834
      0.00237610
      0.00235371
      0.00233118
      0.00230849
      0.00228566
      0.00226267
      0.00223953
      0.00221623
      0.00219278
      0.00216917
      0.00214540
      0.00212147
      0.00209738
      0.00207312
      0.00204870
      0.00202410
      0.00199932
      0.00197435
      0.00194920
      0.00192386
      0.00189831
      0.00187255
      0.00184658
      0.00182037
      0.00179393
      0.00176724
      0.00174028
      0.00171305
      0.00168553
      0.00165771
      0.00162957
      0.00160110
      0.00157228
      0.00154310
      0.00151354
      0.00148360
      0.00145326
      0.00142251
      0.00139134
      0.00135975
      0.00132775
      0.00129533
      0.00126250
      0.00122929
      0.00119570
      0.00116176
      0.00112750
      0.00109297
      0.00105820
      0.00102324
      0.00098815
      0.00095298
      0.00091780
      0.00088266
      0.00084763
      0.00081278
      0.00077817
      0.00074388
      0.00070998
      0.00067656
      0.00064372
      0.00061156
      0.00058022
      0.00054980
      0.00052043
      0.00049220
      0.00046513
      0.00043921
      0.00041432
      0.00039023
      0.00036661
      0.00034307
      0.00031914
      0.00029439
      0.00026845
      0.00024115
      0.00021256
      0.00018304
      0.00015326
      0.00012415
      0.00009676
      0.00007211
      0.00005103
      0.00003401
      0.00002113
      0.00001205
      0.00000620
      0.00000279
      0.00000108
      0.00000039
      0.00000024
      0.00000028
      0.00000035
      0.00000038
      0.00000035
      0.00000028
      0.00000020
      0.00000013
      0.00000008
      0.00000004
      0.00000002
      0.00000001
      0.00000000
      0.00000000
      0.00000000
