      0.00000000
      0.00000000
      0.00000000
      0.00000001
      0.00000002
      0.00000004
      0.00000008
      0.00000013
      0.00000020
      0.00000028
      0.00000035
      0.00000038
      0.00000035
      0.00000028
      0.00000023
      0.00000038
      0.00000106
      0.00000275
      0.00000613
      0.00001197
      0.00002101
      0.00003388
      0.00005089
      0.00007197
      0.00009664
      0.00012408
      0.00015325
      0.00018311
      0.00021273
      0.00024143
      0.00026886
      0.00029493
      0.00031983
      0.00034391
      0.00036762
      0.00039142
      0.00041571
      0.00044081
      0.00046697
      0.00049429
      0.00052280
      0.00055246
      0.00058319
      0.00061486
      0.00064736
      0.00068055
      0.00071433
      0.00074858
      0.00078323
      0.00081818
      0.00085335
      0.00088868
      0.00092410
      0.00095954
      0.00099493
      0.00103022
      0.00106535
      0.00110025
      0.00113489
      0.00116923
      0.00120322
      0.00123684
      0.00127006
      0.00130287
      0.00133525
      0.00136721
      0.00139873
      0.00142982
      0.00146049
      0.00149074
      0.00152059
      0.00155004
      0.00157912
      0.00160783
      0.00163620
      0.00166423
      0.00169195
      0.00171937
      0.00174651
      0.00177337
      0.00179998
      0.00182634
      0.00185246
      0.00187836
      0.00190405
      0.00192954
      0.00195482
      0.00197992
      0.00200483
      0.00202956
      0.00205412
      0.00207850
      0.00210272
      0.00212678
      0.00215068
      0.00217442
      0.00219800
      0.00222143
      0.00224470
      0.00226782
      0.00229079
      0.00231362
      0.00233629
      0.00235881
      0.00238118
      0.00240341
      0.00242549
      0.00244742
      0.00246920
      0.00249084
      0.00251232
      0.00253367
      0.00255486
      0.00257591
      0.00259681
      0.00261757
      0.00263818
      0.00265864
      0.00267895
      0.00269912
      0.00271915
      0.00273902
      0.00275875
      0.00277833
      0.00279777
      0.00281706
      0.00283620
      0.00285520
      0.00287405
      0.00289275
      0.00291131
      0.00292972
      0.00294798
      0.00296610
      0.00298407
      0.00300190
      0.00301957
      0.00303710
      0.00305449
      0.00307173
      0.00308882
      0.00310576
      0.00312256
      0.00313921
      0.00315572
      0.00317207
      0.00318828
      0.00320435
      0.00322027
      0.00323604
      0.00325166
      0.00326714
      0.00328247
      0.00329766
      0.00331270
      0.00332759
      0.00334233
      0.00335693
      0.00337138
      0.00338569
      0.00339985
      0.00341386
      0.00342772
      0.00344144
      0.00345501
      0.00346844
      0.00348172
      0.00349485
      0.00350783
      0.00352067
      0.00353337
      0.00354591
      0.00355831
      0.00357056
      0.00358267
      0.00359462
      0.00360644
      0.00361810
      0.00362962
      0.00364099
      0.00365222
      0.00366329
      0.00367423
      0.00368501
      0.00369565
      0.00370614
      0.00371649
      0.00372668
      0.00373674
      0.00374664
      0.00375640
      0.00376601
      0.00377548
      0.00378479
      0.00379397
      0.00380299
      0.00381187
      0.00382060
      0.00382919
      0.00383762
      0.00384591
      0.00385406
      0.00386206
      0.00386991
      0.00387761
      0.00388517
      0.00389258
      0.00389985
      0.00390697
      0.00391394
      0.00392076
      0.00392744
      0.00393397
      0.00394035
      0.00394659
      0.00395268
      0.00395863
      0.00396443
      0.00397008
      0.00397558
      0.00398094
      0.00398615
      0.00399121
      0.00399613
      0.00400090
      0.00400553
      0.00401000
      0.00401433
      0.00401852
      0.00402255
      0.00402645
      0.00403019
      0.00403379
      0.00403724
      0.00404054
      0.00404370
      0.00404671
      0.00404957
      0.00405229
      0.00405486
      0.00405728
      0.00405956
      0.00406169
      0.00406367
      0.00406551
      0.00406720
      0.00406874
      0.00407014
      0.00407139
      0.00407249
      0.00407345
      0.00407426
      0.00407492
      0.00407544
      0.00407581
      0.00407603
      0.00407611
      0.00407604
      0.00407582
      0.00407546
      0.00407495
      0.00407429
      0.00407349
      0.00407254
      0.00407144
      0.00407019
      0.00406880
      0.00406727
      0.00406558
      0.00406375
      0.00406177
      0.00405965
      0.00405738
      0.00405496
      0.00405240
      0.00404969
      0.00404683
      0.00404382
      0.00404067
      0.00403737
      0.00403393
      0.00403034
      0.00402660
      0.00402272
      0.00401869
      0.00401451
      0.00401018
      0.00400571
      0.00400109
      0.00399633
      0.00399142
      0.00398636
      0.00398115
      0.00397580
      0.00397030
      0.00396466
      0.00395887
      0.00395293
      0.00394684
      0.00394061
      0.00393423
      0.00392771
      0.00392104
      0.00391422
      0.00390725
      0.00390014
      0.00389288
      0.00388548
      0.00387792
      0.00387023
      0.00386238
      0.00385439
      0.00384625
      0.00383796
      0.00382953
      0.00382095
      0.00381223
      0.00380335
      0.00379434
      0.00378517
      0.00377586
      0.00376640
      0.00375679
      0.00374704
      0.00373714
      0.00372710
      0.00371690
      0.00370656
      0.00369608
      0.00368545
      0.00367467
      0.00366374
      0.00365267
      0.00364145
      0.00363008
      0.00361857
      0.00360691
      0.00359511
      0.00358315
      0.00357105
      0.00355881
      0.00354641
      0.00353388
      0.00352119
      0.00350836
      0.00349538
      0.00348225
      0.00346898
      0.00345556
      0.00344199
      0.00342828
      0.00341442
      0.00340042
      0.00338626
      0.00337196
      0.00335752
      0.00334293
      0.00332819
      0.00331330
      0.00329827
      0.00328309
      0.00326776
      0.00325229
      0.00323667
      0.00322091
      0.00320500
      0.00318894
      0.00317273
      0.00315638
      0.00313988
      0.00312324
      0.00310645
      0.00308951
      0.00307242
      0.00305519
      0.00303781
      0.00302029
      0.00300262
      0.00298480
      0.00296684
      0.00294873
      0.00293047
      0.00291207
      0.00289351
      0.00287482
      0.00285598
      0.00283699
      0.00281785
      0.00279857
      0.00277914
      0.00275956
      0.00273984
      0.00271997
      0.00269996
      0.00267980
      0.00265949
      0.00263904
      0.00261844
      0.00259770
      0.00257681
      0.00255577
      0.00253459
      0.00251326
      0.00249178
      0.00247017
      0.00244840
      0.00242649
      0.00240444
      0.00238224
      0.00235990
      0.00233741
      0.00231479
      0.00229202
      0.00226911
      0.00224606
      0.00222287
      0.00219954
      0.00217607
      0.00215248
      0.00212875
      0.00210489
      0.00208090
      0.00205679
      0.00203256
      0.00200822
      0.00198377
      0.00195921
      0.00193455
      0.00190981
      0.00188498
      0.00186008
      0.00183511
      0.00181009
      0.00178503
      0.00175994
      0.00173483
      0.00170972
      0.00168463
      0.00165956
      0.00163453
      0.00160957
      0.00158468
      0.00155987
      0.00153517
      0.00151057
      0.00148609
      0.00146172
      0.00143748
      0.00141335
      0.00138933
      0.00136539
      0.00134152
      0.00131768
      0.00129383
      0.00126994
      0.00124595
      0.00122180
      0.00119744
      0.00117279
      0.00114779
      0.00112237
      0.00109644
      0.00106995
      0.00104282
      0.00101500
      0.00098643
      0.00095708
      0.00092693
      0.00089598
      0.00086425
      0.00083179
      0.00079865
      0.00076490
      0.00073060
      0.00069580
      0.00066051
      0.00062470
      0.00058828
      0.00055112
      0.00051303
      0.00047384
      0.00043343
      0.00039176
      0.00034900
      0.00030551
      0.00026195
      0.00021921
      0.00017837
      0.00014061
      0.00010698
      0.00007829
      0.00005496
      0.00003696
      0.00002383
      0.00001481
      0.00000900
      0.00000549
      0.00000348
      0.00000237
      0.00000173
      0.00000133
      0.00000102
      0.00000076
      0.00000055
      0.00000037
      0.00000023
      0.00000013
      0.00000007
      0.00000003
      0.00000001
      0.00000000
      0.00000000
      0.00000000
