      0.00000000
     -0.04836225
     -0.38827833
     -0.66522855
     -0.89145667
     -1.08342536
     -1.25460497
     -1.41524346
     -1.57365120
     -1.73742604
     -1.91434542
     -2.11271977
     -2.34052294
     -2.60198447
     -2.89135911
      3.09394914
      2.81293575
      2.56585354
      2.35639749
      2.17994211
      2.02947240
      1.89852281
      1.78196562
      1.67594074
      1.57757504
      1.48471415
      1.39571911
      1.30932649
      1.22455823
      1.14066706
      1.05710528
      0.97350697
      0.88967552
      0.80557077
      0.72129198
      0.63705527
      0.55316638
      0.46999081
      0.38792424
      0.30736606
      0.22869787
      0.15226795
      0.07838165
      0.00729682
     -0.06077696
     -0.12567652
     -0.18728188
     -0.24551246
     -0.30032325
     -0.35170127
     -0.39966234
     -0.44424826
     -0.48552414
     -0.52357598
     -0.55850817
     -0.59044106
     -0.61950849
     -0.64585520
     -0.66963432
     -0.69100484
     -0.71012916
     -0.72717076
     -0.74229211
     -0.75565273
     -0.76740753
     -0.77770541
     -0.78668818
     -0.79448965
     -0.80123510
     -0.80704086
     -0.81201420
     -0.81625336
     -0.81984772
     -0.82287808
     -0.82541711
     -0.82752976
     -0.82927384
     -0.83070046
     -0.83185466
     -0.83277594
     -0.83349875
     -0.83405306
     -0.83446477
     -0.83475624
     -0.83494667
     -0.83505246
     -0.83508761
     -0.83506400
     -0.83499168
     -0.83487913
     -0.83473346
     -0.83456065
     -0.83436567
     -0.83415265
     -0.83392503
     -0.83368564
     -0.83343681
     -0.83318045
     -0.83291812
     -0.83265110
     -0.83238041
     -0.83210688
     -0.83183119
     -0.83155387
     -0.83127533
     -0.83099592
     -0.83071589
     -0.83043546
     -0.83015477
     -0.82987395
     -0.82959309
     -0.82931224
     -0.82903146
     -0.82875078
     -0.82847021
     -0.82818977
     -0.82790946
     -0.82762928
     -0.82734923
     -0.82706929
     -0.82678946
     -0.82650972
     -0.82623007
     -0.82595048
     -0.82567096
     -0.82539147
     -0.82511202
     -0.82483258
     -0.82455315
     -0.82427371
     -0.82399426
     -0.82371477
     -0.82343524
     -0.82315567
     -0.82287603
     -0.82259633
     -0.82231654
     -0.82203667
     -0.82175671
     -0.82147664
     -0.82119646
     -0.82091617
     -0.82063575
     -0.82035520
     -0.82007451
     -0.81979368
     -0.81951270
     -0.81923156
     -0.81895027
     -0.81866881
     -0.81838719
     -0.81810539
     -0.81782341
     -0.81754125
     -0.81725890
     -0.81697636
     -0.81669362
     -0.81641069
     -0.81612755
     -0.81584421
     -0.81556066
     -0.81527690
     -0.81499292
     -0.81470872
     -0.81442430
     -0.81413966
     -0.81385479
     -0.81356969
     -0.81328436
     -0.81299879
     -0.81271298
     -0.81242694
     -0.81214065
     -0.81185412
     -0.81156734
     -0.81128031
     -0.81099303
     -0.81070550
     -0.81041771
     -0.81012967
     -0.80984137
     -0.80955280
     -0.80926397
     -0.80897488
     -0.80868552
     -0.80839590
     -0.80810600
     -0.80781583
     -0.80752539
     -0.80723467
     -0.80694368
     -0.80665241
     -0.80636086
     -0.80606903
     -0.80577692
     -0.80548452
     -0.80519184
     -0.80489887
     -0.80460561
     -0.80431207
     -0.80401823
     -0.80372410
     -0.80342968
     -0.80313496
     -0.80283995
     -0.80254464
     -0.80224903
     -0.80195312
     -0.80165691
     -0.80136040
     -0.80106359
     -0.80076646
     -0.80046904
     -0.80017130
     -0.79987326
     -0.79957491
     -0.79927625
     -0.79897727
     -0.79867799
     -0.79837838
     -0.79807847
     -0.79777823
     -0.79747768
     -0.79717681
     -0.79687561
     -0.79657410
     -0.79627226
     -0.79597010
     -0.79566762
     -0.79536481
     -0.79506167
     -0.79475820
     -0.79445440
     -0.79415027
     -0.79384581
     -0.79354101
     -0.79323588
     -0.79293041
     -0.79262461
     -0.79231847
     -0.79201198
     -0.79170516
     -0.79139799
     -0.79109048
     -0.79078262
     -0.79047442
     -0.79016587
     -0.78985697
     -0.78954772
     -0.78923811
     -0.78892815
     -0.78861784
     -0.78830717
     -0.78799614
     -0.78768475
     -0.78737300
     -0.78706089
     -0.78674841
     -0.78643557
     -0.78612236
     -0.78580878
     -0.78549483
     -0.78518050
     -0.78486580
     -0.78455073
     -0.78423527
     -0.78391944
     -0.78360323
     -0.78328663
     -0.78296964
     -0.78265227
     -0.78233451
     -0.78201635
     -0.78169780
     -0.78137886
     -0.78105952
     -0.78073977
     -0.78041963
     -0.78009908
     -0.77977812
     -0.77945675
     -0.77913497
     -0.77881278
     -0.77849016
     -0.77816713
     -0.77784368
     -0.77751980
     -0.77719549
     -0.77687076
     -0.77654558
     -0.77621998
     -0.77589393
     -0.77556744
     -0.77524051
     -0.77491312
     -0.77458529
     -0.77425700
     -0.77392824
     -0.77359903
     -0.77326935
     -0.77293921
     -0.77260858
     -0.77227749
     -0.77194591
     -0.77161384
     -0.77128129
     -0.77094824
     -0.77061470
     -0.77028065
     -0.76994610
     -0.76961104
     -0.76927546
     -0.76893936
     -0.76860274
     -0.76826558
     -0.76792789
     -0.76758966
     -0.76725088
     -0.76691155
     -0.76657166
     -0.76623121
     -0.76589019
     -0.76554860
     -0.76520642
     -0.76486365
     -0.76452029
     -0.76417633
     -0.76383176
     -0.76348658
     -0.76314077
     -0.76279432
     -0.76244725
     -0.76209952
     -0.76175114
     -0.76140210
     -0.76105238
     -0.76070199
     -0.76035090
     -0.75999912
     -0.75964663
     -0.75929342
     -0.75893948
     -0.75858480
     -0.75822937
     -0.75787318
     -0.75751622
     -0.75715847
     -0.75679993
     -0.75644057
     -0.75608040
     -0.75571939
     -0.75535753
     -0.75499481
     -0.75463121
     -0.75426672
     -0.75390132
     -0.75353499
     -0.75316773
     -0.75279950
     -0.75243030
     -0.75206011
     -0.75168890
     -0.75131666
     -0.75094337
     -0.75056900
     -0.75019354
     -0.74981695
     -0.74943923
     -0.74906034
     -0.74868026
     -0.74829895
     -0.74791641
     -0.74753259
     -0.74714747
     -0.74676102
     -0.74637320
     -0.74598398
     -0.74559333
     -0.74520120
     -0.74480758
     -0.74441240
     -0.74401564
     -0.74361724
     -0.74321717
     -0.74281537
     -0.74241180
     -0.74200640
     -0.74159911
     -0.74118988
     -0.74077864
     -0.74036533
     -0.73994988
     -0.73953220
     -0.73911221
     -0.73868983
     -0.73826496
     -0.73783749
     -0.73740732
     -0.73697430
     -0.73653830
     -0.73609916
     -0.73565670
     -0.73521073
     -0.73476102
     -0.73430731
     -0.73384929
     -0.73338664
     -0.73291893
     -0.73244572
     -0.73196644
     -0.73148047
     -0.73098703
     -0.73048523
     -0.72997400
     -0.72945210
     -0.72891801
     -0.72836997
     -0.72780584
     -0.72722314
     -0.72661885
     -0.72598945
     -0.72533074
     -0.72463773
     -0.72390456
     -0.72312429
     -0.72228875
     -0.72138835
     -0.72041185
     -0.71934609
     -0.71817576
     -0.71688305
     -0.71544732
     -0.71384475
     -0.71204793
     -0.71002540
     -0.70774128
     -0.70515472
     -0.70221947
     -0.69888338
     -0.69508793
     -0.69076776
     -0.68585028
     -0.68025528
     -0.67389464
     -0.66667218
     -0.65848355
     -0.64921629
     -0.63875009
     -0.62695720
     -0.61370309
     -0.59884722
     -0.58224420
     -0.56374511
     -0.54319899
     -0.52045470
     -0.49536287
     -0.46777807
     -0.43756106
     -0.40458111
     -0.36871832
     -0.32986572
     -0.28793129
     -0.24283962
     -0.19453334
     -0.14297438
     -0.08814523
     -0.03005074
      0.03127914
      0.09578487
      0.16337029
      0.23389263
      0.30714946
      0.38286331
      0.46066605
      0.54008629
      0.62054408
      0.70135750
      0.78176439
      0.86095969
      0.93814554
      1.01258760
      1.08366949
      1.15093803
      1.21413457
      1.27321217
      1.32834162
      1.37991305
      1.42854147
      1.47508836
      1.52071646
      1.56700868
      1.61621219
      1.67174345
      1.73928532
      1.82936568
      1.96403663
      2.19527115
      2.63925644
     -2.95601366
     -2.42339503
     -2.14543049
     -1.99270725
     -1.89760154
     -1.83250379
     -1.78551462
     -1.75164673
     -1.72992095
     -1.72291858
     -1.73806639
     -1.79127600
     -1.91425432
     -2.15965734
      0.00000000
