             NaN
      0.74369826
      0.98981922
      1.11341397
      1.16717685
      1.18287906
      1.17647015
      1.15540674
      1.12230849
      1.07625940
      1.01238662
      0.91900994
      0.76893567
      0.49496154
     -0.03585353
     -0.73278186
     -1.18264700
     -1.41490424
     -1.54932549
     -1.63888813
     -1.70587182
     -1.76085344
     -1.80952112
     -1.85528564
     -1.90038617
     -1.94639765
     -1.99447539
     -2.04547395
     -2.10000188
     -2.15844315
     -2.22096270
     -2.28750794
     -2.35781485
     -2.43142506
     -2.50771730
     -2.58595256
     -2.66532847
     -2.74503564
     -2.82430768
     -2.90245862
     -2.97890472
     -3.05317118
     -3.12488712
      3.08941213
      3.02355921
      2.96088168
      2.90147381
      2.84539176
      2.79266063
      2.74327902
      2.69722198
      2.65444295
      2.61487527
      2.57843366
      2.54501588
      2.51450466
      2.48676987
      2.46167088
      2.43905899
      2.41877992
      2.40067616
      2.38458923
      2.37036176
      2.35783922
      2.34687159
      2.33731459
      2.32903079
      2.32189036
      2.31577169
      2.31056168
      2.30615597
      2.30245885
      2.29938316
      2.29685003
      2.29478848
      2.29313500
      2.29183309
      2.29083273
      2.29008990
      2.28956597
      2.28922730
      2.28904463
      2.28899271
      2.28904978
      2.28919720
      2.28941907
      2.28970188
      2.29003420
      2.29040637
      2.29081033
      2.29123930
      2.29168769
      2.29215083
      2.29262489
      2.29310674
      2.29359382
      2.29408406
      2.29457580
      2.29506770
      2.29555872
      2.29604805
      2.29653504
      2.29701923
      2.29750027
      2.29797790
      2.29845195
      2.29892232
      2.29938896
      2.29985186
      2.30031102
      2.30076650
      2.30121836
      2.30166666
      2.30211150
      2.30255295
      2.30299113
      2.30342611
      2.30385801
      2.30428692
      2.30471294
      2.30513616
      2.30555668
      2.30597458
      2.30638996
      2.30680291
      2.30721349
      2.30762181
      2.30802793
      2.30843192
      2.30883387
      2.30923384
      2.30963190
      2.31002811
      2.31042254
      2.31081524
      2.31120628
      2.31159571
      2.31198358
      2.31236994
      2.31275485
      2.31313836
      2.31352050
      2.31390134
      2.31428090
      2.31465924
      2.31503639
      2.31541239
      2.31578728
      2.31616110
      2.31653388
      2.31690567
      2.31727648
      2.31764636
      2.31801534
      2.31838344
      2.31875070
      2.31911714
      2.31948280
      2.31984770
      2.32021187
      2.32057533
      2.32093811
      2.32130023
      2.32166171
      2.32202259
      2.32238287
      2.32274259
      2.32310177
      2.32346041
      2.32381856
      2.32417621
      2.32453340
      2.32489015
      2.32524646
      2.32560236
      2.32595787
      2.32631300
      2.32666777
      2.32702219
      2.32737629
      2.32773007
      2.32808355
      2.32843675
      2.32878967
      2.32914234
      2.32949477
      2.32984697
      2.33019896
      2.33055074
      2.33090233
      2.33125375
      2.33160500
      2.33195610
      2.33230705
      2.33265788
      2.33300858
      2.33335918
      2.33370968
      2.33406009
      2.33441043
      2.33476070
      2.33511091
      2.33546108
      2.33581122
      2.33616132
      2.33651141
      2.33686150
      2.33721158
      2.33756167
      2.33791179
      2.33826193
      2.33861210
      2.33896233
      2.33931260
      2.33966294
      2.34001335
      2.34036384
      2.34071441
      2.34106508
      2.34141585
      2.34176673
      2.34211772
      2.34246884
      2.34282010
      2.34317149
      2.34352303
      2.34387473
      2.34422658
      2.34457861
      2.34493081
      2.34528320
      2.34563577
      2.34598854
      2.34634152
      2.34669470
      2.34704811
      2.34740174
      2.34775560
      2.34810970
      2.34846404
      2.34881863
      2.34917349
      2.34952860
      2.34988399
      2.35023966
      2.35059561
      2.35095185
      2.35130839
      2.35166524
      2.35202240
      2.35237987
      2.35273767
      2.35309580
      2.35345427
      2.35381308
      2.35417224
      2.35453177
      2.35489165
      2.35525191
      2.35561254
      2.35597356
      2.35633498
      2.35669679
      2.35705900
      2.35742163
      2.35778468
      2.35814815
      2.35851206
      2.35887640
      2.35924120
      2.35960645
      2.35997216
      2.36033834
      2.36070500
      2.36107215
      2.36143978
      2.36180792
      2.36217656
      2.36254572
      2.36291541
      2.36328562
      2.36365637
      2.36402767
      2.36439953
      2.36477195
      2.36514495
      2.36551852
      2.36589269
      2.36626745
      2.36664282
      2.36701881
      2.36739543
      2.36777268
      2.36815057
      2.36852913
      2.36890834
      2.36928823
      2.36966881
      2.37005007
      2.37043205
      2.37081474
      2.37119816
      2.37158231
      2.37196722
      2.37235288
      2.37273932
      2.37312654
      2.37351456
      2.37390339
      2.37429303
      2.37468351
      2.37507484
      2.37546702
      2.37586008
      2.37625403
      2.37664888
      2.37704464
      2.37744133
      2.37783897
      2.37823757
      2.37863714
      2.37903771
      2.37943929
      2.37984189
      2.38024553
      2.38065023
      2.38105601
      2.38146288
      2.38187087
      2.38227999
      2.38269027
      2.38310172
      2.38351436
      2.38392822
      2.38434331
      2.38475966
      2.38517729
      2.38559623
      2.38601649
      2.38643810
      2.38686110
      2.38728549
      2.38771132
      2.38813860
      2.38856736
      2.38899764
      2.38942946
      2.38986285
      2.39029785
      2.39073448
      2.39117278
      2.39161278
      2.39205452
      2.39249803
      2.39294334
      2.39339051
      2.39383956
      2.39429054
      2.39474348
      2.39519843
      2.39565544
      2.39611455
      2.39657580
      2.39703925
      2.39750495
      2.39797294
      2.39844328
      2.39891603
      2.39939124
      2.39986897
      2.40034928
      2.40083224
      2.40131791
      2.40180636
      2.40229766
      2.40279188
      2.40328910
      2.40378939
      2.40429284
      2.40479954
      2.40530957
      2.40582302
      2.40633998
      2.40686057
      2.40738488
      2.40791302
      2.40844510
      2.40898125
      2.40952159
      2.41006624
      2.41061535
      2.41116905
      2.41172751
      2.41229089
      2.41285935
      2.41343308
      2.41401227
      2.41459713
      2.41518788
      2.41578478
      2.41638807
      2.41699805
      2.41761503
      2.41823936
      2.41887142
      2.41951165
      2.42016052
      2.42081858
      2.42148644
      2.42216482
      2.42285452
      2.42355648
      2.42427177
      2.42500165
      2.42574758
      2.42651128
      2.42729475
      2.42810033
      2.42893079
      2.42978938
      2.43067993
      2.43160692
      2.43257563
      2.43359229
      2.43466418
      2.43579983
      2.43700925
      2.43830410
      2.43969799
      2.44120673
      2.44284866
      2.44464500
      2.44662020
      2.44880236
      2.45122367
      2.45392089
      2.45693578
      2.46031564
      2.46411382
      2.46839017
      2.47321160
      2.47865244
      2.48479491
      2.49172937
      2.49955460
      2.50837785
      2.51831480
      2.52948933
      2.54203306
      2.55608468
      2.57178909
      2.58929618
      2.60875950
      2.63033455
      2.65417695
      2.68044042
      2.70927455
      2.74082251
      2.77521874
      2.81258661
      2.85303608
      2.89666144
      2.94353914
      2.99372554
      3.04725463
      3.10413559
     -3.11883524
     -3.05533628
     -2.98863607
     -2.91885590
     -2.84615902
     -2.77075403
     -2.69289689
     -2.61289034
     -2.53107961
     -2.44784289
     -2.36357605
     -2.27867122
     -2.19349036
     -2.10833574
     -2.02342006
     -1.93883914
     -1.85454940
     -1.77035082
     -1.68587408
     -1.60056830
     -1.51368350
     -1.42423984
     -1.33097372
     -1.23224886
     -1.12591826
     -1.00912392
     -0.87803352
     -0.72756615
     -0.55132711
     -0.34238536
     -0.09615179
      0.18381808
      0.48082722
      0.76985854
      1.03152329
      1.25985698
      1.45887285
      1.63642130
      1.80075968
      1.95964585
      2.12066840
      2.29212699
      2.48425200
      2.71049009
      2.98729344
     -2.95621346
      0.00000000
