      0.00000000
      0.00000000
      0.00000000
      0.00000000
      0.00000000
      0.00000000
      0.00000000
      0.00000000
      0.00000000
      0.00000000
      0.00000000
      0.00000000
      0.00000000
      0.00000000
      0.00000000
      0.00000000
      0.00000001
      0.00000007
      0.00000072
      0.00000626
      0.00004392
      0.00021249
      0.00061848
      0.00111833
      0.00150762
      0.00177116
      0.00196727
      0.00213042
      0.00226187
      0.00234830
      0.00238734
      0.00239938
      0.00241377
      0.00245111
      0.00251653
      0.00260090
      0.00268562
      0.00275112
      0.00278805
      0.00280320
      0.00281367
      0.00283528
      0.00287523
      0.00293065
      0.00299136
      0.00304507
      0.00308384
      0.00310841
      0.00312700
      0.00314976
      0.00318320
      0.00322744
      0.00327678
      0.00332281
      0.00335908
      0.00338489
      0.00340561
      0.00342935
      0.00346229
      0.00350532
      0.00355335
      0.00359757
      0.00363036
      0.00365027
      0.00366355
      0.00368092
      0.00371171
      0.00375872
      0.00381559
      0.00386840
      0.00390254
      0.00391227
      0.00390601
      0.00390222
      0.00391962
      0.00396807
      0.00404231
      0.00412030
      0.00417090
      0.00417332
      0.00413462
      0.00408629
      0.00406503
      0.00409603
      0.00418310
      0.00430108
      0.00439568
      0.00441052
      0.00433537
      0.00421761
      0.00412212
      0.00409628
      0.00416006
      0.00429948
      0.00445271
      0.00451871
      0.00443601
      0.00425311
      0.00406953
      0.00395632
      0.00394458
      0.00403376
      0.00418363
      0.00429848
      0.00427034
      0.00410063
      0.00389217
      0.00372978
      0.00364872
      0.00365156
      0.00371482
      0.00378781
      0.00380409
      0.00373184
      0.00360829
      0.00348728
      0.00340279
      0.00336480
      0.00335867
      0.00335446
      0.00333779
      0.00332378
      0.00331246
      0.00328529
      0.00324759
      0.00321674
      0.00319197
      0.00315047
      0.00308402
      0.00304667
      0.00308408
      0.00314172
      0.00316693
      0.00316532
      0.00314999
      0.00310918
      0.00302481
      0.00293868
      0.00294930
      0.00304652
      0.00312989
      0.00316541
      0.00316928
      0.00314487
      0.00307250
      0.00296075
      0.00290851
      0.00298847
      0.00311054
      0.00318582
      0.00321276
      0.00320722
      0.00315915
      0.00305392
      0.00294912
      0.00296703
      0.00309402
      0.00320650
      0.00326065
      0.00327334
      0.00324939
      0.00316969
      0.00304630
      0.00298934
      0.00307884
      0.00321548
      0.00330132
      0.00333375
      0.00332976
      0.00327967
      0.00316897
      0.00305827
      0.00307619
      0.00320891
      0.00332675
      0.00338364
      0.00339708
      0.00337248
      0.00329051
      0.00316311
      0.00310287
      0.00319296
      0.00333189
      0.00341889
      0.00345122
      0.00344657
      0.00339536
      0.00328247
      0.00316832
      0.00318397
      0.00331686
      0.00343511
      0.00349151
      0.00350403
      0.00347851
      0.00339534
      0.00326550
      0.00320191
      0.00329030
      0.00342906
      0.00351557
      0.00354689
      0.00354119
      0.00348912
      0.00337481
      0.00325765
      0.00327016
      0.00340191
      0.00351975
      0.00357527
      0.00358666
      0.00356022
      0.00347622
      0.00334439
      0.00327723
      0.00336310
      0.00350117
      0.00358706
      0.00361732
      0.00361058
      0.00355778
      0.00344239
      0.00332237
      0.00333125
      0.00346135
      0.00357869
      0.00363340
      0.00364369
      0.00361639
      0.00353173
      0.00339818
      0.00332735
      0.00341022
      0.00354737
      0.00363272
      0.00366201
      0.00365425
      0.00360079
      0.00348455
      0.00336181
      0.00336677
      0.00349489
      0.00361169
      0.00366569
      0.00367494
      0.00364680
      0.00356159
      0.00342655
      0.00335203
      0.00343156
      0.00356763
      0.00365249
      0.00368088
      0.00367212
      0.00361803
      0.00350109
      0.00337582
      0.00337673
      0.00350258
      0.00361879
      0.00367213
      0.00368038
      0.00365139
      0.00356569
      0.00342936
      0.00335127
      0.00342723
      0.00356203
      0.00364639
      0.00367393
      0.00366417
      0.00360943
      0.00349189
      0.00336434
      0.00336119
      0.00348452
      0.00360004
      0.00365275
      0.00366000
      0.00363011
      0.00354392
      0.00340650
      0.00332505
      0.00339735
      0.00353066
      0.00361447
      0.00364116
      0.00363037
      0.00357491
      0.00345684
      0.00332729
      0.00332022
      0.00344086
      0.00355552
      0.00360757
      0.00361380
      0.00358294
      0.00349621
      0.00335787
      0.00327341
      0.00334204
      0.00347364
      0.00355680
      0.00358262
      0.00357073
      0.00351447
      0.00339590
      0.00326469
      0.00325400
      0.00337178
      0.00348537
      0.00353667
      0.00354186
      0.00350995
      0.00342261
      0.00328359
      0.00319660
      0.00326167
      0.00339129
      0.00347360
      0.00349851
      0.00348550
      0.00342836
      0.00330941
      0.00317708
      0.00316324
      0.00327802
      0.00339018
      0.00344062
      0.00344478
      0.00341187
      0.00332409
      0.00318495
      0.00309630
      0.00315801
      0.00328517
      0.00336627
      0.00339026
      0.00337637
      0.00331884
      0.00320043
      0.00306840
      0.00305231
      0.00316358
      0.00327348
      0.00332280
      0.00332636
      0.00329352
      0.00320716
      0.00307065
      0.00298278
      0.00304113
      0.00316409
      0.00324283
      0.00326624
      0.00325335
      0.00319904
      0.00308669
      0.00296104
      0.00294508
      0.00305006
      0.00315413
      0.00320137
      0.00320680
      0.00318023
      0.00310572
      0.00298533
      0.00290790
      0.00296109
      0.00307144
      0.00314229
      0.00316638
      0.00316339
      0.00312978
      0.00304951
      0.00295632
      0.00294799
      0.00303248
      0.00311391
      0.00315339
      0.00316969
      0.00317449
      0.00315473
      0.00310432
      0.00307235
      0.00310862
      0.00316968
      0.00320718
      0.00323172
      0.00326626
      0.00331160
      0.00334999
      0.00337209
      0.00338820
      0.00339727
      0.00339275
      0.00339490
      0.00343459
      0.00352610
      0.00365887
      0.00379568
      0.00387424
      0.00385196
      0.00376734
      0.00369537
      0.00368930
      0.00377176
      0.00393850
      0.00415157
      0.00432242
      0.00434706
      0.00422676
      0.00407187
      0.00397892
      0.00398759
      0.00409692
      0.00427412
      0.00444796
      0.00452309
      0.00445598
      0.00430634
      0.00417029
      0.00410684
      0.00412902
      0.00421669
      0.00432379
      0.00438958
      0.00437178
      0.00428110
      0.00416947
      0.00408667
      0.00405574
      0.00407262
      0.00411345
      0.00414450
      0.00413801
      0.00408869
      0.00401559
      0.00394638
      0.00390037
      0.00388165
      0.00388084
      0.00388118
      0.00386707
      0.00383231
      0.00378264
      0.00373064
      0.00368749
      0.00365748
      0.00363719
      0.00361842
      0.00359307
      0.00355779
      0.00351546
      0.00347276
      0.00343571
      0.00340619
      0.00338103
      0.00335405
      0.00331989
      0.00327756
      0.00323136
      0.00318831
      0.00315398
      0.00312906
      0.00310828
      0.00308257
      0.00304409
      0.00299167
      0.00293237
      0.00287776
      0.00283782
      0.00281558
      0.00280426
      0.00278848
      0.00275145
      0.00268631
      0.00260210
      0.00251809
      0.00245276
      0.00241532
      0.00240074
      0.00238857
      0.00234949
      0.00226312
      0.00213171
      0.00196853
      0.00177235
      0.00150881
      0.00111956
      0.00061955
      0.00021305
      0.00004407
      0.00000628
      0.00000072
      0.00000007
      0.00000001
      0.00000000
      0.00000000
      0.00000000
      0.00000000
      0.00000000
      0.00000000
      0.00000000
      0.00000000
      0.00000000
      0.00000000
      0.00000000
      0.00000000
      0.00000000
      0.00000000
      0.00000000
      0.00000000
