      0.00000000
      0.00000000
      0.00000000
      0.00000000
      0.00000000
      0.00000000
      0.00000000
      0.00000000
      0.00000000
      0.00000000
      0.00000000
      0.00000000
      0.00000000
      0.00000000
      0.00000000
      0.00000000
      0.00000001
      0.00000005
      0.00000048
      0.00000386
      0.00002523
      0.00011611
      0.00032259
      0.00054329
      0.00064445
      0.00060660
      0.00046476
      0.00026738
      0.00009037
      0.00002183
      0.00008337
      0.00020267
      0.00029234
      0.00031092
      0.00025958
      0.00016465
      0.00006887
      0.00001751
      0.00003130
      0.00009074
      0.00015428
      0.00018851
      0.00018206
      0.00014371
      0.00009548
      0.00006271
      0.00006112
      0.00008777
      0.00012454
      0.00015082
      0.00015470
      0.00013701
      0.00010948
      0.00008860
      0.00008681
      0.00010503
      0.00013242
      0.00015335
      0.00015633
      0.00013977
      0.00011314
      0.00009287
      0.00009337
      0.00011750
      0.00015379
      0.00018288
      0.00018795
      0.00016349
      0.00011986
      0.00008149
      0.00007505
      0.00011144
      0.00017606
      0.00023700
      0.00026242
      0.00023475
      0.00016050
      0.00007560
      0.00003483
      0.00007634
      0.00018802
      0.00031556
      0.00039883
      0.00039708
      0.00029990
      0.00014262
      0.00001697
      0.00002643
      0.00019031
      0.00042234
      0.00061370
      0.00069288
      0.00062587
      0.00042076
      0.00017220
      0.00007092
      0.00024181
      0.00058540
      0.00091300
      0.00111422
      0.00114884
      0.00100058
      0.00070758
      0.00045764
      0.00051658
      0.00088182
      0.00129544
      0.00158628
      0.00171937
      0.00169013
      0.00149504
      0.00121716
      0.00111039
      0.00134329
      0.00172488
      0.00202699
      0.00219465
      0.00224004
      0.00216001
      0.00196376
      0.00178271
      0.00183734
      0.00210729
      0.00237402
      0.00253804
      0.00260816
      0.00259375
      0.00248340
      0.00231364
      0.00224584
      0.00239020
      0.00261136
      0.00276842
      0.00284548
      0.00286063
      0.00280752
      0.00267915
      0.00255518
      0.00258670
      0.00275693
      0.00291452
      0.00300073
      0.00303097
      0.00301181
      0.00292661
      0.00279402
      0.00273658
      0.00284082
      0.00299878
      0.00310276
      0.00314705
      0.00314888
      0.00309950
      0.00298656
      0.00287506
      0.00289748
      0.00303880
      0.00316566
      0.00322965
      0.00324765
      0.00322519
      0.00314371
      0.00301706
      0.00295943
      0.00305326
      0.00319611
      0.00328688
      0.00332235
      0.00331981
      0.00326982
      0.00315820
      0.00304666
      0.00306535
      0.00320024
      0.00332021
      0.00337856
      0.00339287
      0.00336867
      0.00328670
      0.00315909
      0.00309887
      0.00318949
      0.00332912
      0.00341665
      0.00344935
      0.00344498
      0.00339399
      0.00328124
      0.00316719
      0.00318294
      0.00331591
      0.00343420
      0.00349064
      0.00350325
      0.00347792
      0.00339500
      0.00326540
      0.00320193
      0.00329025
      0.00342883
      0.00351518
      0.00354643
      0.00354082
      0.00348898
      0.00337497
      0.00325805
      0.00327055
      0.00340207
      0.00351964
      0.00357498
      0.00358635
      0.00356006
      0.00347634
      0.00334482
      0.00327781
      0.00336352
      0.00350128
      0.00358691
      0.00361704
      0.00361036
      0.00355778
      0.00344272
      0.00332296
      0.00333183
      0.00346166
      0.00357867
      0.00363317
      0.00364343
      0.00361627
      0.00353190
      0.00339867
      0.00332799
      0.00341069
      0.00354752
      0.00363259
      0.00366174
      0.00365404
      0.00360080
      0.00348489
      0.00336242
      0.00336737
      0.00349521
      0.00361169
      0.00366546
      0.00367467
      0.00364668
      0.00356176
      0.00342705
      0.00335268
      0.00343205
      0.00356779
      0.00365235
      0.00368060
      0.00367190
      0.00361804
      0.00350142
      0.00337643
      0.00337734
      0.00350291
      0.00361879
      0.00367191
      0.00368011
      0.00365126
      0.00356585
      0.00342985
      0.00335192
      0.00342773
      0.00356219
      0.00364626
      0.00367366
      0.00366394
      0.00360943
      0.00349222
      0.00336494
      0.00336180
      0.00348486
      0.00360005
      0.00365253
      0.00365973
      0.00362998
      0.00354407
      0.00340698
      0.00332569
      0.00339784
      0.00353083
      0.00361435
      0.00364090
      0.00363014
      0.00357490
      0.00345715
      0.00332787
      0.00332081
      0.00344118
      0.00355552
      0.00360734
      0.00361352
      0.00358279
      0.00349632
      0.00335829
      0.00327398
      0.00334246
      0.00347376
      0.00355663
      0.00358230
      0.00357043
      0.00351434
      0.00339605
      0.00326506
      0.00325436
      0.00337191
      0.00348520
      0.00353628
      0.00354138
      0.00350952
      0.00342233
      0.00328347
      0.00319655
      0.00326149
      0.00339088
      0.00347294
      0.00349766
      0.00348453
      0.00342733
      0.00330830
      0.00317584
      0.00316189
      0.00327659
      0.00338862
      0.00343884
      0.00344269
      0.00340935
      0.00332094
      0.00318098
      0.00309172
      0.00315342
      0.00328086
      0.00336199
      0.00338554
      0.00337067
      0.00331147
      0.00319063
      0.00305615
      0.00303922
      0.00315147
      0.00326244
      0.00331166
      0.00331359
      0.00327732
      0.00318540
      0.00304193
      0.00294927
      0.00300845
      0.00313510
      0.00321583
      0.00323758
      0.00321873
      0.00315341
      0.00302501
      0.00288348
      0.00286270
      0.00297527
      0.00308793
      0.00313659
      0.00313380
      0.00308791
      0.00298152
      0.00282144
      0.00271751
      0.00277690
      0.00291043
      0.00299541
      0.00301361
      0.00298141
      0.00289179
      0.00272977
      0.00255679
      0.00252657
      0.00265330
      0.00278308
      0.00283592
      0.00281866
      0.00273711
      0.00257303
      0.00234457
      0.00219791
      0.00226945
      0.00244373
      0.00255611
      0.00256927
      0.00249415
      0.00232098
      0.00204248
      0.00176434
      0.00171126
      0.00189974
      0.00210214
      0.00218398
      0.00213520
      0.00195890
      0.00164459
      0.00125305
      0.00101925
      0.00113236
      0.00141751
      0.00161753
      0.00164771
      0.00151150
      0.00121608
      0.00080209
      0.00044394
      0.00039150
      0.00064089
      0.00093187
      0.00108016
      0.00104716
      0.00085012
      0.00053279
      0.00020625
      0.00004880
      0.00014821
      0.00038521
      0.00058099
      0.00064529
      0.00057006
      0.00038951
      0.00017387
      0.00002489
      0.00001897
      0.00013589
      0.00028093
      0.00037019
      0.00037104
      0.00029385
      0.00017762
      0.00007789
      0.00004246
      0.00008013
      0.00015595
      0.00022123
      0.00024443
      0.00022066
      0.00016683
      0.00011174
      0.00008244
      0.00008953
      0.00012200
      0.00015678
      0.00017413
      0.00016713
      0.00014253
      0.00011547
      0.00010085
      0.00010477
      0.00012155
      0.00013828
      0.00014341
      0.00013330
      0.00011394
      0.00009745
      0.00009477
      0.00010834
      0.00012999
      0.00014574
      0.00014392
      0.00012203
      0.00008959
      0.00006508
      0.00006581
      0.00009572
      0.00014102
      0.00017783
      0.00018445
      0.00015166
      0.00009005
      0.00003202
      0.00001837
      0.00006871
      0.00016318
      0.00025730
      0.00030853
      0.00029034
      0.00020132
      0.00008263
      0.00002124
      0.00008940
      0.00026594
      0.00046320
      0.00060527
      0.00064357
      0.00054295
      0.00032267
      0.00011626
      0.00002528
      0.00000387
      0.00000048
      0.00000005
      0.00000001
      0.00000000
      0.00000000
      0.00000000
      0.00000000
      0.00000000
      0.00000000
      0.00000000
      0.00000000
      0.00000000
      0.00000000
      0.00000000
      0.00000000
      0.00000000
      0.00000000
      0.00000000
      0.00000000
