      0.00000000
      0.07967059
      0.50683551
      0.97732684
      1.43518349
      1.83846130
      2.20575283
      2.56389415
      2.93075552
     -2.96598785
     -2.55868160
     -2.14123107
     -1.73033708
     -1.33696613
     -0.96074381
     -0.59271947
     -0.22049505
      0.16691282
      0.57374595
      0.99315269
      1.40870767
      1.80226819
      2.16133496
      2.48549727
      2.78763760
      3.08743710
     -2.87778674
     -2.52747625
     -2.14351617
     -1.73961995
     -1.33777649
     -0.95500356
     -0.59483597
     -0.24899493
      0.09554345
      0.44966289
      0.81780763
      1.19697594
      1.57917636
      1.95623404
      2.32408029
      2.68402740
      3.04099932
     -2.88275248
     -2.51759278
     -2.14684033
     -1.77346308
     -1.40133650
     -1.03307970
     -0.66886812
     -0.30671645
      0.05616904
      0.42181490
      0.79047613
      1.16065346
      1.53007094
      1.89703591
      2.26139406
      2.62456547
      2.98869175
     -2.92780566
     -2.55846898
     -2.18806417
     -1.81899882
     -1.45310436
     -1.09047678
     -0.72924622
     -0.36645218
      0.00035743
      0.37158760
      0.74502354
      1.11676514
      1.48333040
      1.84375482
      2.20046054
      2.55836487
      2.92251783
     -2.98795909
     -2.60902830
     -2.23028529
     -1.85897225
     -1.49901869
     -1.14851822
     -0.80012588
     -0.44418273
     -0.07355966
      0.31167642
      0.70275872
      1.08619207
      1.45146280
      1.79715153
      2.13203771
      2.47161876
      2.83145706
     -3.06441594
     -2.65737224
     -2.25172271
     -1.86971707
     -1.52112939
     -1.19875692
     -0.88229161
     -0.54611137
     -0.16995288
      0.24800926
      0.68324685
      1.09691853
      1.46323893
      1.78308319
      2.07863290
      2.38300171
      2.72982441
      3.13889331
     -2.68672029
     -2.23214696
     -1.83149625
     -1.49783730
     -1.21070279
     -0.93337852
     -0.62435502
     -0.24777072
      0.20614399
      0.69403814
      1.13986214
      1.50446181
      1.80019669
      2.06418920
      2.34103728
      2.67491424
      3.09668554
     -2.69140389
     -2.20233151
     -1.79326536
     -1.47202311
     -1.20536304
     -0.94806259
     -0.65295659
     -0.27770116
      0.19317688
      0.70676547
      1.16546233
      1.52659961
      1.81126947
      2.06314498
      2.33015932
      2.65923894
      3.08508252
     -2.68980076
     -2.18933021
     -1.77865709
     -1.46213175
     -1.20188491
     -0.95037760
     -0.65920852
     -0.28449080
      0.19087432
      0.71133795
      1.17320338
      1.53321751
      1.81499330
      2.06382558
      2.32837059
      2.65611588
      3.08260026
     -2.68949381
     -2.18644000
     -1.77524981
     -1.45962347
     -1.20075184
     -0.95061732
     -0.66056283
     -0.28638487
      0.18944717
      0.71119845
      1.17403166
      1.53422170
      1.81563254
      2.06382222
      2.32759698
      2.65457494
      3.08053921
     -2.69142273
     -2.18761343
     -1.77571544
     -1.45979308
     -1.20103445
     -0.95134666
     -0.66200270
     -0.28867804
      0.18652393
      0.70846833
      1.17215082
      1.53310228
      1.81484782
      2.06291514
      2.32614740
      2.65222773
      3.07716248
     -2.69527888
     -2.19085498
     -1.77790718
     -1.46123627
     -1.20224798
     -0.95285698
     -0.66430001
     -0.29213337
      0.18203410
      0.70401818
      1.16877674
      1.53083864
      1.81319727
      2.06128024
      2.32394251
      2.64892745
      3.07252397
     -2.70059713
     -2.19544257
     -1.78115813
     -1.46348152
     -1.20411118
     -0.95499242
     -0.66733423
     -0.29655377
      0.17635274
      0.69836576
      1.16441068
      1.52782232
      1.81096217
      2.05913038
      2.32118363
      2.64492702
      3.06698191
     -2.70692783
     -2.20093769
     -1.78511377
     -1.46625943
     -1.20640658
     -0.95754305
     -0.67085520
     -0.30160691
      0.16989665
      0.69193620
      1.15940641
      1.52432451
      1.80835905
      2.05666633
      2.31809765
      2.64051933
      3.06091452
     -2.71385112
     -2.20696776
     -1.78948476
     -1.46934576
     -1.20893958
     -0.96030498
     -0.67461083
     -0.30696214
      0.16306580
      0.68512283
      1.15408321
      1.52058878
      1.80558576
      2.05407732
      2.31490310
      2.63598737
      3.05468476
     -2.72096652
     -2.21317891
     -1.79399740
     -1.47252829
     -1.21152487
     -0.96308271
     -0.67835878
     -0.31230169
      0.15624597
      0.67830819
      1.14875296
      1.51685279
      1.80283503
      2.05154733
      2.31181205
      2.63160550
      3.04864579
     -2.72787980
     -2.21921872
     -1.79837815
     -1.47559543
     -1.21397852
     -0.96568309
     -0.68186051
     -0.31731257
      0.14982050
      0.67187789
      1.14373276
      1.51335838
      1.80030224
      2.04926202
      2.30903759
      2.62764873
      3.04315289
     -2.73418988
     -2.22472463
     -1.80234460
     -1.47832893
     -1.21611104
     -0.96790737
     -0.68487097
     -0.32167356
      0.14418421
      0.66623205
      1.13935257
      1.51035704
      1.79819130
      2.04741684
      2.30680576
      2.62440902
      3.03858131
     -2.73947580
     -2.22931934
     -1.80560531
     -1.48050263
     -1.21772111
     -0.96953685
     -0.68711508
     -0.32502622
      0.13976525
      0.66178637
      1.13594114
      1.50809579
      1.79671123
      2.04623157
      2.30539192
      2.62224969
      3.03537732
     -2.74328760
     -2.23265240
     -1.80791694
     -1.48192129
     -1.21859546
     -0.97028167
     -0.68818487
     -0.32685024
      0.13708979
      0.65890332
      1.13367113
      1.50667396
      1.79600901
      2.04599607
      2.30529556
      2.62187933
      3.03429648
     -2.74516815
     -2.23472044
     -1.80948499
     -1.48270314
     -1.21856203
     -0.96954470
     -0.68702206
     -0.32584034
      0.13705929
      0.65743572
      1.13164502
      1.50520296
      1.79573946
      2.04722741
      2.30804514
      2.62562928
      3.03747238
     -2.74486592
     -2.23750711
     -1.81297824
     -1.48472890
     -1.21787539
     -0.96551928
     -0.67983528
     -0.31747061
      0.14186969
      0.65468146
      1.12402903
      1.49823031
      1.79310343
      2.05092712
      2.31871155
      2.64133385
      3.05124328
     -2.74360562
     -2.25049107
     -1.83023384
     -1.49668830
     -1.21914025
     -0.95371045
     -0.65624665
     -0.29048716
      0.15470442
      0.64003527
      1.09149439
      1.46729995
      1.77715303
      2.05635124
      2.34572912
      2.68102300
      3.08141703
     -2.74990811
     -2.29584147
     -1.88864378
     -1.54140209
     -1.23498379
     -0.93675356
     -0.61474532
     -0.24800458
      0.16364305
      0.59529573
      1.01034173
      1.38578042
      1.72337280
      2.04239763
      2.36723042
      2.71700878
      3.09822552
     -2.78179230
     -2.37754541
     -1.99180720
     -1.63169399
     -1.29040773
     -0.95337374
     -0.60615146
     -0.24069311
      0.14150575
      0.53062240
      0.91424736
      1.28440912
      1.64113256
      1.99101882
      2.34292873
      2.70351511
      3.07440018
     -2.83126346
     -2.45366255
     -2.08168394
     -1.71732169
     -1.35843809
     -1.00052356
     -0.63929009
     -0.27273285
      0.09818941
      0.47043586
      0.84075516
      1.20743660
      1.57097711
      1.93346133
      2.29719771
      2.66343593
      3.03182206
     -2.88237536
     -2.51446398
     -2.14839797
     -1.78363468
     -1.41875423
     -1.05242673
     -0.68431883
     -0.31538014
      0.05270423
      0.41860150
      0.78229914
      1.14533093
      1.51004730
      1.87824077
      2.24984959
      2.62257785
      2.99288883
     -2.92519434
     -2.56548010
     -2.20808964
     -1.84781761
     -1.47989246
     -1.10301445
     -0.72113034
     -0.34223552
      0.02580624
      0.38000737
      0.72473167
      1.07074761
      1.43098399
      1.81368303
      2.21535349
      2.61908298
      3.00297362
     -2.92986119
     -2.61180114
     -2.31190649
     -2.00971450
     -1.68555601
     -1.32653598
     -0.93303245
     -0.51751552
     -0.09811019
      0.30875299
      0.69619919
      1.06844814
      1.43647242
      1.81267063
      2.20600490
      2.61687156
      3.03432517
     -2.84152025
     -2.45503612
     -2.08814839
     -1.73001179
     -1.36276524
     -0.95957265
     -0.50178727
     -0.03126983
      0.39596604
      0.00000000
