      0.00000000
      2.51465542
      2.08687147
      1.61487702
      1.15564731
      0.75209288
      0.38537831
      0.02820096
     -0.33776483
     -0.72400003
     -1.13237692
     -1.55200227
     -1.96489097
     -2.35858274
     -2.73277668
     -3.09682853
      2.81835476
      2.43194413
      2.01829578
      1.58298563
      1.15045439
      0.75459098
      0.42310623
      0.16480725
     -0.03065713
     -0.18194646
     -0.31447256
     -0.46881724
     -0.76511376
     -1.91495064
     -2.97727571
      3.06049655
      2.97577694
      2.95477311
      2.97876958
      3.05690974
     -3.02472419
     -2.30111174
     -1.05617682
     -0.65404284
     -0.47310264
     -0.33058190
     -0.17576247
      0.02794836
      0.33704544
      0.83419766
      1.46822590
      1.97661549
      2.31689705
      2.57633080
      2.81748495
      3.08428408
     -2.86368058
     -2.42636229
     -1.92276351
     -1.46583564
     -1.10625482
     -0.81473695
     -0.54744903
     -0.26287578
      0.08403229
      0.53156017
      1.04485898
      1.50267297
      1.85097298
      2.12099741
      2.35718966
      2.60209985
      2.91257505
     -2.90537295
     -2.26929824
     -1.71889830
     -1.37218740
     -1.14681804
     -0.97603712
     -0.81934323
     -0.63132987
     -0.29432629
      0.56082945
      1.47322516
      1.81798701
      1.97204544
      2.06088860
      2.11845143
      2.15733739
      2.19032065
      2.30021829
     -1.14543066
     -1.07373789
     -1.07127522
     -1.08474061
     -1.11634141
     -1.18108840
     -1.31481954
     -1.65080389
     -2.76824104
      2.58679768
      2.29642534
      2.14760100
      2.03196800
      1.90322972
      1.71669311
      1.39702986
      0.80169625
      0.00773325
     -0.52589921
     -0.82532993
     -1.02668221
     -1.20347352
     -1.40841917
     -1.69725110
     -2.13899139
     -2.74959119
      2.94473922
      2.53011846
      2.24786103
      2.02690184
      1.80981004
      1.54420926
      1.17660393
      0.67277790
      0.10261506
     -0.38103355
     -0.73314040
     -0.99723019
     -1.22841094
     -1.47859215
     -1.79817330
     -2.22918078
     -2.76036585
      3.00191824
      2.58843765
      2.27934779
      2.02877234
      1.78591485
      1.50091699
      1.12759239
      0.64561035
      0.11419045
     -0.35273890
     -0.71112737
     -0.98884163
     -1.23358823
     -1.49491266
     -1.82098466
     -2.24864215
     -2.76406784
      3.01243557
      2.60098267
      2.28694372
      2.02992982
      1.78129076
      1.49211608
      1.11784328
      0.64054373
      0.11695118
     -0.34630170
     -0.70572799
     -0.98616452
     -1.23363757
     -1.49709568
     -1.82423303
     -2.25092389
     -2.76309308
      3.01611493
      2.60489147
      2.28976970
      2.03152719
      1.78195782
      1.49231804
      1.11830719
      0.64228599
      0.12017230
     -0.34276802
     -0.70277250
     -0.98388050
     -1.23176136
     -1.49527257
     -1.82206379
     -2.24795332
     -2.75920963
      3.02015338
      2.60835242
      2.29259993
      2.03403395
      1.78453065
      1.49534468
      1.12214330
      0.64703182
      0.12516679
     -0.33841697
     -0.69924370
     -0.98084656
     -1.22876582
     -1.49185850
     -1.81781413
     -2.24263128
     -2.75325202
      3.02563327
      2.61280416
      2.29625617
      2.03739907
      1.78813985
      1.49970626
      1.12765805
      0.65362092
      0.13177896
     -0.33285035
     -0.69479400
     -0.97703006
     -1.22498489
     -1.48752231
     -1.81238921
     -2.23586148
     -2.74578117
      3.03239281
      2.61823155
      2.30067334
      2.04142796
      1.79243604
      1.50489852
      1.13423707
      0.66146652
      0.13960428
     -0.32630626
     -0.68959908
     -0.97261747
     -1.22065844
     -1.48258709
     -1.80621197
     -2.22814113
     -2.73726917
      3.04007250
      2.62437343
      2.30563805
      2.04591058
      1.79717458
      1.51060827
      1.14147982
      0.67011317
      0.14822594
     -0.31910835
     -0.68390672
     -0.96781912
     -1.21599839
     -1.47730419
     -1.79960655
     -2.21987555
     -2.72814721
      3.04830228
      2.63094504
      2.31092557
      2.05064530
      1.80213891
      1.51656698
      1.14903851
      0.67914752
      0.15724323
     -0.31158046
     -0.67796584
     -0.96284047
     -1.21120373
     -1.47190359
     -1.79286828
     -2.21143957
     -2.71882570
      3.05671999
      2.63766464
      2.31631505
      2.05543744
      1.80712349
      1.52252183
      1.15658478
      0.68817361
      0.16626407
     -0.30404374
     -0.67202349
     -0.95788377
     -1.20646814
     -1.46660719
     -1.78628134
     -2.20319617
     -2.70970868
      3.06496337
      2.64424878
      2.32158507
      2.06009335
      1.81192568
      1.52822504
      1.16379650
      0.69679865
      0.17489266
     -0.29682593
     -0.66633201
     -0.95315443
     -1.20198656
     -1.46163644
     -1.78012846
     -2.19550861
     -2.70120716
      3.07265778
      2.65040248
      2.32650578
      2.06441394
      1.81633962
      1.53342692
      1.17034875
      0.70462082
      0.18271506
     -0.29027505
     -0.66116008
     -0.94886921
     -1.19796085
     -1.45721640
     -1.77469495
     -2.18874794
     -2.69375368
      3.07939650
      2.65580039
      2.33082494
      2.06818689
      1.82015522
      1.53788047
      1.17591843
      0.71122229
      0.18927277
     -0.28479552
     -0.65682418
     -0.94527443
     -1.19460047
     -1.45355742
     -1.77023734
     -2.18327085
     -2.68782379
      3.08467313
      2.66000953
      2.33421270
      2.07117122
      1.82319192
      1.54142243
      1.18028126
      0.71620165
      0.19396327
     -0.28102730
     -0.65385064
     -0.94272972
     -1.19209377
     -1.45070015
     -1.76673386
     -2.17921128
     -2.68399140
      3.08753059
      2.66206438
      2.33595974
      2.07302709
      1.82551877
      1.54447663
      1.18392234
      0.71943048
      0.19554385
     -0.28080414
     -0.65385013
     -0.94216124
     -1.19046046
     -1.44769513
     -1.76254984
     -2.17533378
     -2.68315009
      3.08479916
      2.65832535
      2.33344783
      2.07291140
      1.82844293
      1.55041726
      1.19098347
      0.72236663
      0.18982333
     -0.29161705
     -0.66355208
     -0.94722152
     -1.18912193
     -1.43923733
     -1.74862666
     -2.16369728
     -2.68729811
      3.06335275
      2.63335485
      2.31569282
      2.06741815
      1.83786746
      1.57487250
      1.22242614
      0.73524106
      0.15977606
     -0.34533953
     -0.71064405
     -0.97298841
     -1.18673097
     -1.40437015
     -1.68394312
     -2.09974127
     -2.69930060
      2.96351812
      2.52325239
      2.23987231
      2.04080006
      1.87019469
      1.67592914
      1.38349430
      0.84349904
      0.01293120
     -0.58771620
     -0.89642351
     -1.07250873
     -1.19166113
     -1.29653041
     -1.43009750
     -1.69598836
     -2.67927252
      2.41447984
      2.11444260
      2.00106744
      1.95063669
      1.93258316
      1.93676062
      1.97256253
      2.17741676
     -1.67269266
     -1.41986349
     -1.35114391
     -1.29240246
     -1.21867073
     -1.11216047
     -0.93377660
     -0.55701328
      0.29403294
      1.07422389
      1.42750560
      1.63557799
      1.81069556
      2.00067786
      2.24754522
      2.61159114
     -3.14056942
     -2.56110465
     -2.11742147
     -1.79896654
     -1.53528029
     -1.27439246
     -0.97562533
     -0.60424615
     -0.15589734
      0.30686007
      0.70944431
      1.04301264
      1.34028992
      1.64096811
      1.98414788
      2.39779645
      2.86093890
     -2.98802297
     -2.63275272
     -2.34393430
     -2.08536415
     -1.81414795
     -1.47113611
     -0.98041855
     -0.37654642
      0.11635400
      0.43465166
      0.64716737
      0.80873702
      0.95695853
      1.14403532
      1.55227617
      2.76208437
     -2.79556030
     -2.58682291
     -2.50502440
     -2.47887407
     -2.49830192
     -2.58139676
     -2.82419397
      2.39431197
      1.23796263
      0.94348594
      0.79010684
      0.65812998
      0.50720000
      0.31200553
      0.05392819
     -0.27738476
     -0.67315311
     -1.10567122
     -1.54102740
     -1.95473908
     -2.34119697
     -2.70921713
     -3.07325813
      2.83576604
      2.44211447
      2.02925080
      1.60961655
      1.20120106
      0.81492216
      0.44893140
      0.09176139
     -0.27490567
     -0.67837359
     -1.13753391
     -1.60955903
     -2.03741693
      0.00000000
