      0.00000000
     -1.48392210
     -1.09329710
     -0.70267210
     -0.31204710
      0.07857790
      0.46920290
      0.85982790
      1.25045291
      1.64107791
      2.03170291
      2.42232791
      2.81295292
     -3.07960738
     -2.68898238
     -2.29835737
     -1.90773237
     -1.51710733
     -1.12648198
     -0.73585585
     -0.34526263
      0.04479197
      0.43128527
      0.80758953
      1.16947001
      1.51954686
      1.86620827
      2.22046464
      2.59148124
      2.98076733
     -2.90387181
     -2.51028057
     -2.13162104
     -1.76860854
     -1.41380154
     -1.05545522
     -0.68220808
     -0.28891995
      0.11828011
      0.52410347
      0.91466452
      1.28627346
      1.64556978
      2.00491841
      2.37728641
      2.77047411
     -3.10213377
     -2.68924654
     -2.29067463
     -1.91297213
     -1.55061467
     -1.19093232
     -0.81981042
     -0.42756179
     -0.01555710
      0.40163556
      0.80557987
      1.18742427
      1.55161390
      1.91091893
      2.28027650
      2.67079142
      3.08271520
     -2.78114378
     -2.37411643
     -1.99009352
     -1.62568561
     -1.26828502
     -0.90246996
     -0.51596002
     -0.10684028
      0.31185185
      0.71958456
      1.10380669
      1.46643287
      1.81930527
      2.17779135
      2.55526779
      2.95615942
     -2.91326667
     -2.50716152
     -2.12373805
     -1.76391740
     -1.41791016
     -1.07140445
     -0.71024258
     -0.32610183
      0.07617139
      0.47853719
      0.86289512
      1.22301680
      1.56440403
      1.89877292
      2.23990212
      2.60012886
      2.98360974
     -2.90340590
     -2.51383982
     -2.14456352
     -1.79739145
     -1.46504254
     -1.13550982
     -0.79464178
     -0.43028983
     -0.04209926
      0.35436142
      0.73974308
      1.10352930
      1.44671167
      1.77842492
      2.11241470
      2.46435387
      2.84373514
     -3.04045683
     -2.64190717
     -2.26067286
     -1.90257775
     -1.56265684
     -1.22895421
     -0.88551902
     -0.51738821
     -0.12289966
      0.28169256
      0.67611072
      1.04832919
      1.39805658
      1.73431427
      2.07171165
      2.42723681
      2.81110250
     -3.06830336
     -2.66526123
     -2.28018006
     -1.91928375
     -1.57763719
     -1.24286569
     -0.89834616
     -0.52849659
     -0.13173142
      0.27506037
      0.67117201
      1.04435484
      1.39432953
      1.73037504
      2.06749629
      2.42315952
      2.80787131
     -3.07030887
     -2.66622334
     -2.28062685
     -1.91981948
     -1.57870831
     -1.24464325
     -0.90065631
     -0.53077494
     -0.13335188
      0.27427298
      0.67092993
      1.04415120
      1.39369192
      1.72902300
      2.06540396
      2.42063646
      2.80552609
     -3.07202153
     -2.66731105
     -2.28143960
     -1.92081370
     -1.58024674
     -1.24689975
     -0.90355622
     -0.53390666
     -0.13614970
      0.27207483
      0.66919631
      1.04251325
      1.39175534
      1.72651142
      2.06222037
      2.41694895
      2.80181267
     -3.07530267
     -2.67005350
     -2.28385614
     -1.92326361
     -1.58306288
     -1.25029335
     -0.90755803
     -0.53825177
     -0.14034605
      0.26835192
      0.66593505
      1.03945859
      1.38857275
      1.72292074
      2.05805896
      2.41225923
      2.79695079
     -3.07988730
     -2.67416297
     -2.28758588
     -1.92688743
     -1.58688533
     -1.25455515
     -0.91237882
     -0.54349646
     -0.14559628
      0.26346279
      0.66149881
      1.03532112
      1.38445678
      1.71854891
      2.05321730
      2.40688345
      2.79128457
     -3.08541404
     -2.67928025
     -2.29228758
     -1.93136766
     -1.59141644
     -1.25939590
     -0.91772010
     -0.54931716
     -0.15155398
      0.25775908
      0.65622624
      1.03041654
      1.37970065
      1.71367531
      2.04797587
      2.40112132
      2.78514026
     -3.09154290
     -2.68507118
     -2.29764695
     -1.93641361
     -1.59638343
     -1.26454857
     -0.92330335
     -0.55540944
     -0.15789308
      0.25156971
      0.65043154
      1.02503599
      1.37457457
      1.70855880
      2.04259716
      2.39525629
      2.77882800
     -3.09795148
     -2.69122141
     -2.30337619
     -1.94181592
     -1.60203405
     -1.27314752
     -0.94597052
     -0.61130783
     -0.24938065
      0.10953494
      0.44849159
      0.77994540
      1.12030451
      1.48220842
      1.87034196
      2.27719320
      2.68345260
      3.06666820
     -2.86416859
     -2.53023193
     -2.19614539
     -1.84635547
     -1.47144437
     -1.07236361
     -0.66290817
     -0.26566636
      0.10186090
      0.44289411
      0.77473616
      1.11495285
      1.47648068
      1.86418644
      2.27077655
      2.67713089
      3.06079389
     -2.86955545
     -2.53535405
     -2.20127426
     -1.85173742
     -1.47724123
     -1.07855750
     -0.66925406
     -0.27176588
      0.09627132
      0.43773727
      0.76976810
      1.10990818
      1.47112278
      1.85839498
      2.26464422
      2.67098143
      3.05502716
     -2.87479961
     -2.54022726
     -2.20602682
     -1.85663704
     -1.48251005
     -1.08426058
     -0.67521415
     -0.27758954
      0.09092871
      0.43289819
      0.76524240
      1.10543601
      1.46642919
      1.85328308
      2.25911892
      2.66531428
      3.04965131
     -2.87963845
     -2.54459223
     -2.21013212
     -1.86076227
     -1.48693572
     -1.08914331
     -0.68046215
     -0.28283293
      0.08611168
      0.42864436
      0.76143263
      1.10182808
      1.46271524
      1.84918581
      2.25454116
      2.66045582
      3.04496613
     -2.88379113
     -2.54816883
     -2.21329591
     -1.86379627
     -1.49017858
     -1.09285340
     -0.68465145
     -0.28717260
      0.08211875
      0.42526539
      0.75863708
      1.09940263
      1.46032284
      1.84646257
      2.25127193
      2.65674919
      3.04128646
     -2.88696133
     -2.55066027
     -2.21520682
     -1.86540679
     -1.49188842
     -1.09503586
     -0.68744221
     -0.29030074
      0.07922594
      0.42302253
      0.75711847
      1.09843120
      1.45953008
      1.84538586
      2.24955794
      2.65439259
      3.03874974
     -2.88906361
     -2.55201771
     -2.21584815
     -1.86561867
     -1.49215087
     -1.09586113
     -0.68911855
     -0.29264721
      0.07684455
      0.42117450
      0.75597512
      1.09781458
      1.45898558
      1.84430533
      2.24741652
      2.65101570
      3.03453106
     -2.89340131
     -2.55605691
     -2.21965688
     -1.86965653
     -1.49711886
     -1.10244970
     -0.69778467
     -0.30341497
      0.06459914
      0.40813192
      0.74217676
      1.08266070
      1.44152799
      1.82370328
      2.22326775
      2.62325882
      3.00370812
     -2.92618952
     -2.59049515
     -2.25662322
     -1.91061156
     -1.54316678
     -1.15341650
     -0.75233236
     -0.35967607
      0.00907343
      0.35465534
      0.68978659
      1.02941868
      1.38617424
      1.76701797
      2.16827596
      2.57367092
      2.96317502
     -2.95497412
     -2.60752868
     -2.26319467
     -1.90697032
     -1.52773220
     -1.12381263
     -0.70776846
     -0.30093948
      0.08252759
      0.44462135
      0.79848248
      1.16025784
      1.54316861
      1.95123195
      2.37364350
      2.78916434
     -3.10109691
     -2.73066899
     -2.37050301
     -2.00431808
     -1.61838554
     -1.20823645
     -0.78422207
     -0.36699845
      0.02805081
      0.40072270
      0.76267408
      1.12975918
      1.51547575
      1.92430530
      2.34643244
      2.76214418
     -3.12663024
     -2.75409970
     -2.39260112
     -2.02701454
     -1.64420469
     -1.23932232
     -0.82091404
     -0.40740442
     -0.01363647
      0.35873498
      0.71929637
      1.08222421
      1.46032365
      1.85926251
      2.27258879
      2.68368995
      3.07740943
     -2.83296296
     -2.47330236
     -2.11381468
     -1.74208817
     -1.35142695
     -0.94547635
     -0.53810903
     -0.14463608
      0.22877452
      0.58723422
      0.94209963
      1.30513072
      1.68379506
      2.07740507
      2.47600078
      2.86536304
     -3.04672546
     -2.69240991
     -2.34572203
     -1.99564803
     -1.63378763
     -1.25750509
     -0.87102306
     -0.48097089
     -0.09037793
      0.30024818
      0.69087351
      1.08149852
      1.47212351
      1.86274850
      2.25337350
      2.64399849
      3.03462348
     -2.85793683
     -2.46731183
     -2.07668684
     -1.68606184
     -1.29543684
     -0.90481184
     -0.51418685
     -0.12356185
      0.26706315
      0.65768815
      0.00000000
