      0.00000000
      0.00000000
      0.00000000
      0.00000000
      0.00000000
      0.00000000
      0.00000000
      0.00000000
      0.00000000
      0.00000000
      0.00000000
      0.00000000
      0.00000000
      0.00000000
      0.00000000
      0.00000000
      0.00000000
      0.00000000
      0.00000000
      0.00000000
      0.00000000
      0.00000000
      0.00000000
      0.00000000
      0.00000000
      0.00000000
      0.00000000
      0.00000000
      0.00000000
      0.00000000
      0.00000000
      0.00000000
      0.00000000
      0.00000000
      0.00000000
      0.00000000
      0.00000000
      0.00000000
      0.00000000
      0.00000000
      0.00000000
      0.00000000
      0.00000000
      0.00000000
      0.00000000
      0.00000000
      0.00000000
      0.00000000
      0.00000000
      0.00000000
      0.00000000
      0.00000000
      0.00000000
      0.00000000
      0.00000000
      0.00000000
      0.00000000
      0.00000000
      0.00000000
      0.00000000
      0.00000000
      0.00000000
      0.00000000
      0.00000000
      0.00000000
      0.00000000
      0.00000000
      0.00000000
      0.00000000
      0.00000000
      0.00000000
      0.00000000
      0.00000000
      0.00000000
      0.00000000
      0.00000000
      0.00000000
      0.00000000
      0.00000000
      0.00000000
      0.00000000
      0.00000000
      0.00000000
      0.00000000
      0.00000000
      0.00000000
      0.00000000
      0.00000000
      0.00000000
      0.00000001
      0.00000004
      0.00000013
      0.00000045
      0.00000142
      0.00000405
      0.00001032
      0.00002379
      0.00005008
      0.00009716
      0.00017316
      0.00027964
      0.00040522
      0.00052956
      0.00063542
      0.00071694
      0.00078111
      0.00084416
      0.00092104
      0.00101299
      0.00110790
      0.00119192
      0.00125738
      0.00130398
      0.00133987
      0.00138182
      0.00144562
      0.00153116
      0.00162271
      0.00170368
      0.00176545
      0.00180731
      0.00183706
      0.00187220
      0.00193060
      0.00201325
      0.00210331
      0.00218268
      0.00224217
      0.00228079
      0.00230582
      0.00233495
      0.00238771
      0.00246666
      0.00255458
      0.00263215
      0.00268954
      0.00272539
      0.00274635
      0.00276989
      0.00281684
      0.00289154
      0.00297688
      0.00305251
      0.00310790
      0.00314126
      0.00315857
      0.00317683
      0.00321788
      0.00328792
      0.00337037
      0.00344396
      0.00349739
      0.00352844
      0.00354240
      0.00355565
      0.00359076
      0.00365586
      0.00373514
      0.00380660
      0.00385810
      0.00388695
      0.00389780
      0.00390628
      0.00393545
      0.00399535
      0.00407124
      0.00414049
      0.00419006
      0.00421681
      0.00422475
      0.00422867
      0.00425192
      0.00430642
      0.00437872
      0.00444566
      0.00449331
      0.00451803
      0.00452320
      0.00452276
      0.00454016
      0.00458909
      0.00465759
      0.00472214
      0.00476787
      0.00479060
      0.00479315
      0.00478855
      0.00480015
      0.00484338
      0.00490788
      0.00496994
      0.00501375
      0.00503453
      0.00503457
      0.00502598
      0.00503189
      0.00506928
      0.00512961
      0.00518909
      0.00523095
      0.00524981
      0.00524744
      0.00523505
      0.00523536
      0.00526683
      0.00532280
      0.00537960
      0.00541949
      0.00543646
      0.00543177
      0.00541573
      0.00541056
      0.00543603
      0.00548746
      0.00554147
      0.00557937
      0.00559446
      0.00558752
      0.00556800
      0.00555747
      0.00557689
      0.00562361
      0.00567471
      0.00571059
      0.00572381
      0.00571470
      0.00569184
      0.00567611
      0.00568942
      0.00573127
      0.00577933
      0.00581316
      0.00582453
      0.00581329
      0.00578724
      0.00576644
      0.00577364
      0.00581045
      0.00585535
      0.00588707
      0.00589659
      0.00588329
      0.00585418
      0.00582846
      0.00582955
      0.00586116
      0.00590277
      0.00593234
      0.00594001
      0.00592469
      0.00589264
      0.00586217
      0.00585716
      0.00588343
      0.00592159
      0.00594896
      0.00595478
      0.00593747
      0.00590261
      0.00586755
      0.00585648
      0.00587727
      0.00591184
      0.00593694
      0.00594090
      0.00592164
      0.00588407
      0.00584459
      0.00582751
      0.00584269
      0.00587351
      0.00589628
      0.00589837
      0.00587719
      0.00583702
      0.00579327
      0.00577026
      0.00577971
      0.00580663
      0.00582698
      0.00582719
      0.00580411
      0.00576143
      0.00571359
      0.00568473
      0.00568835
      0.00571119
      0.00572904
      0.00572735
      0.00570239
      0.00565729
      0.00560552
      0.00557093
      0.00556863
      0.00558722
      0.00560248
      0.00559885
      0.00557203
      0.00552460
      0.00546906
      0.00542884
      0.00542055
      0.00543473
      0.00544728
      0.00544170
      0.00541302
      0.00536333
      0.00530419
      0.00525849
      0.00524415
      0.00525374
      0.00526346
      0.00525589
      0.00522536
      0.00517348
      0.00511090
      0.00505985
      0.00503942
      0.00504426
      0.00505101
      0.00504141
      0.00500904
      0.00495502
      0.00488916
      0.00483294
      0.00480641
      0.00480630
      0.00480996
      0.00479826
      0.00476404
      0.00470795
      0.00463897
      0.00457774
      0.00454512
      0.00453990
      0.00454029
      0.00452643
      0.00449036
      0.00443224
      0.00436029
      0.00429427
      0.00425558
      0.00424508
      0.00424202
      0.00422591
      0.00418797
      0.00412788
      0.00405312
      0.00398251
      0.00393781
      0.00392187
      0.00391515
      0.00389670
      0.00385686
      0.00379484
      0.00371742
      0.00364247
      0.00359185
      0.00357030
      0.00355970
      0.00353876
      0.00349699
      0.00343307
      0.00335317
      0.00327414
      0.00321775
      0.00319043
      0.00317567
      0.00315207
      0.00310831
      0.00304253
      0.00296033
      0.00287755
      0.00281557
      0.00278232
      0.00276307
      0.00273656
      0.00269071
      0.00262311
      0.00253884
      0.00245270
      0.00238541
      0.00234608
      0.00232192
      0.00229214
      0.00224403
      0.00217464
      0.00208858
      0.00199962
      0.00192744
      0.00188187
      0.00185219
      0.00181858
      0.00176790
      0.00169673
      0.00160931
      0.00151832
      0.00144186
      0.00138980
      0.00135348
      0.00131467
      0.00126021
      0.00118619
      0.00109637
      0.00100172
      0.00091707
      0.00084985
      0.00079172
      0.00072528
      0.00063704
      0.00052425
      0.00039618
      0.00027146
      0.00016866
      0.00009596
      0.00005030
      0.00002414
      0.00001047
      0.00000406
      0.00000141
      0.00000044
      0.00000013
      0.00000004
      0.00000001
      0.00000000
      0.00000000
      0.00000000
      0.00000000
      0.00000000
      0.00000000
      0.00000000
      0.00000000
      0.00000000
      0.00000000
      0.00000000
      0.00000000
      0.00000000
      0.00000000
      0.00000000
      0.00000000
      0.00000000
      0.00000000
      0.00000000
      0.00000000
      0.00000000
      0.00000000
      0.00000000
      0.00000000
      0.00000000
      0.00000000
      0.00000000
      0.00000000
      0.00000000
      0.00000000
      0.00000000
      0.00000000
      0.00000000
      0.00000000
      0.00000000
      0.00000000
      0.00000000
      0.00000000
      0.00000000
      0.00000000
      0.00000000
      0.00000000
      0.00000000
      0.00000000
      0.00000000
      0.00000000
      0.00000000
      0.00000000
      0.00000000
      0.00000000
      0.00000000
      0.00000000
      0.00000000
      0.00000000
      0.00000000
      0.00000000
      0.00000000
      0.00000000
      0.00000000
      0.00000000
      0.00000000
      0.00000000
      0.00000000
      0.00000000
      0.00000000
      0.00000000
      0.00000000
      0.00000000
      0.00000000
      0.00000000
      0.00000000
      0.00000000
      0.00000000
      0.00000000
      0.00000000
      0.00000000
      0.00000000
      0.00000000
      0.00000000
      0.00000000
      0.00000000
      0.00000000
      0.00000000
      0.00000000
      0.00000000
      0.00000000
      0.00000000
      0.00000000
      0.00000000
