      0.00000000
      0.00000000
      0.00000000
      0.00000000
      0.00000000
      0.00000000
      0.00000000
      0.00000000
      0.00000000
      0.00000000
      0.00000000
      0.00000001
      0.00000001
      0.00000002
      0.00000002
      0.00000004
      0.00000006
      0.00000009
      0.00000013
      0.00000020
      0.00000030
      0.00000044
      0.00000065
      0.00000096
      0.00000140
      0.00000203
      0.00000292
      0.00000418
      0.00000594
      0.00000837
      0.00001171
      0.00001626
      0.00002241
      0.00003064
      0.00004158
      0.00005598
      0.00007476
      0.00009901
      0.00013005
      0.00016939
      0.00021873
      0.00028002
      0.00035535
      0.00044696
      0.00055721
      0.00068844
      0.00084297
      0.00102294
      0.00123026
      0.00146651
      0.00173282
      0.00202984
      0.00235768
      0.00271590
      0.00310351
      0.00351902
      0.00396048
      0.00442560
      0.00491183
      0.00541647
      0.00593674
      0.00646989
      0.00701331
      0.00756453
      0.00812130
      0.00868163
      0.00924375
      0.00980616
      0.01036761
      0.01092703
      0.01148357
      0.01203652
      0.01258530
      0.01312941
      0.01366839
      0.01420180
      0.01472914
      0.01524984
      0.01576313
      0.01626804
      0.01676323
      0.01724689
      0.01771659
      0.01816896
      0.01859947
      0.01900197
      0.01936810
      0.01968662
      0.01994243
      0.02011544
      0.02017917
      0.02009933
      0.01983272
      0.01932742
      0.01852585
      0.01737357
      0.01583588
      0.01392199
      0.01171025
      0.00935936
      0.00708386
      0.00508683
      0.00348804
      0.00230265
      0.00147326
      0.00091614
      0.00055290
      0.00032285
      0.00018229
      0.00009986
      0.00005336
      0.00002797
      0.00001444
      0.00000735
      0.00000368
      0.00000180
      0.00000085
      0.00000040
      0.00000018
      0.00000008
      0.00000004
      0.00000002
      0.00000001
      0.00000000
      0.00000000
      0.00000000
      0.00000000
      0.00000000
      0.00000000
      0.00000000
      0.00000000
      0.00000000
      0.00000000
      0.00000000
      0.00000000
      0.00000000
      0.00000000
      0.00000000
      0.00000000
      0.00000000
      0.00000000
      0.00000000
      0.00000000
      0.00000000
      0.00000000
      0.00000000
      0.00000000
      0.00000000
      0.00000000
      0.00000000
      0.00000000
      0.00000000
      0.00000000
      0.00000000
      0.00000000
      0.00000000
      0.00000000
      0.00000000
      0.00000000
      0.00000000
      0.00000000
      0.00000000
      0.00000000
      0.00000000
      0.00000000
      0.00000000
      0.00000000
      0.00000000
      0.00000000
      0.00000000
      0.00000000
      0.00000000
      0.00000000
      0.00000000
      0.00000000
      0.00000000
      0.00000000
      0.00000000
      0.00000000
      0.00000000
      0.00000000
      0.00000000
      0.00000000
      0.00000000
      0.00000000
      0.00000000
      0.00000000
      0.00000000
      0.00000000
      0.00000000
      0.00000000
      0.00000000
      0.00000000
      0.00000000
      0.00000000
      0.00000000
      0.00000000
      0.00000000
      0.00000000
      0.00000000
      0.00000000
      0.00000000
      0.00000000
      0.00000000
      0.00000000
      0.00000000
      0.00000000
      0.00000000
      0.00000000
      0.00000000
      0.00000000
      0.00000000
      0.00000000
      0.00000000
      0.00000000
      0.00000000
      0.00000000
      0.00000000
      0.00000000
      0.00000000
      0.00000000
      0.00000000
      0.00000000
      0.00000000
      0.00000000
      0.00000000
      0.00000000
      0.00000000
      0.00000000
      0.00000000
      0.00000000
      0.00000000
      0.00000000
      0.00000000
      0.00000000
      0.00000000
      0.00000000
      0.00000000
      0.00000000
      0.00000000
      0.00000000
      0.00000000
      0.00000000
      0.00000000
      0.00000000
      0.00000000
      0.00000000
      0.00000000
      0.00000000
      0.00000000
      0.00000000
      0.00000000
      0.00000000
      0.00000000
      0.00000000
      0.00000000
      0.00000000
      0.00000000
      0.00000000
      0.00000000
      0.00000000
      0.00000000
      0.00000000
      0.00000000
      0.00000000
      0.00000000
      0.00000000
      0.00000000
      0.00000000
      0.00000000
      0.00000000
      0.00000000
      0.00000000
      0.00000000
      0.00000000
      0.00000000
      0.00000000
      0.00000000
      0.00000000
      0.00000000
      0.00000000
      0.00000000
      0.00000000
      0.00000000
      0.00000000
      0.00000000
      0.00000000
      0.00000000
      0.00000000
      0.00000000
      0.00000000
      0.00000000
      0.00000000
      0.00000000
      0.00000000
      0.00000000
      0.00000000
      0.00000000
      0.00000000
      0.00000000
      0.00000000
      0.00000000
      0.00000000
      0.00000000
      0.00000000
      0.00000000
      0.00000000
      0.00000000
      0.00000000
      0.00000000
      0.00000000
      0.00000000
      0.00000000
      0.00000000
      0.00000000
      0.00000000
      0.00000000
      0.00000000
      0.00000000
      0.00000000
      0.00000000
      0.00000000
      0.00000000
      0.00000000
      0.00000000
      0.00000000
      0.00000000
      0.00000000
      0.00000000
      0.00000000
      0.00000000
      0.00000000
      0.00000000
      0.00000000
      0.00000000
      0.00000000
      0.00000000
      0.00000000
      0.00000000
      0.00000000
      0.00000000
      0.00000000
      0.00000000
      0.00000000
      0.00000000
      0.00000000
      0.00000000
      0.00000000
      0.00000000
      0.00000000
      0.00000000
      0.00000000
      0.00000000
      0.00000000
      0.00000000
      0.00000000
      0.00000000
      0.00000000
      0.00000000
      0.00000000
      0.00000000
      0.00000000
      0.00000000
      0.00000000
      0.00000000
      0.00000000
      0.00000000
      0.00000000
      0.00000000
      0.00000000
      0.00000000
      0.00000000
      0.00000000
      0.00000000
      0.00000000
      0.00000000
      0.00000000
      0.00000000
      0.00000000
      0.00000000
      0.00000000
      0.00000000
      0.00000000
      0.00000000
      0.00000000
      0.00000000
      0.00000000
      0.00000000
      0.00000000
      0.00000000
      0.00000001
      0.00000002
      0.00000004
      0.00000008
      0.00000018
      0.00000040
      0.00000086
      0.00000181
      0.00000370
      0.00000739
      0.00001457
      0.00002832
      0.00005414
      0.00010132
      0.00018457
      0.00032576
      0.00055629
      0.00092137
      0.00148479
      0.00232789
      0.00353466
      0.00515793
      0.00717361
      0.00945445
      0.01179796
      0.01399634
      0.01589660
      0.01742239
      0.01856458
      0.01935769
      0.01985606
      0.02011714
      0.02019269
      0.02012566
      0.01995014
      0.01969243
      0.01937249
      0.01900529
      0.01860199
      0.01817087
      0.01771804
      0.01724800
      0.01676408
      0.01626869
      0.01576363
      0.01525023
      0.01472945
      0.01420204
      0.01366857
      0.01312955
      0.01258542
      0.01203661
      0.01148364
      0.01092709
      0.01036766
      0.00980620
      0.00924378
      0.00868165
      0.00812132
      0.00756454
      0.00701332
      0.00646990
      0.00593675
      0.00541648
      0.00491184
      0.00442561
      0.00396048
      0.00351902
      0.00310352
      0.00271590
      0.00235768
      0.00202984
      0.00173282
      0.00146651
      0.00123026
      0.00102294
      0.00084297
      0.00068844
      0.00055721
      0.00044696
      0.00035535
      0.00028002
      0.00021873
      0.00016939
      0.00013005
      0.00009901
      0.00007476
      0.00005598
      0.00004158
      0.00003064
      0.00002241
      0.00001626
      0.00001171
      0.00000837
      0.00000594
      0.00000418
      0.00000292
      0.00000203
      0.00000140
      0.00000096
      0.00000065
      0.00000044
      0.00000030
      0.00000020
      0.00000013
      0.00000009
      0.00000006
      0.00000004
      0.00000002
      0.00000002
      0.00000001
      0.00000001
      0.00000000
      0.00000000
      0.00000000
      0.00000000
      0.00000000
      0.00000000
      0.00000000
      0.00000000
      0.00000000
      0.00000000
      0.00000000
