      0.00000000
      2.41609180
      2.80671679
     -3.08584354
     -2.69521857
     -2.30459361
     -1.91396866
     -1.52334371
     -1.13271876
     -0.74209381
     -0.35146887
      0.03915607
      0.42978101
      0.82040594
      1.21103088
      1.60165581
      1.99228075
      2.38290568
      2.77353061
     -3.11902977
     -2.72840484
     -2.33777991
     -1.94715498
     -1.55653006
     -1.16590513
     -0.77528021
     -0.38465529
      0.00596963
      0.39659455
      0.78721947
      1.17784438
      1.56846930
      1.95909421
      2.34971912
      2.74034403
      3.13096894
     -2.76159147
     -2.37096657
     -1.98034167
     -1.58971677
     -1.19909188
     -0.80846699
     -0.41784210
     -0.02721721
      0.36340767
      0.75403254
      1.14465742
      1.53528228
      1.92590715
      2.31653201
      2.70715686
      3.09778171
     -2.79477876
     -2.40415392
     -2.01352910
     -1.62290428
     -1.23227946
     -0.84165466
     -0.45102986
     -0.06040508
      0.33021970
      0.72084447
      1.11146923
      1.50209397
      1.89271871
      2.28334343
      2.67396814
      3.06459284
     -2.82796778
     -2.43734310
     -2.04671844
     -1.65609379
     -1.26546916
     -0.87484454
     -0.48421993
     -0.09359534
      0.29702924
      0.68765380
      1.07827835
      1.46890288
      1.85952740
      2.25015190
      2.64077639
      3.03140085
     -2.86116000
     -2.47053557
     -2.07991115
     -1.68928675
     -1.29866238
     -0.90803802
     -0.51741368
     -0.12678943
      0.26383442
      0.65445706
      1.04507821
      1.43570435
      1.82636227
      2.21710268
      2.60793702
      2.99865181
     -2.89458330
     -2.50633348
     -2.12027546
     -1.73562807
     -1.35031793
     -0.96204508
     -0.56979470
     -0.17475353
      0.22008919
      0.61154296
      0.99809440
      1.38092293
      1.76343310
      2.14948148
      2.54114100
      2.93728834
     -2.94910624
     -2.55603522
     -2.16903939
     -1.78710657
     -1.40631571
     -1.02186839
     -0.63081347
     -0.23399224
      0.16427437
      0.55874939
      0.94633741
      1.32778572
      1.70730177
      2.09038331
      2.48074938
      2.87793114
     -3.00584366
     -2.61012960
     -2.22187630
     -1.84065756
     -1.46212712
     -1.08025591
     -0.69064563
     -0.29333766
      0.10696724
      0.50379457
      0.89276500
      1.27394325
      1.65170663
      2.03248911
      2.42129514
      2.81854740
     -3.06363532
     -2.66579433
     -2.27606517
     -1.89477577
     -1.51760195
     -1.13780546
     -0.74983849
     -0.35278952
      0.04874709
      0.44751705
      0.83803802
      1.21956471
      1.59629948
      1.97520108
      2.36230479
      2.75902684
     -3.12222988
     -2.72260751
     -2.33126965
     -1.94939838
     -1.57297107
     -1.19488041
     -0.80865513
     -0.41236560
     -0.01017209
      0.39023030
      0.78240252
      1.16471090
      1.54094854
      1.91830786
      2.30364770
      2.69941358
      3.10175593
     -2.78031758
     -2.38730078
     -2.00447488
     -1.62831963
     -1.25161451
     -0.86715952
     -0.47199621
     -0.06961265
      0.33213830
      0.72600289
      1.10941640
      1.48558822
      1.86171500
      2.24529287
      2.63978545
      3.04210949
     -2.83875657
     -2.44404775
     -2.05998570
     -1.68370522
     -1.30808147
     -0.92536612
     -0.53160269
     -0.12943301
      0.27338258
      0.66892545
      1.05368865
      1.43016397
      1.80535994
      2.18723389
      2.58021883
      2.98214461
     -2.89780210
     -2.50144183
     -2.11593264
     -1.73918161
     -1.36433798
     -0.98327804
     -0.59111230
     -0.18951499
      0.21407178
      0.61122647
      0.99751903
      1.37462178
      1.74918879
      2.12946812
      2.52078227
      2.92197138
     -2.95735533
     -2.55943540
     -2.17232929
     -1.79480351
     -1.42043709
     -1.04089919
     -0.65046093
     -0.24975485
      0.15429786
      0.55294771
      0.94089042
      1.31890594
      1.69314804
      2.07198924
      2.46153533
      2.86168851
     -3.01732890
     -2.61799044
     -2.22919518
     -1.85062795
     -1.47643401
     -1.09823912
     -0.70958758
     -0.31002400
      0.09420716
      0.49365281
      0.87925679
      1.24818695
      1.62104688
      2.01316360
      2.41616859
      2.81913044
     -3.06969814
     -2.68694218
     -2.31185794
     -1.93640674
     -1.55301885
     -1.15844436
     -0.75561356
     -0.35242530
      0.04272363
      0.42629956
      0.80173441
      1.17689157
      1.55950749
      1.95324058
      2.35563167
      2.75905863
     -3.12819134
     -2.74376493
     -2.36790999
     -1.99297405
     -1.61109102
     -1.21821593
     -0.81633164
     -0.41274701
     -0.01606968
      0.36922649
      0.74556886
      1.12035954
      1.50155520
      1.89356262
      2.29487657
      2.69853526
      3.09590259
     -2.80110492
     -2.42421057
     -2.04948650
     -1.66892627
     -1.27778923
     -0.87710547
     -0.47345876
     -0.07546103
      0.31160254
      0.68911047
      1.06384925
      1.44383248
      1.83410353
      2.23410107
      2.63764742
      3.03620815
     -2.85903172
     -2.48085183
     -2.10601422
     -1.72654287
     -1.33712614
     -0.93786695
     -0.53451180
     -0.13546356
      0.25335134
      0.63225822
      1.00728175
      1.38631343
      1.77489499
      2.17336759
      2.57643801
      2.97588965
     -2.91763276
     -2.53794738
     -2.16264745
     -1.78397560
     -1.39620223
     -0.99856071
     -0.59587178
     -0.19611026
      0.19436936
      0.57488106
      0.95055189
      1.32895224
      1.71595263
      2.11272206
      2.51492857
      2.91489579
     -2.97703527
     -2.59565318
     -2.21951200
     -1.84128511
     -1.45501366
     -1.05915439
     -0.65753693
     -0.25748081
      0.13449364
      0.51678640
      0.89350374
      1.27166668
      1.65726281
      2.05217581
      2.45308938
      2.85310189
     -3.03745774
     -2.65421800
     -2.27681029
     -1.89858778
     -1.51360285
     -1.11967205
     -0.71958963
     -0.31977404
      0.07341558
      0.45763423
      0.83585773
      1.21428086
      1.59873021
      1.99163965
      2.39074383
      2.79017944
     -3.09936467
     -2.71414121
     -2.33496174
     -1.95617472
     -1.57217334
     -1.18033460
     -0.78238946
     -0.38356325
      0.01037876
      0.39662231
      0.77691700
      1.15626008
      1.53991294
      1.93060858
      2.32715511
      2.72506614
      3.11909626
     -2.77682754
     -2.39522732
     -2.01508661
     -1.63165881
     -1.24220980
     -0.84738804
     -0.45080783
     -0.05697955
      0.33130756
      0.71451464
      1.09586033
      1.47932736
      1.86747942
      2.26020905
      2.65497534
      3.04835717
     -2.84518952
     -2.45942077
     -2.07564739
     -1.69133449
     -1.30478380
     -0.91582090
     -0.52535303
     -0.13439886
      0.25649950
      0.64723965
      1.03788883
      1.42851161
      1.81913326
      2.20975747
      2.60038291
      2.99100862
     -2.90155098
     -2.51092531
     -2.12029968
     -1.72967406
     -1.33904847
     -0.94842289
     -0.55779734
     -0.16717180
      0.22345372
      0.61407923
      1.00470472
      1.39533020
      1.78595566
      2.17658110
      2.56720653
      2.95783194
     -2.93472796
     -2.54410258
     -2.15347721
     -1.76285185
     -1.37222650
     -0.98160117
     -0.59097586
     -0.20035055
      0.19027474
      0.58090002
      0.97152529
      1.36215055
      1.75277580
      2.14340103
      2.53402626
      2.92465147
     -2.96790863
     -2.57728343
     -2.18665824
     -1.79603305
     -1.40540788
     -1.01478271
     -0.62415755
     -0.23353240
      0.15709275
      0.54771790
      0.93834304
      1.32896817
      1.71959330
      2.11021843
      2.50084355
      2.89146866
     -3.00109153
     -2.61046642
     -2.21984131
     -1.82921621
     -1.43859110
     -1.04796600
     -0.65734091
     -0.26671581
      0.12390928
      0.51453437
      0.90515946
      1.29578455
      1.68640964
      2.07703472
      2.46765980
      2.85828488
     -3.03427534
     -2.64365027
     -2.25302519
     -1.86240011
     -1.47177504
     -1.08114997
     -0.69052489
     -0.29989982
      0.09072525
      0.48135032
      0.87197538
      1.26260045
      1.65322552
      2.04385058
      2.43447564
      2.82510070
     -3.06745954
     -2.67683449
     -2.28620944
     -1.89558439
     -1.50495934
     -1.11433430
     -0.72370927
     -0.33308425
      0.05754077
      0.00000000
