      0.00000000
     -0.11415706
     -0.50478204
     -0.89540702
     -1.28603199
     -1.67665695
     -2.06728191
     -2.45790686
     -2.84853181
      3.04402856
      2.65340362
      2.26277868
      1.87215374
      1.48152880
      1.09090386
      0.70027893
      0.30965400
     -0.08097094
     -0.47159587
     -0.86222080
     -1.25284573
     -1.64347065
     -2.03409558
     -2.42472051
     -2.81534543
      3.07721495
      2.68659003
      2.29596511
      1.90534019
      1.51471528
      1.12409036
      0.73346545
      0.34284053
     -0.04778438
     -0.43840929
     -0.82903419
     -1.21965910
     -1.61028400
     -2.00090890
     -2.39153379
     -2.78215869
      3.11040173
      2.71977684
      2.32915196
      1.93852708
      1.54790220
      1.15727733
      0.76665246
      0.37602760
     -0.01459726
     -0.40522212
     -0.79584696
     -1.18647180
     -1.57709664
     -1.96772147
     -2.35834629
     -2.74897110
     -3.13959590
      2.75296461
      2.36233982
      1.97171504
      1.58109027
      1.19046552
      0.79984077
      0.40921604
      0.01859131
     -0.37203340
     -0.76265810
     -1.15328279
     -1.54390746
     -1.93453212
     -2.32515677
     -2.71578141
     -3.10640603
      2.78615467
      2.39553008
      2.00490550
      1.61428094
      1.22365639
      0.83303186
      0.44240734
      0.05178284
     -0.33884164
     -0.72946611
     -1.12009056
     -1.51071500
     -1.90133941
     -2.29196381
     -2.68258819
     -3.07321254
      2.81934843
      2.42872417
      2.03810032
      1.64747769
      1.25685653
      0.86623040
      0.47557247
      0.08483206
     -0.30600227
     -0.69671707
     -1.08666727
     -1.47491709
     -1.86097510
     -2.24562249
     -2.63093263
     -3.01920548
      2.87172944
      2.47668828
      2.08184555
      1.69039178
      1.30384034
      0.92101181
      0.53850164
      0.15245326
     -0.23920626
     -0.63535360
     -1.03214433
     -1.42521534
     -1.81221118
     -2.19414399
     -2.57493485
     -2.95938217
      2.93274821
      2.53592698
      2.13766038
      1.74318535
      1.35559733
      0.97414903
      0.59463297
      0.21155144
     -0.17881463
     -0.57599640
     -0.97540690
     -1.37112096
     -1.75937426
     -2.14059300
     -2.51912344
     -2.90099465
      2.99258037
      2.59527240
      2.19496750
      1.79814017
      1.40916974
      1.02799149
      0.65022812
      0.26944563
     -0.11936039
     -0.51661266
     -0.91761524
     -1.31545623
     -1.70518540
     -2.08647479
     -2.46364862
     -2.84344510
      3.05177324
      2.65472426
      2.25318766
      1.85441770
      1.46389673
      1.08237004
      0.70563527
      0.32673367
     -0.06037005
     -0.45709210
     -0.85902069
     -1.25864306
     -1.64998091
     -2.03185219
     -2.40827950
     -2.78637015
      3.11058987
      2.71430034
      2.31210683
      1.91170444
      1.51953223
      1.13722384
      0.76098621
      0.38362689
     -0.00171296
     -0.39747884
     -0.79982118
     -1.20093299
     -1.59394978
     -1.97677569
     -2.35293094
     -2.72963606
     -3.11409104
      2.77393095
      2.37154739
      1.96979644
      1.57593185
      1.19251835
      0.81634652
      0.44021975
      0.05664188
     -0.33785071
     -0.74017475
     -1.14249399
     -1.53720281
     -1.92126486
     -2.29754534
     -2.67316909
     -3.05588444
      2.83353743
      2.43136775
      2.02855216
      1.63300930
      1.24824609
      0.87177078
      0.49657481
      0.11470086
     -0.27828409
     -0.68020986
     -1.08344847
     -1.47980873
     -1.86531792
     -2.24206896
     -2.61691258
     -2.99797252
      2.89304704
      2.49144974
      2.08786297
      1.69070828
      1.30441571
      0.92731296
      0.55274595
      0.17246662
     -0.21884752
     -0.62003664
     -1.02389524
     -1.42181516
     -1.80892127
     -2.18644705
     -2.56081347
     -2.94035137
      2.95239567
      2.55168959
      2.14763689
      1.74898704
      1.36104432
      0.98302881
      0.60878671
      0.22994550
     -0.15960059
     -0.55975377
     -0.96392167
     -1.36326012
     -1.75205538
     -2.13062261
     -2.50481653
     -2.88301136
      3.01152272
      2.61196066
      2.20773662
      1.80832357
      1.42284981
      1.05424487
      0.68170868
      0.28972092
     -0.11325179
     -0.51620657
     -0.91056179
     -1.29331743
     -1.66840160
     -2.04385279
     -2.42724068
     -2.82181517
      3.05853935
      2.65535108
      2.26020215
      1.87662622
      1.50119137
      1.12603421
      0.74341829
      0.34968520
     -0.05270589
     -0.45613285
     -0.85206818
     -1.23649459
     -1.61234954
     -1.98728548
     -2.36916850
     -2.76204360
      3.11925742
      2.71567279
      2.31899546
      1.93369929
      1.55735692
      1.18256624
      0.80137058
      0.40936316
      0.00804921
     -0.39560948
     -0.79297681
     -1.17915460
     -1.55604896
     -1.93077303
     -2.31133326
     -2.70247030
     -3.10315405
      2.77638454
      2.37838681
      1.99132324
      1.61381532
      1.23907653
      0.85909331
      0.46882225
      0.06882471
     -0.33472164
     -0.73328237
     -1.12122780
     -1.49940770
     -1.87424530
     -2.25371665
     -2.64313338
     -3.04239258
      2.83743758
      2.43838935
      2.04957444
      1.67066756
      1.29564403
      0.91661235
      0.52803079
      0.12955819
     -0.27351223
     -0.67296387
     -1.06262677
     -1.44231214
     -1.81761208
     -2.19628392
     -2.58405729
     -2.98169882
      2.89879757
      2.49903604
      2.10855642
      1.72804473
      1.35237389
      0.97397354
      0.58697315
      0.19020372
     -0.21200279
     -0.61197001
     -1.00322425
     -1.38460635
     -1.76074753
     -2.13897441
     -2.52524587
     -2.92110514
      2.96046271
      2.56040659
      2.16843214
      1.78613938
      1.40942204
      1.03125910
      0.64566297
      0.25074998
     -0.15016360
     -0.55017611
     -0.94280179
     -1.32604153
     -1.70344923
     -2.08167174
     -2.46665667
     -2.86058747
      3.02251541
      2.62269982
      2.22951020
      1.84529155
      1.46706806
      1.08864492
      0.70419557
      0.31128613
     -0.08781805
     -0.48725366
     -0.88089485
     -1.26611832
     -1.64529779
     -2.02408481
     -2.40808618
     -2.79992493
      3.08531524
      2.68648903
      2.29254702
      1.90630347
      1.52600878
      1.14666570
      0.76301284
      0.37231720
     -0.02422933
     -0.42214036
     -0.81617048
     -1.20343199
     -1.58503221
     -1.96517292
     -2.34860071
     -2.73804972
     -3.13287148
      2.75373362
      2.35990533
      1.97161822
      1.58841114
      1.20706545
      0.82359842
      0.43544636
      0.04271674
     -0.35204956
     -0.74543139
     -1.13507000
     -1.52083875
     -1.90461214
     -2.28892503
     -2.67547572
     -3.06443863
      2.82827881
      2.43732465
      2.04642628
      1.65568613
      1.26503695
      0.87441417
      0.48379252
      0.09316831
     -0.29745713
     -0.68808284
     -1.07870855
     -1.46933421
     -1.85995985
     -2.25058546
     -2.64121106
     -3.03183663
      2.86072312
      2.47009758
      2.07947206
      1.68884655
      1.29822106
      0.90759558
      0.51697012
      0.12634468
     -0.26428075
     -0.65490616
     -1.04553156
     -1.43615695
     -1.82678232
     -2.21740768
     -2.60803302
     -2.99865835
      2.89390164
      2.50327633
      2.11265104
      1.72202576
      1.33140049
      0.94077523
      0.55014999
      0.15952475
     -0.23110048
     -0.62172569
     -1.01235090
     -1.40297610
     -1.79360129
     -2.18422647
     -2.57485165
     -2.96547681
      2.92708333
      2.53645818
      2.14583303
      1.75520788
      1.36458274
      0.97395761
      0.58333248
      0.19270736
     -0.19791777
     -0.58854288
     -0.97916800
     -1.36979311
     -1.76041822
     -2.15104332
     -2.54166842
     -2.93229352
      2.96026669
      2.56964159
      2.17901650
      1.78839141
      1.39776632
      1.00714123
      0.61651615
      0.22589106
     -0.16473402
     -0.55535910
     -0.94598418
     -1.33660926
     -1.72723434
     -2.11785941
     -2.50848449
     -2.89910956
      2.99345067
      2.60282560
      2.21220053
      1.82157546
      1.43095040
      1.04032533
      0.64970027
      0.25907520
     -0.13154986
     -0.52217492
     -0.91279998
     -1.30342504
     -1.69405009
     -2.08467514
     -2.47530018
     -2.86592522
      3.02663505
      2.63601003
      2.24538501
      0.00000000
