             NaN
      0.12234706
      0.51535802
      0.90521675
      1.29216327
      1.67826043
      2.06609191
      2.45732381
      2.85169248
     -3.03613919
     -2.64260251
     -2.25263221
     -1.86589899
     -1.48022145
     -1.09278444
     -0.70169157
     -0.30711049
      0.08869222
      0.48264608
      0.87274878
      1.25924582
      1.64444300
      2.03141858
      2.42233742
      2.81715181
     -3.06971387
     -2.67526886
     -2.28499954
     -1.89876588
     -1.51412507
     -1.12769653
     -0.73699866
     -0.34192710
      0.05499497
      0.45002753
      0.84051148
      1.22645182
      1.61044190
      1.99621195
      2.38662139
      2.78197134
     -3.10358399
     -2.70783291
     -2.31705262
     -1.93141696
     -1.54817740
     -1.16320847
     -0.77320222
     -0.37759264
      0.02084704
      0.41749574
      0.80874291
      1.19415653
      1.57659904
      1.96060153
      2.34999074
      2.74571430
     -3.13819656
     -2.74044306
     -2.34843680
     -1.96301427
     -1.58131837
     -1.19844920
     -0.80998505
     -0.41442317
     -0.01438010
      0.38467205
      0.77777416
      1.16349008
      1.54451607
      1.92607403
      2.31326712
      2.70835080
      3.10907994
     -2.77354292
     -2.37897280
     -1.99265162
     -1.61221849
     -1.23219009
     -0.84669741
     -0.45250383
     -0.05121269
      0.35113431
      0.74769038
      1.13507874
      1.51506328
      1.89326816
      2.27641658
      2.66907192
      3.07075274
     -2.80776200
     -2.40827573
     -2.01914959
     -1.63985677
     -1.26491473
     -0.88635501
     -0.49688925
     -0.09380036
      0.31779135
      0.72604328
      1.11924706
      1.49310175
      1.85295977
      2.21148677
      2.58391578
      2.98113961
     -2.88171945
     -2.45550872
     -2.04559397
     -1.66301322
     -1.30251974
     -0.94825276
     -0.58174988
     -0.18979003
      0.22767357
      0.65430656
      1.06704882
      1.45275456
      1.81497469
      2.16898222
      2.53354467
      2.92283145
     -2.94484439
     -2.51816283
     -2.10343850
     -1.71523423
     -1.35145786
     -0.99752140
     -0.63455815
     -0.24764784
      0.16600052
      0.59257317
      1.00901216
      1.39953670
      1.76486715
      2.11887110
      2.48042257
      2.86509231
     -3.00630393
     -2.57997934
     -2.16199750
     -1.76923520
     -1.40230934
     -1.04811236
     -0.68783149
     -0.30531771
      0.10458334
      0.53052641
      0.94991221
      1.34486383
      1.71344138
      2.06795022
      2.42708266
      2.80750532
     -3.06770648
     -2.64227577
     -2.22161289
     -1.82450818
     -1.45421800
     -1.09928249
     -0.74118465
     -0.36279546
      0.04320855
      0.46799810
      0.88981477
      1.28903917
      1.66110309
      2.01657728
      2.37375079
      2.75016269
     -3.12902842
     -2.70500657
     -2.28215954
     -1.88085052
     -1.50695389
     -1.15083132
     -0.79447308
     -0.41998093
     -0.01803299
      0.40509731
      0.82884945
      1.23220395
      1.60798880
      1.96486736
      2.32051927
      2.69315209
      3.09302247
     -2.76804477
     -2.34351521
     -1.93815980
     -1.56043557
     -1.20269553
     -0.84764052
     -0.47680303
     -0.07903561
      0.34195334
      0.76712993
      1.17443549
      1.55414531
      1.91285011
      2.26741838
      2.63652854
      3.03217399
     -2.83126414
     -2.40557343
     -1.99637514
     -1.61463898
     -1.25486852
     -0.90067604
     -0.53322107
     -0.13970997
      0.27868755
      0.70475724
      1.11578394
      1.49958137
      1.86051581
      2.21444416
      2.58032020
      2.97169141
     -2.89454871
     -2.46823700
     -2.05545320
     -1.66956576
     -1.30737187
     -0.95359535
     -0.58921788
     -0.19998524
      0.21541055
      0.64182598
      1.05628855
      1.44428827
      1.80783402
      2.16157146
      2.52453466
      2.91163690
     -2.95779308
     -2.53141304
     -2.11535692
     -1.72522940
     -1.36024270
     -1.00643133
     -0.64479435
     -0.25980750
      0.15222261
      0.57842789
      0.99598558
      1.38824945
      1.75476259
      2.10876096
      2.46916336
      2.85205654
     -3.02090205
     -2.59501058
     -2.17604987
     -1.78164826
     -1.41352705
     -1.05922874
     -0.69996591
     -0.31913813
      0.08921385
      0.51465332
      0.93491224
      1.33144562
      1.70125243
      2.05596321
      2.41418464
      2.79298174
     -3.08379067
     -2.65893995
     -2.23749361
     -1.83884191
     -1.46727636
     -1.11204115
     -0.75476006
     -0.37795270
      0.02646389
      0.45059109
      0.87310845
      1.27385741
      1.64725022
      2.00312099
      2.35956554
      2.73443011
      3.13680038
     -2.72311352
     -2.29964682
     -1.89682931
     -1.52154558
     -1.16492913
     -0.80921486
     -0.43624033
     -0.03595919
      0.38632709
      0.81061666
      1.21546629
      1.59269954
      1.95017055
      2.30526307
      2.67640585
      3.07456222
     -2.78744790
     -2.36246635
     -1.95562875
     -1.57639262
     -1.21795955
     -0.86337818
     -0.49400359
     -0.09800057
      0.32194125
      0.74747989
      1.15625367
      1.53754066
      1.89704175
      2.25122444
      2.61889939
      3.01272731
     -2.85186789
     -2.42591061
     -2.01526001
     -1.63187966
     -1.27120618
     -0.91730795
     -0.55125943
     -0.15962184
      0.25750220
      0.68373644
      1.09619711
      1.48170787
      1.84365651
      2.19738612
      2.56188573
      2.95132380
     -2.91631400
     -2.48994743
     -2.07575064
     -1.68807770
     -1.32475259
     -0.97107413
     -0.60804202
     -0.22080733
      0.19305659
      0.61940801
      1.03526008
      1.42512202
      1.78992383
      2.14367032
      2.50531975
      2.89035145
     -2.98075810
     -2.55457237
     -2.13715236
     -1.74507884
     -1.37870044
     -1.02476472
     -0.66441039
     -0.28157872
      0.12860495
      0.55447063
      0.97336520
      1.36766998
      1.73572596
      2.08997482
      2.44912340
      2.82975776
     -3.04524261
     -2.61985699
     -2.19958660
     -1.80303140
     -1.43319302
     -1.07850304
     -0.72047061
     -0.34203614
      0.06403412
      0.48876997
      0.91031300
      1.30914198
      1.68087676
      2.03614266
      2.39314580
      2.76936261
     -3.11000579
     -2.68610819
     -2.26339900
     -1.86225898
     -1.48849310
     -1.13250376
     -0.77645222
     -0.40250814
     -0.00113707
      0.42169275
      0.84545997
      1.24898503
      1.62496529
      1.98185248
      2.33700343
      2.70852371
      3.10711743
     -2.75464161
     -2.32992388
     -1.92383230
     -1.54531000
     -1.18726410
     -0.83304239
     -0.46443668
     -0.06952650
      0.34964300
      0.77529591
      1.18534636
      1.56921415
      1.93192226
      2.28756565
      2.65131869
      3.03338432
     -2.84832239
     -2.43617436
     -2.02678727
     -1.62976472
     -1.24630236
     -0.87084416
     -0.49518184
     -0.11205088
      0.28203715
      0.68489782
      1.08936180
      1.48750536
      1.87557892
      2.25565603
      2.63372395
      3.01644049
     -2.87517174
     -2.47526680
     -2.07239942
     -1.67368581
     -1.28349307
     -0.90110984
     -0.52174083
     -0.13928240
      0.25067515
      0.64850297
      1.05002334
      1.44885895
      1.84043993
      2.22458988
      2.60515371
      2.98766745
     -2.90664021
     -2.51043647
     -2.11015937
     -1.71148745
     -1.31898227
     -0.93342923
     -0.55176217
     -0.16899555
      0.21917152
      0.61408273
      1.01320713
      1.41151035
      1.80457961
      2.19124180
      2.57394129
      2.95714090
     -2.93825646
     -2.54434060
     -2.14628435
     -1.74852697
     -1.35521192
     -0.96770570
     -0.58404642
     -0.20026902
      0.18742151
      0.58061733
      0.97773676
      1.37488311
      1.76824501
      2.15638611
      2.54088873
      2.92526248
     -2.97019318
     -2.57752679
     -2.18118913
     -1.78460671
     -1.39126973
     -1.00263312
     -0.61741923
     -0.23251203
      0.15529119
      0.54754226
      0.94322925
      1.33932109
      1.73261155
      2.12164804
      2.50746056
      2.89283024
     -3.00247279
     -2.61056056
     -2.21542333
     -1.81975848
     -1.42652359
     -1.03715765
     -0.65083499
     -0.26506182
      0.12289962
      0.51452998
      0.90919591
      1.30448526
      1.69765984
      2.08730127
      2.47406424
      2.86019322
     -3.03495287
     -2.64356755
     -2.24950367
      0.00000000
