      0.00000000
      0.71908502
      0.32607406
     -0.06378467
     -0.45073119
     -0.83682835
     -1.22465983
     -1.61589173
     -2.01026040
     -2.40561404
     -2.79915072
      3.09406429
      2.70733107
      2.32165353
      1.93421652
      1.54312365
      1.14854257
      0.75273986
      0.35878600
     -0.03131670
     -0.41781374
     -0.80301092
     -1.18998650
     -1.58090534
     -1.97571973
     -2.37203936
     -2.76648436
      3.12643162
      2.74019796
      2.35555715
      1.96912861
      1.57843074
      1.18335918
      0.78643711
      0.39140455
      0.00092060
     -0.38501974
     -0.76900982
     -1.15477987
     -1.54518931
     -1.94053926
     -2.33816924
     -2.73392032
     -3.12470060
      2.77284904
      2.38960948
      2.00464055
      1.61463430
      1.21902472
      0.82058504
      0.42393634
      0.03268917
     -0.35272445
     -0.73516696
     -1.11916945
     -1.50855866
     -1.90428222
     -2.30355667
     -2.70131017
     -3.09331642
      2.80444635
      2.42275045
      2.03988128
      1.65141713
      1.25585525
      0.85581218
      0.45676003
      0.06365792
     -0.32205800
     -0.70308399
     -1.08464195
     -1.47183504
     -1.86691872
     -2.26764786
     -2.66821031
     -3.06278043
      2.83408370
      2.45365057
      2.07362217
      1.68812949
      1.29393591
      0.89264477
      0.49029777
      0.09374170
     -0.29364666
     -0.67363120
     -1.05183608
     -1.43498450
     -1.82763984
     -2.22932066
     -2.63399122
     -3.03347749
      2.86058167
      2.48128885
      2.10634681
      1.72778709
      1.33832133
      0.93523244
      0.52364073
      0.11538880
     -0.27781498
     -0.65166967
     -1.01152769
     -1.37005469
     -1.74248370
     -2.13970753
     -2.56003378
     -2.98624451
      2.88702605
      2.50444530
      2.14395182
      1.78968484
      1.42318196
      1.03122211
      0.61375851
      0.18712552
     -0.22561674
     -0.61132248
     -0.97354261
     -1.32755014
     -1.69211259
     -2.08139937
     -2.49690883
     -2.92359040
      2.94487058
      2.55666631
      2.19288994
      1.83895348
      1.47599023
      1.08907992
      0.67543156
      0.24885891
     -0.16758008
     -0.55810462
     -0.92343507
     -1.27743902
     -1.63899049
     -2.02366023
     -2.43544930
     -2.86177389
      3.00342958
      2.61066728
      2.24374142
      1.88954444
      1.52926357
      1.14674979
      0.73684874
      0.31090567
     -0.10848013
     -0.50343175
     -0.87200930
     -1.22651814
     -1.58565058
     -1.96607324
     -2.37404675
     -2.79947746
      3.06304497
      2.66594026
      2.29565008
      1.94071457
      1.58261673
      1.20422754
      0.79822353
      0.37343398
     -0.04838269
     -0.44760709
     -0.81967101
     -1.17514520
     -1.53231871
     -1.90873061
     -2.31272481
     -2.73674666
      3.12359162
      2.72228260
      2.34838597
      1.99226340
      1.63590516
      1.26141301
      0.85946507
      0.43633477
      0.01258263
     -0.39077187
     -0.76655672
     -1.12343528
     -1.47908719
     -1.85172001
     -2.25159039
     -2.67370846
     -3.09823801
      2.77959188
      2.40186765
      2.04412761
      1.68907260
      1.31823511
      0.92046769
      0.49947874
      0.07430215
     -0.33300341
     -0.71271323
     -1.07141803
     -1.42598630
     -1.79509646
     -2.19074191
     -2.61048909
     -3.03617979
      2.83780722
      2.45607106
      2.09630060
      1.74210812
      1.37465315
      0.98114205
      0.56274453
      0.13667484
     -0.27435186
     -0.65814929
     -1.01908373
     -1.37301208
     -1.73888813
     -2.13025933
     -2.54720452
     -2.97351623
      2.89688528
      2.51099784
      2.14880395
      1.79502743
      1.43064996
      1.04141732
      0.62602153
      0.19960610
     -0.21485647
     -0.60285619
     -0.96640194
     -1.32013938
     -1.68310258
     -2.07020482
     -2.48396014
     -2.91034019
      2.95678900
      2.56666148
      2.20167478
      1.84786341
      1.48622643
      1.10123958
      0.68920947
      0.26300419
     -0.15455350
     -0.54681737
     -0.91333051
     -1.26732888
     -1.62773128
     -2.01062446
     -2.42085117
     -2.84674264
      3.01748195
      2.62308034
      2.25495913
      1.90066082
      1.54139799
      1.16057021
      0.75221823
      0.32677876
     -0.09348016
     -0.49001354
     -0.85982035
     -1.21453114
     -1.57275256
     -1.95154966
     -2.35796256
     -2.78281327
      3.07892569
      2.68027399
      2.30870844
      1.95347323
      1.59619214
      1.21938478
      0.81496819
      0.39084099
     -0.03167637
     -0.43242533
     -0.80581814
     -1.16168891
     -1.51813346
     -1.89299803
     -2.29536830
     -2.71863970
      3.14107890
      2.73826139
      2.36297766
      2.00636121
      1.65064694
      1.27767241
      0.87739127
      0.45510499
      0.03081542
     -0.37403421
     -0.75126746
     -1.10873847
     -1.46383099
     -1.83497378
     -2.23313014
     -2.65430533
     -3.07928688
      2.79706083
      2.41782470
      2.05939163
      1.70481026
      1.33543567
      0.93943265
      0.51949083
      0.09395219
     -0.31482159
     -0.69610858
     -1.05560967
     -1.40979236
     -1.77746731
     -2.17129523
     -2.58988534
     -3.01584262
      2.85669209
      2.47331174
      2.11263826
      1.75874003
      1.39269151
      1.00105392
      0.58392988
      0.15769564
     -0.25476503
     -0.64027579
     -1.00222443
     -1.35595404
     -1.72045365
     -2.10989172
     -2.52543922
     -2.95180579
      2.91718272
      2.52950978
      2.16618467
      1.81250621
      1.44947410
      1.06223941
      0.64837549
      0.22202407
     -0.19382800
     -0.58368994
     -0.94849175
     -1.30223824
     -1.66388767
     -2.04891937
     -2.46099513
     -2.88718086
      2.97858444
      2.58651092
      2.22013252
      1.86619680
      1.50584247
      1.12301080
      0.71282713
      0.28696145
     -0.13193312
     -0.52623790
     -0.89429388
     -1.24854274
     -1.60769132
     -1.98832568
     -2.39651061
     -2.82189623
      3.04101868
      2.64446347
      2.27462510
      1.91993512
      1.56190269
      1.18346822
      0.77739796
      0.35266211
     -0.06888092
     -0.46770990
     -0.83944468
     -1.19471058
     -1.55171372
     -1.92793053
     -2.33174743
     -2.75564504
      3.10483108
      2.70369106
      2.32992518
      1.97393584
      1.61788430
      1.24394022
      0.84256915
      0.41973933
     -0.00402789
     -0.40755295
     -0.78353321
     -1.14042040
     -1.49557135
     -1.86709163
     -2.26568535
     -2.68711161
     -3.11182935
      2.76526438
      2.38674208
      2.02869618
      1.67447447
      1.30586876
      0.91095858
      0.49178908
      0.06613617
     -0.34391428
     -0.72778207
     -1.09049018
     -1.44613357
     -1.80988661
     -2.19195224
     -2.59343084
     -3.00557887
      2.86821935
      2.47119680
      2.08773444
      1.71227624
      1.33661392
      0.95348296
      0.55939493
      0.15653426
     -0.24792972
     -0.64607328
     -1.03414684
     -1.41422395
     -1.79229187
     -2.17500841
     -2.56658149
     -2.96648643
      2.91383150
      2.51511789
      2.12492515
      1.74254192
      1.36317291
      0.98071448
      0.59075693
      0.19292911
     -0.20859126
     -0.60742687
     -0.99900785
     -1.38315781
     -1.76372163
     -2.14623537
     -2.53511302
     -2.93131676
      2.95159145
      2.55291953
      2.16041435
      1.77486131
      1.39319425
      1.01042763
      0.62226056
      0.22734935
     -0.17177505
     -0.57007827
     -0.96314753
     -1.34980972
     -1.73250921
     -2.11570882
     -2.50349676
     -2.89741262
      2.98771643
      2.58995905
      2.19664399
      1.80913778
      1.42547850
      1.04170110
      0.65401057
      0.26081475
     -0.13630468
     -0.53345103
     -0.92681293
     -1.31495403
     -1.69945665
     -2.08383040
     -2.47156004
     -2.86422644
      3.02262121
      2.62603879
      2.23270181
      1.84406520
      1.45885131
      1.07394411
      0.68614089
      0.29388982
     -0.10179717
     -0.49788901
     -0.89117947
     -1.28021596
     -1.66602848
     -2.05139816
     -2.43928043
     -2.83119267
      3.05685541
      2.66119056
      2.26795567
      1.87858973
      1.49226707
      1.10649390
      0.71853245
      0.32690210
     -0.06776383
     -0.46305318
     -0.85622776
     -1.24586919
     -1.63263216
     -2.01876114
     -2.40680036
     -2.79818568
      3.09093575
      0.00000000
