      0.00000000
      0.00000000
      0.00000000
      0.00000000
      0.00000000
      0.00000000
      0.00000000
      0.00000000
      0.00000000
      0.00000000
      0.00000000
      0.00000000
      0.00000000
      0.00000000
      0.00000000
      0.00000000
      0.00000000
      0.00000000
      0.00000000
      0.00000000
      0.00000000
      0.00000000
      0.00000000
      0.00000000
      0.00000000
      0.00000000
      0.00000000
      0.00000000
      0.00000000
      0.00000000
      0.00000000
      0.00000000
      0.00000000
      0.00000000
      0.00000000
      0.00000000
      0.00000000
      0.00000000
      0.00000000
      0.00000000
      0.00000000
      0.00000000
      0.00000000
      0.00000000
      0.00000000
      0.00000000
      0.00000000
      0.00000000
      0.00000000
      0.00000000
      0.00000000
      0.00000000
      0.00000000
      0.00000000
      0.00000000
      0.00000000
      0.00000000
      0.00000000
      0.00000000
      0.00000000
      0.00000000
      0.00000000
      0.00000000
      0.00000000
      0.00000000
      0.00000000
      0.00000000
      0.00000000
      0.00000000
      0.00000000
      0.00000000
      0.00000000
      0.00000000
      0.00000000
      0.00000000
      0.00000000
      0.00000000
      0.00000000
      0.00000000
      0.00000000
      0.00000000
      0.00000000
      0.00000000
      0.00000000
      0.00000000
      0.00000000
      0.00000000
      0.00000000
      0.00000000
      0.00000000
      0.00000000
      0.00000000
      0.00000000
      0.00000000
      0.00000000
      0.00000000
      0.00000000
      0.00000000
      0.00000000
      0.00000000
      0.00000000
      0.00000000
      0.00000000
      0.00000000
      0.00000000
      0.00000000
      0.00000000
      0.00000000
      0.00000000
      0.00000000
      0.00000000
      0.00000000
      0.00000000
      0.00000000
      0.00000000
      0.00000000
      0.00000000
      0.00000000
      0.00000000
      0.00000000
      0.00000000
      0.00000000
      0.00000000
      0.00000000
      0.00000000
      0.00000000
      0.00000000
      0.00000000
      0.00000000
      0.00000000
      0.00000000
      0.00000000
      0.00000000
      0.00000000
      0.00000000
      0.00000000
      0.00000000
      0.00000000
      0.00000000
      0.00000000
      0.00000000
      0.00000000
      0.00000000
      0.00000000
      0.00000000
      0.00000002
      0.00000008
      0.00000039
      0.00000159
      0.00000581
      0.00001885
      0.00005398
      0.00013415
      0.00028423
      0.00051193
      0.00079853
      0.00111510
      0.00144194
      0.00177111
      0.00209899
      0.00242079
      0.00273046
      0.00302431
      0.00330411
      0.00357713
      0.00385297
      0.00413918
      0.00443730
      0.00474023
      0.00503277
      0.00529755
      0.00552556
      0.00572484
      0.00592051
      0.00614616
      0.00643069
      0.00678169
      0.00716612
      0.00750277
      0.00769802
      0.00772069
      0.00763490
      0.00755441
      0.00759061
      0.00783523
      0.00834213
      0.00904863
      0.00963779
      0.00966371
      0.00912372
      0.00842621
      0.00784984
      0.00747427
      0.00731469
      0.00736749
      0.00758322
      0.00781423
      0.00783069
      0.00762136
      0.00737908
      0.00720012
      0.00710323
      0.00707820
      0.00708724
      0.00706239
      0.00698600
      0.00700807
      0.00718521
      0.00734482
      0.00742797
      0.00748251
      0.00753728
      0.00756943
      0.00751646
      0.00738229
      0.00738779
      0.00763476
      0.00788750
      0.00804038
      0.00813642
      0.00820242
      0.00821084
      0.00811792
      0.00800179
      0.00809417
      0.00837111
      0.00861104
      0.00875801
      0.00883892
      0.00885355
      0.00877468
      0.00863550
      0.00862463
      0.00883798
      0.00909506
      0.00926833
      0.00935477
      0.00936202
      0.00927643
      0.00911811
      0.00903916
      0.00918259
      0.00942503
      0.00960588
      0.00969295
      0.00969331
      0.00960029
      0.00942595
      0.00929449
      0.00937240
      0.00958946
      0.00976974
      0.00985553
      0.00985074
      0.00975281
      0.00956674
      0.00939163
      0.00940603
      0.00959121
      0.00976587
      0.00984856
      0.00983925
      0.00973874
      0.00954552
      0.00933302
      0.00928299
      0.00942977
      0.00959476
      0.00967218
      0.00965792
      0.00955711
      0.00936247
      0.00911866
      0.00899998
      0.00909946
      0.00925112
      0.00932081
      0.00930010
      0.00920191
      0.00901567
      0.00875135
      0.00855608
      0.00859281
      0.00873013
      0.00879347
      0.00876669
      0.00867828
      0.00852367
      0.00827469
      0.00800370
      0.00793832
      0.00806293
      0.00814429
      0.00812604
      0.00805703
      0.00796117
      0.00780711
      0.00755283
      0.00731563
      0.00732433
      0.00745662
      0.00750247
      0.00746817
      0.00741606
      0.00736685
      0.00729093
      0.00714244
      0.00698112
      0.00696410
      0.00702850
      0.00704324
      0.00703526
      0.00707177
      0.00719001
      0.00740267
      0.00769091
      0.00793459
      0.00790082
      0.00762351
      0.00737476
      0.00730970
      0.00746929
      0.00784662
      0.00841281
      0.00906967
      0.00953831
      0.00946511
      0.00889029
      0.00821881
      0.00773143
      0.00748430
      0.00742621
      0.00746908
      0.00750856
      0.00744544
      0.00723156
      0.00690052
      0.00653338
      0.00619736
      0.00591835
      0.00568782
      0.00547941
      0.00526403
      0.00502178
      0.00474865
      0.00445468
      0.00415527
      0.00386210
      0.00357867
      0.00330069
      0.00301954
      0.00272705
      0.00241971
      0.00209980
      0.00177281
      0.00144377
      0.00111672
      0.00079990
      0.00051302
      0.00028498
      0.00013454
      0.00005413
      0.00001888
      0.00000581
      0.00000159
      0.00000039
      0.00000008
      0.00000002
      0.00000000
      0.00000000
      0.00000000
      0.00000000
      0.00000000
      0.00000000
      0.00000000
      0.00000000
      0.00000000
      0.00000000
      0.00000000
      0.00000000
      0.00000000
      0.00000000
      0.00000000
      0.00000000
      0.00000000
      0.00000000
      0.00000000
      0.00000000
      0.00000000
      0.00000000
      0.00000000
      0.00000000
      0.00000000
      0.00000000
      0.00000000
      0.00000000
      0.00000000
      0.00000000
      0.00000000
      0.00000000
      0.00000000
      0.00000000
      0.00000000
      0.00000000
      0.00000000
      0.00000000
      0.00000000
      0.00000000
      0.00000000
      0.00000000
      0.00000000
      0.00000000
      0.00000000
      0.00000000
      0.00000000
      0.00000000
      0.00000000
      0.00000000
      0.00000000
      0.00000000
      0.00000000
      0.00000000
      0.00000000
      0.00000000
      0.00000000
      0.00000000
      0.00000000
      0.00000000
      0.00000000
      0.00000000
      0.00000000
      0.00000000
      0.00000000
      0.00000000
      0.00000000
      0.00000000
      0.00000000
      0.00000000
      0.00000000
      0.00000000
      0.00000000
      0.00000000
      0.00000000
      0.00000000
      0.00000000
      0.00000000
      0.00000000
      0.00000000
      0.00000000
      0.00000000
      0.00000000
      0.00000000
      0.00000000
      0.00000000
      0.00000000
      0.00000000
      0.00000000
      0.00000000
      0.00000000
      0.00000000
      0.00000000
      0.00000000
      0.00000000
      0.00000000
      0.00000000
      0.00000000
      0.00000000
      0.00000000
      0.00000000
      0.00000000
      0.00000000
      0.00000000
      0.00000000
      0.00000000
      0.00000000
      0.00000000
      0.00000000
      0.00000000
      0.00000000
      0.00000000
      0.00000000
      0.00000000
      0.00000000
      0.00000000
      0.00000000
      0.00000000
      0.00000000
      0.00000000
      0.00000000
      0.00000000
      0.00000000
      0.00000000
      0.00000000
      0.00000000
      0.00000000
      0.00000000
      0.00000000
      0.00000000
      0.00000000
      0.00000000
      0.00000000
      0.00000000
      0.00000000
      0.00000000
      0.00000000
      0.00000000
      0.00000000
      0.00000000
      0.00000000
      0.00000000
      0.00000000
      0.00000000
      0.00000000
