      0.00000000
      0.00000000
      0.00000000
      0.00000000
      0.00000000
      0.00000000
      0.00000000
      0.00000000
      0.00000000
      0.00000000
      0.00000000
      0.00000000
      0.00000000
      0.00000000
      0.00000000
      0.00000000
      0.00000000
      0.00000000
      0.00000000
      0.00000000
      0.00000000
      0.00000000
      0.00000000
      0.00000000
      0.00000000
      0.00000000
      0.00000000
      0.00000000
      0.00000000
      0.00000000
      0.00000000
      0.00000000
      0.00000000
      0.00000000
      0.00000000
      0.00000000
      0.00000000
      0.00000000
      0.00000000
      0.00000000
      0.00000000
      0.00000000
      0.00000000
      0.00000000
      0.00000000
      0.00000000
      0.00000000
      0.00000000
      0.00000000
      0.00000000
      0.00000000
      0.00000000
      0.00000000
      0.00000000
      0.00000000
      0.00000000
      0.00000000
      0.00000000
      0.00000000
      0.00000000
      0.00000000
      0.00000000
      0.00000000
      0.00000000
      0.00000000
      0.00000000
      0.00000000
      0.00000000
      0.00000000
      0.00000000
      0.00000000
      0.00000000
      0.00000000
      0.00000000
      0.00000000
      0.00000000
      0.00000000
      0.00000000
      0.00000000
      0.00000000
      0.00000000
      0.00000000
      0.00000000
      0.00000000
      0.00000000
      0.00000000
      0.00000000
      0.00000000
      0.00000000
      0.00000000
      0.00000000
      0.00000000
      0.00000000
      0.00000000
      0.00000000
      0.00000000
      0.00000000
      0.00000000
      0.00000000
      0.00000000
      0.00000000
      0.00000000
      0.00000000
      0.00000000
      0.00000000
      0.00000000
      0.00000000
      0.00000000
      0.00000000
      0.00000000
      0.00000000
      0.00000000
      0.00000000
      0.00000000
      0.00000000
      0.00000000
      0.00000000
      0.00000000
      0.00000000
      0.00000000
      0.00000000
      0.00000000
      0.00000000
      0.00000000
      0.00000000
      0.00000000
      0.00000000
      0.00000000
      0.00000000
      0.00000000
      0.00000000
      0.00000000
      0.00000000
      0.00000000
      0.00000000
      0.00000000
      0.00000000
      0.00000000
      0.00000000
      0.00000000
      0.00000000
      0.00000000
      0.00000000
      0.00000000
      0.00000000
      0.00000000
      0.00000000
      0.00000002
      0.00000003
      0.00000002
      0.00000007
      0.00000141
      0.00000849
      0.00002902
      0.00006682
      0.00011359
      0.00015286
      0.00017201
      0.00016952
      0.00015460
      0.00014272
      0.00014833
      0.00017735
      0.00022393
      0.00027389
      0.00031150
      0.00032586
      0.00031555
      0.00029179
      0.00027753
      0.00029853
      0.00036779
      0.00047368
      0.00058151
      0.00064592
      0.00062714
      0.00051145
      0.00033898
      0.00021845
      0.00027828
      0.00055931
      0.00097331
      0.00137528
      0.00163259
      0.00163080
      0.00127941
      0.00062501
      0.00008750
      0.00030267
      0.00126243
      0.00237497
      0.00328426
      0.00393616
      0.00432931
      0.00440873
      0.00411737
      0.00369482
      0.00384718
      0.00463098
      0.00537483
      0.00585487
      0.00616119
      0.00636775
      0.00646722
      0.00640515
      0.00623398
      0.00628040
      0.00664425
      0.00699426
      0.00720463
      0.00733731
      0.00743956
      0.00749723
      0.00745277
      0.00731860
      0.00733073
      0.00759485
      0.00786359
      0.00802669
      0.00812865
      0.00819797
      0.00820815
      0.00811607
      0.00800041
      0.00809324
      0.00837058
      0.00861076
      0.00875785
      0.00883883
      0.00885351
      0.00877466
      0.00863551
      0.00862465
      0.00883799
      0.00909506
      0.00926832
      0.00935476
      0.00936201
      0.00927643
      0.00911812
      0.00903918
      0.00918260
      0.00942503
      0.00960587
      0.00969295
      0.00969330
      0.00960029
      0.00942595
      0.00929450
      0.00937241
      0.00958946
      0.00976974
      0.00985553
      0.00985074
      0.00975281
      0.00956674
      0.00939163
      0.00940603
      0.00959121
      0.00976588
      0.00984857
      0.00983925
      0.00973874
      0.00954552
      0.00933301
      0.00928299
      0.00942977
      0.00959476
      0.00967219
      0.00965793
      0.00955712
      0.00936246
      0.00911866
      0.00899996
      0.00909945
      0.00925112
      0.00932082
      0.00930011
      0.00920192
      0.00901566
      0.00875132
      0.00855605
      0.00859277
      0.00873010
      0.00879343
      0.00876660
      0.00867807
      0.00852320
      0.00827374
      0.00800207
      0.00793607
      0.00806012
      0.00814036
      0.00811967
      0.00804602
      0.00794201
      0.00777401
      0.00749843
      0.00723972
      0.00724205
      0.00737626
      0.00741295
      0.00734874
      0.00724058
      0.00709897
      0.00687268
      0.00650139
      0.00612949
      0.00609676
      0.00627673
      0.00633628
      0.00622755
      0.00600461
      0.00567084
      0.00514655
      0.00434635
      0.00353643
      0.00342101
      0.00388588
      0.00419515
      0.00411713
      0.00371582
      0.00305347
      0.00214777
      0.00108169
      0.00021477
      0.00005733
      0.00056280
      0.00115978
      0.00147972
      0.00147958
      0.00124284
      0.00087988
      0.00051685
      0.00028130
      0.00023980
      0.00034742
      0.00049250
      0.00058466
      0.00059228
      0.00052971
      0.00043363
      0.00034415
      0.00028943
      0.00027549
      0.00028741
      0.00030158
      0.00029937
      0.00027432
      0.00023224
      0.00018721
      0.00015477
      0.00014391
      0.00015174
      0.00016511
      0.00016815
      0.00015049
      0.00011268
      0.00006680
      0.00002927
      0.00000866
      0.00000147
      0.00000008
      0.00000002
      0.00000003
      0.00000002
      0.00000000
      0.00000000
      0.00000000
      0.00000000
      0.00000000
      0.00000000
      0.00000000
      0.00000000
      0.00000000
      0.00000000
      0.00000000
      0.00000000
      0.00000000
      0.00000000
      0.00000000
      0.00000000
      0.00000000
      0.00000000
      0.00000000
      0.00000000
      0.00000000
      0.00000000
      0.00000000
      0.00000000
      0.00000000
      0.00000000
      0.00000000
      0.00000000
      0.00000000
      0.00000000
      0.00000000
      0.00000000
      0.00000000
      0.00000000
      0.00000000
      0.00000000
      0.00000000
      0.00000000
      0.00000000
      0.00000000
      0.00000000
      0.00000000
      0.00000000
      0.00000000
      0.00000000
      0.00000000
      0.00000000
      0.00000000
      0.00000000
      0.00000000
      0.00000000
      0.00000000
      0.00000000
      0.00000000
      0.00000000
      0.00000000
      0.00000000
      0.00000000
      0.00000000
      0.00000000
      0.00000000
      0.00000000
      0.00000000
      0.00000000
      0.00000000
      0.00000000
      0.00000000
      0.00000000
      0.00000000
      0.00000000
      0.00000000
      0.00000000
      0.00000000
      0.00000000
      0.00000000
      0.00000000
      0.00000000
      0.00000000
      0.00000000
      0.00000000
      0.00000000
      0.00000000
      0.00000000
      0.00000000
      0.00000000
      0.00000000
      0.00000000
      0.00000000
      0.00000000
      0.00000000
      0.00000000
      0.00000000
      0.00000000
      0.00000000
      0.00000000
      0.00000000
      0.00000000
      0.00000000
      0.00000000
      0.00000000
      0.00000000
      0.00000000
      0.00000000
      0.00000000
      0.00000000
      0.00000000
      0.00000000
      0.00000000
      0.00000000
      0.00000000
      0.00000000
      0.00000000
      0.00000000
      0.00000000
      0.00000000
      0.00000000
      0.00000000
      0.00000000
      0.00000000
      0.00000000
      0.00000000
      0.00000000
      0.00000000
      0.00000000
      0.00000000
      0.00000000
      0.00000000
      0.00000000
      0.00000000
      0.00000000
      0.00000000
      0.00000000
      0.00000000
      0.00000000
      0.00000000
      0.00000000
      0.00000000
      0.00000000
      0.00000000
      0.00000000
      0.00000000
      0.00000000
      0.00000000
      0.00000000
      0.00000000
      0.00000000
      0.00000000
