             NaN
     -1.42622238
     -1.03606541
     -0.64533793
     -0.25410332
      0.13727353
      0.52833646
      0.91880511
      1.30874176
      1.69851940
      2.08861024
      2.47931355
      2.87057655
     -3.02116938
     -2.63004914
     -2.23956561
     -1.84966956
     -1.45996892
     -1.06995076
     -0.67927644
     -0.28798392
      0.10352395
      0.49470817
      0.88520924
      1.27506092
      1.66467558
      2.05461118
      2.44525072
      2.83657386
     -3.05502836
     -2.66377253
     -2.27325085
     -1.88344798
     -1.49392985
     -1.10408853
     -0.71349081
     -0.32213606
      0.06952991
      0.46086617
      0.85141199
      1.24116077
      1.63056981
      2.02030280
      2.41085005
      2.80223722
     -3.08919044
     -2.69776344
     -2.30718937
     -1.91750102
     -1.52821619
     -1.13860863
     -0.74812266
     -0.35670258
      0.03515694
      0.42668687
      0.81729408
      1.20691425
      1.59605636
      1.98551736
      2.37592837
      2.76738133
     -3.12383068
     -2.73218322
     -2.34153702
     -1.95199462
     -1.56301821
     -1.17373032
     -0.78341200
     -0.39192708
      0.00017407
      0.39195681
      0.78264911
      1.17210162
      1.56088320
      1.94996394
      2.34016620
      2.73168067
      3.12392643
     -2.76731899
     -2.37657183
     -1.98722490
     -1.59867585
     -1.20984692
     -0.81979238
     -0.42825328
     -0.03584283
      0.35628155
      0.74709442
      1.13631493
      1.52458135
      1.91309830
      2.30296102
      2.69451537
      3.08711464
     -2.80372710
     -2.41283495
     -2.02376951
     -1.63585434
     -1.24773312
     -0.85812598
     -0.46657385
     -0.07375702
      0.31885049
      0.70983899
      1.09870843
      1.48617467
      1.87377870
      2.26303375
      2.65455067
      3.04761830
     -2.84263686
     -2.45153043
     -2.06291843
     -1.67604712
     -1.28914607
     -0.90039829
     -0.50898149
     -0.11562805
      0.27770297
      0.66895439
      1.05721068
      1.44325394
      1.82914635
      2.21711576
      2.60829531
      3.00195870
     -2.88739009
     -2.49596130
     -2.10823278
     -1.72342686
     -1.33910230
     -0.95244585
     -0.56182999
     -0.16789669
      0.22657623
      0.61821054
      1.00506419
      1.38779758
      1.76934149
      2.15340237
      2.54249572
      2.93632006
     -2.95169120
     -2.55991499
     -2.17485056
     -1.79644721
     -1.42132085
     -1.04437154
     -0.66120201
     -0.27067567
      0.12349771
      0.51370664
      0.89199759
      1.25372760
      1.59891579
      1.93144376
      2.25738620
      2.58318617
      2.91392990
     -3.03109207
     -2.68599188
     -2.33670411
     -1.98681177
     -1.63918063
     -1.29493221
     -0.95327193
     -0.61210333
     -0.26911427
      0.07705916
      0.42601310
      0.77550049
      1.12228946
      1.46371094
      1.79923214
      2.13129284
      2.46486450
      2.80556298
     -3.12647955
     -2.76662194
     -2.40548035
     -2.05351925
     -1.71921643
     -1.40438143
     -1.10186985
     -0.79634014
     -0.46870995
     -0.10510672
      0.29208595
      0.69951229
      1.08323819
      1.41871671
      1.70211530
      1.94925982
      2.19092650
      2.46866815
      2.82590597
     -3.00019976
     -2.48841563
     -2.02351843
     -1.66420758
     -1.40020134
     -1.19152445
     -0.99139072
     -0.75017365
     -0.41628639
      0.04664989
      0.59874993
      1.10279486
      1.47720642
      1.74059950
      1.94286395
      2.13530972
      2.36848597
      2.69391638
     -3.13258856
     -2.57821336
     -2.06402318
     -1.67740474
     -1.39878897
     -1.17494410
     -0.95242615
     -0.68055195
     -0.31168305
      0.17605582
      0.71844213
      1.19101338
      1.55053440
      1.83130854
      2.08453692
      2.35914075
      2.70107960
     -3.14018746
     -2.62195508
     -2.12708245
     -1.72635399
     -1.40908316
     -1.13215450
     -0.85000194
     -0.51891536
     -0.10313480
      0.39314824
      0.89299730
      1.31639153
      1.65611968
      1.94759595
      2.23371530
      2.55675308
      2.95413779
     -2.84958258
     -2.34779406
     -1.90778573
     -1.55139918
     -1.25002873
     -0.96260657
     -0.64747868
     -0.26571531
      0.19942961
      0.70265810
      1.15764280
      1.52867201
      1.83761575
      2.12429317
      2.43045191
      2.79678462
     -3.03514382
     -2.53045425
     -2.05977591
     -1.67385753
     -1.35849376
     -1.07474911
     -0.78004929
     -0.43139155
      0.00411378
      0.51010353
      0.99958687
      1.40320225
      1.72477366
      2.00240164
      2.28035762
      2.60480372
      3.01786948
     -2.76053561
     -2.24568003
     -1.81624290
     -1.48614933
     -1.21916287
     -0.96846536
     -0.68429198
     -0.31503828
      0.16962014
      0.71458680
      1.19223449
      1.54841394
      1.81044714
      2.02705464
      2.24918498
      2.53048375
      2.92356050
     -2.83935383
     -2.28654460
     -1.83700071
     -1.51817212
     -1.28910163
     -1.09809383
     -0.89469040
     -0.62776641
     -0.24831552
      0.25902504
      0.80849533
      1.26582501
      1.59566171
      1.83547140
      2.03676458
      2.24886849
      2.51783410
      2.88165306
     -2.93628468
     -2.43002018
     -1.97946923
     -1.62542363
     -1.34713751
     -1.10218030
     -0.85045245
     -0.56310195
     -0.22645655
      0.15434434
      0.55576089
      0.94704899
      1.30771952
      1.63612224
      1.94503617
      2.25176360
      2.57003254
      2.90595793
     -3.02567882
     -2.66636093
     -2.30858205
     -1.95869262
     -1.61791404
     -1.28309132
     -0.94921474
     -0.61203945
     -0.26969986
      0.07703161
      0.42565258
      0.77343991
      1.11880982
      1.46192862
      1.80439744
      2.14824975
      2.49472897
      2.84337471
     -3.09130882
     -2.74629279
     -2.40760866
     -2.07604227
     -1.74944959
     -1.42298241
     -1.09030121
     -0.74531105
     -0.38400808
     -0.00617501
      0.38375575
      0.77794356
      1.16872193
      1.55221136
      1.92938090
      2.30453855
      2.68279118
      3.06761289
     -2.82399683
     -2.42887311
     -2.03493337
     -1.64564031
     -1.26141241
     -0.87981830
     -0.49716814
     -0.11047926
      0.28100270
      0.67542124
      1.06942341
      1.46018290
      1.84697175
      2.23134660
      2.61609902
      3.00370419
     -2.88817438
     -2.49438919
     -2.10068018
     -1.70939009
     -1.32131182
     -0.93537218
     -0.54936575
     -0.16120666
      0.22994356
      0.62322729
      1.01661250
      1.40811782
      1.79695742
      2.18390222
      2.57074733
      2.95928026
     -2.93288455
     -2.53999783
     -2.14690754
     -1.75531786
     -1.36598391
     -0.97833943
     -0.59089208
     -0.20208836
      0.18882593
      0.58139344
      0.97422653
      1.36583957
      1.75551547
      2.14367416
      2.53157574
      2.92058570
     -2.97177240
     -2.57946579
     -2.18685496
     -1.79524893
     -1.40532563
     -1.01677386
     -0.62851706
     -0.23934392
      0.15141155
      0.54350163
      0.93592009
      1.32750348
      1.71761186
      2.10647324
      2.49501573
      2.88432186
     -3.00816744
     -2.61625948
     -2.22400848
     -1.83245575
     -1.44220531
     -1.05309424
     -0.66431680
     -0.27489969
      0.11574675
      0.50749966
      0.89960387
      1.29112204
      1.68148372
      2.07080004
      2.45977423
      2.84928578
     -3.04329468
     -2.65167515
     -2.25970055
     -1.86821857
     -1.47776836
     -1.08828066
     -0.69913921
     -0.30954602
      0.08102374
      0.47252745
      0.86438685
      1.25583234
      1.64635390
      2.03598657
      2.42527202
      2.81493669
     -3.07770856
     -2.68630623
     -2.29454985
     -1.90314039
     -1.51256075
     -1.12280409
     -0.73339337
     -0.34366539
      0.04684942
      0.43816244
      0.82982618
      1.22120052
      1.61182780
      2.00169147
      2.39121215
      2.78099672
     -3.11169523
     -2.72046133
     -2.32888127
     -1.93754091
     -1.54687434
     -1.15691761
     -0.76729968
     -0.37746409
      0.01301106
      0.40417455
      0.79567874
      1.18698639
      1.57768549
      1.96772364
      2.35742815
      2.74731006
      3.13776981
     -2.75431486
     -2.36287971
     -1.97160343
     -1.58087737
     -1.19076761
     -0.80098560
     -0.41106136
     -0.02061454
      0.37042982
      0.76180200
      1.15304825
      1.54379663
      1.93397151
      0.00000000
