      0.00000000
      3.14002014
      2.74939514
      2.35877013
      1.96814513
      1.57752012
      1.18689511
      0.79627011
      0.40564510
      0.01502009
     -0.37560491
     -0.76622992
     -1.15685493
     -1.54747994
     -1.93810494
     -2.32872995
     -2.71935496
     -3.10997996
      2.78258034
      2.39195533
      2.00133032
      1.61070532
      1.22008031
      0.82945530
      0.43883030
      0.04820529
     -0.34241972
     -0.73304472
     -1.12366973
     -1.51429474
     -1.90491975
     -2.29554475
     -2.68616976
     -3.07679477
      2.81576553
      2.42514053
      2.03451552
      1.64389051
      1.25326550
      0.86264050
      0.47201549
      0.08139048
     -0.30923452
     -0.69985953
     -1.09048454
     -1.48110955
     -1.87173455
     -2.26235956
     -2.65298457
     -3.04360958
      2.84895072
      2.45832572
      2.06770071
      1.67707570
      1.28645069
      0.89582569
      0.50520068
      0.11457567
     -0.27604934
     -0.66667434
     -1.05729935
     -1.44792436
     -1.83854937
     -2.22917438
     -2.61979938
     -3.01042439
      2.88213591
      2.49151090
      2.10088589
      1.71026088
      1.31963588
      0.92901087
      0.53838586
      0.14776086
     -0.24286415
     -0.63348916
     -1.02411416
     -1.41473917
     -1.80536418
     -2.19598918
     -2.58661418
     -2.97723919
      2.91532112
      2.52469611
      2.13407111
      1.74344611
      1.35282112
      0.96219612
      0.57157112
      0.18094613
     -0.20967887
     -0.60030387
     -0.99092886
     -1.38155386
     -1.77217886
     -2.16280387
     -2.55342888
     -2.94405390
      2.94850637
      2.55788131
      2.16725624
      1.77663115
      1.38600603
      0.99538088
      0.60475570
      0.21413049
     -0.17649474
     -0.56712000
     -0.95774529
     -1.34837058
     -1.73899588
     -2.12962117
     -2.52024643
     -2.91087165
      2.98168849
      2.59106341
      2.20043843
      1.80981357
      1.41918885
      1.02856430
      0.63793994
      0.24731578
     -0.14330816
     -0.53393184
     -0.92455525
     -1.31517836
     -1.70580115
     -2.09642357
     -2.48704560
     -2.87766719
      3.01489703
      2.62427651
      2.23365662
      1.84303744
      1.45241909
      1.06180165
      0.67118525
      0.28057002
     -0.11004391
     -0.50065642
     -0.89126735
     -1.28187658
     -1.67248399
     -2.06308945
     -2.45369288
     -2.84429419
      3.04829195
      2.65769502
      2.26710076
      1.87651058
      1.48592443
      1.09532293
      0.70462491
      0.31370115
     -0.07731245
     -0.46741309
     -0.85474506
     -1.23801401
     -1.61829743
     -1.99946714
     -2.38653864
     -2.78245033
      3.09829900
      2.69705847
      2.30555936
      1.92724568
      1.55817472
      1.18893217
      0.80870072
      0.41081039
     -0.00119200
     -0.41265458
     -0.80732272
     -1.17900281
     -1.53384913
     -1.88548063
     -2.24940981
     -2.63717551
     -3.04815089
      2.81877838
      2.42194706
      2.05672464
      1.71765798
      1.38944527
      1.05426635
      0.69637264
      0.30795121
     -0.10223782
     -0.50696977
     -0.87940058
     -1.21407965
     -1.52353924
     -1.82653352
     -2.14219611
     -2.48673695
     -2.86807481
      3.00496081
      2.59352278
      2.21457651
      1.88179949
      1.58455663
      1.30046902
      1.00533461
      0.67839086
      0.30748023
     -0.10310748
     -0.52650669
     -0.92307103
     -1.26985042
     -1.57208907
     -1.85232476
     -2.13823354
     -2.45494871
     -2.81902929
      3.05289781
      2.61918383
      2.20460326
      1.83689724
      1.51456482
      1.21632334
      0.91383914
      0.58093176
      0.20147953
     -0.22117796
     -0.65848360
     -1.07162814
     -1.44129922
     -1.77470942
     -2.09451622
     -2.42730339
     -2.79465459
      3.07936317
      2.64422188
      2.21731912
      1.82551154
      1.47133458
      1.13829150
      0.80209553
      0.44000237
      0.03990576
     -0.39008980
     -0.82114180
     -1.22395777
     -1.58986063
     -1.93064775
     -2.26845356
     -2.62627235
     -3.01908639
      2.83911047
      2.40634506
      1.99618460
      1.62201431
      1.27596225
      0.93774086
      0.58423322
      0.19823059
     -0.22174280
     -0.65529166
     -1.07146072
     -1.45259803
     -1.80280787
     -2.14062281
     -2.48930204
     -2.86811894
      3.00062411
      2.56692825
      2.14516221
      1.75735151
      1.40349971
      1.06699005
      0.72438496
      0.35422166
     -0.05324069
     -0.48622021
     -0.91375987
     -1.30879797
     -1.66614534
     -1.99986098
     -2.33347919
     -2.69104635
     -3.08751200
      2.76581039
      2.33198612
      1.92766479
      1.56594066
      1.23737236
      0.91924517
      0.58470339
      0.21181749
     -0.20452300
     -0.64212955
     -1.06137380
     -1.43557864
     -1.76339975
     -2.06207498
     -2.35822470
     -2.68015069
     -3.04854688
      2.81954053
      2.38679405
      1.97777526
      1.61605972
      1.30103054
      1.01586655
      0.73552168
      0.43258755
      0.08495762
     -0.31193509
     -0.73453981
     -1.14362158
     -1.51325960
     -1.83976197
     -2.13542407
     -2.42081804
     -2.71975415
     -3.05411504
      2.84922907
      2.43810197
      2.02915424
      1.64893932
      1.30466114
      0.98805029
      0.68286857
      0.37014382
      0.03154675
     -0.34442825
     -0.75088268
     -1.16065567
     -1.54779623
     -1.90506128
     -2.24114950
     -2.57207335
     -2.91542227
      2.99763006
      2.59712303
      2.18011717
      1.77083029
      1.38496143
      1.02138011
      0.66799187
      0.30960286
     -0.06634701
     -0.46427751
     -0.87646924
     -1.28687473
     -1.68273710
     -2.06229111
     -2.43280568
     -2.80465096
      3.09706319
      2.70338525
      2.30177675
      1.90036889
      1.50552742
      1.11840489
      0.73582033
      0.35338425
     -0.03176328
     -0.41997004
     -0.80999139
     -1.20058355
     -1.59121429
     -1.98180939
     -2.37239606
     -2.76298728
      3.12960213
      2.73900318
      2.34840187
      1.95779841
      1.56719287
      1.17658532
      0.78597589
      0.39536468
      0.00475184
     -0.38586250
     -0.77647819
     -1.16709508
     -1.55771304
     -1.94833194
     -2.33895165
     -2.72957206
     -3.12019308
      2.77237070
      2.38174873
      1.99112638
      1.60050371
      1.20988075
      0.81925755
      0.42863412
      0.03801049
     -0.35261333
     -0.74323732
     -1.13386147
     -1.52448578
     -1.91511022
     -2.30573479
     -2.69635948
     -3.08698428
      2.80557613
      2.41495116
      2.02432612
      1.63370102
      1.24307589
      0.85245072
      0.46182554
      0.07120036
     -0.31942483
     -0.71005000
     -1.10067516
     -1.49130031
     -1.88192543
     -2.27255053
     -2.66317561
     -3.05380068
      2.83875958
      2.44813455
      2.05750954
      1.66688453
      1.27625953
      0.88563453
      0.49500954
      0.10438456
     -0.28624043
     -0.67686541
     -1.06749039
     -1.45811538
     -1.84874036
     -2.23936535
     -2.62999033
     -3.02061532
      2.87194500
      2.48132001
      2.09069503
      1.70007004
      1.30944505
      0.91882006
      0.52819507
      0.13757008
     -0.25305492
     -0.64367991
     -1.03430490
     -1.42492989
     -1.81555488
     -2.20617987
     -2.59680487
     -2.98742986
      2.90513046
      2.51450546
      2.12388047
      1.73325548
      1.34263048
      0.95200549
      0.56138050
      0.17075551
     -0.21986949
     -0.61049448
     -1.00111947
     -1.39174446
     -1.78236946
     -2.17299445
     -2.56361944
     -2.95424444
      2.93831588
      2.54769089
      2.15706589
      1.76644090
      1.37581591
      0.98519091
      0.59456592
      0.20394093
     -0.18668406
     -0.57730906
     -0.96793405
     -1.35855904
     -1.74918404
     -2.13980903
     -2.53043402
     -2.92105902
      2.97150130
      2.58087631
      2.19025131
      1.79962632
      1.40900133
      1.01837633
      0.62775134
      0.23712635
     -0.15349865
     -0.54412364
     -0.93474863
     -1.32537363
     -1.71599862
     -2.10662361
     -2.49724860
     -2.88787360
      3.00468672
      2.61406172
      2.22343673
      1.83281174
      1.44218674
      1.05156175
      0.66093676
      0.27031176
     -0.12031323
     -0.51093822
     -0.90156322
     -1.29218821
     -1.68281320
     -2.07343820
     -2.46406319
     -2.85468819
      3.03787213
      2.64724713
      0.00000000
