      0.00000000
      2.35234621
      1.98128300
      1.58624297
      1.16736216
      0.74134212
      0.33085791
     -0.05296301
     -0.41550278
     -0.77207550
     -1.14051353
     -1.53447147
     -1.95476933
     -2.38401449
     -2.79724808
      3.10149846
      2.74050705
      2.38676646
      2.02117239
      1.62850403
      1.20671823
      0.77388199
      0.35753424
     -0.02763849
     -0.38695126
     -0.73757694
     -1.09998756
     -1.49111998
     -1.91446573
     -2.35131950
     -2.77121124
      3.12593287
      2.76845034
      2.42126409
      2.06242903
      1.67312768
      1.24815094
      0.80677756
      0.38282931
     -0.00423780
     -0.35971171
     -0.70308252
     -1.05788468
     -1.44499719
     -1.87167145
     -2.31816246
     -2.74678692
     -3.13506649
      2.79486601
      2.45575118
      2.10552140
      1.72103727
      1.29260962
      0.84027916
      0.40621725
      0.01650112
     -0.33427391
     -0.66861015
     -1.01362321
     -1.39493088
     -1.82514676
     -2.28420078
     -2.72465222
     -3.11607805
      2.81912522
      2.49019614
      2.15117998
      1.77374321
      1.34174306
      0.87486463
      0.42680856
      0.03333524
     -0.31145921
     -0.63421349
     -0.96627412
     -1.33894458
     -1.77265564
     -2.24875426
     -2.70600184
     -3.10194655
      2.84013702
      2.52451096
      2.20060276
      1.83387552
      1.39865104
      0.91152646
      0.44295839
      0.04400210
     -0.29274356
     -0.60003459
     -0.91426899
     -1.27347154
     -1.70978697
     -2.21032683
     -2.69316626
     -3.09583464
      2.85585850
      2.55846383
      2.25587777
      1.90638112
      1.46981722
      0.95262009
      0.45124740
      0.04393912
     -0.28104228
     -0.56646680
     -0.85477595
     -1.19146076
     -1.62661255
     -2.16498817
     -2.69139312
     -3.10460377
      2.86194994
      2.59134328
      2.32092532
      2.00165524
      1.57126518
      1.00523728
      0.44311526
      0.02222439
     -0.28321075
     -0.53491139
     -0.78224900
     -1.07692473
     -1.49543240
     -2.09846534
     -2.71593217
      3.13607831
      2.84661362
      2.62007284
      2.40373487
      2.14563449
      1.75547386
      1.10328381
      0.38734713
     -0.05797200
     -0.32238508
     -0.51320507
     -0.68527836
     -0.88487207
     -1.20385980
     -1.90258597
     -2.84968475
      2.97067823
      2.75309514
      2.61922089
      2.51746378
      2.42223054
      2.29747770
      1.91896560
     -0.19926099
     -0.54815434
     -0.62991186
     -0.65279465
     -0.63901294
     -0.58942527
     -0.49880650
     -0.35821545
     -0.15436265
      0.12957901
      0.50134827
      0.92943867
      1.34480521
      1.70441187
      2.01297101
      2.29380065
      2.57152913
      2.87078951
     -3.06654335
     -2.66041544
     -2.22120063
     -1.81435379
     -1.48042157
     -1.21373044
     -0.99034527
     -0.78259400
     -0.55206149
     -0.22060510
      0.36620635
      1.11606706
      1.58181780
      1.81710505
      1.94669523
      2.01697003
      2.03976106
      2.00926385
      1.88433306
      1.22864718
     -0.64156773
     -0.92707549
     -1.03479039
     -1.10845456
     -1.18951370
     -1.31105895
     -1.51123779
     -1.84324672
     -2.36528680
     -3.00935894
      2.74699047
      2.40346261
      2.17768335
      2.00423050
      1.82963900
      1.60406360
      1.27582723
      0.80481904
      0.23343975
     -0.28182016
     -0.65515496
     -0.91335171
     -1.11076494
     -1.29989384
     -1.53125217
     -1.85607896
     -2.31331961
     -2.86904676
      2.89914846
      2.51255586
      2.23421576
      2.01060339
      1.78822091
      1.51640668
      1.14755162
      0.65980099
      0.11740026
     -0.35517115
     -0.71468387
     -0.99544872
     -1.24866894
     -1.52326591
     -1.86519881
     -2.30711141
     -2.82533801
      2.96298015
      2.56225663
      2.24499050
      1.96806640
      1.68591816
      1.35483559
      0.93905888
      0.44277969
     -0.05706571
     -0.48045669
     -0.82018187
     -1.11165533
     -1.39777207
     -1.72080748
     -2.11819002
     -2.59765289
     -3.09943950
      2.74373911
      2.38735394
      2.08598468
      1.79856351
      1.48343641
      1.10167362
      0.63652910
      0.13330084
     -0.32168385
     -0.69271324
     -1.00165736
     -1.28833536
     -1.59449488
     -1.96082858
     -2.41208666
     -2.91677771
      2.89572762
      2.50980748
      2.19444174
      1.91069489
      1.61599268
      1.26733236
      0.83182416
      0.32583116
     -0.16365557
     -0.56727438
     -0.88884943
     -1.16648133
     -1.44444145
     -1.76889182
     -2.18196217
     -2.68674768
      3.08157640
      2.65213388
      2.32203515
      2.05504397
      1.80434301
      1.52016778
      1.15090949
      0.66622919
      0.12121736
     -0.35646528
     -0.71263781
     -0.97459669
     -1.19102296
     -1.41283999
     -1.69378121
     -2.08688093
     -2.60831767
      3.12026121
      2.67005112
      2.35203864
      2.12526634
      1.93834369
      1.74079845
      1.47998686
      1.10141317
      0.58014353
      0.00809362
     -0.45800066
     -0.78080922
     -1.00227838
     -1.17409061
     -1.34599901
     -1.57200810
     -1.91987764
     -2.45962641
     -3.11604301
      2.64866538
      2.32598867
      2.13470924
      2.02183640
      1.95129397
      1.89383943
      1.81751491
      1.61746653
     -0.73463490
     -1.15947965
     -1.22774381
     -1.23037384
     -1.18802393
     -1.09990248
     -0.94973006
     -0.68798772
     -0.20609593
      0.48807347
      1.03079081
      1.36227821
      1.60368648
      1.82439115
      2.06168603
      2.34267867
      2.68756675
      3.09323496
     -2.76788796
     -2.38322813
     -2.05161649
     -1.75670138
     -1.47290050
     -1.17343270
     -0.83234975
     -0.43706771
     -0.01694333
      0.36147759
      0.65606537
      0.86796532
      1.01341373
      1.10678466
      1.15797977
      1.17283954
      1.15101455
      1.07167900
      0.74564045
     -1.35751999
     -1.76838686
     -1.89659238
     -1.99246699
     -2.09382762
     -2.22612184
     -2.43918765
     -2.88782486
      2.45984504
      1.74176556
      1.41499219
      1.21313983
      1.04087796
      0.85144602
      0.59101148
      0.15472631
     -0.55433973
     -1.21581872
     -1.61325295
     -1.87414391
     -2.09099372
     -2.31637069
     -2.60244205
     -3.02704747
      2.64348028
      2.03516498
      1.61056909
      1.31301482
      1.06498134
      0.81424372
      0.51171232
      0.09594345
     -0.46248764
     -1.03183813
     -1.46724976
     -1.78930759
     -2.06052664
     -2.33034231
     -2.64447002
     -3.05351330
      2.70626222
      2.16566729
      1.72635136
      1.38703853
      1.09787013
      0.81309055
      0.49028458
      0.08646604
     -0.41238496
     -0.93111805
     -1.37116845
     -1.72311175
     -2.02658589
     -2.32345964
     -2.65304922
     -3.05273411
      2.74979034
      2.24816746
      1.80890442
      1.44743745
      1.13230498
      0.82542929
      0.49035682
      0.09399125
     -0.37265888
     -0.86055086
     -1.29828899
     -1.66710645
     -1.99191033
     -2.30721132
     -2.64683490
     -3.04050273
      2.78714770
      2.31051010
      1.87463971
      1.50004166
      1.16709602
      0.84458930
      0.50110546
      0.10965226
     -0.33685746
     -0.80410457
     -1.23797092
     -1.61718510
     -1.95707007
     -2.28581842
     -2.63263515
     -3.02225502
      2.82188720
      2.36259449
      1.93075789
      1.54781074
      1.20194877
      0.86773541
      0.51799862
      0.12990694
     -0.30286330
     -0.75533134
     -1.18517191
     -1.57116907
     -1.92222541
     -2.26126763
     -2.61359415
     -3.00040519
      2.85534710
      2.40879833
      1.98088876
      1.59237907
      1.23677426
      0.89343228
      0.53878541
      0.15305137
     -0.26979269
     -0.71116004
     -1.13721906
     -1.52781136
     -1.88742424
     -2.23461986
     -2.59136382
     -2.97619074
      2.88813024
      2.45133387
      2.02703861
      1.63471275
      1.27154963
      0.92088123
      0.56222786
      0.17816439
     -0.23722419
     -0.66996139
     -1.09258082
     -1.48635302
     -1.85267411
     -2.20648653
     -2.56688966
     -2.95031262
      2.92053710
      2.49142482
      2.07039498
      1.67541562
      1.30627602
      0.94960611
      0.58759056
      0.20470180
     -0.20493962
     -0.63079924
     -1.05032253
     -1.44630807
     -1.81804638
      0.00000000
