      0.00000000
      0.00109599
      0.00202360
      0.00232121
      0.00237915
      0.00234656
      0.00227651
      0.00222829
      0.00225285
      0.00232836
      0.00239597
      0.00242701
      0.00241830
      0.00237019
      0.00229632
      0.00224616
      0.00226928
      0.00234446
      0.00241250
      0.00244412
      0.00243600
      0.00238841
      0.00231450
      0.00226324
      0.00228501
      0.00235987
      0.00242839
      0.00246064
      0.00245315
      0.00240613
      0.00233222
      0.00227980
      0.00230012
      0.00237459
      0.00244362
      0.00247656
      0.00246974
      0.00242336
      0.00234947
      0.00229586
      0.00231462
      0.00238865
      0.00245820
      0.00249187
      0.00248579
      0.00244008
      0.00236626
      0.00231141
      0.00232851
      0.00240204
      0.00247214
      0.00250658
      0.00250127
      0.00245629
      0.00238258
      0.00232647
      0.00234181
      0.00241477
      0.00248543
      0.00252069
      0.00251619
      0.00247199
      0.00239842
      0.00234103
      0.00235451
      0.00242684
      0.00249807
      0.00253419
      0.00253053
      0.00248715
      0.00241377
      0.00235509
      0.00236663
      0.00243826
      0.00251006
      0.00254707
      0.00254431
      0.00250179
      0.00242864
      0.00236867
      0.00237818
      0.00244904
      0.00252142
      0.00255935
      0.00255751
      0.00251588
      0.00244302
      0.00238176
      0.00238917
      0.00245917
      0.00253212
      0.00257102
      0.00257013
      0.00252944
      0.00245691
      0.00239437
      0.00239959
      0.00246867
      0.00254219
      0.00258207
      0.00258216
      0.00254244
      0.00247029
      0.00240650
      0.00240947
      0.00247754
      0.00255161
      0.00259251
      0.00259361
      0.00255489
      0.00248317
      0.00241814
      0.00241880
      0.00248579
      0.00256039
      0.00260233
      0.00260446
      0.00256677
      0.00249553
      0.00242930
      0.00242760
      0.00249341
      0.00256854
      0.00261153
      0.00261472
      0.00257809
      0.00250738
      0.00243998
      0.00243586
      0.00250043
      0.00257605
      0.00262011
      0.00262439
      0.00258884
      0.00251870
      0.00245018
      0.00244361
      0.00250684
      0.00258292
      0.00262808
      0.00263345
      0.00259902
      0.00252949
      0.00245990
      0.00245084
      0.00251264
      0.00258916
      0.00263542
      0.00264192
      0.00260861
      0.00253975
      0.00246914
      0.00245756
      0.00251786
      0.00259476
      0.00264215
      0.00264978
      0.00261762
      0.00254947
      0.00247789
      0.00246378
      0.00252248
      0.00259974
      0.00264825
      0.00265703
      0.00262603
      0.00255864
      0.00248616
      0.00246950
      0.00252653
      0.00260409
      0.00265374
      0.00266368
      0.00263386
      0.00256726
      0.00249393
      0.00247473
      0.00253000
      0.00260782
      0.00265860
      0.00266972
      0.00264108
      0.00257532
      0.00250121
      0.00247946
      0.00253290
      0.00261093
      0.00266285
      0.00267515
      0.00264771
      0.00258281
      0.00250800
      0.00248371
      0.00253523
      0.00261342
      0.00266647
      0.00267997
      0.00265373
      0.00258974
      0.00251429
      0.00248748
      0.00253702
      0.00261530
      0.00266948
      0.00268418
      0.00265915
      0.00259609
      0.00252007
      0.00249076
      0.00253825
      0.00261657
      0.00267186
      0.00268777
      0.00266396
      0.00260186
      0.00252534
      0.00249357
      0.00253894
      0.00261724
      0.00267363
      0.00269075
      0.00266816
      0.00260705
      0.00253010
      0.00249590
      0.00253909
      0.00261730
      0.00267479
      0.00269312
      0.00267174
      0.00261165
      0.00253434
      0.00249775
      0.00253870
      0.00261676
      0.00267533
      0.00269488
      0.00267471
      0.00261565
      0.00253805
      0.00249913
      0.00253780
      0.00261563
      0.00267525
      0.00269602
      0.00267707
      0.00261905
      0.00254124
      0.00250003
      0.00253637
      0.00261392
      0.00267457
      0.00269655
      0.00267880
      0.00262185
      0.00254388
      0.00250046
      0.00253442
      0.00261162
      0.00267328
      0.00269646
      0.00267992
      0.00262405
      0.00254599
      0.00250041
      0.00253196
      0.00260874
      0.00267138
      0.00269577
      0.00268041
      0.00262563
      0.00254754
      0.00249987
      0.00252900
      0.00260528
      0.00266888
      0.00269446
      0.00268029
      0.00262660
      0.00254854
      0.00249886
      0.00252554
      0.00260126
      0.00266577
      0.00269254
      0.00267954
      0.00262695
      0.00254898
      0.00249736
      0.00252157
      0.00259667
      0.00266207
      0.00269002
      0.00267818
      0.00262668
      0.00254886
      0.00249536
      0.00251711
      0.00259153
      0.00265778
      0.00268688
      0.00267619
      0.00262579
      0.00254816
      0.00249288
      0.00251216
      0.00258583
      0.00265289
      0.00268314
      0.00267358
      0.00262427
      0.00254688
      0.00248989
      0.00250671
      0.00257958
      0.00264741
      0.00267880
      0.00267035
      0.00262212
      0.00254501
      0.00248641
      0.00250078
      0.00257279
      0.00264135
      0.00267385
      0.00266651
      0.00261934
      0.00254256
      0.00248242
      0.00249436
      0.00256546
      0.00263471
      0.00266830
      0.00266204
      0.00261593
      0.00253951
      0.00247791
      0.00248746
      0.00255759
      0.00262749
      0.00266215
      0.00265695
      0.00261189
      0.00253586
      0.00247288
      0.00248007
      0.00254920
      0.00261970
      0.00265541
      0.00265124
      0.00260721
      0.00253160
      0.00246733
      0.00247219
      0.00254029
      0.00261134
      0.00264807
      0.00264492
      0.00260189
      0.00252673
      0.00246125
      0.00246383
      0.00253085
      0.00260241
      0.00264014
      0.00263798
      0.00259594
      0.00252124
      0.00245463
      0.00245499
      0.00252090
      0.00259293
      0.00263163
      0.00263043
      0.00258935
      0.00251513
      0.00244747
      0.00244565
      0.00251044
      0.00258289
      0.00262252
      0.00262226
      0.00258212
      0.00250839
      0.00243976
      0.00243584
      0.00249948
      0.00257230
      0.00261284
      0.00261348
      0.00257425
      0.00250102
      0.00243149
      0.00242553
      0.00248801
      0.00256116
      0.00260257
      0.00260409
      0.00256574
      0.00249302
      0.00242266
      0.00241473
      0.00247605
      0.00254948
      0.00259173
      0.00259409
      0.00255659
      0.00248437
      0.00241326
      0.00240343
      0.00246359
      0.00253727
      0.00258031
      0.00258349
      0.00254679
      0.00247509
      0.00240328
      0.00239164
      0.00245064
      0.00252453
      0.00256832
      0.00257228
      0.00253636
      0.00246515
      0.00239272
      0.00237935
      0.00243721
      0.00251126
      0.00255577
      0.00256046
      0.00252528
      0.00245457
      0.00238156
      0.00236656
      0.00242329
      0.00249747
      0.00254265
      0.00254804
      0.00251357
      0.00244332
      0.00236982
      0.00235327
      0.00240890
      0.00248316
      0.00252897
      0.00253502
      0.00250121
      0.00243142
      0.00235746
      0.00233946
      0.00239403
      0.00246835
      0.00251473
      0.00252140
      0.00248821
      0.00241886
      0.00234450
      0.00232515
      0.00237868
      0.00245303
      0.00249995
      0.00250719
      0.00247456
      0.00240563
      0.00233093
      0.00231031
      0.00236286
      0.00243721
      0.00248461
      0.00249237
      0.00246027
      0.00239173
      0.00231673
      0.00229497
      0.00234658
      0.00242089
      0.00246873
      0.00247697
      0.00244534
      0.00237716
      0.00230190
      0.00227910
      0.00232983
      0.00240409
      0.00245230
      0.00246097
      0.00242976
      0.00236192
      0.00228644
      0.00226270
      0.00231262
      0.00238679
      0.00243534
      0.00244437
      0.00241354
      0.00234599
      0.00227034
      0.00224578
      0.00229495
      0.00236902
      0.00241784
      0.00242719
      0.00239667
      0.00232936
      0.00225353
      0.00222805
      0.00227566
      0.00234586
      0.00237890
      0.00232134
      0.00202398
      0.00109635
      0.00000000
