             NaN
      1.26001023
      1.60520998
      1.92429871
      2.24100507
      2.58834521
      2.99345744
     -2.82733100
     -2.35175412
     -1.91943046
     -1.54955652
     -1.22330947
     -0.90557183
     -0.55892539
     -0.15491884
      0.30673065
      0.78252228
      1.21575673
      1.58649709
      1.91312178
      2.23061309
      2.57642908
      2.97929198
     -2.84303559
     -2.36701525
     -1.93279174
     -1.56109958
     -1.23404636
     -0.91679924
     -0.57185975
     -0.17021879
      0.28978069
      0.76603325
      1.20131794
      1.57404459
      1.90157762
      2.21858584
      2.56260790
      2.96295335
     -2.86115716
     -2.38467434
     -1.94826225
     -1.57442128
     -1.24635679
     -0.92957906
     -0.58651031
     -0.18752926
      0.27055460
      0.74726021
      1.18486007
      1.55989240
      1.88854038
      2.20509907
      2.54718359
      2.94473604
     -2.88142232
     -2.40450677
     -1.96566464
     -1.58936673
     -1.26008289
     -0.94372874
     -0.60265452
     -0.20659023
      0.24931424
      0.72642161
      1.16655467
      1.54418957
      1.87416196
      2.19032895
      2.53037160
      2.92489281
     -2.90357552
     -2.42629954
     -1.98483274
     -1.60579228
     -1.27507840
     -0.95907835
     -0.62008390
     -0.22715607
      0.22630917
      0.70372561
      1.14656315
      1.52707484
      1.85858331
      2.17443934
      2.51237349
      2.90366225
     -2.92737281
     -2.44984876
     -2.00560931
     -1.62356368
     -1.29120740
     -0.97546991
     -0.63860376
     -0.24899516
      0.20177800
      0.67937236
      1.12503914
      1.50867839
      1.84193563
      2.15758250
      2.49337721
      2.88126912
     -2.95258075
     -2.47495757
     -2.02784381
     -1.64255435
     -1.30834313
     -0.99275671
     -0.65803275
     -0.27188952
      0.17594921
      0.65355583
      1.10213055
      1.48912358
      1.82434152
      2.13989981
      2.47355763
      2.85792471
     -2.97897565
     -2.50143453
     -2.05139051
     -1.66264382
     -1.32636684
     -1.01080245
     -0.67820235
     -0.29563445
      0.14904180
      0.62646526
      1.07798136
      1.46852840
      1.80591616
      2.12152267
      2.45307708
      2.83382719
     -3.00634312
     -2.52909234
     -2.07610683
     -1.68371621
     -1.34516664
     -1.02948043
     -0.69895625
     -0.32003819
      0.12126562
      0.59828621
      1.05273309
      1.44700693
      1.78676846
      2.10257335
      2.43208602
      2.80916202
     -3.03447775
     -2.55774697
     -2.10185196
     -1.70565892
     -1.36463633
     -1.04867257
     -0.72014965
     -0.34492153
      0.09282166
      0.56920133
      1.02652617
      1.42467063
      1.76700215
      2.08316596
      2.41072379
      2.78410232
     -3.06318301
     -2.58721705
     -2.12848560
     -1.72836133
     -1.38467434
     -1.06826850
     -0.74164845
     -0.37011727
      0.06390205
      0.53939082
      0.99950097
      1.40162952
      1.74671695
      2.06340742
      2.38911945
      2.75880943
     -3.09227114
     -2.61732350
     -2.15586706
     -1.75171371
     -1.40518258
     -1.08816449
     -0.76332842
     -0.39546979
      0.03469014
      0.50903265
      0.97179872
      1.37799335
      1.72600957
      2.04339846
      2.36739266
      2.73343344
     -3.12156319
     -2.64788945
     -2.18385443
     -1.77560609
     -1.42606541
     -1.10826253
     -0.78507425
     -0.42083439
      0.00536050
      0.47830256
      0.94356215
      1.35387253
      1.70497483
      2.02323467
      2.34565461
      2.70811382
      3.13229635
     -2.67874032
     -2.21230401
     -1.79992736
     -1.44722862
     -1.12846923
     -0.80677862
     -0.44607665
     -0.02392104
      0.44737394
      0.91493602
      1.32937907
      1.68370658
      2.00300748
      2.32400899
      2.68298013
      3.10309833
     -2.70970401
     -2.24106991
     -1.82456443
     -1.46857846
     -1.14869487
     -0.82834121
     -0.47107167
     -0.05299731
      0.41641753
      0.88606741
      1.30462732
      1.66229869
      1.98280514
      2.30255301
      2.65815283
      3.07418097
     -2.74061119
     -2.27000384
     -1.84940151
     -1.49002073
     -1.16885240
     -0.84966767
     -0.49570322
     -0.08171961
      0.38560115
      0.85710587
      1.27973468
      1.64084589
      1.96271374
      2.28137838
      2.63374411
      3.04568887
     -2.77129563
     -2.29895498
     -1.87431947
     -1.51145995
     -1.18885647
     -0.87066866
     -0.51986290
     -0.10994738
      0.35508936
      0.82820347
      1.25482213
      1.61944463
      1.94281814
      2.26057237
      2.60985884
      3.01775865
     -2.80159450
     -2.32777000
     -1.89919534
     -1.53279854
     -1.20862248
     -0.89125875
     -0.54344914
     -0.13754774
      0.32504322
      0.79951477
      1.23001476
      1.59819381
      1.92320289
      2.24021882
      2.58659557
      2.99051957
     -2.83134854
     -2.35629314
     -1.92390183
     -1.55393607
     -1.22806570
     -0.91135541
     -0.56636613
     -0.16439492
      0.29562017
      0.77119671
      1.20544216
      1.57719555
      1.90395312
      2.22039920
      2.56404762
      2.96409416
     -2.86040216
     -2.38436630
     -1.94830693
     -1.57476858
     -1.24710037
     -0.93087797
     -0.58852277
     -0.19036942
      0.26697400
      0.74340854
      1.18123880
      1.55655582
      1.88515547
      2.20119366
      2.54230416
      2.93859909
     -2.88860328
     -2.41182912
     -1.97227364
     -1.59518791
     -1.26563878
     -0.94974655
     -0.60983150
     -0.21535712
      0.23925511
      0.71631173
      1.15754433
      1.53638511
      1.86689887
      2.18268204
      2.52145146
      2.91414619
     -2.91580310
     -2.43851899
     -1.99565958
     -1.61508111
     -1.28359055
     -0.96788107
     -0.63020706
     -0.23924819
      0.21261088
      0.69007002
      1.13450392
      1.51679901
      1.84927540
      2.16494494
      2.50157406
      2.89084362
     -2.94185550
     -2.46427100
     -2.01831673
     -1.63432982
     -1.30086174
     -0.98520017
     -0.64956530
     -0.26193584
      0.18718634
      0.66484955
      1.11226850
      1.49791876
      1.83238105
      2.14806472
      2.48275604
      2.86879713
     -2.96661634
     -2.48891775
     -2.04009117
     -1.65280976
     -1.31735410
     -1.00162025
     -0.66782189
     -0.28331501
      0.16312497
      0.64081909
      1.09099508
      1.47987179
      1.81631648
      2.13212650
      2.46508232
      2.84811146
     -2.98994246
     -2.51228897
     -2.06082272
     -1.67039024
     -1.33296440
     -1.01705440
     -0.68489100
     -0.30328086
      0.14056991
      0.61815049
      1.07084707
      1.46279219
      1.80118769
      2.11721917
      2.44863996
      2.82889195
     -3.01169049
     -2.53421107
     -2.08034467
     -1.68693367
     -1.34758367
     -1.03141152
     -0.70068399
     -0.32172719
      0.11966516
      0.59701930
      1.05199460
      1.44682115
      1.78710676
      2.10343635
      2.43351952
      2.81124610
     -3.03171535
     -2.55450634
     -2.09848336
     -1.70229513
     -1.36109658
     -1.04459523
     -0.71510803
     -0.33854471
      0.10055728
      0.57760561
      1.03461495
      1.43210743
      1.77419244
      2.09087738
      2.41981647
      2.79528544
     -3.04986855
     -2.57299205
     -2.11505774
     -1.71632195
     -1.37338080
     -1.05650297
     -0.72806464
     -0.35361916
      0.08339718
      0.56009512
      1.01889305
      1.41880771
      1.76257080
      2.07964832
      2.40763268
      2.78112748
     -3.06599625
     -2.58947919
     -2.12987888
     -1.72885332
     -1.38430638
     -1.06702491
     -0.73944818
     -0.36682928
      0.06834222
      0.54468049
      1.00502202
      1.40708702
      1.75237581
      2.06986300
      2.39707799
      2.76889781
     -3.07993693
     -2.60377103
     -2.14274932
     -1.73971988
     -1.39373516
     -1.07604295
     -0.74914415
     -0.37804450
      0.05555872
      0.53156296
      0.99320385
      1.39711916
      1.74374998
      2.06164409
      2.38827198
      2.75873259
     -3.09151880
     -2.61566135
     -2.15346232
     -1.74874333
     -1.40152012
     -1.08342956
     -0.75702743
     -0.38712244
      0.04522468
      0.52095428
      0.98365020
      1.38908703
      1.73684502
      2.05512432
      2.38134580
      2.75078090
     -3.10055687
     -2.62492746
     -2.16177386
     -1.75566265
     -1.40751240
     -1.09031571
     -0.77102233
     -0.42580146
      0.00000000
