      0.00000000
     -0.42330644
     -0.76850620
     -1.08759493
     -1.40430131
     -1.75164146
     -2.15675372
     -2.61915063
     -3.09472757
      2.75613404
      2.38626005
      2.06001294
      1.74227525
      1.39562874
      0.99162211
      0.52997252
      0.05418077
     -0.37905379
     -0.74979424
     -1.07641902
     -1.39391044
     -1.73972653
     -2.14258957
     -2.60344747
     -3.07946798
      2.76949365
      2.39780135
      2.07074799
      1.75350072
      1.40856108
      1.00691994
      0.54692024
      0.07066744
     -0.36461747
     -0.73734430
     -1.06487752
     -1.38188593
     -1.72590819
     -2.12625387
     -2.58532894
     -3.06181205
      2.78496089
      2.41111968
      2.08305496
      1.76627701
      1.42320802
      1.02422669
      0.56614249
      0.08943653
     -0.34816366
     -0.72319627
     -1.05184451
     -1.36840348
     -1.71048828
     -2.10804105
     -2.56506839
     -3.04198436
      2.80235844
      2.42606021
      2.09677606
      1.78042160
      1.43934705
      1.04328239
      0.58737749
      0.11026964
     -0.32986384
     -0.70749912
     -1.03747186
     -1.35363921
     -1.69368222
     -2.08820384
     -2.54292130
     -3.02019781
      2.82152022
      2.44247934
      2.11176507
      1.79576462
      1.45676977
      1.06384149
      0.61037571
      0.13295869
     -0.30987937
     -0.69039152
     -1.02190043
     -1.33775689
     -1.67569148
     -2.06698073
     -2.51913156
     -2.99665624
      2.84228904
      2.46024290
      2.12788616
      1.81214820
      1.47528157
      1.08567244
      0.63489865
      0.15730361
     -0.28836379
     -0.67200359
     -1.00526133
     -1.32090870
     -1.65670394
     -2.04459641
     -2.49393252
     -2.97155642
      2.86451445
      2.47922442
      2.14501265
      1.82942569
      1.49470118
      1.10855734
      0.66071791
      0.18311051
     -0.26546492
     -0.65245857
     -0.98767709
     -1.30323595
     -1.63689436
     -2.02126207
     -2.46754776
     -2.94508971
      2.88805083
      2.49930348
      2.16302589
      1.84746089
      1.51486017
      1.13229160
      0.68761458
      0.21019026
     -0.24132664
     -0.63187438
     -0.96926278
     -1.28486992
     -1.61642498
     -1.99717579
     -2.44019160
     -2.91744328
      2.91275569
      2.52036433
      2.18181409
      1.86612721
      1.53560236
      1.15668358
      0.71537892
      0.23835740
     -0.21609036
     -0.61036497
     -0.95012720
     -1.26593278
     -1.59544615
     -1.97252290
     -2.41206931
     -2.88880106
      2.93848832
      2.54229448
      2.20127117
      1.88530669
      1.55678304
      1.18155414
      0.74381006
      0.26742939
     -0.18989640
     -0.58804168
     -0.93037396
     -1.24653852
     -1.57409710
     -1.94747642
     -2.38337732
     -2.85934431
      2.96510857
      2.56498345
      2.22129568
      1.90488907
      1.57826825
      1.20673625
      0.77271599
      0.29722616
     -0.16288500
     -0.56501443
     -0.91010266
     -1.22679392
     -1.55250674
     -1.92219756
     -2.35430325
     -2.82925197
      2.99247585
      2.58832160
      2.24178965
      1.92477076
      1.59993388
      1.23207439
      0.80191349
      0.32756988
     -0.13519726
     -0.54139281
     -0.88940988
     -1.20679959
     -1.53079462
     -1.89683626
     -2.32502593
     -2.79870079
      3.02044841
      2.61219912
      2.26265759
      1.94485387
      1.62166475
      1.25742401
      0.83122812
      0.35828492
     -0.10697578
     -0.51728712
     -0.86839029
     -1.18665099
     -1.50907178
     -1.87153188
     -2.29571541
     -2.76786520
      3.04888266
      2.63650503
      2.28380541
      1.96504516
      1.64335369
      1.28265082
      0.86049419
      0.38919806
     -0.07836517
     -0.49280922
     -0.84713762
     -1.16643939
     -1.48744178
     -1.84641382
     -2.26653303
     -2.73691717
      3.07763288
      2.66112639
      2.30513951
      1.98525505
      1.66490051
      1.30763006
      0.88955469
      0.42013868
     -0.04951238
     -0.46807331
     -0.82574558
     -1.14625292
     -1.46600167
     -1.82160240
     -2.23763156
     -2.70602588
      3.10655091
      2.68594755
      2.32656585
      2.00539664
      1.68621103
      1.33224566
      0.91826104
      0.45093912
     -0.02056679
     -0.44319664
     -0.80430877
     -1.12617750
     -1.44484302
     -1.79720966
     -2.20915543
     -2.67535740
      3.13548607
      2.71084953
      2.34798908
      2.02538472
      1.70719603
      1.35638937
      0.94647284
      0.48143495
      0.00831965
     -0.41830005
     -0.78292346
     -1.10629786
     -1.42405296
     -1.77334033
     -2.18124113
     -2.64507444
     -3.11890011
      2.73570950
      2.36931178
      2.04513484
      1.72777025
      1.37995974
      0.97405737
      0.51146527
      0.03699255
     -0.39350848
     -0.76168844
     -1.08669838
     -1.40371517
     -1.75009281
     -2.15401777
     -2.61533608
     -3.09039265
      2.76040032
      2.39043365
      2.06456244
      1.74785129
      1.40286114
      1.00088898
      0.54087279
      0.06529510
     -0.36895137
     -0.74070565
     -1.06746407
     -1.38391099
     -1.72756025
     -2.12760773
     -2.58629780
     -3.06233479
      2.78479014
      2.41125090
      2.08358186
      1.76735864
      1.42500261
      1.02684834
      0.56950386
      0.09306821
     -0.34476304
     -0.72008094
     -1.04868140
     -1.36472040
     -1.70583172
     -2.10212753
     -2.55811151
     -3.03488676
      2.80874209
      2.43165551
      2.10210558
      1.78621256
      1.44629671
      1.05182146
      0.59720823
      0.12015054
     -0.32108303
     -0.69992464
     -1.03043918
     -1.34622311
     -1.68499331
     -2.07768888
     -2.53092588
     -3.00821103
      2.83211393
      2.45153465
      2.12004334
      1.80433310
      1.46665834
      1.07569865
      0.62383864
      0.14637849
     -0.29805633
     -0.68035220
     -1.01282933
     -1.32849960
     -1.66512944
     -2.05439979
     -2.50488689
     -2.98247236
      2.85475778
      2.47077010
      2.13730132
      1.82163906
      1.48600348
      1.09837327
      0.64925021
      0.17158605
     -0.27583376
     -0.66148476
     -0.99594773
     -1.31163207
     -1.64632406
     -2.03236587
     -2.48013855
     -2.95783805
      2.87651985
      2.48923773
      2.15378142
      1.83804692
      1.50424792
      1.11974036
      0.67329957
      0.19560459
     -0.25457220
     -0.64344959
     -0.97989490
     -1.29570554
     -1.62866196
     -2.01169176
     -2.45682390
     -2.93447821
      2.89724008
      2.50680695
      2.16938052
      1.85346995
      1.52130596
      1.13969521
      0.69584373
      0.21826236
     -0.23443494
     -0.62638067
     -0.96477673
     -1.28080876
     -1.61223009
     -1.99248266
     -2.43508620
     -2.91256635
      2.91675187
      2.52334029
      2.18398977
      1.86781711
      1.53708907
      1.15813174
      0.71673876
      0.23938393
     -0.21559201
     -0.61041910
     -0.95070520
     -1.26703526
     -1.59711890
     -1.97484598
     -2.41507042
     -2.89228006
      2.93488167
      2.53869294
      2.19749394
      1.88099216
      1.55150452
      1.17494075
      0.73583822
      0.25878931
     -0.19822058
     -0.59571352
     -0.93779894
     -1.25448427
     -1.58342376
     -1.95889315
     -2.39692494
     -2.87380198
      2.95144853
      2.55271232
      2.20977080
      1.89289261
      1.56445393
      1.19000808
      0.75299131
      0.27629289
     -0.18250549
     -0.58242052
     -0.92618394
     -1.24326177
     -1.57124645
     -1.94474157
     -2.38080353
     -2.85732101
      2.96626360
      2.56523770
      2.22069048
      1.90340873
      1.57583173
      1.20321255
      0.76804072
      0.29170209
     -0.16863978
     -0.57070506
     -0.91599409
     -1.23348152
     -1.56069674
     -1.93251679
     -2.36686763
     -2.84303383
      2.97912948
      2.57609981
      2.23011489
      1.91242249
      1.58552351
      1.21442366
      0.78082022
      0.30481575
     -0.15682537
     -0.56074086
     -0.90737184
     -1.22526610
     -1.55189412
     -1.92235487
     -2.35528896
     -2.83114659
      2.98983952
      2.58512040
      2.23789708
      1.91980642
      1.59340419
      1.22349911
      0.79115188
      0.31542216
     -0.14727387
     -0.55271077
     -0.90046883
     -1.21874818
     -1.54496972
     -1.91440487
     -2.34625246
     -2.82188193
      2.99814974
      2.59203850
      2.24388823
      1.92669153
      1.60739815
      1.26217727
      0.00000000
