      0.00000000
      0.00037077
      0.00096648
      0.00130230
      0.00142186
      0.00145056
      0.00145437
      0.00145668
      0.00146283
      0.00147248
      0.00148423
      0.00149701
      0.00151021
      0.00152353
      0.00153685
      0.00155013
      0.00156336
      0.00157653
      0.00158964
      0.00160269
      0.00161569
      0.00162863
      0.00164152
      0.00165436
      0.00166713
      0.00167986
      0.00169253
      0.00170514
      0.00171770
      0.00173020
      0.00174265
      0.00175505
      0.00176739
      0.00177967
      0.00179190
      0.00180407
      0.00181619
      0.00182826
      0.00184027
      0.00185222
      0.00186412
      0.00187597
      0.00188775
      0.00189949
      0.00191117
      0.00192279
      0.00193436
      0.00194588
      0.00195734
      0.00196874
      0.00198009
      0.00199139
      0.00200263
      0.00201381
      0.00202495
      0.00203602
      0.00204704
      0.00205801
      0.00206892
      0.00207977
      0.00209057
      0.00210132
      0.00211201
      0.00212264
      0.00213323
      0.00214375
      0.00215422
      0.00216464
      0.00217500
      0.00218530
      0.00219556
      0.00220575
      0.00221589
      0.00222598
      0.00223601
      0.00224599
      0.00225591
      0.00226577
      0.00227558
      0.00228534
      0.00229504
      0.00230469
      0.00231428
      0.00232382
      0.00233330
      0.00234273
      0.00235210
      0.00236141
      0.00237068
      0.00237988
      0.00238903
      0.00239813
      0.00240717
      0.00241616
      0.00242509
      0.00243397
      0.00244279
      0.00245156
      0.00246027
      0.00246893
      0.00247753
      0.00248608
      0.00249457
      0.00250301
      0.00251139
      0.00251971
      0.00252799
      0.00253620
      0.00254437
      0.00255247
      0.00256053
      0.00256852
      0.00257647
      0.00258435
      0.00259219
      0.00259997
      0.00260769
      0.00261536
      0.00262297
      0.00263053
      0.00263803
      0.00264548
      0.00265287
      0.00266021
      0.00266749
      0.00267472
      0.00268189
      0.00268901
      0.00269607
      0.00270308
      0.00271004
      0.00271693
      0.00272378
      0.00273057
      0.00273730
      0.00274398
      0.00275060
      0.00275717
      0.00276368
      0.00277014
      0.00277655
      0.00278289
      0.00278919
      0.00279543
      0.00280161
      0.00280774
      0.00281381
      0.00281983
      0.00282580
      0.00283171
      0.00283756
      0.00284336
      0.00284910
      0.00285479
      0.00286043
      0.00286601
      0.00287153
      0.00287700
      0.00288241
      0.00288777
      0.00289308
      0.00289833
      0.00290352
      0.00290866
      0.00291375
      0.00291878
      0.00292375
      0.00292867
      0.00293353
      0.00293834
      0.00294310
      0.00294780
      0.00295245
      0.00295704
      0.00296158
      0.00296608
      0.00297056
      0.00297508
      0.00297979
      0.00298509
      0.00299188
      0.00300209
      0.00301933
      0.00304856
      0.00309102
      0.00312336
      0.00304583
      0.00265440
      0.00208093
      0.00229991
      0.00288690
      0.00312495
      0.00314310
      0.00311018
      0.00308625
      0.00308323
      0.00310196
      0.00313947
      0.00317103
      0.00309833
      0.00271573
      0.00213019
      0.00232387
      0.00291916
      0.00316650
      0.00318796
      0.00315777
      0.00313994
      0.00314844
      0.00318041
      0.00320754
      0.00312517
      0.00272391
      0.00214539
      0.00238044
      0.00296978
      0.00320322
      0.00322127
      0.00319537
      0.00318745
      0.00320791
      0.00323504
      0.00317854
      0.00283454
      0.00222408
      0.00231071
      0.00292471
      0.00321017
      0.00324581
      0.00322085
      0.00321002
      0.00322786
      0.00325378
      0.00319842
      0.00285793
      0.00224423
      0.00231851
      0.00293446
      0.00322406
      0.00326121
      0.00323721
      0.00322798
      0.00324690
      0.00326642
      0.00317859
      0.00276968
      0.00218627
      0.00243011
      0.00302095
      0.00325222
      0.00327215
      0.00325408
      0.00325763
      0.00327594
      0.00322712
      0.00291131
      0.00229126
      0.00228932
      0.00290932
      0.00322646
      0.00327574
      0.00325738
      0.00325362
      0.00327163
      0.00325233
      0.00302321
      0.00243386
      0.00218373
      0.00276500
      0.00317649
      0.00326565
      0.00324634
      0.00322726
      0.00323630
      0.00326022
      0.00322338
      0.00293479
      0.00231911
      0.00224177
      0.00285507
      0.00319663
      0.00325244
      0.00322653
      0.00320856
      0.00321925
      0.00324416
      0.00320890
      0.00292461
      0.00231100
      0.00222090
      0.00283081
      0.00317604
      0.00323306
      0.00320591
      0.00318523
      0.00319288
      0.00321877
      0.00320180
      0.00297189
      0.00238503
      0.00213990
      0.00271494
      0.00312036
      0.00320493
      0.00317820
      0.00314603
      0.00313723
      0.00315479
      0.00318493
      0.00316421
      0.00291935
      0.00232560
      0.00212480
      0.00270823
      0.00309364
      0.00316779
      0.00313647
      0.00309880
      0.00307980
      0.00308253
      0.00310616
      0.00313912
      0.00312242
      0.00288895
      0.00230503
      0.00207311
      0.00264227
      0.00303900
      0.00311937
      0.00308760
      0.00304499
      0.00301550
      0.00299807
      0.00298774
      0.00298086
      0.00297549
      0.00297071
      0.00296614
      0.00296160
      0.00295705
      0.00295245
      0.00294781
      0.00294310
      0.00293835
      0.00293354
      0.00292867
      0.00292376
      0.00291878
      0.00291375
      0.00290867
      0.00290353
      0.00289833
      0.00289308
      0.00288778
      0.00288242
      0.00287700
      0.00287154
      0.00286601
      0.00286043
      0.00285480
      0.00284911
      0.00284336
      0.00283757
      0.00283171
      0.00282580
      0.00281984
      0.00281382
      0.00280775
      0.00280162
      0.00279543
      0.00278919
      0.00278290
      0.00277655
      0.00277015
      0.00276369
      0.00275718
      0.00275061
      0.00274398
      0.00273731
      0.00273057
      0.00272378
      0.00271694
      0.00271004
      0.00270309
      0.00269608
      0.00268902
      0.00268190
      0.00267473
      0.00266750
      0.00266021
      0.00265288
      0.00264548
      0.00263804
      0.00263053
      0.00262297
      0.00261536
      0.00260769
      0.00259997
      0.00259219
      0.00258436
      0.00257647
      0.00256853
      0.00256053
      0.00255248
      0.00254437
      0.00253621
      0.00252799
      0.00251972
      0.00251139
      0.00250301
      0.00249457
      0.00248608
      0.00247753
      0.00246893
      0.00246027
      0.00245156
      0.00244280
      0.00243397
      0.00242510
      0.00241616
      0.00240718
      0.00239814
      0.00238904
      0.00237989
      0.00237068
      0.00236142
      0.00235210
      0.00234273
      0.00233330
      0.00232382
      0.00231429
      0.00230469
      0.00229505
      0.00228535
      0.00227559
      0.00226578
      0.00225591
      0.00224599
      0.00223602
      0.00222598
      0.00221590
      0.00220576
      0.00219556
      0.00218531
      0.00217500
      0.00216464
      0.00215423
      0.00214376
      0.00213323
      0.00212265
      0.00211201
      0.00210132
      0.00209058
      0.00207978
      0.00206892
      0.00205801
      0.00204705
      0.00203602
      0.00202495
      0.00201382
      0.00200263
      0.00199139
      0.00198010
      0.00196875
      0.00195734
      0.00194588
      0.00193437
      0.00192280
      0.00191117
      0.00189949
      0.00188776
      0.00187597
      0.00186412
      0.00185222
      0.00184027
      0.00182826
      0.00181620
      0.00180408
      0.00179190
      0.00177967
      0.00176739
      0.00175505
      0.00174265
      0.00173021
      0.00171770
      0.00170514
      0.00169253
      0.00167986
      0.00166714
      0.00165436
      0.00164152
      0.00162863
      0.00161569
      0.00160269
      0.00158964
      0.00157653
      0.00156336
      0.00155014
      0.00153685
      0.00152353
      0.00151021
      0.00149701
      0.00148423
      0.00147248
      0.00146283
      0.00145668
      0.00145437
      0.00145056
      0.00142186
      0.00130230
      0.00096648
      0.00037077
      0.00000000
