      0.00000000
      0.00037078
      0.00096649
      0.00130232
      0.00142190
      0.00145062
      0.00145444
      0.00145678
      0.00146295
      0.00147262
      0.00148439
      0.00149719
      0.00151041
      0.00152375
      0.00153709
      0.00155039
      0.00156364
      0.00157682
      0.00158995
      0.00160302
      0.00161604
      0.00162900
      0.00164190
      0.00165476
      0.00166755
      0.00168029
      0.00169298
      0.00170561
      0.00171818
      0.00173070
      0.00174317
      0.00175558
      0.00176793
      0.00178023
      0.00179248
      0.00180467
      0.00181680
      0.00182888
      0.00184091
      0.00185288
      0.00186479
      0.00187665
      0.00188846
      0.00190021
      0.00191190
      0.00192354
      0.00193513
      0.00194665
      0.00195813
      0.00196955
      0.00198091
      0.00199222
      0.00200348
      0.00201468
      0.00202582
      0.00203691
      0.00204794
      0.00205892
      0.00206985
      0.00208071
      0.00209153
      0.00210229
      0.00211299
      0.00212364
      0.00213423
      0.00214477
      0.00215526
      0.00216568
      0.00217606
      0.00218638
      0.00219664
      0.00220685
      0.00221700
      0.00222710
      0.00223714
      0.00224713
      0.00225706
      0.00226694
      0.00227677
      0.00228653
      0.00229625
      0.00230591
      0.00231551
      0.00232506
      0.00233455
      0.00234399
      0.00235337
      0.00236270
      0.00237197
      0.00238119
      0.00239035
      0.00239946
      0.00240851
      0.00241751
      0.00242645
      0.00243534
      0.00244417
      0.00245295
      0.00246167
      0.00247034
      0.00247895
      0.00248751
      0.00249601
      0.00250446
      0.00251285
      0.00252119
      0.00252947
      0.00253770
      0.00254587
      0.00255399
      0.00256205
      0.00257006
      0.00257801
      0.00258590
      0.00259375
      0.00260153
      0.00260926
      0.00261694
      0.00262456
      0.00263213
      0.00263964
      0.00264710
      0.00265450
      0.00266185
      0.00266914
      0.00267637
      0.00268356
      0.00269068
      0.00269775
      0.00270477
      0.00271173
      0.00271864
      0.00272549
      0.00273228
      0.00273903
      0.00274571
      0.00275234
      0.00275892
      0.00276544
      0.00277191
      0.00277832
      0.00278467
      0.00279097
      0.00279722
      0.00280341
      0.00280955
      0.00281563
      0.00282165
      0.00282762
      0.00283354
      0.00283940
      0.00284521
      0.00285096
      0.00285665
      0.00286229
      0.00286788
      0.00287341
      0.00287888
      0.00288430
      0.00288967
      0.00289498
      0.00290023
      0.00290543
      0.00291058
      0.00291567
      0.00292070
      0.00292569
      0.00293061
      0.00293548
      0.00294029
      0.00294505
      0.00294976
      0.00295441
      0.00295901
      0.00296355
      0.00296805
      0.00297253
      0.00297705
      0.00298176
      0.00298704
      0.00299378
      0.00300391
      0.00302099
      0.00304999
      0.00309205
      0.00312378
      0.00304518
      0.00265177
      0.00207600
      0.00229581
      0.00288526
      0.00312484
      0.00314381
      0.00311136
      0.00308767
      0.00308470
      0.00310331
      0.00314050
      0.00317148
      0.00309773
      0.00271319
      0.00212531
      0.00231973
      0.00291748
      0.00316637
      0.00318865
      0.00315890
      0.00314125
      0.00314970
      0.00318139
      0.00320796
      0.00312452
      0.00272127
      0.00214045
      0.00237640
      0.00296820
      0.00320314
      0.00322196
      0.00319644
      0.00318861
      0.00320890
      0.00323555
      0.00317809
      0.00283225
      0.00221934
      0.00230630
      0.00292281
      0.00320993
      0.00324642
      0.00322188
      0.00321117
      0.00322885
      0.00325429
      0.00319799
      0.00285568
      0.00223952
      0.00231408
      0.00293253
      0.00322380
      0.00326181
      0.00323822
      0.00322909
      0.00324782
      0.00326681
      0.00317793
      0.00276701
      0.00218128
      0.00242606
      0.00301937
      0.00325213
      0.00327279
      0.00325502
      0.00325853
      0.00327645
      0.00322676
      0.00290920
      0.00228662
      0.00228468
      0.00290720
      0.00322609
      0.00327625
      0.00325827
      0.00325456
      0.00327228
      0.00325224
      0.00302164
      0.00242984
      0.00217874
      0.00276231
      0.00317582
      0.00326603
      0.00324726
      0.00322837
      0.00323731
      0.00326082
      0.00322312
      0.00293288
      0.00231469
      0.00223706
      0.00285282
      0.00319620
      0.00325295
      0.00322752
      0.00320971
      0.00322027
      0.00324477
      0.00320865
      0.00292271
      0.00230661
      0.00221617
      0.00282853
      0.00317559
      0.00323356
      0.00320689
      0.00318639
      0.00319395
      0.00321946
      0.00320173
      0.00297033
      0.00238103
      0.00213497
      0.00271228
      0.00311969
      0.00320533
      0.00317917
      0.00314729
      0.00313853
      0.00315591
      0.00318562
      0.00316409
      0.00291770
      0.00232149
      0.00211992
      0.00270568
      0.00309303
      0.00316822
      0.00313749
      0.00310014
      0.00308127
      0.00308395
      0.00310734
      0.00313983
      0.00312233
      0.00288734
      0.00230099
      0.00206818
      0.00263961
      0.00303833
      0.00311978
      0.00308862
      0.00304640
      0.00301715
      0.00299988
      0.00298963
      0.00298279
      0.00297744
      0.00297268
      0.00296810
      0.00296357
      0.00295901
      0.00295441
      0.00294976
      0.00294505
      0.00294029
      0.00293548
      0.00293061
      0.00292568
      0.00292070
      0.00291566
      0.00291057
      0.00290543
      0.00290023
      0.00289497
      0.00288966
      0.00288430
      0.00287888
      0.00287340
      0.00286787
      0.00286229
      0.00285665
      0.00285095
      0.00284520
      0.00283939
      0.00283353
      0.00282762
      0.00282165
      0.00281562
      0.00280954
      0.00280341
      0.00279721
      0.00279097
      0.00278467
      0.00277831
      0.00277190
      0.00276543
      0.00275891
      0.00275234
      0.00274571
      0.00273902
      0.00273228
      0.00272548
      0.00271863
      0.00271173
      0.00270476
      0.00269775
      0.00269068
      0.00268355
      0.00267637
      0.00266913
      0.00266184
      0.00265449
      0.00264709
      0.00263964
      0.00263212
      0.00262456
      0.00261694
      0.00260926
      0.00260153
      0.00259374
      0.00258590
      0.00257800
      0.00257005
      0.00256204
      0.00255398
      0.00254586
      0.00253769
      0.00252946
      0.00252118
      0.00251284
      0.00250445
      0.00249601
      0.00248750
      0.00247895
      0.00247033
      0.00246167
      0.00245294
      0.00244417
      0.00243533
      0.00242645
      0.00241750
      0.00240851
      0.00239945
      0.00239035
      0.00238118
      0.00237196
      0.00236269
      0.00235336
      0.00234398
      0.00233454
      0.00232505
      0.00231550
      0.00230590
      0.00229624
      0.00228653
      0.00227676
      0.00226694
      0.00225706
      0.00224713
      0.00223714
      0.00222709
      0.00221700
      0.00220684
      0.00219663
      0.00218637
      0.00217605
      0.00216568
      0.00215525
      0.00214477
      0.00213423
      0.00212363
      0.00211299
      0.00210228
      0.00209152
      0.00208071
      0.00206984
      0.00205892
      0.00204794
      0.00203690
      0.00202582
      0.00201467
      0.00200347
      0.00199222
      0.00198091
      0.00196954
      0.00195813
      0.00194665
      0.00193512
      0.00192354
      0.00191190
      0.00190020
      0.00188845
      0.00187665
      0.00186479
      0.00185288
      0.00184091
      0.00182888
      0.00181680
      0.00180467
      0.00179248
      0.00178023
      0.00176793
      0.00175558
      0.00174317
      0.00173070
      0.00171818
      0.00170561
      0.00169297
      0.00168029
      0.00166755
      0.00165475
      0.00164190
      0.00162900
      0.00161604
      0.00160302
      0.00158995
      0.00157682
      0.00156364
      0.00155039
      0.00153709
      0.00152375
      0.00151041
      0.00149719
      0.00148439
      0.00147262
      0.00146295
      0.00145678
      0.00145444
      0.00145062
      0.00142190
      0.00130232
      0.00096649
      0.00037078
      0.00000000
