             NaN
     -1.74302006
     -1.52120952
     -1.37890432
     -1.29480976
     -1.24973487
     -1.22798221
     -1.21858979
     -1.21500140
     -1.21381528
     -1.21348505
     -1.21339633
     -1.21334239
     -1.21327102
     -1.21317854
     -1.21307157
     -1.21295613
     -1.21283579
     -1.21271234
     -1.21258654
     -1.21245872
     -1.21232898
     -1.21219735
     -1.21206387
     -1.21192855
     -1.21179141
     -1.21165246
     -1.21151173
     -1.21136922
     -1.21122497
     -1.21107898
     -1.21093128
     -1.21078188
     -1.21063079
     -1.21047805
     -1.21032365
     -1.21016762
     -1.21000997
     -1.20985072
     -1.20968988
     -1.20952747
     -1.20936350
     -1.20919799
     -1.20903094
     -1.20886238
     -1.20869231
     -1.20852076
     -1.20834773
     -1.20817323
     -1.20799728
     -1.20781989
     -1.20764108
     -1.20746085
     -1.20727922
     -1.20709620
     -1.20691180
     -1.20672603
     -1.20653891
     -1.20635044
     -1.20616064
     -1.20596952
     -1.20577708
     -1.20558335
     -1.20538832
     -1.20519202
     -1.20499444
     -1.20479561
     -1.20459553
     -1.20439421
     -1.20419166
     -1.20398789
     -1.20378291
     -1.20357674
     -1.20336937
     -1.20316083
     -1.20295112
     -1.20274024
     -1.20252821
     -1.20231505
     -1.20210075
     -1.20188532
     -1.20166878
     -1.20145114
     -1.20123240
     -1.20101257
     -1.20079166
     -1.20056969
     -1.20034665
     -1.20012256
     -1.19989743
     -1.19967126
     -1.19944406
     -1.19921585
     -1.19898662
     -1.19875640
     -1.19852518
     -1.19829298
     -1.19805980
     -1.19782565
     -1.19759055
     -1.19735449
     -1.19711749
     -1.19687955
     -1.19664069
     -1.19640090
     -1.19616021
     -1.19591861
     -1.19567612
     -1.19543274
     -1.19518848
     -1.19494335
     -1.19469735
     -1.19445050
     -1.19420280
     -1.19395427
     -1.19370489
     -1.19345470
     -1.19320369
     -1.19295186
     -1.19269924
     -1.19244582
     -1.19219162
     -1.19193663
     -1.19168088
     -1.19142436
     -1.19116709
     -1.19090906
     -1.19065030
     -1.19039080
     -1.19013058
     -1.18986964
     -1.18960799
     -1.18934563
     -1.18908258
     -1.18881884
     -1.18855442
     -1.18828932
     -1.18802356
     -1.18775714
     -1.18749007
     -1.18722235
     -1.18695400
     -1.18668502
     -1.18641541
     -1.18614519
     -1.18587436
     -1.18560294
     -1.18533092
     -1.18505831
     -1.18478513
     -1.18451137
     -1.18423705
     -1.18396218
     -1.18368675
     -1.18341079
     -1.18313429
     -1.18285726
     -1.18257971
     -1.18230165
     -1.18202308
     -1.18174402
     -1.18146446
     -1.18118442
     -1.18090390
     -1.18062291
     -1.18034146
     -1.18005956
     -1.17977721
     -1.17949442
     -1.17921119
     -1.17892754
     -1.17864347
     -1.17835893
     -1.17807378
     -1.17778747
     -1.17749820
     -1.17720038
     -1.17687730
     -1.17648078
     -1.17587672
     -1.17470486
     -1.17203516
     -1.16557763
     -1.15001415
     -1.11384795
     -1.03408186
     -0.86696515
     -0.52595539
      0.14484189
      0.99068602
      1.49865432
      1.74894696
      1.87087054
      1.92849401
      1.95590033
      1.97248422
      1.99171989
      2.02856412
      2.10715892
      2.27116656
      2.60571589
     -3.01736016
     -2.16729143
     -1.64937532
     -1.39375755
     -1.26874281
     -1.20836284
     -1.17649148
     -1.15026165
     -1.10960843
     -1.02749737
     -0.85804828
     -0.51303911
      0.16345654
      1.00675920
      1.51033077
      1.75894977
      1.88132310
      1.94272460
      1.98085956
      2.02313541
      2.09880493
      2.25179325
      2.56234256
     -3.10183142
     -2.24004843
     -1.68302768
     -1.40657445
     -1.27027522
     -1.20198047
     -1.16071574
     -1.11733130
     -1.04174805
     -0.88983257
     -0.58174268
      0.03282622
      0.89535245
      1.45683336
      1.73579540
      1.87361733
      1.94337450
      1.98702865
      2.03526409
      2.12074984
      2.29228831
      2.63986378
     -2.96328870
     -2.12085150
     -1.61928189
     -1.37084979
     -1.24642011
     -1.17855069
     -1.12461421
     -1.04772086
     -0.90148171
     -0.60799254
     -0.02036981
      0.84498824
      1.43399032
      1.72823230
      1.87482949
      1.95185639
      2.00574934
      2.07336979
      2.19723311
      2.44451169
      2.94381195
     -2.49816325
     -1.81558967
     -1.46637348
     -1.29402350
     -1.20813787
     -1.15973360
     -1.11605907
     -1.04641033
     -0.90886536
     -0.63048094
     -0.07008219
      0.79228557
      1.40797863
      1.71670587
      1.86893663
      1.94466809
      1.98809568
      2.02931654
      2.09746043
      2.23343439
      2.50922702
      3.06501072
     -2.35660681
     -1.73630961
     -1.42502995
     -1.27168716
     -1.19586929
     -1.15359999
     -1.11564647
     -1.05470054
     -0.93327059
     -0.68654201
     -0.18667302
      0.65469047
      1.33531686
      1.68297126
      1.85373270
      1.93649994
      1.97744787
      2.00375322
      2.03552648
      2.09559353
      2.21994040
      2.47420885
      2.98950759
     -2.44470587
     -1.78172298
     -1.44540807
     -1.28052187
     -1.20148646
     -1.16444599
     -1.14516679
     -1.12867193
     -1.10154202
     -1.04453087
     -0.92384553
     -0.67602569
     -0.17289285
      0.67056771
      1.34674020
      1.69114233
      1.85994654
      1.94057079
      1.97715480
      1.99290702
      1.99944329
      2.00214320
      2.00332534
      2.00393199
      2.00432829
      2.00465017
      2.00494644
      2.00523405
      2.00551866
      2.00580209
      2.00608488
      2.00636719
      2.00664906
      2.00693048
      2.00721146
      2.00749197
      2.00777202
      2.00805159
      2.00833069
      2.00860930
      2.00888741
      2.00916502
      2.00944212
      2.00971870
      2.00999477
      2.01027030
      2.01054529
      2.01081975
      2.01109364
      2.01136699
      2.01163976
      2.01191196
      2.01218359
      2.01245462
      2.01272506
      2.01299490
      2.01326414
      2.01353275
      2.01380075
      2.01406811
      2.01433484
      2.01460092
      2.01486635
      2.01513113
      2.01539524
      2.01565867
      2.01592143
      2.01618349
      2.01644486
      2.01670554
      2.01696550
      2.01722474
      2.01748326
      2.01774105
      2.01799811
      2.01825441
      2.01850997
      2.01876476
      2.01901878
      2.01927204
      2.01952450
      2.01977618
      2.02002706
      2.02027714
      2.02052640
      2.02077485
      2.02102246
      2.02126925
      2.02151519
      2.02176028
      2.02200451
      2.02224788
      2.02249037
      2.02273199
      2.02297272
      2.02321255
      2.02345148
      2.02368949
      2.02392659
      2.02416276
      2.02439800
      2.02463229
      2.02486564
      2.02509802
      2.02532944
      2.02555989
      2.02578935
      2.02601782
      2.02624530
      2.02647176
      2.02669722
      2.02692164
      2.02714504
      2.02736740
      2.02758871
      2.02780896
      2.02802815
      2.02824626
      2.02846330
      2.02867924
      2.02889408
      2.02910781
      2.02932043
      2.02953192
      2.02974227
      2.02995148
      2.03015954
      2.03036644
      2.03057216
      2.03077670
      2.03098006
      2.03118221
      2.03138315
      2.03158288
      2.03178138
      2.03197864
      2.03217465
      2.03236940
      2.03256288
      2.03275509
      2.03294600
      2.03313562
      2.03332393
      2.03351092
      2.03369657
      2.03388088
      2.03406384
      2.03424544
      2.03442566
      2.03460449
      2.03478192
      2.03495795
      2.03513255
      2.03530571
      2.03547743
      2.03564769
      2.03581647
      2.03598377
      2.03614957
      2.03631386
      2.03647663
      2.03663786
      2.03679753
      2.03695564
      2.03711216
      2.03726709
      2.03742041
      2.03757210
      2.03772215
      2.03787054
      2.03801726
      2.03816229
      2.03830561
      2.03844720
      2.03858706
      2.03872515
      2.03886146
      2.03899598
      2.03912869
      2.03925957
      2.03938860
      2.03951575
      2.03964089
      2.03976372
      2.03988348
      2.03999837
      2.04010482
      2.04019682
      2.04026774
      2.04032127
      2.04040961
      2.04073952
      2.04192535
      2.04551350
      2.05490573
      2.07665825
      2.12173304
      2.20582753
      2.34813270
      2.56994321
      0.00000000
