      0.00000000
      2.46827811
      2.24647129
      2.10417316
      2.02009080
      1.97503526
      1.95331065
      1.94395565
      1.94041398
      1.93928349
      1.93901723
      1.93900041
      1.93902593
      1.93904131
      1.93904264
      1.93903638
      1.93902837
      1.93902206
      1.93901911
      1.93902015
      1.93902538
      1.93903480
      1.93904834
      1.93906591
      1.93908743
      1.93911281
      1.93914199
      1.93917487
      1.93921141
      1.93925151
      1.93929512
      1.93934217
      1.93939260
      1.93944635
      1.93950335
      1.93956356
      1.93962691
      1.93969335
      1.93976284
      1.93983531
      1.93991072
      1.93998902
      1.94007017
      1.94015411
      1.94024081
      1.94033022
      1.94042230
      1.94051701
      1.94061431
      1.94071415
      1.94081651
      1.94092135
      1.94102862
      1.94113829
      1.94125034
      1.94136472
      1.94148141
      1.94160036
      1.94172156
      1.94184497
      1.94197055
      1.94209829
      1.94222814
      1.94236009
      1.94249411
      1.94263017
      1.94276824
      1.94290829
      1.94305031
      1.94319426
      1.94334013
      1.94348789
      1.94363751
      1.94378897
      1.94394225
      1.94409733
      1.94425419
      1.94441280
      1.94457315
      1.94473520
      1.94489895
      1.94506438
      1.94523145
      1.94540016
      1.94557048
      1.94574240
      1.94591589
      1.94609095
      1.94626754
      1.94644566
      1.94662529
      1.94680640
      1.94698899
      1.94717303
      1.94735851
      1.94754541
      1.94773372
      1.94792342
      1.94811450
      1.94830693
      1.94850071
      1.94869582
      1.94889224
      1.94908997
      1.94928898
      1.94948926
      1.94969080
      1.94989358
      1.95009759
      1.95030281
      1.95050924
      1.95071685
      1.95092564
      1.95113559
      1.95134669
      1.95155893
      1.95177229
      1.95198676
      1.95220233
      1.95241898
      1.95263670
      1.95285549
      1.95307533
      1.95329620
      1.95351809
      1.95374100
      1.95396491
      1.95418981
      1.95441569
      1.95464253
      1.95487033
      1.95509907
      1.95532875
      1.95555935
      1.95579085
      1.95602326
      1.95625655
      1.95649072
      1.95672576
      1.95696166
      1.95719840
      1.95743597
      1.95767437
      1.95791358
      1.95815360
      1.95839440
      1.95863600
      1.95887836
      1.95912149
      1.95936536
      1.95960998
      1.95985534
      1.96010141
      1.96034820
      1.96059569
      1.96084387
      1.96109273
      1.96134227
      1.96159247
      1.96184332
      1.96209482
      1.96234695
      1.96259971
      1.96285308
      1.96310706
      1.96336163
      1.96361679
      1.96387253
      1.96412884
      1.96438570
      1.96464311
      1.96490105
      1.96515945
      1.96541812
      1.96567646
      1.96593258
      1.96618067
      1.96640363
      1.96655252
      1.96649172
      1.96585803
      1.96371592
      1.95776579
      1.94267410
      1.90692285
      1.82749240
      1.66062357
      1.31985701
      0.64988773
     -0.19454454
     -0.70206931
     -0.95214125
     -1.07377877
     -1.13103135
     -1.15800555
     -1.17412908
     -1.19291086
     -1.22934204
     -1.30759528
     -1.47134657
     -1.80565020
     -2.46496642
      2.96956201
      2.45210937
      2.19671847
      2.07199216
      2.01198124
      1.98053150
      1.95473597
      1.91448787
      1.83271616
      1.66352435
      1.31877097
      0.64311189
     -0.19881226
     -0.70194420
     -0.95033186
     -1.07241142
     -1.13344529
     -1.17117336
     -1.21304945
     -1.28837072
     -1.44108870
     -1.75139575
     -2.36972294
      3.05312260
      2.49664459
      2.22042624
      2.08441120
      2.01647618
      1.97561448
      1.93262961
      1.85739682
      1.70575481
      1.39790854
      0.78401234
     -0.07707267
     -0.63800131
     -0.91672616
     -1.05426348
     -1.12366205
     -1.16691709
     -1.21476100
     -1.29990843
     -1.47118505
     -1.81849739
     -2.49768446
      2.94443297
      2.44330290
      2.19510729
      2.07097248
      2.00346071
      1.94990173
      1.87335409
      1.72739185
      1.43414271
      0.84713247
     -0.01676486
     -0.60515131
     -0.89915312
     -1.04547373
     -1.12215521
     -1.17567072
     -1.24293334
     -1.36650146
     -1.61354365
     -2.11240847
     -2.95225441
      2.64920973
      2.30025739
      2.12816846
      2.04262022
      1.99460668
      1.95133065
      1.88204009
      1.74477948
      1.46663171
      0.90678229
      0.04585382
     -0.56916459
     -0.87764852
     -1.02960666
     -1.10498864
     -1.14801761
     -1.18883628
     -1.25662109
     -1.39231136
     -1.66786988
     -2.22311445
     -3.08324193
      2.58033227
      2.26929435
      2.11622076
      2.04074987
      1.99887916
      1.96133163
      1.90075282
      1.77961647
      1.53311844
      1.03368151
      0.19368666
     -0.48609340
     -0.83349146
     -1.00399755
     -1.08642773
     -1.12697277
     -1.15284579
     -1.18419901
     -1.24389817
     -1.36795739
     -1.62200015
     -2.13684183
     -2.98440933
      2.63659180
      2.30052224
      2.13589037
      2.05719412
      2.02056423
      2.00173657
      1.98570002
      1.95900065
      1.90235940
      1.78195961
      1.53435914
      1.03165923
      0.18959742
     -0.48573443
     -0.82989290
     -0.99845205
     -1.07874406
     -1.11491663
     -1.13020055
     -1.13623283
     -1.13840851
     -1.13905584
     -1.13912259
     -1.13897686
     -1.13875610
     -1.13850992
     -1.13825564
     -1.13799912
     -1.13774229
     -1.13748575
     -1.13722970
     -1.13697419
     -1.13671925
     -1.13646489
     -1.13621112
     -1.13595795
     -1.13570539
     -1.13545344
     -1.13520211
     -1.13495143
     -1.13470139
     -1.13445200
     -1.13420327
     -1.13395522
     -1.13370785
     -1.13346118
     -1.13321521
     -1.13296994
     -1.13272540
     -1.13248159
     -1.13223853
     -1.13199621
     -1.13175465
     -1.13151387
     -1.13127386
     -1.13103465
     -1.13079624
     -1.13055864
     -1.13032186
     -1.13008591
     -1.12985080
     -1.12961655
     -1.12938316
     -1.12915064
     -1.12891900
     -1.12868827
     -1.12845843
     -1.12822952
     -1.12800153
     -1.12777447
     -1.12754837
     -1.12732323
     -1.12709906
     -1.12687587
     -1.12665368
     -1.12643249
     -1.12621232
     -1.12599317
     -1.12577507
     -1.12555802
     -1.12534204
     -1.12512713
     -1.12491331
     -1.12470058
     -1.12448898
     -1.12427850
     -1.12406915
     -1.12386096
     -1.12365393
     -1.12344807
     -1.12324341
     -1.12303995
     -1.12283771
     -1.12263669
     -1.12243692
     -1.12223841
     -1.12204116
     -1.12184520
     -1.12165055
     -1.12145720
     -1.12126518
     -1.12107451
     -1.12088520
     -1.12069726
     -1.12051070
     -1.12032556
     -1.12014183
     -1.11995954
     -1.11977870
     -1.11959933
     -1.11942144
     -1.11924506
     -1.11907020
     -1.11889687
     -1.11872510
     -1.11855490
     -1.11838629
     -1.11821929
     -1.11805392
     -1.11789020
     -1.11772814
     -1.11756777
     -1.11740910
     -1.11725216
     -1.11709697
     -1.11694354
     -1.11679191
     -1.11664208
     -1.11649410
     -1.11634796
     -1.11620371
     -1.11606136
     -1.11592094
     -1.11578247
     -1.11564597
     -1.11551148
     -1.11537902
     -1.11524861
     -1.11512028
     -1.11499407
     -1.11486999
     -1.11474808
     -1.11462836
     -1.11451087
     -1.11439564
     -1.11428270
     -1.11417208
     -1.11406381
     -1.11395794
     -1.11385448
     -1.11375349
     -1.11365499
     -1.11355903
     -1.11346563
     -1.11337485
     -1.11328672
     -1.11320128
     -1.11311858
     -1.11303866
     -1.11296156
     -1.11288734
     -1.11281603
     -1.11274769
     -1.11268237
     -1.11262011
     -1.11256099
     -1.11250504
     -1.11245232
     -1.11240290
     -1.11235684
     -1.11231419
     -1.11227502
     -1.11223940
     -1.11220739
     -1.11217907
     -1.11215452
     -1.11213380
     -1.11211700
     -1.11210420
     -1.11209550
     -1.11209095
     -1.11209055
     -1.11209413
     -1.11210102
     -1.11210958
     -1.11211636
     -1.11211551
     -1.11210058
     -1.11207547
     -1.11209267
     -1.11235925
     -1.11349003
     -1.11703194
     -1.12638713
     -1.14811189
     -1.19316753
     -1.27724995
     -1.41954812
     -1.64135496
      0.00000000
