      0.00000000
      0.00109228
      0.00203331
      0.00230663
      0.00234565
      0.00233414
      0.00232055
      0.00231277
      0.00230955
      0.00230883
      0.00230929
      0.00231025
      0.00231142
      0.00231267
      0.00231394
      0.00231523
      0.00231652
      0.00231781
      0.00231910
      0.00232039
      0.00232168
      0.00232297
      0.00232426
      0.00232555
      0.00232684
      0.00232813
      0.00232942
      0.00233070
      0.00233199
      0.00233328
      0.00233456
      0.00233585
      0.00233714
      0.00233842
      0.00233970
      0.00234099
      0.00234227
      0.00234355
      0.00234483
      0.00234611
      0.00234738
      0.00234866
      0.00234993
      0.00235121
      0.00235248
      0.00235375
      0.00235502
      0.00235628
      0.00235755
      0.00235881
      0.00236007
      0.00236133
      0.00236258
      0.00236384
      0.00236509
      0.00236634
      0.00236759
      0.00236883
      0.00237007
      0.00237131
      0.00237255
      0.00237378
      0.00237501
      0.00237624
      0.00237746
      0.00237868
      0.00237990
      0.00238111
      0.00238232
      0.00238353
      0.00238474
      0.00238594
      0.00238713
      0.00238833
      0.00238952
      0.00239070
      0.00239188
      0.00239306
      0.00239424
      0.00239541
      0.00239657
      0.00239773
      0.00239889
      0.00240004
      0.00240119
      0.00240234
      0.00240348
      0.00240462
      0.00240575
      0.00240687
      0.00240800
      0.00240911
      0.00241023
      0.00241134
      0.00241244
      0.00241354
      0.00241463
      0.00241572
      0.00241681
      0.00241789
      0.00241896
      0.00242003
      0.00242109
      0.00242215
      0.00242321
      0.00242426
      0.00242530
      0.00242634
      0.00242737
      0.00242840
      0.00242942
      0.00243044
      0.00243145
      0.00243246
      0.00243346
      0.00243446
      0.00243545
      0.00243643
      0.00243741
      0.00243838
      0.00243935
      0.00244031
      0.00244127
      0.00244222
      0.00244317
      0.00244411
      0.00244504
      0.00244597
      0.00244689
      0.00244781
      0.00244872
      0.00244963
      0.00245053
      0.00245142
      0.00245231
      0.00245319
      0.00245407
      0.00245494
      0.00245580
      0.00245666
      0.00245751
      0.00245836
      0.00245920
      0.00246004
      0.00246087
      0.00246169
      0.00246251
      0.00246332
      0.00246412
      0.00246492
      0.00246572
      0.00246650
      0.00246728
      0.00246806
      0.00246883
      0.00246959
      0.00247035
      0.00247110
      0.00247185
      0.00247259
      0.00247333
      0.00247406
      0.00247478
      0.00247550
      0.00247621
      0.00247692
      0.00247762
      0.00247832
      0.00247901
      0.00247970
      0.00248038
      0.00248105
      0.00248173
      0.00248239
      0.00248306
      0.00248371
      0.00248437
      0.00248502
      0.00248567
      0.00248631
      0.00248695
      0.00248759
      0.00248822
      0.00248886
      0.00248949
      0.00249012
      0.00249075
      0.00249138
      0.00249201
      0.00249264
      0.00249327
      0.00249391
      0.00249454
      0.00249519
      0.00249583
      0.00249649
      0.00249715
      0.00249782
      0.00249850
      0.00249919
      0.00249990
      0.00250062
      0.00250136
      0.00250212
      0.00250290
      0.00250370
      0.00250454
      0.00250541
      0.00250631
      0.00250726
      0.00250824
      0.00250925
      0.00251029
      0.00251140
      0.00251259
      0.00251392
      0.00251542
      0.00251705
      0.00251868
      0.00252013
      0.00252128
      0.00252228
      0.00252368
      0.00252641
      0.00253130
      0.00253815
      0.00254499
      0.00254794
      0.00254293
      0.00252926
      0.00251453
      0.00251686
      0.00255821
      0.00264748
      0.00276786
      0.00287995
      0.00292841
      0.00283421
      0.00251995
      0.00218278
      0.00235987
      0.00281220
      0.00311082
      0.00324053
      0.00324768
      0.00312535
      0.00282545
      0.00240851
      0.00232854
      0.00271673
      0.00308120
      0.00326376
      0.00330472
      0.00322055
      0.00297774
      0.00256648
      0.00229975
      0.00256648
      0.00297774
      0.00322055
      0.00330472
      0.00326376
      0.00308120
      0.00271673
      0.00232854
      0.00240851
      0.00282545
      0.00312535
      0.00324768
      0.00324053
      0.00311082
      0.00281220
      0.00235987
      0.00218278
      0.00251995
      0.00283421
      0.00292841
      0.00287995
      0.00276786
      0.00264748
      0.00255821
      0.00251686
      0.00251453
      0.00252926
      0.00254293
      0.00254794
      0.00254499
      0.00253815
      0.00253130
      0.00252641
      0.00252368
      0.00252228
      0.00252128
      0.00252013
      0.00251868
      0.00251705
      0.00251542
      0.00251392
      0.00251259
      0.00251140
      0.00251029
      0.00250925
      0.00250824
      0.00250726
      0.00250631
      0.00250541
      0.00250454
      0.00250370
      0.00250290
      0.00250212
      0.00250136
      0.00250062
      0.00249990
      0.00249919
      0.00249850
      0.00249782
      0.00249715
      0.00249649
      0.00249583
      0.00249519
      0.00249454
      0.00249391
      0.00249327
      0.00249264
      0.00249201
      0.00249138
      0.00249075
      0.00249012
      0.00248949
      0.00248886
      0.00248822
      0.00248759
      0.00248695
      0.00248631
      0.00248567
      0.00248502
      0.00248437
      0.00248371
      0.00248306
      0.00248239
      0.00248173
      0.00248105
      0.00248038
      0.00247970
      0.00247901
      0.00247832
      0.00247762
      0.00247692
      0.00247621
      0.00247550
      0.00247478
      0.00247406
      0.00247333
      0.00247259
      0.00247185
      0.00247110
      0.00247035
      0.00246959
      0.00246883
      0.00246806
      0.00246728
      0.00246650
      0.00246572
      0.00246492
      0.00246412
      0.00246332
      0.00246251
      0.00246169
      0.00246087
      0.00246004
      0.00245920
      0.00245836
      0.00245751
      0.00245666
      0.00245580
      0.00245494
      0.00245407
      0.00245319
      0.00245231
      0.00245142
      0.00245053
      0.00244963
      0.00244872
      0.00244781
      0.00244689
      0.00244597
      0.00244504
      0.00244411
      0.00244317
      0.00244222
      0.00244127
      0.00244031
      0.00243935
      0.00243838
      0.00243741
      0.00243643
      0.00243545
      0.00243446
      0.00243346
      0.00243246
      0.00243145
      0.00243044
      0.00242942
      0.00242840
      0.00242737
      0.00242634
      0.00242530
      0.00242426
      0.00242321
      0.00242215
      0.00242109
      0.00242003
      0.00241896
      0.00241789
      0.00241681
      0.00241572
      0.00241463
      0.00241354
      0.00241244
      0.00241134
      0.00241023
      0.00240911
      0.00240800
      0.00240687
      0.00240575
      0.00240462
      0.00240348
      0.00240234
      0.00240119
      0.00240004
      0.00239889
      0.00239773
      0.00239657
      0.00239541
      0.00239424
      0.00239306
      0.00239188
      0.00239070
      0.00238952
      0.00238833
      0.00238713
      0.00238594
      0.00238474
      0.00238353
      0.00238232
      0.00238111
      0.00237990
      0.00237868
      0.00237746
      0.00237624
      0.00237501
      0.00237378
      0.00237255
      0.00237131
      0.00237007
      0.00236883
      0.00236759
      0.00236634
      0.00236509
      0.00236384
      0.00236258
      0.00236133
      0.00236007
      0.00235881
      0.00235755
      0.00235628
      0.00235502
      0.00235375
      0.00235248
      0.00235121
      0.00234993
      0.00234866
      0.00234738
      0.00234611
      0.00234483
      0.00234355
      0.00234227
      0.00234099
      0.00233970
      0.00233842
      0.00233714
      0.00233585
      0.00233456
      0.00233328
      0.00233199
      0.00233070
      0.00232942
      0.00232813
      0.00232684
      0.00232555
      0.00232426
      0.00232297
      0.00232168
      0.00232039
      0.00231910
      0.00231781
      0.00231652
      0.00231523
      0.00231394
      0.00231267
      0.00231142
      0.00231025
      0.00230929
      0.00230883
      0.00230955
      0.00231277
      0.00232055
      0.00233414
      0.00234565
      0.00230663
      0.00203331
      0.00109228
      0.00000000
