             NaN
     -0.26239773
     -0.05000622
      0.07791052
      0.14642941
      0.17978035
      0.19494189
      0.20166149
      0.20481615
      0.20661505
      0.20798722
      0.20930104
      0.21069516
      0.21221893
      0.21388843
      0.21570788
      0.21767741
      0.21979581
      0.22206146
      0.22447261
      0.22702746
      0.22972426
      0.23256123
      0.23553660
      0.23864863
      0.24189558
      0.24527573
      0.24878735
      0.25242875
      0.25619824
      0.26009415
      0.26411483
      0.26825863
      0.27252394
      0.27690914
      0.28141264
      0.28603288
      0.29076829
      0.29561734
      0.30057851
      0.30565030
      0.31083122
      0.31611980
      0.32151461
      0.32701420
      0.33261717
      0.33832212
      0.34412768
      0.35003250
      0.35603522
      0.36213453
      0.36832913
      0.37461773
      0.38099906
      0.38747187
      0.39403492
      0.40068699
      0.40742689
      0.41425343
      0.42116544
      0.42816177
      0.43524128
      0.44240286
      0.44964539
      0.45696779
      0.46436898
      0.47184790
      0.47940351
      0.48703478
      0.49474068
      0.50252022
      0.51037241
      0.51829626
      0.52629083
      0.53435515
      0.54248829
      0.55068934
      0.55895736
      0.56729147
      0.57569078
      0.58415440
      0.59268148
      0.60127117
      0.60992261
      0.61863498
      0.62740745
      0.63623922
      0.64512949
      0.65407746
      0.66308235
      0.67214340
      0.68125984
      0.69043091
      0.69965589
      0.70893402
      0.71826459
      0.72764688
      0.73708019
      0.74656380
      0.75609704
      0.76567920
      0.77530963
      0.78498765
      0.79471260
      0.80448382
      0.81430067
      0.82416251
      0.83406870
      0.84401863
      0.85401166
      0.86404719
      0.87412462
      0.88424333
      0.89440273
      0.90460225
      0.91484128
      0.92511926
      0.93543562
      0.94578979
      0.95618120
      0.96660931
      0.97707356
      0.98757340
      0.99810830
      1.00867772
      1.01928112
      1.02991798
      1.04058778
      1.05129000
      1.06202411
      1.07278962
      1.08358602
      1.09441279
      1.10526945
      1.11615549
      1.12707042
      1.13801375
      1.14898499
      1.15998366
      1.17100928
      1.18206136
      1.19313943
      1.20424301
      1.21537162
      1.22652481
      1.23770209
      1.24890299
      1.26012705
      1.27137379
      1.28264275
      1.29393347
      1.30524546
      1.31657826
      1.32793141
      1.33930442
      1.35069683
      1.36210815
      1.37353791
      1.38498562
      1.39645080
      1.40793294
      1.41943156
      1.43094614
      1.44247618
      1.45402115
      1.46558052
      1.47715375
      1.48874029
      1.50033957
      1.51195101
      1.52357402
      1.53520798
      1.54685225
      1.55850618
      1.57016910
      1.58184028
      1.59351901
      1.60520450
      1.61689597
      1.62859256
      1.64029339
      1.65199754
      1.66370402
      1.67541179
      1.68711975
      1.69882675
      1.71053152
      1.72223277
      1.73392907
      1.74561891
      1.75730069
      1.76897268
      1.78063301
      1.79227970
      1.80391059
      1.81552336
      1.82711551
      1.83868433
      1.85022691
      1.86174014
      1.87322063
      1.88466470
      1.89606831
      1.90742696
      1.91873569
      1.92998918
      1.94118193
      1.95230846
      1.96336322
      1.97434007
      1.98523104
      1.99602506
      2.00670751
      2.01726213
      2.02767606
      2.03794622
      2.04808246
      2.05810025
      2.06799831
      2.07772615
      2.08716146
      2.09613057
      2.10449951
      2.11232512
      2.11998281
      2.12811796
      2.13728072
      2.14726265
      2.15642437
      2.16159206
      2.15933907
      2.14927934
      2.13816820
      2.14039943
      2.17234524
      2.24718695
      2.37885610
      2.59617117
      2.96416778
     -2.71497956
     -2.02407016
     -1.54730249
     -1.25348461
     -1.04221673
     -0.85019280
     -0.62894277
     -0.31525076
      0.18345882
      0.85807901
      1.42056449
      1.77741727
      2.01964102
      2.22034444
      2.42979538
      2.70322575
      3.12514122
     -2.52658254
     -1.89512100
     -1.47320553
     -1.19977516
     -0.99032421
     -0.78962080
     -0.54739705
     -0.19054427
      0.37194122
      1.04656140
      1.54527099
      1.85896300
      2.08021302
      2.27223695
      2.48350484
      2.77732271
     -3.02909492
     -2.33818552
     -1.73414755
     -1.36615094
     -1.14883588
     -1.01716673
     -0.94232501
     -0.91037921
     -0.90814797
     -0.91925912
     -0.92931884
     -0.93157184
     -0.92640415
     -0.91724243
     -0.90726050
     -0.89809774
     -0.88996259
     -0.88230490
     -0.87447928
     -0.86611035
     -0.85714124
     -0.84770593
     -0.83797809
     -0.82808003
     -0.81806224
     -0.80792600
     -0.79765584
     -0.78724191
     -0.77668729
     -0.76600484
     -0.75521082
     -0.74431985
     -0.73334301
     -0.72228824
     -0.71116172
     -0.69996896
     -0.68871547
     -0.67740674
     -0.66604810
     -0.65464449
     -0.64320041
     -0.63171992
     -0.62020670
     -0.60866411
     -0.59709530
     -0.58550315
     -0.57389038
     -0.56225949
     -0.55061280
     -0.53895247
     -0.52728048
     -0.51559870
     -0.50390886
     -0.49221256
     -0.48051132
     -0.46880654
     -0.45709955
     -0.44539158
     -0.43368381
     -0.42197734
     -0.41027319
     -0.39857236
     -0.38687577
     -0.37518430
     -0.36349881
     -0.35182008
     -0.34014890
     -0.32848598
     -0.31683205
     -0.30518778
     -0.29355382
     -0.28193082
     -0.27031938
     -0.25872010
     -0.24713356
     -0.23556033
     -0.22400096
     -0.21245599
     -0.20092595
     -0.18941137
     -0.17791275
     -0.16643060
     -0.15496543
     -0.14351772
     -0.13208796
     -0.12067664
     -0.10928423
     -0.09791122
     -0.08655808
     -0.07522527
     -0.06391328
     -0.05262257
     -0.04135361
     -0.03010686
     -0.01888281
     -0.00768190
      0.00349537
      0.01464856
      0.02577717
      0.03688075
      0.04795882
      0.05901090
      0.07003652
      0.08103518
      0.09200643
      0.10294976
      0.11386468
      0.12475072
      0.13560738
      0.14643415
      0.15723055
      0.16799606
      0.17873017
      0.18943239
      0.20010219
      0.21073905
      0.22134245
      0.23191187
      0.24244676
      0.25294661
      0.26341085
      0.27383896
      0.28423037
      0.29458454
      0.30490089
      0.31517888
      0.32541791
      0.33561742
      0.34577683
      0.35589554
      0.36597296
      0.37600849
      0.38600152
      0.39595145
      0.40585764
      0.41571948
      0.42553633
      0.43530755
      0.44503250
      0.45471051
      0.46434094
      0.47392311
      0.48345634
      0.49293995
      0.50237326
      0.51175555
      0.52108612
      0.53036425
      0.53958922
      0.54876030
      0.55787674
      0.56693778
      0.57594268
      0.58489064
      0.59378091
      0.60261268
      0.61138515
      0.62009752
      0.62874896
      0.63733865
      0.64586573
      0.65432935
      0.66272866
      0.67106277
      0.67933079
      0.68753183
      0.69566497
      0.70372929
      0.71172386
      0.71964771
      0.72749990
      0.73527944
      0.74298534
      0.75061661
      0.75817222
      0.76565114
      0.77305233
      0.78037473
      0.78761726
      0.79477883
      0.80185834
      0.80885467
      0.81576668
      0.82259322
      0.82933312
      0.83598519
      0.84254824
      0.84902105
      0.85540238
      0.86169097
      0.86788557
      0.87398489
      0.87998761
      0.88589242
      0.89169798
      0.89740293
      0.90300590
      0.90850549
      0.91390030
      0.91918888
      0.92436980
      0.92944159
      0.93440276
      0.93925181
      0.94398722
      0.94860746
      0.95311096
      0.95749616
      0.96176147
      0.96590527
      0.96992595
      0.97382186
      0.97759135
      0.98123275
      0.98474437
      0.98812451
      0.99137146
      0.99448349
      0.99745886
      1.00029583
      1.00299263
      1.00554749
      1.00795863
      1.01022428
      1.01234268
      1.01431221
      1.01613166
      1.01780116
      1.01932493
      1.02071905
      1.02203287
      1.02340504
      1.02520394
      1.02835860
      1.03507820
      1.05023973
      1.08359068
      1.15210956
      1.28002631
      1.49241782
      0.00000000
