      0.00000000
     -2.46995127
     -2.68225478
     -2.80999686
     -2.87819439
     -2.91100918
     -2.92536520
     -2.93097716
     -2.93270701
     -2.93275920
     -2.93206306
     -2.93098935
     -2.92967992
     -2.92818756
     -2.92653194
     -2.92472088
     -2.92275810
     -2.92064599
     -2.91838651
     -2.91598150
     -2.91343275
     -2.91074203
     -2.90791113
     -2.90494179
     -2.90183576
     -2.89859480
     -2.89522062
     -2.89171493
     -2.88807944
     -2.88431584
     -2.88042579
     -2.87641096
     -2.87227298
     -2.86801347
     -2.86363404
     -2.85913629
     -2.85452179
     -2.84979209
     -2.84494873
     -2.83999324
     -2.83492710
     -2.82975182
     -2.82446885
     -2.81907964
     -2.81358563
     -2.80798822
     -2.80228881
     -2.79648878
     -2.79058948
     -2.78459224
     -2.77849841
     -2.77230927
     -2.76602611
     -2.75965021
     -2.75318282
     -2.74662517
     -2.73997848
     -2.73324394
     -2.72642276
     -2.71951609
     -2.71252508
     -2.70545088
     -2.69829460
     -2.69105736
     -2.68374023
     -2.67634429
     -2.66887061
     -2.66132024
     -2.65369419
     -2.64599349
     -2.63821915
     -2.63037214
     -2.62245346
     -2.61446405
     -2.60640488
     -2.59827687
     -2.59008095
     -2.58181804
     -2.57348903
     -2.56509482
     -2.55663627
     -2.54811426
     -2.53952964
     -2.53088324
     -2.52217591
     -2.51340846
     -2.50458171
     -2.49569645
     -2.48675348
     -2.47775358
     -2.46869751
     -2.45958604
     -2.45041993
     -2.44119990
     -2.43192671
     -2.42260107
     -2.41322370
     -2.40379532
     -2.39431661
     -2.38478827
     -2.37521099
     -2.36558544
     -2.35591230
     -2.34619221
     -2.33642584
     -2.32661384
     -2.31675684
     -2.30685548
     -2.29691037
     -2.28692215
     -2.27689143
     -2.26681881
     -2.25670489
     -2.24655027
     -2.23635553
     -2.22612126
     -2.21584804
     -2.20553644
     -2.19518702
     -2.18480035
     -2.17437698
     -2.16391745
     -2.15342233
     -2.14289214
     -2.13232743
     -2.12172873
     -2.11109656
     -2.10043145
     -2.08973391
     -2.07900446
     -2.06824362
     -2.05745189
     -2.04662976
     -2.03577776
     -2.02489636
     -2.01398606
     -2.00304736
     -1.99208074
     -1.98108669
     -1.97006568
     -1.95901821
     -1.94794474
     -1.93684575
     -1.92572172
     -1.91457312
     -1.90340041
     -1.89220408
     -1.88098459
     -1.86974240
     -1.85847799
     -1.84719182
     -1.83588437
     -1.82455610
     -1.81320748
     -1.80183899
     -1.79045111
     -1.77904429
     -1.76761904
     -1.75617583
     -1.74471515
     -1.73323749
     -1.72174336
     -1.71023325
     -1.69870768
     -1.68716717
     -1.67561225
     -1.66404347
     -1.65246137
     -1.64086653
     -1.62925951
     -1.61764092
     -1.60601138
     -1.59437151
     -1.58272197
     -1.57106344
     -1.55939662
     -1.54772226
     -1.53604112
     -1.52435400
     -1.51266174
     -1.50096522
     -1.48926537
     -1.47756319
     -1.46585969
     -1.45415598
     -1.44245323
     -1.43075267
     -1.41905563
     -1.40736351
     -1.39567782
     -1.38400017
     -1.37233229
     -1.36067604
     -1.34903341
     -1.33740654
     -1.32579774
     -1.31420950
     -1.30264451
     -1.29110570
     -1.27959624
     -1.26811961
     -1.25667950
     -1.24527987
     -1.23392490
     -1.22261907
     -1.21136733
     -1.20017542
     -1.18905013
     -1.17799924
     -1.16703089
     -1.15615237
     -1.14536885
     -1.13468344
     -1.12409995
     -1.11362878
     -1.10329387
     -1.09313478
     -1.08319664
     -1.07350406
     -1.06402659
     -1.05466000
     -1.04525851
     -1.03574350
     -1.02626699
     -1.01732952
     -1.00968740
     -1.00391935
     -0.99971150
     -0.99520243
     -0.98700622
     -0.97174408
     -0.94962459
     -0.92851150
     -0.92370536
     -0.95150132
     -1.02421217
     -1.15485800
     -1.37167363
     -1.73938597
     -2.34312734
     -3.03364827
      2.77306236
      2.47949124
      2.26847130
      2.07669585
      1.85568570
      1.54223139
      1.04383776
      0.36969427
     -0.19242606
     -0.54903377
     -0.79102400
     -0.99148761
     -1.20070045
     -1.47389813
     -1.89554483
     -2.52658254
      3.12556506
      2.70391836
      2.43072067
      2.22150783
      2.02104422
      1.77905399
      1.42244628
      0.86032596
      0.18618247
     -0.31221116
     -0.62566548
     -0.84667562
     -1.03845107
     -1.24947101
     -1.54304214
     -2.01951681
     -2.71003775
      2.96940620
      2.60169385
      2.38487822
      2.25423239
      2.18152154
      2.15372558
      2.15853172
      2.17964482
      2.20176430
      2.21702644
      2.22522265
      2.22973173
      2.23393957
      2.23970762
      2.24734974
      2.25628721
      2.26576372
      2.27527873
      2.28468022
      2.29404681
      2.30352428
      2.31321686
      2.32315500
      2.33331409
      2.34364900
      2.35412017
      2.36470366
      2.37538907
      2.38617259
      2.39705111
      2.40801946
      2.41907035
      2.43019564
      2.44138754
      2.45263928
      2.46394512
      2.47530009
      2.48669972
      2.49813982
      2.50961646
      2.52112591
      2.53266472
      2.54422971
      2.55581795
      2.56742675
      2.57905362
      2.59069625
      2.60235250
      2.61402038
      2.62569803
      2.63738372
      2.64907584
      2.66077288
      2.67247344
      2.68417619
      2.69587990
      2.70758339
      2.71928558
      2.73098542
      2.74268194
      2.75437420
      2.76606132
      2.77774246
      2.78941683
      2.80108364
      2.81274217
      2.82439170
      2.83603157
      2.84766112
      2.85927971
      2.87088672
      2.88248157
      2.89406367
      2.90563245
      2.91718736
      2.92872787
      2.94025344
      2.95176355
      2.96325768
      2.97473534
      2.98619602
      2.99763923
      3.00906448
      3.02047129
      3.03185918
      3.04322767
      3.05457629
      3.06590456
      3.07721201
      3.08849817
      3.09976258
      3.11100477
      3.12222426
      3.13342059
     -3.13859201
     -3.12744341
     -3.11631938
     -3.10522039
     -3.09414692
     -3.08309945
     -3.07207844
     -3.06108439
     -3.05011777
     -3.03917907
     -3.02826878
     -3.01738738
     -3.00653537
     -2.99571325
     -2.98492152
     -2.97416067
     -2.96343123
     -2.95273369
     -2.94206858
     -2.93143641
     -2.92083771
     -2.91027300
     -2.89974281
     -2.88924769
     -2.87878817
     -2.86836480
     -2.85797813
     -2.84762871
     -2.83731711
     -2.82704389
     -2.81680962
     -2.80661488
     -2.79646026
     -2.78634634
     -2.77627372
     -2.76624300
     -2.75625478
     -2.74630968
     -2.73640832
     -2.72655132
     -2.71673931
     -2.70697295
     -2.69725287
     -2.68757972
     -2.67795417
     -2.66837689
     -2.65884856
     -2.64936985
     -2.63994146
     -2.63056410
     -2.62123846
     -2.61196526
     -2.60274524
     -2.59357913
     -2.58446766
     -2.57541159
     -2.56641169
     -2.55746872
     -2.54858346
     -2.53975671
     -2.53098926
     -2.52228193
     -2.51363554
     -2.50505092
     -2.49652891
     -2.48807036
     -2.47967615
     -2.47134714
     -2.46308423
     -2.45488832
     -2.44676031
     -2.43870113
     -2.43071173
     -2.42279304
     -2.41494604
     -2.40717170
     -2.39947100
     -2.39184495
     -2.38429458
     -2.37682090
     -2.36942496
     -2.36210784
     -2.35487059
     -2.34771431
     -2.34064011
     -2.33364911
     -2.32674244
     -2.31992125
     -2.31318672
     -2.30654003
     -2.29998238
     -2.29351499
     -2.28713909
     -2.28085593
     -2.27466679
     -2.26857296
     -2.26257573
     -2.25667642
     -2.25087639
     -2.24517698
     -2.23957957
     -2.23408556
     -2.22869636
     -2.22341339
     -2.21823810
     -2.21317197
     -2.20821648
     -2.20337312
     -2.19864342
     -2.19402892
     -2.18953117
     -2.18515174
     -2.18089224
     -2.17675425
     -2.17273942
     -2.16884937
     -2.16508577
     -2.16145028
     -2.15794460
     -2.15457042
     -2.15132945
     -2.14822343
     -2.14525409
     -2.14242318
     -2.13973247
     -2.13718372
     -2.13477871
     -2.13251923
     -2.13040712
     -2.12844434
     -2.12663327
     -2.12497766
     -2.12348530
     -2.12217587
     -2.12110216
     -2.12040602
     -2.12045821
     -2.12218805
     -2.12780002
     -2.14215604
     -2.17497083
     -2.24316836
     -2.37091044
     -2.58321395
      0.00000000
