      0.00000000
      1.15848192
      0.75088931
      0.30822450
     -0.15302411
     -0.58969228
     -0.97286977
     -1.30799186
     -1.61927776
     -1.93596131
     -2.28824876
     -2.69993411
      3.11935366
      2.65748104
      2.24999577
      1.90154847
      1.58722311
      1.27577176
      0.93555125
      0.53878327
      0.08206849
     -0.38822560
     -0.81104561
     -1.17051699
     -1.48820029
     -1.79538783
     -2.12417931
     -2.50494335
     -2.95060970
      2.85710945
      2.41829132
      2.04535741
      1.72204890
      1.41735756
      1.09883220
      0.73447889
      0.30344281
     -0.17280575
     -0.62732495
     -1.01620126
     -1.34773416
     -1.65200740
     -1.96180049
     -2.31000891
     -2.72346619
      3.08800348
      2.61947190
      2.21235883
      1.86966011
      1.56338046
      1.26042399
      0.92744385
      0.53358926
      0.07218099
     -0.40689423
     -0.83397277
     -1.19109157
     -1.50219437
     -1.80057408
     -2.11984051
     -2.49316466
     -2.93869514
      2.86030299
      2.41266615
      2.03767414
      1.71848907
      1.42204204
      1.11444035
      0.76144528
      0.33644131
     -0.14568359
     -0.61259717
     -1.00884501
     -1.33985228
     -1.63743670
     -1.93590260
     -2.26981455
     -2.67114979
      3.14014058
      2.65786298
      2.23756981
      1.89052832
      1.58824655
      1.29593636
      0.97897061
      0.60263541
      0.14893308
     -0.34171953
     -0.78738552
     -1.15501828
     -1.46612591
     -1.75571972
     -2.05859988
     -2.41040106
     -2.83946922
      2.95444501
      2.48474815
      2.09199333
      1.76729395
      1.47646656
      1.18422268
      0.85494634
      0.45444788
     -0.02226365
     -0.51071463
     -0.93229599
     -1.27598880
     -1.57260373
     -1.85817684
     -2.16812224
     -2.53897171
     -2.99267492
      2.79315457
      2.34127442
      1.97275131
      1.66507166
      1.38168323
      1.08702513
      0.74431975
      0.32120306
     -0.17150624
     -0.65097468
     -1.04996385
     -1.37480471
     -1.66109817
     -1.94513205
     -2.26315366
     -2.65219459
     -3.12571727
      2.65910613
      2.22562478
      1.87675652
      1.58171606
      1.30311645
      1.00503341
      0.64952176
      0.20709956
     -0.29529478
     -0.76327570
     -1.14334944
     -1.45390174
     -1.73282937
     -2.01650171
     -2.34211825
     -2.74683344
      3.04817199
      2.55262659
      2.13518316
      1.80135679
      1.51560365
      1.24028820
      0.93901991
      0.57278281
      0.11528639
     -0.39240096
     -0.84965610
     -1.21521256
     -1.51525507
     -1.78877297
     -2.07223406
     -2.40377262
     -2.82054394
      2.96428658
      2.47241830
      2.06722537
      1.74428760
      1.46533319
      1.19263887
      0.88933547
      0.51545072
      0.04727151
     -0.46341868
     -0.91264443
     -1.26803729
     -1.56062328
     -1.82998396
     -2.11271771
     -2.44776555
     -2.87248296
      2.90559405
      2.41626713
      2.01911964
      1.70348758
      1.42945667
      1.15921210
      0.85548688
      0.47745652
      0.00267795
     -0.51027702
     -0.95496276
     -1.30415623
     -1.59177434
     -1.85783441
     -2.13907019
     -2.47502901
     -2.90364908
      2.87018584
      2.38136198
      1.98825875
      1.67690045
      1.40629406
      1.13847419
      0.83590961
      0.45704735
     -0.02078252
     -0.53599322
     -0.97955033
     -1.32593518
     -1.61064590
     -1.87412428
     -2.15322918
     -2.48788303
     -2.91693280
      2.85460480
      2.36430239
      1.97188841
      1.66232706
      1.39386323
      1.12831236
      0.82802120
      0.45089544
     -0.02711604
     -0.54452556
     -0.98952258
     -1.33563661
     -1.61910658
     -1.88084494
     -2.15769943
     -2.48947350
     -2.91586307
      2.85590170
      2.36456805
      1.97288426
      1.66466488
      1.39668619
      1.13348676
      0.84794416
      0.51808344
      0.13062100
     -0.30603281
     -0.75302188
     -1.16423416
     -1.52310452
     -1.84301537
     -2.15099235
     -2.47666148
     -2.84513192
      3.01810944
      2.56912088
      2.13734730
      1.75396999
      1.41723875
      1.10448881
      0.78625339
      0.43441893
      0.03202731
     -0.41116670
     -0.85436071
     -1.25675234
     -1.60858679
     -1.92682222
     -2.23957215
     -2.57630340
     -2.95968070
      2.89173102
      2.44274246
      2.02279852
      1.65432807
      1.32865894
      1.02068196
      0.70077112
      0.34190076
     -0.06931152
     -0.51630059
     -0.95295440
     -1.34041685
     -1.67027756
     -1.95582016
     -2.21901959
     -2.48699828
     -2.79521767
      3.09628385
      2.60495021
      2.09352966
      1.66714010
      1.33536603
      1.05851154
      0.79677317
      0.51330321
      0.16718917
     -0.27780784
     -0.79521737
     -1.27322885
     -1.65035461
     -1.95064577
     -2.21619663
     -2.48466047
     -2.79422182
      3.09654951
      2.60624710
      2.09459940
      1.66554963
      1.33089578
      1.05179088
      0.78831249
      0.50360177
      0.15721693
     -0.28634018
     -0.80155088
     -1.27938076
     -1.65824301
     -1.96080759
     -2.22862746
     -2.49923386
     -2.81059216
      3.07948992
      2.59066606
      2.08131567
      1.65269560
      1.31673679
      1.03550101
      0.76944093
      0.48182283
      0.13262936
     -0.31205639
     -0.82501136
     -1.29978992
     -1.67782029
     -1.98154550
     -2.25179008
     -2.52582099
     -2.84145305
      3.04458477
      2.55525785
      2.05014955
      1.62543215
      1.29038431
      1.00765055
      0.73828987
      0.44570389
      0.09031103
     -0.35891473
     -0.86960491
     -1.33778413
     -1.71166887
     -2.01497228
     -2.28766659
     -2.56662100
     -2.88955878
      2.98843360
      2.49656532
      1.99821053
      1.58143921
      1.24990066
      0.96643956
      0.69292167
      0.39287915
      0.02732269
     -0.42993245
     -0.93761980
     -1.39511621
     -1.76135332
     -2.06262160
     -2.33793705
     -2.62369019
     -2.95751656
      2.90822531
      2.41267991
      1.92450004
      1.51978484
      1.19416830
      0.91049596
      0.63156834
      0.32101604
     -0.05905770
     -0.52703863
     -1.02943297
     -1.47185516
     -1.82736681
     -2.12544985
     -2.40404946
     -2.69908992
     -3.04795819
      2.80174577
      2.30338386
      1.82986119
      1.44082025
      1.12279864
      0.83876477
      0.55247130
      0.22763045
     -0.17135873
     -0.65082717
     -1.14353646
     -1.56665316
     -1.90935853
     -2.20401664
     -2.48740507
     -2.79508472
      3.11957748
      2.66769733
      2.17034152
      1.71663830
      1.34578884
      1.03584343
      0.75027033
      0.45365540
      0.10996258
     -0.31161877
     -0.80006976
     -1.27678129
     -1.67727975
     -2.00655609
     -2.29879996
     -2.58962736
     -2.91432673
      2.97610375
      2.50640689
      2.01713581
      1.58806765
      1.23626647
      0.93338631
      0.64379251
      0.33268487
     -0.03494788
     -0.48061387
     -0.97126648
     -1.42496881
     -1.80130401
     -2.11826977
     -2.41057996
     -2.71286173
     -3.05990322
      2.80298892
      2.32071132
      1.84881639
      1.44748114
      1.11356920
      0.81510329
      0.51751887
      0.18651161
     -0.20973623
     -0.67664982
     -1.15877471
     -1.58377869
     -1.93677376
     -2.24437544
     -2.54082248
     -2.86000754
      3.04818575
      2.60054891
      2.11636174
      1.67083126
      1.29750710
      0.97824067
      0.67986096
      0.36875816
      0.01163936
     -0.41543918
     -0.89451439
     -1.35592266
     -1.74977726
     -2.08275740
     -2.38571387
     -2.69199351
     -3.03469223
      2.84138001
      2.37284842
      1.90113278
      1.48767550
      1.13946708
      0.82967400
      0.52540075
      0.19386786
     -0.19500846
     -0.64952766
     -1.12577622
     -1.55681230
     -1.92116561
     -2.23969096
     -2.54438230
     -2.86769082
      3.04256058
      2.60374246
      2.12827630
      1.68260995
      1.30184590
      0.97305442
      0.66586688
      0.34818358
     -0.01128780
     -0.43410780
     -0.90440189
     -1.36111668
     -1.75788466
     -2.09810517
     -2.40955652
     -2.72388187
     -3.07232917
      2.80337086
      2.34149824
      1.87760070
      1.46591535
      1.11362791
      0.79694435
      0.48565846
      0.15053636
     -0.23264112
     -0.66930930
     -1.13055791
     -1.57322271
     -1.98081533
      0.00000000
